6 0.221250 0.798750 0.060000 0.037500
2 0.228750 0.923750 0.007500 0.010000
6 0.210000 0.743750 0.067500 0.045000
6 0.212500 0.682500 0.062500 0.035000
6 0.087500 0.698750 0.022500 0.065000
6 0.146250 0.605000 0.030000 0.062500
2 0.257500 0.690000 0.007500 0.010000
2 0.253750 0.698750 0.010000 0.010000
6 0.047500 0.593750 0.025000 0.065000
2 0.002500 0.595000 0.010000 0.015000
2 0.051250 0.268750 0.010000 0.012500
6 0.093750 0.395000 0.032500 0.062500
6 0.130000 0.266250 0.030000 0.062500
2 0.116250 0.320000 0.012500 0.010000
2 0.090000 0.293750 0.007500 0.007500
2 0.090000 0.287500 0.007500 0.010000
2 0.165000 0.245000 0.012500 0.010000
2 0.225000 0.261250 0.012500 0.010000
2 0.216250 0.237500 0.007500 0.015000
2 0.111250 0.267500 0.007500 0.015000
2 0.111250 0.260000 0.010000 0.012500
6 0.128750 0.190000 0.022500 0.060000
2 0.217500 0.175000 0.010000 0.012500
2 0.103750 0.202500 0.007500 0.012500
2 0.108750 0.203750 0.005000 0.010000
6 0.067500 0.172500 0.025000 0.060000
