6 0.300000 0.892500 0.057500 0.090000
6 0.225000 0.640000 0.037500 0.035000
6 0.236250 0.558750 0.025000 0.030000
6 0.292500 0.520000 0.022500 0.027500
6 0.238750 0.425000 0.010000 0.015000
6 0.266250 0.385000 0.007500 0.005000
6 0.261250 0.380000 0.007500 0.007500
6 0.290000 0.376250 0.007500 0.007500
6 0.295000 0.371250 0.007500 0.007500
6 0.278750 0.365000 0.005000 0.007500
6 0.287500 0.357500 0.005000 0.002500
6 0.165000 0.393750 0.010000 0.007500
6 0.162500 0.381250 0.010000 0.007500
6 0.237500 0.355000 0.005000 0.005000
6 0.052500 0.441250 0.017500 0.017500
