2 0.562500 0.465000 0.012500 0.042500
2 0.646250 0.432500 0.015000 0.040000
2 0.638750 0.367500 0.015000 0.027500
2 0.748750 0.317500 0.012500 0.030000
2 0.920000 0.367500 0.012500 0.032500
2 0.957500 0.372500 0.015000 0.022500
2 0.990000 0.385000 0.015000 0.032500
2 0.798750 0.538750 0.020000 0.047500
2 0.752500 0.515000 0.012500 0.035000
2 0.752500 0.545000 0.012500 0.035000
2 0.756250 0.557500 0.010000 0.022500
2 0.730000 0.551250 0.010000 0.022500
2 0.683750 0.578750 0.012500 0.035000
2 0.685000 0.508750 0.012500 0.025000
2 0.676250 0.511250 0.010000 0.015000
2 0.642500 0.580000 0.020000 0.042500
2 0.657500 0.568750 0.015000 0.035000
2 0.646250 0.555000 0.010000 0.025000
2 0.850000 0.357500 0.012500 0.025000
2 0.862500 0.256250 0.010000 0.027500
6 0.908750 0.236250 0.042500 0.030000
2 0.770000 0.245000 0.015000 0.022500
6 0.728750 0.232500 0.035000 0.025000
2 0.343750 0.343750 0.010000 0.027500
2 0.338750 0.341250 0.010000 0.022500
2 0.426250 0.265000 0.012500 0.027500
2 0.377500 0.268750 0.010000 0.025000
2 0.381250 0.261250 0.012500 0.022500
2 0.627500 0.287500 0.015000 0.017500
2 0.590000 0.258750 0.007500 0.022500
2 0.583750 0.257500 0.010000 0.022500
2 0.838750 0.277500 0.012500 0.020000
2 0.257500 0.296250 0.015000 0.025000
2 0.242500 0.295000 0.010000 0.022500
2 0.180000 0.303750 0.017500 0.022500
2 0.097500 0.368750 0.012500 0.020000
2 0.147500 0.358750 0.015000 0.020000
2 0.161250 0.353750 0.017500 0.017500
