6 0.428750 0.453750 0.015000 0.032500
6 0.288750 0.376250 0.032500 0.030000
6 0.247500 0.453750 0.037500 0.042500
6 0.400000 0.302500 0.015000 0.015000
6 0.346250 0.297500 0.017500 0.017500
6 0.317500 0.321250 0.022500 0.032500
2 0.428750 0.308750 0.007500 0.015000
2 0.406250 0.381250 0.015000 0.010000
2 0.392500 0.506250 0.012500 0.022500
2 0.413750 0.270000 0.007500 0.010000
2 0.351250 0.275000 0.010000 0.010000
6 0.462500 0.377500 0.017500 0.020000
2 0.253750 0.533750 0.015000 0.022500
