6 0.478750 0.271250 0.012500 0.012500
6 0.516250 0.265000 0.017500 0.010000
6 0.483750 0.283750 0.015000 0.012500
6 0.496250 0.305000 0.012500 0.015000
6 0.472500 0.320000 0.015000 0.020000
6 0.358750 0.587500 0.040000 0.055000
6 0.321250 0.653750 0.040000 0.040000
6 0.663750 0.511250 0.035000 0.037500
6 0.647500 0.401250 0.017500 0.020000
6 0.583750 0.380000 0.020000 0.025000
6 0.500000 0.273750 0.010000 0.017500
6 0.601250 0.333750 0.017500 0.015000
6 0.566250 0.313750 0.012500 0.015000
6 0.560000 0.290000 0.010000 0.012500
6 0.572500 0.263750 0.012500 0.012500
6 0.578750 0.281250 0.010000 0.010000
6 0.557500 0.273750 0.017500 0.017500
6 0.595000 0.308750 0.017500 0.015000
6 0.621250 0.481250 0.015000 0.037500
2 0.705000 0.558750 0.007500 0.015000
2 0.708750 0.561250 0.007500 0.015000
6 0.597500 0.292500 0.010000 0.010000
2 0.496250 0.390000 0.005000 0.012500
6 0.501250 0.240000 0.010000 0.010000
6 0.501250 0.230000 0.010000 0.007500
6 0.502500 0.225000 0.012500 0.007500
6 0.502500 0.216250 0.007500 0.007500
6 0.503750 0.210000 0.012500 0.007500
6 0.502500 0.206250 0.010000 0.007500
6 0.481250 0.246250 0.012500 0.010000
6 0.483750 0.237500 0.010000 0.007500
6 0.482500 0.226250 0.010000 0.007500
6 0.486250 0.217500 0.010000 0.007500
6 0.487500 0.207500 0.007500 0.007500
6 0.486250 0.202500 0.007500 0.010000
6 0.502500 0.201250 0.007500 0.007500
6 0.502500 0.195000 0.007500 0.005000
6 0.505000 0.182500 0.007500 0.007500
6 0.497500 0.190000 0.005000 0.010000
6 0.505000 0.188750 0.007500 0.005000
6 0.548750 0.236250 0.007500 0.010000
6 0.542500 0.220000 0.010000 0.007500
6 0.553750 0.211250 0.007500 0.010000
6 0.543750 0.195000 0.007500 0.007500
6 0.547500 0.190000 0.007500 0.007500
2 0.726250 0.515000 0.010000 0.022500
2 0.638750 0.338750 0.005000 0.012500
