2 0.051250 0.987500 0.020000 0.042500
2 0.017500 0.911250 0.020000 0.037500
2 0.135000 0.878750 0.015000 0.037500
2 0.091250 0.810000 0.015000 0.032500
2 0.007500 0.727500 0.010000 0.032500
2 0.091250 0.952500 0.015000 0.025000
2 0.083750 0.895000 0.015000 0.025000
2 0.082500 0.871250 0.012500 0.022500
2 0.066250 0.808750 0.012500 0.022500
2 0.056250 0.741250 0.012500 0.017500
2 0.048750 0.803750 0.010000 0.015000
2 0.257500 0.981250 0.012500 0.037500
2 0.191250 0.923750 0.010000 0.030000
2 0.203750 0.931250 0.010000 0.027500
2 0.172500 0.910000 0.012500 0.035000
2 0.213750 0.862500 0.012500 0.032500
2 0.127500 0.760000 0.010000 0.025000
2 0.137500 0.758750 0.010000 0.025000
2 0.146250 0.756250 0.012500 0.030000
2 0.047500 0.797500 0.010000 0.017500
6 0.158750 0.800000 0.042500 0.040000
6 0.163750 0.855000 0.050000 0.057500
6 0.222500 0.801250 0.060000 0.052500
2 0.246250 0.953750 0.012500 0.037500
2 0.257500 0.950000 0.015000 0.040000
2 0.206250 0.901250 0.010000 0.035000
2 0.243750 0.910000 0.015000 0.037500
