6 0.045000 0.866250 0.090000 0.050000
6 0.108750 0.841250 0.085000 0.047500
2 0.235000 0.840000 0.017500 0.040000
2 0.426250 0.880000 0.012500 0.045000
6 0.466250 0.877500 0.082500 0.052500
2 0.508750 0.843750 0.017500 0.042500
2 0.585000 0.872500 0.010000 0.045000
2 0.602500 0.885000 0.017500 0.052500
6 0.627500 0.855000 0.100000 0.057500
2 0.665000 0.822500 0.010000 0.037500
2 0.691250 0.806250 0.007500 0.037500
6 0.672500 0.802500 0.052500 0.055000
6 0.693750 0.771250 0.052500 0.057500
6 0.742500 0.792500 0.030000 0.035000
6 0.745000 0.755000 0.045000 0.042500
6 0.718750 0.741250 0.037500 0.040000
6 0.758750 0.717500 0.035000 0.040000
6 0.775000 0.733750 0.030000 0.035000
2 0.783750 0.752500 0.010000 0.030000
6 0.813750 0.806250 0.045000 0.040000
6 0.825000 0.777500 0.037500 0.035000
6 0.836250 0.752500 0.035000 0.035000
6 0.896250 0.782500 0.032500 0.037500
2 0.856250 0.763750 0.010000 0.032500
6 0.871250 0.805000 0.042500 0.057500
2 0.895000 0.848750 0.017500 0.027500
6 0.895000 0.858750 0.035000 0.047500
2 0.935000 0.840000 0.020000 0.040000
6 0.888750 0.741250 0.047500 0.065000
6 0.902500 0.730000 0.035000 0.040000
2 0.860000 0.681250 0.007500 0.020000
2 0.890000 0.675000 0.010000 0.017500
2 0.798750 0.705000 0.007500 0.025000
2 0.810000 0.708750 0.007500 0.022500
6 0.776250 0.702500 0.030000 0.030000
6 0.777500 0.692500 0.027500 0.025000
6 0.818750 0.683750 0.025000 0.027500
6 0.803750 0.668750 0.025000 0.020000
2 0.757500 0.683750 0.007500 0.022500
6 0.807500 0.652500 0.020000 0.022500
2 0.816250 0.637500 0.005000 0.012500
2 0.868750 0.661250 0.005000 0.015000
2 0.892500 0.646250 0.005000 0.015000
6 0.851250 0.650000 0.035000 0.037500
6 0.875000 0.633750 0.032500 0.030000
6 0.847500 0.621250 0.022500 0.022500
6 0.858750 0.616250 0.017500 0.012500
6 0.870000 0.610000 0.012500 0.010000
2 0.905000 0.628750 0.007500 0.007500
2 0.911250 0.620000 0.005000 0.010000
6 0.905000 0.630000 0.010000 0.015000
2 0.866250 0.597500 0.005000 0.005000
6 0.865000 0.600000 0.007500 0.007500
6 0.867500 0.595000 0.012500 0.010000
2 0.973750 0.776250 0.015000 0.022500
2 0.972500 0.775000 0.012500 0.020000
6 0.972500 0.786250 0.027500 0.032500
6 0.972500 0.730000 0.030000 0.025000
6 0.987500 0.687500 0.027500 0.022500
2 0.997500 0.647500 0.005000 0.017500
2 0.996250 0.617500 0.005000 0.015000
2 0.995000 0.596250 0.002500 0.007500
2 0.942500 0.680000 0.005000 0.020000
2 0.923750 0.588750 0.002500 0.012500
2 0.916250 0.598750 0.002500 0.010000
2 0.912500 0.600000 0.002500 0.010000
2 0.903750 0.600000 0.002500 0.010000
6 0.903750 0.590000 0.012500 0.012500
6 0.905000 0.578750 0.012500 0.010000
6 0.893750 0.575000 0.017500 0.010000
6 0.890000 0.572500 0.017500 0.007500
6 0.888750 0.570000 0.015000 0.010000
6 0.891250 0.566250 0.017500 0.010000
6 0.900000 0.565000 0.020000 0.010000
6 0.886250 0.586250 0.017500 0.012500
6 0.946250 0.576250 0.010000 0.010000
2 0.920000 0.568750 0.002500 0.007500
2 0.966250 0.591250 0.002500 0.010000
2 0.988750 0.592500 0.002500 0.007500
2 0.982500 0.582500 0.002500 0.007500
2 0.990000 0.580000 0.002500 0.010000
2 0.992500 0.586250 0.002500 0.010000
2 0.998750 0.603750 0.005000 0.007500
2 0.998750 0.583750 0.002500 0.007500
6 0.970000 0.528750 0.005000 0.010000
6 0.955000 0.566250 0.005000 0.005000
6 0.957500 0.533750 0.002500 0.002500
6 0.953750 0.526250 0.005000 0.002500
