6 0.313750 0.533750 0.062500 0.095000
6 0.296250 0.410000 0.047500 0.057500
6 0.285000 0.298750 0.035000 0.037500
6 0.341250 0.318750 0.032500 0.035000
6 0.370000 0.630000 0.057500 0.087500
6 0.127500 0.403750 0.050000 0.045000
6 0.453750 0.402500 0.032500 0.047500
6 0.741250 0.426250 0.060000 0.052500
6 0.745000 0.376250 0.072500 0.042500
6 0.480000 0.328750 0.037500 0.027500
2 0.107500 0.373750 0.015000 0.032500
2 0.268750 0.361250 0.015000 0.020000
2 0.227500 0.332500 0.012500 0.022500
2 0.251250 0.333750 0.010000 0.020000
2 0.230000 0.317500 0.010000 0.020000
2 0.258750 0.321250 0.012500 0.022500
2 0.247500 0.276250 0.012500 0.020000
2 0.316250 0.276250 0.007500 0.020000
2 0.328750 0.271250 0.010000 0.017500
2 0.390000 0.336250 0.012500 0.020000
2 0.382500 0.358750 0.010000 0.022500
2 0.420000 0.372500 0.015000 0.020000
2 0.437500 0.326250 0.015000 0.025000
2 0.496250 0.315000 0.010000 0.025000
2 0.582500 0.398750 0.012500 0.040000
2 0.515000 0.395000 0.007500 0.027500
2 0.518750 0.396250 0.015000 0.027500
2 0.481250 0.436250 0.012500 0.030000
2 0.460000 0.452500 0.015000 0.022500
2 0.663750 0.637500 0.030000 0.037500
2 0.576250 0.510000 0.025000 0.037500
2 0.786250 0.557500 0.030000 0.035000
2 0.805000 0.587500 0.030000 0.052500
2 0.783750 0.556250 0.015000 0.035000
2 0.938750 0.542500 0.025000 0.047500
2 0.137500 0.337500 0.010000 0.025000
2 0.207500 0.301250 0.012500 0.022500
2 0.372500 0.286250 0.010000 0.020000
2 0.392500 0.288750 0.007500 0.027500
2 0.380000 0.302500 0.010000 0.025000
2 0.736250 0.312500 0.012500 0.017500
6 0.670000 0.328750 0.042500 0.037500
6 0.363750 0.267500 0.030000 0.022500
2 0.282500 0.230000 0.007500 0.012500
2 0.288750 0.243750 0.007500 0.015000
2 0.301250 0.238750 0.007500 0.015000
2 0.328750 0.243750 0.010000 0.022500
2 0.368750 0.250000 0.010000 0.020000
2 0.352500 0.240000 0.007500 0.020000
2 0.342500 0.248750 0.010000 0.010000
2 0.342500 0.238750 0.007500 0.012500
6 0.271250 0.206250 0.015000 0.022500
