2 0.013750 0.493750 0.022500 0.042500
6 0.040000 0.511250 0.030000 0.035000
2 0.132500 0.515000 0.015000 0.030000
2 0.155000 0.508750 0.012500 0.035000
2 0.142500 0.505000 0.015000 0.037500
2 0.182500 0.480000 0.017500 0.042500
2 0.570000 0.646250 0.025000 0.052500
2 0.800000 0.612500 0.020000 0.050000
2 0.781250 0.610000 0.025000 0.045000
2 0.661250 0.577500 0.012500 0.047500
2 0.643750 0.571250 0.015000 0.052500
2 0.676250 0.567500 0.017500 0.045000
2 0.916250 0.588750 0.022500 0.050000
2 0.978750 0.522500 0.015000 0.037500
2 0.983750 0.515000 0.010000 0.017500
2 0.691250 0.513750 0.007500 0.020000
2 0.678750 0.508750 0.015000 0.040000
2 0.667500 0.501250 0.015000 0.032500
2 0.182500 0.431250 0.017500 0.020000
2 0.200000 0.411250 0.010000 0.017500
2 0.201250 0.417500 0.015000 0.037500
2 0.211250 0.410000 0.007500 0.020000
2 0.221250 0.401250 0.015000 0.035000
2 0.148750 0.365000 0.015000 0.030000
2 0.171250 0.367500 0.010000 0.027500
2 0.183750 0.353750 0.012500 0.027500
2 0.182500 0.337500 0.012500 0.022500
2 0.125000 0.361250 0.007500 0.012500
2 0.113750 0.355000 0.012500 0.027500
2 0.318750 0.387500 0.007500 0.025000
2 0.331250 0.387500 0.012500 0.032500
2 0.347500 0.373750 0.010000 0.015000
2 0.358750 0.372500 0.007500 0.012500
2 0.326250 0.355000 0.010000 0.017500
2 0.336250 0.348750 0.010000 0.027500
2 0.400000 0.361250 0.010000 0.010000
2 0.392500 0.350000 0.005000 0.015000
2 0.501250 0.405000 0.010000 0.017500
2 0.457500 0.362500 0.017500 0.020000
2 0.401250 0.333750 0.012500 0.025000
2 0.368750 0.322500 0.005000 0.015000
2 0.361250 0.317500 0.007500 0.020000
2 0.277500 0.316250 0.010000 0.012500
2 0.295000 0.310000 0.010000 0.017500
2 0.297500 0.301250 0.010000 0.025000
2 0.282500 0.280000 0.012500 0.022500
2 0.330000 0.271250 0.010000 0.012500
2 0.421250 0.321250 0.007500 0.025000
2 0.412500 0.320000 0.007500 0.025000
2 0.405000 0.313750 0.007500 0.025000
2 0.476250 0.338750 0.007500 0.010000
2 0.491250 0.327500 0.010000 0.030000
2 0.531250 0.367500 0.015000 0.017500
2 0.547500 0.372500 0.010000 0.020000
2 0.550000 0.371250 0.005000 0.010000
2 0.637500 0.387500 0.020000 0.037500
2 0.643750 0.356250 0.012500 0.017500
2 0.847500 0.437500 0.010000 0.020000
2 0.830000 0.420000 0.017500 0.035000
2 0.930000 0.371250 0.015000 0.025000
2 0.732500 0.353750 0.015000 0.030000
2 0.720000 0.345000 0.010000 0.030000
2 0.721250 0.336250 0.007500 0.027500
2 0.601250 0.356250 0.007500 0.020000
2 0.607500 0.352500 0.010000 0.015000
2 0.636250 0.300000 0.015000 0.017500
2 0.622500 0.293750 0.010000 0.017500
2 0.797500 0.397500 0.017500 0.015000
2 0.763750 0.391250 0.010000 0.032500
2 0.771250 0.392500 0.007500 0.017500
2 0.777500 0.348750 0.010000 0.032500
2 0.768750 0.342500 0.010000 0.030000
2 0.980000 0.400000 0.015000 0.035000
2 0.991250 0.382500 0.007500 0.017500
2 0.981250 0.375000 0.012500 0.030000
2 0.925000 0.352500 0.010000 0.032500
2 0.886250 0.316250 0.007500 0.025000
2 0.867500 0.303750 0.010000 0.027500
2 0.891250 0.307500 0.010000 0.022500
2 0.790000 0.281250 0.005000 0.020000
2 0.666250 0.292500 0.012500 0.012500
2 0.811250 0.278750 0.007500 0.012500
2 0.803750 0.277500 0.005000 0.010000
2 0.893750 0.391250 0.010000 0.035000
2 0.868750 0.405000 0.007500 0.030000
2 0.883750 0.397500 0.007500 0.010000
2 0.882500 0.408750 0.010000 0.017500
2 0.872500 0.391250 0.010000 0.022500
2 0.860000 0.401250 0.010000 0.015000
2 0.846250 0.401250 0.010000 0.015000
2 0.108750 0.291250 0.010000 0.012500
2 0.121250 0.275000 0.010000 0.015000
2 0.012500 0.331250 0.015000 0.025000
2 0.385000 0.260000 0.012500 0.017500
2 0.598750 0.238750 0.010000 0.015000
2 0.778750 0.257500 0.010000 0.022500
2 0.811250 0.252500 0.012500 0.022500
2 0.662500 0.250000 0.007500 0.012500
2 0.656250 0.247500 0.005000 0.020000
2 0.651250 0.250000 0.007500 0.017500
2 0.847500 0.233750 0.007500 0.022500
2 0.832500 0.233750 0.007500 0.010000
2 0.581250 0.221250 0.010000 0.017500
2 0.915000 0.218750 0.012500 0.017500
2 0.997500 0.206250 0.007500 0.015000
2 0.948750 0.198750 0.007500 0.015000
2 0.940000 0.195000 0.007500 0.015000
2 0.872500 0.185000 0.005000 0.010000
2 0.652500 0.206250 0.005000 0.010000
2 0.663750 0.201250 0.005000 0.010000
2 0.625000 0.185000 0.005000 0.015000
2 0.712500 0.202500 0.007500 0.010000
2 0.687500 0.202500 0.005000 0.012500
2 0.522500 0.186250 0.005000 0.015000
2 0.600000 0.187500 0.005000 0.012500
2 0.595000 0.191250 0.005000 0.007500
2 0.458750 0.200000 0.010000 0.012500
2 0.393750 0.192500 0.007500 0.015000
2 0.446250 0.188750 0.005000 0.017500
2 0.453750 0.191250 0.002500 0.015000
2 0.412500 0.201250 0.005000 0.007500
2 0.423750 0.201250 0.002500 0.010000
2 0.418750 0.202500 0.002500 0.010000
2 0.430000 0.200000 0.005000 0.010000
2 0.406250 0.196250 0.005000 0.015000
2 0.478750 0.183750 0.005000 0.012500
6 0.413750 0.132500 0.027500 0.012500
6 0.367500 0.136250 0.027500 0.012500
6 0.335000 0.136250 0.037500 0.015000
