6 0.876250 0.590000 0.025000 0.030000
6 0.826250 0.520000 0.020000 0.025000
6 0.780000 0.503750 0.020000 0.020000
6 0.367500 0.626250 0.070000 0.030000
6 0.386250 0.645000 0.072500 0.025000
6 0.041250 0.748750 0.082500 0.035000
6 0.690000 0.541250 0.022500 0.017500
6 0.652500 0.596250 0.025000 0.017500
6 0.648750 0.621250 0.027500 0.022500
6 0.615000 0.710000 0.040000 0.050000
6 0.636250 0.686250 0.037500 0.027500
6 0.078750 0.723750 0.117500 0.037500
6 0.042500 0.696250 0.082500 0.037500
6 0.218750 0.932500 0.112500 0.047500
6 0.996250 0.653750 0.035000 0.045000
6 0.926250 0.517500 0.017500 0.012500
6 0.940000 0.537500 0.020000 0.022500
6 0.948750 0.553750 0.022500 0.022500
6 0.952500 0.575000 0.020000 0.017500
6 0.970000 0.606250 0.030000 0.035000
6 0.578750 0.557500 0.022500 0.017500
6 0.585000 0.738750 0.027500 0.035000
6 0.825000 0.456250 0.012500 0.015000
6 0.802500 0.455000 0.020000 0.015000
6 0.778750 0.493750 0.017500 0.017500
6 0.845000 0.406250 0.015000 0.012500
6 0.813750 0.401250 0.010000 0.007500
6 0.801250 0.415000 0.012500 0.007500
6 0.815000 0.445000 0.012500 0.012500
6 0.826250 0.481250 0.015000 0.015000
6 0.555000 0.838750 0.055000 0.072500
6 0.540000 0.910000 0.080000 0.065000
6 0.676250 0.572500 0.030000 0.025000
6 0.725000 0.482500 0.015000 0.017500
6 0.716250 0.501250 0.025000 0.012500
6 0.692500 0.523750 0.020000 0.015000
6 0.703750 0.462500 0.042500 0.015000
6 0.701250 0.451250 0.037500 0.010000
2 0.851250 0.658750 0.007500 0.022500
2 0.853750 0.652500 0.012500 0.027500
2 0.777500 0.587500 0.007500 0.022500
2 0.771250 0.608750 0.007500 0.020000
2 0.801250 0.545000 0.007500 0.010000
6 0.800000 0.546250 0.015000 0.012500
2 0.786250 0.528750 0.007500 0.010000
6 0.950000 0.445000 0.025000 0.017500
6 0.970000 0.421250 0.027500 0.012500
6 0.980000 0.488750 0.020000 0.012500
6 0.807500 0.381250 0.012500 0.010000
6 0.846250 0.375000 0.007500 0.007500
6 0.855000 0.383750 0.012500 0.005000
6 0.875000 0.376250 0.012500 0.012500
6 0.882500 0.387500 0.015000 0.005000
6 0.941250 0.416250 0.025000 0.010000
6 0.952500 0.417500 0.025000 0.010000
6 0.767500 0.386250 0.017500 0.010000
2 0.903750 0.513750 0.007500 0.012500
2 0.855000 0.438750 0.005000 0.010000
2 0.790000 0.446250 0.005000 0.012500
6 0.502500 0.651250 0.040000 0.037500
