6 0.350000 0.411250 0.022500 0.032500
6 0.358750 0.471250 0.022500 0.030000
6 0.423750 0.456250 0.020000 0.025000
6 0.420000 0.485000 0.022500 0.027500
6 0.416250 0.515000 0.027500 0.032500
2 0.377500 0.531250 0.012500 0.020000
2 0.347500 0.531250 0.010000 0.022500
6 0.415000 0.553750 0.027500 0.042500
2 0.365000 0.613750 0.010000 0.025000
2 0.501250 0.535000 0.010000 0.022500
2 0.516250 0.546250 0.007500 0.020000
2 0.503750 0.561250 0.010000 0.020000
2 0.498750 0.578750 0.007500 0.022500
6 0.517500 0.455000 0.015000 0.017500
6 0.502500 0.451250 0.012500 0.017500
6 0.488750 0.446250 0.012500 0.020000
6 0.503750 0.431250 0.012500 0.017500
6 0.465000 0.401250 0.040000 0.017500
6 0.457500 0.391250 0.042500 0.017500
6 0.418750 0.410000 0.020000 0.025000
6 0.420000 0.378750 0.015000 0.015000
6 0.415000 0.365000 0.015000 0.015000
2 0.396250 0.447500 0.005000 0.015000
6 0.376250 0.372500 0.022500 0.035000
6 0.398750 0.357500 0.015000 0.015000
2 0.387500 0.350000 0.005000 0.012500
6 0.353750 0.365000 0.017500 0.015000
6 0.368750 0.340000 0.015000 0.012500
6 0.397500 0.326250 0.012500 0.012500
6 0.371250 0.310000 0.012500 0.012500
6 0.407500 0.317500 0.017500 0.010000
6 0.423750 0.335000 0.022500 0.012500
6 0.418750 0.321250 0.010000 0.010000
6 0.370000 0.327500 0.012500 0.012500
2 0.383750 0.323750 0.007500 0.007500
6 0.383750 0.326250 0.007500 0.010000
2 0.465000 0.350000 0.005000 0.012500
6 0.395000 0.251250 0.007500 0.010000
6 0.387500 0.271250 0.007500 0.007500
6 0.353750 0.242500 0.010000 0.015000
6 0.362500 0.286250 0.010000 0.010000
2 0.183750 0.617500 0.012500 0.022500
2 0.142500 0.612500 0.010000 0.022500
6 0.191250 0.581250 0.045000 0.062500
6 0.235000 0.582500 0.035000 0.050000
6 0.268750 0.527500 0.032500 0.042500
6 0.146250 0.498750 0.045000 0.025000
6 0.198750 0.473750 0.027500 0.035000
6 0.246250 0.406250 0.022500 0.022500
2 0.221250 0.385000 0.007500 0.012500
2 0.261250 0.443750 0.007500 0.012500
6 0.301250 0.441250 0.022500 0.027500
6 0.233750 0.362500 0.032500 0.017500
6 0.233750 0.348750 0.032500 0.015000
6 0.271250 0.367500 0.017500 0.017500
6 0.285000 0.347500 0.015000 0.015000
6 0.292500 0.335000 0.017500 0.015000
6 0.265000 0.312500 0.022500 0.012500
6 0.268750 0.307500 0.025000 0.010000
6 0.300000 0.323750 0.015000 0.012500
6 0.316250 0.302500 0.012500 0.015000
6 0.322500 0.293750 0.012500 0.010000
6 0.327500 0.283750 0.012500 0.012500
6 0.333750 0.276250 0.012500 0.010000
6 0.337500 0.270000 0.010000 0.007500
6 0.345000 0.265000 0.010000 0.007500
