6 0.005000 0.870000 0.027500 0.070000
6 0.068750 0.901250 0.030000 0.065000
6 0.132500 0.903750 0.062500 0.060000
6 0.521250 0.847500 0.057500 0.027500
6 0.216250 0.843750 0.067500 0.030000
6 0.001250 0.722500 0.025000 0.065000
6 0.088750 0.715000 0.037500 0.067500
2 0.238750 0.905000 0.007500 0.010000
2 0.230000 0.901250 0.007500 0.010000
2 0.196250 0.893750 0.007500 0.010000
2 0.202500 0.906250 0.007500 0.012500
2 0.255000 0.821250 0.005000 0.010000
2 0.096250 0.856250 0.010000 0.012500
6 0.195000 0.788750 0.060000 0.022500
6 0.165000 0.726250 0.027500 0.055000
6 0.126250 0.712500 0.022500 0.052500
6 0.141250 0.622500 0.067500 0.032500
6 0.202500 0.607500 0.060000 0.025000
6 0.493750 0.560000 0.072500 0.027500
2 0.110000 0.593750 0.010000 0.010000
2 0.016250 0.647500 0.007500 0.010000
6 0.845000 0.927500 0.022500 0.045000
6 0.882500 0.430000 0.070000 0.030000
6 0.880000 0.391250 0.062500 0.030000
2 0.842500 0.350000 0.015000 0.005000
6 0.886250 0.310000 0.072500 0.032500
6 0.840000 0.207500 0.057500 0.027500
2 0.162500 0.831250 0.010000 0.012500
2 0.170000 0.832500 0.010000 0.012500
2 0.066250 0.770000 0.010000 0.010000
2 0.022500 0.795000 0.012500 0.012500
2 0.022500 0.538750 0.012500 0.010000
2 0.060000 0.562500 0.025000 0.060000
6 0.056250 0.386250 0.025000 0.060000
2 0.022500 0.373750 0.010000 0.010000
2 0.043750 0.347500 0.005000 0.012500
6 0.057500 0.246250 0.025000 0.055000
6 0.160000 0.310000 0.025000 0.060000
6 0.163750 0.236250 0.025000 0.055000
2 0.128750 0.207500 0.007500 0.012500
2 0.137500 0.207500 0.007500 0.010000
2 0.151250 0.207500 0.010000 0.015000
2 0.218750 0.166250 0.007500 0.012500
6 0.162500 0.103750 0.022500 0.045000
6 0.163750 0.045000 0.025000 0.047500
6 0.131250 0.037500 0.012500 0.025000
2 0.131250 0.032500 0.007500 0.012500
2 0.258750 0.368750 0.020000 0.010000
2 0.261250 0.380000 0.020000 0.010000
2 0.255000 0.417500 0.012500 0.010000
