6 0.568750 0.273750 0.010000 0.007500
2 0.581250 0.272500 0.002500 0.007500
6 0.602500 0.302500 0.020000 0.010000
2 0.600000 0.298750 0.002500 0.010000
2 0.605000 0.298750 0.005000 0.010000
6 0.552500 0.277500 0.010000 0.007500
6 0.535000 0.291250 0.012500 0.012500
6 0.541250 0.285000 0.012500 0.010000
2 0.546250 0.297500 0.005000 0.012500
6 0.635000 0.306250 0.015000 0.012500
6 0.620000 0.326250 0.020000 0.017500
6 0.455000 0.345000 0.027500 0.022500
6 0.432500 0.362500 0.030000 0.022500
6 0.453750 0.383750 0.032500 0.027500
6 0.613750 0.375000 0.030000 0.027500
6 0.363750 0.482500 0.067500 0.062500
2 0.407500 0.370000 0.010000 0.012500
2 0.408750 0.368750 0.007500 0.015000
2 0.396250 0.362500 0.007500 0.015000
2 0.386250 0.363750 0.007500 0.022500
2 0.465000 0.325000 0.007500 0.012500
2 0.501250 0.325000 0.005000 0.010000
2 0.501250 0.335000 0.005000 0.010000
2 0.505000 0.343750 0.005000 0.017500
2 0.525000 0.331250 0.005000 0.010000
2 0.542500 0.332500 0.007500 0.010000
2 0.502500 0.362500 0.005000 0.012500
2 0.503750 0.380000 0.010000 0.020000
2 0.663750 0.323750 0.007500 0.012500
2 0.650000 0.337500 0.005000 0.010000
2 0.648750 0.335000 0.007500 0.012500
2 0.687500 0.342500 0.007500 0.020000
2 0.431250 0.465000 0.015000 0.030000
6 0.687500 0.306250 0.022500 0.017500
6 0.732500 0.350000 0.027500 0.032500
6 0.755000 0.383750 0.032500 0.032500
6 0.803750 0.428750 0.050000 0.035000
6 0.822500 0.446250 0.040000 0.045000
6 0.942500 0.563750 0.077500 0.082500
2 0.755000 0.512500 0.020000 0.032500
2 0.711250 0.470000 0.020000 0.030000
2 0.711250 0.467500 0.020000 0.025000
2 0.162500 0.606250 0.025000 0.037500
2 0.248750 0.655000 0.030000 0.037500
2 0.263750 0.658750 0.022500 0.032500
2 0.662500 0.308750 0.005000 0.015000
6 0.621250 0.275000 0.005000 0.007500
6 0.615000 0.271250 0.005000 0.007500
6 0.482500 0.316250 0.015000 0.017500
6 0.492500 0.308750 0.010000 0.015000
2 0.470000 0.310000 0.005000 0.010000
