2 0.437500 0.297500 0.007500 0.020000
2 0.332500 0.291250 0.007500 0.017500
2 0.327500 0.277500 0.005000 0.015000
2 0.581250 0.255000 0.007500 0.017500
2 0.372500 0.226250 0.005000 0.010000
2 0.366250 0.225000 0.005000 0.007500
2 0.290000 0.281250 0.005000 0.017500
2 0.233750 0.276250 0.005000 0.017500
2 0.216250 0.283750 0.007500 0.015000
2 0.253750 0.277500 0.005000 0.015000
2 0.256250 0.277500 0.005000 0.015000
2 0.565000 0.250000 0.007500 0.015000
2 0.572500 0.248750 0.007500 0.012500
6 0.477500 0.218750 0.030000 0.010000
6 0.417500 0.212500 0.027500 0.010000
6 0.723750 0.207500 0.047500 0.017500
6 0.385000 0.190000 0.052500 0.015000
6 0.375000 0.186250 0.052500 0.015000
6 0.366250 0.188750 0.052500 0.015000
6 0.348750 0.185000 0.052500 0.015000
6 0.331250 0.182500 0.052500 0.015000
6 0.318750 0.183750 0.052500 0.015000
6 0.308750 0.178750 0.052500 0.015000
6 0.503750 0.188750 0.052500 0.015000
6 0.471250 0.186250 0.052500 0.015000
6 0.460000 0.185000 0.052500 0.015000
6 0.445000 0.183750 0.052500 0.015000
6 0.430000 0.183750 0.052500 0.015000
6 0.416250 0.181250 0.052500 0.015000
6 0.400000 0.190000 0.052500 0.015000
6 0.697500 0.203750 0.042500 0.015000
6 0.678750 0.202500 0.042500 0.015000
6 0.662500 0.200000 0.042500 0.015000
6 0.638750 0.198750 0.035000 0.015000
6 0.643750 0.246250 0.032500 0.010000
6 0.750000 0.276250 0.027500 0.012500
6 0.675000 0.253750 0.035000 0.015000
6 0.707500 0.260000 0.017500 0.017500
6 0.736250 0.260000 0.032500 0.015000
6 0.742500 0.265000 0.035000 0.015000
6 0.618750 0.198750 0.025000 0.017500
2 0.802500 0.316250 0.010000 0.025000
2 0.345000 0.225000 0.005000 0.010000
2 0.891250 0.322500 0.010000 0.022500
2 0.820000 0.285000 0.007500 0.015000
2 0.812500 0.283750 0.007500 0.015000
2 0.797500 0.271250 0.007500 0.015000
2 0.781250 0.271250 0.007500 0.015000
2 0.811250 0.252500 0.005000 0.010000
2 0.821250 0.251250 0.005000 0.017500
2 0.891250 0.252500 0.005000 0.012500
2 0.900000 0.251250 0.007500 0.012500
6 0.833750 0.235000 0.022500 0.007500
6 0.806250 0.235000 0.022500 0.010000
