6 0.112500 0.343750 0.022500 0.022500
6 0.076250 0.320000 0.020000 0.025000
6 0.088750 0.277500 0.017500 0.017500
6 0.193750 0.223750 0.025000 0.037500
6 0.127500 0.205000 0.010000 0.010000
6 0.092500 0.255000 0.015000 0.010000
6 0.338750 0.253750 0.015000 0.015000
6 0.292500 0.243750 0.017500 0.012500
6 0.147500 0.191250 0.012500 0.015000
6 0.365000 0.218750 0.020000 0.027500
6 0.342500 0.221250 0.017500 0.025000
6 0.321250 0.222500 0.017500 0.020000
6 0.316250 0.235000 0.015000 0.010000
6 0.305000 0.240000 0.015000 0.010000
