6 0.991250 0.583750 0.012500 0.010000
6 0.968750 0.582500 0.012500 0.010000
6 0.965000 0.592500 0.012500 0.010000
6 0.960000 0.610000 0.012500 0.012500
6 0.965000 0.612500 0.012500 0.010000
6 0.967500 0.615000 0.012500 0.007500
6 0.973750 0.620000 0.012500 0.012500
6 0.977500 0.608750 0.012500 0.010000
6 0.993750 0.618750 0.015000 0.012500
6 0.982500 0.612500 0.015000 0.010000
6 0.992500 0.633750 0.017500 0.012500
6 0.960000 0.633750 0.017500 0.015000
6 0.963750 0.647500 0.020000 0.015000
6 0.980000 0.660000 0.017500 0.017500
6 0.932500 0.661250 0.020000 0.020000
6 0.965000 0.671250 0.020000 0.017500
6 0.965000 0.687500 0.020000 0.017500
6 0.967500 0.703750 0.022500 0.020000
6 0.991250 0.717500 0.025000 0.022500
6 0.996250 0.762500 0.030000 0.027500
6 0.992500 0.800000 0.035000 0.037500
6 0.975000 0.868750 0.042500 0.040000
6 0.915000 0.691250 0.045000 0.047500
6 0.887500 0.725000 0.057500 0.057500
6 0.890000 0.823750 0.037500 0.045000
6 0.968750 0.942500 0.052500 0.057500
6 0.887500 0.980000 0.052500 0.055000
6 0.822500 0.958750 0.052500 0.055000
6 0.731250 0.940000 0.047500 0.047500
2 0.750000 0.911250 0.012500 0.032500
2 0.741250 0.892500 0.015000 0.037500
2 0.748750 0.886250 0.007500 0.037500
2 0.757500 0.876250 0.012500 0.035000
2 0.778750 0.863750 0.012500 0.037500
