6 0.881250 0.548750 0.047500 0.017500
6 0.706250 0.525000 0.055000 0.025000
6 0.565000 0.536250 0.017500 0.005000
6 0.307500 0.650000 0.025000 0.010000
6 0.225000 0.643750 0.022500 0.012500
6 0.188750 0.636250 0.017500 0.010000
6 0.008750 0.685000 0.015000 0.012500
6 0.043750 0.583750 0.010000 0.010000
6 0.106250 0.550000 0.025000 0.022500
6 0.191250 0.536250 0.015000 0.015000
6 0.206250 0.458750 0.007500 0.005000
6 0.165000 0.928750 0.035000 0.020000
6 0.670000 0.947500 0.042500 0.015000
6 0.342500 0.466250 0.012500 0.005000
6 0.288750 0.451250 0.020000 0.015000
6 0.252500 0.451250 0.005000 0.005000
6 0.242500 0.431250 0.010000 0.010000
6 0.257500 0.421250 0.005000 0.005000
6 0.287500 0.406250 0.005000 0.005000
6 0.305000 0.388750 0.007500 0.007500
