2 0.436250 0.475000 0.027500 0.042500
2 0.435000 0.470000 0.025000 0.037500
6 0.183750 0.317500 0.047500 0.042500
2 0.128750 0.262500 0.010000 0.015000
6 0.130000 0.261250 0.022500 0.032500
6 0.456250 0.290000 0.020000 0.032500
2 0.408750 0.300000 0.007500 0.015000
2 0.407500 0.295000 0.012500 0.027500
2 0.427500 0.287500 0.010000 0.020000
6 0.410000 0.268750 0.030000 0.027500
6 0.411250 0.236250 0.022500 0.022500
2 0.165000 0.226250 0.007500 0.022500
2 0.171250 0.226250 0.007500 0.020000
2 0.176250 0.222500 0.007500 0.022500
6 0.180000 0.231250 0.017500 0.020000
2 0.165000 0.202500 0.010000 0.015000
2 0.385000 0.205000 0.007500 0.012500
2 0.327500 0.202500 0.005000 0.015000
6 0.148750 0.156250 0.030000 0.012500
6 0.173750 0.158750 0.015000 0.015000
2 0.173750 0.168750 0.005000 0.015000
2 0.182500 0.166250 0.005000 0.012500
2 0.202500 0.161250 0.005000 0.007500
6 0.222500 0.160000 0.010000 0.015000
2 0.221250 0.173750 0.007500 0.010000
2 0.243750 0.176250 0.005000 0.010000
2 0.312500 0.178750 0.002500 0.010000
2 0.316250 0.178750 0.007500 0.010000
2 0.366250 0.196250 0.005000 0.012500
2 0.362500 0.195000 0.007500 0.012500
6 0.366250 0.183750 0.040000 0.015000
2 0.366250 0.177500 0.005000 0.007500
2 0.381250 0.158750 0.005000 0.010000
6 0.275000 0.166250 0.015000 0.012500
6 0.278750 0.161250 0.015000 0.015000
6 0.283750 0.155000 0.012500 0.017500
6 0.293750 0.142500 0.012500 0.010000
2 0.271250 0.147500 0.005000 0.007500
2 0.282500 0.138750 0.005000 0.007500
6 0.286250 0.133750 0.005000 0.007500
2 0.286250 0.135000 0.002500 0.005000
6 0.281250 0.126250 0.005000 0.007500
2 0.281250 0.125000 0.002500 0.005000
6 0.320000 0.111250 0.007500 0.005000
6 0.326250 0.106250 0.007500 0.010000
6 0.348750 0.113750 0.007500 0.012500
