6 0.593750 0.295000 0.012500 0.017500
6 0.583750 0.318750 0.007500 0.010000
6 0.603750 0.328750 0.010000 0.010000
6 0.610000 0.318750 0.010000 0.007500
6 0.615000 0.311250 0.007500 0.007500
6 0.611250 0.306250 0.007500 0.005000
6 0.618750 0.332500 0.005000 0.007500
6 0.626250 0.323750 0.007500 0.007500
6 0.541250 0.336250 0.015000 0.017500
6 0.586250 0.397500 0.020000 0.025000
6 0.517500 0.337500 0.025000 0.010000
6 0.512500 0.346250 0.022500 0.010000
6 0.510000 0.381250 0.020000 0.012500
6 0.468750 0.442500 0.025000 0.027500
6 0.478750 0.423750 0.025000 0.022500
6 0.490000 0.412500 0.017500 0.017500
6 0.505000 0.401250 0.020000 0.015000
6 0.671250 0.308750 0.017500 0.007500
6 0.686250 0.362500 0.025000 0.022500
6 0.696250 0.373750 0.022500 0.012500
6 0.720000 0.381250 0.027500 0.012500
6 0.718750 0.395000 0.015000 0.017500
6 0.685000 0.381250 0.025000 0.010000
6 0.702500 0.392500 0.015000 0.012500
6 0.706250 0.407500 0.017500 0.022500
6 0.727500 0.446250 0.040000 0.020000
6 0.731250 0.456250 0.040000 0.017500
6 0.740000 0.478750 0.047500 0.022500
6 0.746250 0.487500 0.052500 0.025000
6 0.757500 0.518750 0.050000 0.025000
6 0.856250 0.450000 0.025000 0.022500
6 0.905000 0.470000 0.032500 0.017500
6 0.908750 0.480000 0.050000 0.020000
6 0.925000 0.495000 0.052500 0.022500
6 0.877500 0.497500 0.025000 0.025000
6 0.887500 0.532500 0.055000 0.030000
2 0.823750 0.493750 0.007500 0.015000
2 0.828750 0.591250 0.010000 0.025000
2 0.850000 0.588750 0.007500 0.022500
2 0.863750 0.626250 0.017500 0.027500
2 0.868750 0.616250 0.010000 0.025000
2 0.877500 0.637500 0.012500 0.022500
6 0.953750 0.587500 0.045000 0.022500
6 0.981250 0.631250 0.070000 0.035000
2 0.708750 0.542500 0.007500 0.020000
2 0.706250 0.505000 0.007500 0.020000
2 0.833750 0.428750 0.005000 0.015000
6 0.628750 0.402500 0.015000 0.015000
6 0.638750 0.426250 0.017500 0.017500
6 0.636250 0.442500 0.022500 0.020000
6 0.645000 0.453750 0.025000 0.027500
2 0.652500 0.497500 0.007500 0.017500
6 0.646250 0.486250 0.022500 0.022500
2 0.603750 0.413750 0.007500 0.015000
6 0.615000 0.471250 0.022500 0.022500
2 0.590000 0.478750 0.007500 0.012500
2 0.592500 0.517500 0.010000 0.020000
6 0.638750 0.522500 0.027500 0.027500
6 0.661250 0.647500 0.035000 0.047500
6 0.547500 0.547500 0.025000 0.030000
2 0.591250 0.620000 0.015000 0.027500
2 0.605000 0.626250 0.010000 0.027500
6 0.491250 0.327500 0.010000 0.010000
6 0.460000 0.351250 0.012500 0.012500
6 0.406250 0.431250 0.037500 0.017500
6 0.377500 0.447500 0.025000 0.020000
6 0.303750 0.475000 0.055000 0.025000
6 0.267500 0.501250 0.062500 0.035000
6 0.383750 0.491250 0.050000 0.020000
6 0.377500 0.510000 0.052500 0.025000
6 0.356250 0.525000 0.055000 0.027500
6 0.341250 0.553750 0.065000 0.037500
6 0.321250 0.576250 0.065000 0.032500
6 0.266250 0.612500 0.072500 0.037500
6 0.241250 0.656250 0.080000 0.037500
6 0.321250 0.650000 0.055000 0.050000
6 0.086250 0.626250 0.077500 0.060000
6 0.612500 0.290000 0.005000 0.005000
