6 0.983750 0.497500 0.030000 0.022500
6 0.571250 0.925000 0.075000 0.045000
6 0.866250 0.885000 0.077500 0.042500
6 0.688750 0.830000 0.027500 0.035000
6 0.632500 0.818750 0.062500 0.027500
2 0.616250 0.716250 0.007500 0.022500
6 0.708750 0.708750 0.052500 0.025000
6 0.693750 0.690000 0.055000 0.020000
6 0.695000 0.652500 0.045000 0.020000
6 0.701250 0.625000 0.042500 0.017500
6 0.697500 0.603750 0.035000 0.025000
6 0.718750 0.592500 0.030000 0.017500
2 0.738750 0.591250 0.005000 0.017500
6 0.713750 0.568750 0.040000 0.012500
6 0.747500 0.547500 0.012500 0.017500
6 0.772500 0.495000 0.012500 0.012500
6 0.793750 0.497500 0.012500 0.012500
6 0.791250 0.515000 0.015000 0.015000
2 0.751250 0.515000 0.005000 0.010000
2 0.785000 0.540000 0.005000 0.010000
2 0.743750 0.695000 0.010000 0.020000
6 0.782500 0.725000 0.027500 0.032500
6 0.801250 0.690000 0.025000 0.030000
2 0.970000 0.783750 0.010000 0.027500
6 0.991250 0.716250 0.057500 0.027500
2 0.988750 0.648750 0.007500 0.012500
6 0.957500 0.668750 0.022500 0.022500
6 0.933750 0.663750 0.022500 0.022500
6 0.972500 0.628750 0.040000 0.015000
6 0.972500 0.618750 0.050000 0.015000
2 0.903750 0.655000 0.010000 0.017500
6 0.930000 0.586250 0.040000 0.020000
2 0.895000 0.576250 0.005000 0.015000
6 0.742500 0.645000 0.022500 0.025000
6 0.830000 0.576250 0.017500 0.020000
6 0.830000 0.558750 0.017500 0.015000
6 0.826250 0.537500 0.015000 0.012500
6 0.818750 0.527500 0.020000 0.015000
6 0.855000 0.535000 0.015000 0.012500
6 0.836250 0.506250 0.015000 0.012500
6 0.837500 0.488750 0.015000 0.010000
6 0.845000 0.458750 0.010000 0.015000
2 0.850000 0.467500 0.002500 0.010000
6 0.792500 0.477500 0.010000 0.015000
6 0.791250 0.466250 0.012500 0.010000
6 0.722500 0.471250 0.032500 0.020000
6 0.752500 0.476250 0.010000 0.010000
6 0.758750 0.463750 0.012500 0.010000
6 0.788750 0.446250 0.010000 0.010000
6 0.776250 0.442500 0.010000 0.010000
6 0.782500 0.431250 0.012500 0.010000
6 0.767500 0.433750 0.010000 0.010000
6 0.805000 0.430000 0.010000 0.010000
6 0.807500 0.417500 0.010000 0.010000
6 0.801250 0.403750 0.007500 0.007500
6 0.875000 0.472500 0.027500 0.012500
6 0.896250 0.473750 0.007500 0.015000
6 0.862500 0.453750 0.022500 0.010000
6 0.855000 0.435000 0.020000 0.010000
2 0.833750 0.426250 0.002500 0.007500
2 0.838750 0.426250 0.002500 0.007500
2 0.817500 0.416250 0.002500 0.010000
2 0.770000 0.396250 0.005000 0.010000
6 0.823750 0.417500 0.007500 0.007500
2 0.826250 0.423750 0.002500 0.005000
6 0.830000 0.411250 0.007500 0.007500
6 0.821250 0.406250 0.010000 0.010000
