6 0.850000 0.477500 0.035000 0.067500
6 0.667500 0.617500 0.055000 0.032500
6 0.120000 0.800000 0.060000 0.047500
6 0.235000 0.836250 0.065000 0.030000
6 0.055000 0.746250 0.035000 0.065000
6 0.320000 0.626250 0.035000 0.090000
2 0.068750 0.847500 0.017500 0.015000
2 0.078750 0.786250 0.017500 0.010000
2 0.085000 0.867500 0.017500 0.010000
6 0.363750 0.792500 0.035000 0.075000
6 0.707500 0.790000 0.032500 0.070000
6 0.650000 0.806250 0.065000 0.035000
6 0.672500 0.567500 0.055000 0.037500
2 0.628750 0.581250 0.007500 0.015000
6 0.947500 0.740000 0.070000 0.040000
6 0.947500 0.673750 0.072500 0.032500
6 0.946250 0.617500 0.072500 0.032500
6 0.937500 0.911250 0.070000 0.032500
6 0.940000 0.872500 0.072500 0.032500
2 0.836250 0.630000 0.007500 0.012500
2 0.618750 0.668750 0.012500 0.012500
2 0.655000 0.680000 0.010000 0.010000
2 0.660000 0.671250 0.010000 0.007500
2 0.998750 0.621250 0.010000 0.012500
2 0.598750 0.858750 0.012500 0.012500
2 0.685000 0.706250 0.010000 0.010000
2 0.887500 0.695000 0.007500 0.015000
6 0.727500 0.245000 0.057500 0.095000
2 0.907500 0.215000 0.010000 0.012500
2 0.892500 0.171250 0.007500 0.015000
2 0.332500 0.393750 0.010000 0.012500
2 0.337500 0.448750 0.012500 0.015000
2 0.370000 0.250000 0.015000 0.017500
2 0.268750 0.181250 0.012500 0.015000
6 0.960000 0.400000 0.070000 0.057500
6 0.967500 0.542500 0.065000 0.037500
2 0.911250 0.417500 0.010000 0.015000
6 0.971250 0.176250 0.067500 0.035000
6 0.978750 0.132500 0.072500 0.045000
2 0.896250 0.493750 0.007500 0.012500
6 0.948750 0.811250 0.057500 0.025000
2 0.992500 0.867500 0.007500 0.012500
2 0.932500 0.068750 0.010000 0.017500
