2 0.215000 0.732500 0.007500 0.012500
6 0.290000 0.538750 0.035000 0.045000
6 0.142500 0.438750 0.032500 0.012500
6 0.177500 0.375000 0.010000 0.012500
6 0.002500 0.300000 0.010000 0.010000
6 0.027500 0.327500 0.010000 0.012500
6 0.025000 0.361250 0.012500 0.012500
6 0.063750 0.326250 0.012500 0.010000
6 0.096250 0.326250 0.012500 0.017500
6 0.057500 0.242500 0.012500 0.022500
6 0.175000 0.243750 0.012500 0.022500
6 0.163750 0.257500 0.015000 0.007500
6 0.042500 0.177500 0.005000 0.005000
6 0.061250 0.172500 0.005000 0.005000
6 0.087500 0.185000 0.005000 0.005000
6 0.000000 0.181250 0.005000 0.005000
6 0.052500 0.182500 0.005000 0.002500
2 0.107500 0.216250 0.002500 0.005000
6 0.076250 0.161250 0.005000 0.005000
6 0.076250 0.137500 0.007500 0.010000
6 0.086250 0.143750 0.002500 0.005000
6 0.086250 0.136250 0.005000 0.002500
6 0.075000 0.115000 0.002500 0.005000
6 0.140000 0.148750 0.005000 0.005000
6 0.062500 0.110000 0.005000 0.002500
6 0.090000 0.111250 0.005000 0.010000
