2 0.022500 0.488750 0.010000 0.025000
2 0.028750 0.485000 0.017500 0.025000
2 0.073750 0.621250 0.017500 0.052500
2 0.162500 0.446250 0.015000 0.025000
2 0.173750 0.446250 0.012500 0.020000
2 0.267500 0.445000 0.007500 0.015000
2 0.263750 0.450000 0.015000 0.022500
2 0.312500 0.515000 0.010000 0.040000
2 0.571250 0.637500 0.025000 0.025000
2 0.623750 0.638750 0.022500 0.037500
2 0.647500 0.651250 0.020000 0.030000
2 0.642500 0.645000 0.017500 0.025000
2 0.521250 0.546250 0.020000 0.045000
2 0.666250 0.505000 0.017500 0.045000
2 0.640000 0.508750 0.012500 0.027500
2 0.643750 0.480000 0.012500 0.035000
2 0.635000 0.470000 0.017500 0.035000
2 0.617500 0.441250 0.007500 0.022500
2 0.606250 0.437500 0.010000 0.022500
2 0.581250 0.422500 0.012500 0.030000
2 0.553750 0.440000 0.007500 0.022500
2 0.553750 0.403750 0.012500 0.020000
2 0.625000 0.358750 0.010000 0.030000
2 0.440000 0.442500 0.007500 0.027500
2 0.416250 0.463750 0.005000 0.025000
2 0.425000 0.453750 0.010000 0.035000
2 0.413750 0.450000 0.012500 0.035000
2 0.460000 0.401250 0.007500 0.017500
2 0.331250 0.361250 0.012500 0.030000
2 0.340000 0.353750 0.015000 0.022500
2 0.353750 0.381250 0.012500 0.032500
2 0.381250 0.366250 0.010000 0.020000
2 0.500000 0.401250 0.012500 0.020000
2 0.885000 0.460000 0.027500 0.035000
2 0.848750 0.380000 0.017500 0.032500
2 0.813750 0.380000 0.012500 0.035000
6 0.716250 0.338750 0.055000 0.035000
6 0.657500 0.335000 0.050000 0.032500
6 0.653750 0.305000 0.085000 0.030000
6 0.582500 0.330000 0.070000 0.037500
6 0.503750 0.325000 0.035000 0.035000
6 0.515000 0.283750 0.037500 0.027500
2 0.483750 0.288750 0.007500 0.025000
2 0.453750 0.306250 0.017500 0.030000
2 0.420000 0.297500 0.010000 0.025000
2 0.436250 0.358750 0.015000 0.030000
2 0.452500 0.358750 0.017500 0.030000
2 0.416250 0.332500 0.010000 0.030000
2 0.401250 0.345000 0.015000 0.022500
2 0.371250 0.345000 0.010000 0.027500
2 0.393750 0.311250 0.010000 0.027500
2 0.398750 0.336250 0.007500 0.022500
2 0.398750 0.325000 0.007500 0.020000
2 0.371250 0.332500 0.007500 0.025000
2 0.372500 0.318750 0.007500 0.022500
2 0.370000 0.285000 0.005000 0.012500
2 0.362500 0.278750 0.010000 0.025000
2 0.447500 0.261250 0.007500 0.017500
6 0.446250 0.260000 0.010000 0.025000
6 0.381250 0.243750 0.060000 0.022500
6 0.358750 0.235000 0.055000 0.020000
6 0.380000 0.226250 0.052500 0.020000
6 0.483750 0.237500 0.025000 0.025000
2 0.463750 0.233750 0.007500 0.020000
2 0.450000 0.200000 0.010000 0.017500
2 0.456250 0.202500 0.005000 0.012500
2 0.468750 0.152500 0.005000 0.012500
2 0.460000 0.153750 0.002500 0.012500
6 0.432500 0.142500 0.015000 0.012500
6 0.413750 0.141250 0.015000 0.010000
6 0.391250 0.142500 0.012500 0.012500
6 0.373750 0.141250 0.015000 0.012500
6 0.346250 0.130000 0.025000 0.027500
6 0.306250 0.135000 0.015000 0.012500
6 0.325000 0.137500 0.017500 0.017500
6 0.487500 0.151250 0.020000 0.017500
6 0.501250 0.132500 0.022500 0.012500
2 0.485000 0.138750 0.002500 0.012500
2 0.816250 0.347500 0.007500 0.020000
