6 0.077500 0.831250 0.055000 0.045000
6 0.113750 0.766250 0.035000 0.040000
6 0.100000 0.710000 0.030000 0.042500
6 0.102500 0.660000 0.032500 0.037500
6 0.121250 0.623750 0.032500 0.032500
6 0.136250 0.583750 0.032500 0.035000
2 0.191250 0.901250 0.012500 0.030000
2 0.347500 0.328750 0.007500 0.017500
2 0.366250 0.348750 0.005000 0.017500
2 0.208750 0.308750 0.005000 0.015000
2 0.203750 0.308750 0.005000 0.017500
6 0.012500 0.163750 0.015000 0.012500
6 0.013750 0.196250 0.017500 0.012500
6 0.002500 0.116250 0.015000 0.010000
6 0.010000 0.108750 0.012500 0.010000
6 0.017500 0.140000 0.015000 0.017500
6 0.037500 0.136250 0.012500 0.010000
6 0.038750 0.122500 0.015000 0.012500
6 0.076250 0.146250 0.012500 0.012500
6 0.107500 0.120000 0.015000 0.010000
6 0.115000 0.080000 0.012500 0.010000
6 0.115000 0.061250 0.010000 0.010000
6 0.070000 0.100000 0.012500 0.012500
6 0.025000 0.097500 0.012500 0.010000
6 0.033750 0.092500 0.010000 0.007500
6 0.045000 0.088750 0.010000 0.012500
6 0.050000 0.083750 0.010000 0.015000
6 0.055000 0.076250 0.010000 0.010000
6 0.063750 0.072500 0.010000 0.010000
6 0.080000 0.068750 0.015000 0.015000
6 0.090000 0.052500 0.010000 0.010000
6 0.096250 0.047500 0.010000 0.010000
6 0.102500 0.042500 0.007500 0.007500
6 0.112500 0.036250 0.007500 0.007500
6 0.117500 0.030000 0.007500 0.007500
6 0.123750 0.027500 0.007500 0.007500
6 0.140000 0.016250 0.007500 0.010000
