6 0.606250 0.360000 0.055000 0.057500
6 0.542500 0.340000 0.047500 0.050000
6 0.538750 0.200000 0.022500 0.027500
6 0.480000 0.163750 0.027500 0.027500
6 0.382500 0.223750 0.060000 0.032500
6 0.373750 0.210000 0.030000 0.032500
6 0.562500 0.123750 0.017500 0.015000
6 0.666250 0.282500 0.040000 0.040000
6 0.806250 0.373750 0.070000 0.057500
6 0.761250 0.321250 0.050000 0.057500
6 0.366250 0.262500 0.032500 0.035000
2 0.426250 0.212500 0.015000 0.020000
2 0.443750 0.176250 0.010000 0.015000
2 0.338750 0.212500 0.015000 0.020000
2 0.391250 0.153750 0.007500 0.015000
6 0.391250 0.157500 0.017500 0.015000
6 0.408750 0.135000 0.020000 0.017500
2 0.661250 0.340000 0.020000 0.027500
2 0.660000 0.338750 0.020000 0.027500
2 0.603750 0.232500 0.007500 0.012500
2 0.603750 0.228750 0.010000 0.020000
2 0.601250 0.212500 0.010000 0.015000
2 0.560000 0.157500 0.005000 0.012500
2 0.565000 0.143750 0.005000 0.010000
6 0.535000 0.122500 0.012500 0.012500
2 0.555000 0.111250 0.005000 0.007500
2 0.551250 0.102500 0.002500 0.007500
2 0.456250 0.102500 0.005000 0.007500
2 0.455000 0.112500 0.005000 0.007500
2 0.460000 0.113750 0.005000 0.007500
2 0.542500 0.091250 0.002500 0.005000
6 0.550000 0.090000 0.007500 0.010000
6 0.528750 0.086250 0.010000 0.007500
6 0.472500 0.092500 0.007500 0.007500
6 0.463750 0.088750 0.005000 0.010000
6 0.496250 0.082500 0.007500 0.005000
6 0.505000 0.078750 0.007500 0.002500
2 0.742500 0.481250 0.025000 0.035000
2 0.736250 0.477500 0.027500 0.040000
