6 0.383750 0.350000 0.012500 0.005000
6 0.242500 0.656250 0.022500 0.030000
6 0.271250 0.652500 0.017500 0.030000
6 0.312500 0.652500 0.017500 0.027500
6 0.351250 0.610000 0.020000 0.022500
6 0.395000 0.605000 0.015000 0.025000
6 0.471250 0.611250 0.020000 0.035000
6 0.486250 0.591250 0.017500 0.025000
6 0.470000 0.590000 0.015000 0.025000
6 0.488750 0.563750 0.030000 0.015000
6 0.447500 0.562500 0.035000 0.015000
6 0.463750 0.551250 0.027500 0.017500
6 0.453750 0.530000 0.025000 0.025000
6 0.411250 0.590000 0.015000 0.017500
6 0.367500 0.556250 0.012500 0.015000
6 0.383750 0.522500 0.012500 0.015000
6 0.335000 0.541250 0.012500 0.017500
6 0.343750 0.497500 0.015000 0.015000
6 0.358750 0.512500 0.012500 0.012500
6 0.275000 0.568750 0.017500 0.020000
6 0.213750 0.590000 0.027500 0.020000
6 0.166250 0.667500 0.042500 0.012500
6 0.250000 0.522500 0.015000 0.015000
6 0.226250 0.511250 0.017500 0.015000
6 0.310000 0.558750 0.022500 0.037500
6 0.308750 0.482500 0.015000 0.020000
6 0.311250 0.472500 0.012500 0.015000
6 0.257500 0.467500 0.010000 0.012500
6 0.340000 0.457500 0.007500 0.010000
6 0.367500 0.485000 0.010000 0.012500
6 0.407500 0.488750 0.010000 0.012500
6 0.408750 0.500000 0.012500 0.015000
6 0.373750 0.463750 0.012500 0.012500
6 0.377500 0.425000 0.007500 0.007500
6 0.440000 0.423750 0.017500 0.012500
6 0.155000 0.436250 0.020000 0.010000
2 0.358750 0.533750 0.007500 0.012500
2 0.340000 0.638750 0.007500 0.012500
6 0.387500 0.395000 0.007500 0.010000
6 0.391250 0.377500 0.007500 0.010000
6 0.363750 0.372500 0.005000 0.005000
6 0.305000 0.415000 0.010000 0.007500
2 0.323750 0.446250 0.002500 0.005000
6 0.231250 0.621250 0.045000 0.022500
