6 0.281250 0.095000 0.007500 0.007500
6 0.301250 0.107500 0.010000 0.010000
6 0.313750 0.118750 0.007500 0.010000
6 0.403750 0.108750 0.010000 0.007500
6 0.408750 0.111250 0.010000 0.007500
6 0.418750 0.116250 0.007500 0.007500
6 0.425000 0.118750 0.010000 0.010000
6 0.431250 0.122500 0.007500 0.007500
6 0.435000 0.123750 0.010000 0.010000
6 0.440000 0.128750 0.010000 0.007500
6 0.448750 0.135000 0.010000 0.010000
6 0.452500 0.140000 0.010000 0.010000
6 0.461250 0.141250 0.010000 0.010000
6 0.467500 0.146250 0.010000 0.010000
6 0.476250 0.150000 0.012500 0.007500
6 0.485000 0.156250 0.012500 0.012500
6 0.466250 0.163750 0.010000 0.015000
6 0.441250 0.162500 0.030000 0.035000
6 0.473750 0.205000 0.017500 0.017500
6 0.547500 0.305000 0.030000 0.032500
6 0.500000 0.202500 0.015000 0.012500
6 0.503750 0.170000 0.015000 0.012500
6 0.517500 0.181250 0.015000 0.012500
6 0.527500 0.190000 0.015000 0.012500
6 0.541250 0.197500 0.015000 0.020000
2 0.865000 0.312500 0.010000 0.020000
2 0.875000 0.315000 0.010000 0.020000
2 0.690000 0.398750 0.010000 0.015000
2 0.362500 0.447500 0.012500 0.020000
2 0.421250 0.433750 0.007500 0.012500
2 0.437500 0.428750 0.007500 0.012500
6 0.713750 0.513750 0.055000 0.062500
6 0.822500 0.537500 0.045000 0.052500
6 0.882500 0.621250 0.077500 0.072500
