6 0.027500 0.402500 0.027500 0.030000
2 0.031250 0.381250 0.007500 0.022500
2 0.046250 0.342500 0.007500 0.020000
6 0.058750 0.260000 0.015000 0.012500
6 0.082500 0.266250 0.017500 0.015000
6 0.036250 0.306250 0.015000 0.015000
6 0.037500 0.296250 0.015000 0.015000
2 0.526250 0.791250 0.025000 0.055000
2 0.476250 0.762500 0.020000 0.050000
2 0.275000 0.761250 0.022500 0.040000
6 0.273750 0.605000 0.110000 0.045000
2 0.293750 0.518750 0.007500 0.035000
2 0.287500 0.526250 0.010000 0.035000
2 0.275000 0.511250 0.007500 0.027500
6 0.172500 0.541250 0.042500 0.040000
6 0.161250 0.497500 0.040000 0.035000
6 0.152500 0.448750 0.032500 0.030000
6 0.132500 0.368750 0.030000 0.030000
6 0.245000 0.453750 0.035000 0.037500
2 0.253750 0.416250 0.010000 0.025000
6 0.217500 0.412500 0.052500 0.022500
6 0.215000 0.381250 0.032500 0.040000
2 0.191250 0.367500 0.005000 0.017500
2 0.230000 0.332500 0.005000 0.020000
6 0.171250 0.323750 0.037500 0.017500
2 0.197500 0.313750 0.007500 0.017500
2 0.166250 0.242500 0.002500 0.010000
6 0.103750 0.248750 0.027500 0.012500
6 0.106250 0.238750 0.027500 0.012500
6 0.093750 0.231250 0.015000 0.012500
2 0.085000 0.225000 0.005000 0.012500
2 0.097500 0.257500 0.005000 0.010000
