6 0.235000 0.570000 0.050000 0.052500
6 0.263750 0.647500 0.107500 0.055000
6 0.282500 0.600000 0.070000 0.065000
6 0.462500 0.528750 0.047500 0.065000
6 0.345000 0.526250 0.057500 0.057500
6 0.487500 0.398750 0.027500 0.035000
6 0.638750 0.382500 0.027500 0.030000
6 0.513750 0.332500 0.022500 0.020000
6 0.486250 0.320000 0.022500 0.022500
6 0.498750 0.281250 0.020000 0.017500
6 0.527500 0.302500 0.017500 0.020000
6 0.697500 0.263750 0.025000 0.012500
6 0.651250 0.263750 0.025000 0.012500
6 0.632500 0.258750 0.020000 0.010000
6 0.617500 0.261250 0.022500 0.015000
6 0.602500 0.272500 0.015000 0.012500
6 0.588750 0.258750 0.025000 0.012500
6 0.593750 0.263750 0.010000 0.007500
6 0.548750 0.268750 0.015000 0.015000
6 0.531250 0.263750 0.012500 0.015000
6 0.513750 0.255000 0.015000 0.012500
6 0.520000 0.226250 0.012500 0.010000
6 0.522500 0.217500 0.012500 0.007500
6 0.538750 0.217500 0.010000 0.005000
6 0.540000 0.246250 0.010000 0.010000
6 0.545000 0.241250 0.012500 0.010000
6 0.546250 0.232500 0.007500 0.005000
6 0.548750 0.227500 0.010000 0.005000
6 0.551250 0.220000 0.007500 0.007500
6 0.545000 0.215000 0.007500 0.005000
6 0.545000 0.210000 0.007500 0.005000
6 0.551250 0.202500 0.005000 0.007500
6 0.627500 0.238750 0.020000 0.007500
6 0.616250 0.235000 0.005000 0.007500
6 0.588750 0.220000 0.005000 0.005000
6 0.600000 0.220000 0.005000 0.005000
6 0.582500 0.211250 0.005000 0.002500
6 0.591250 0.213750 0.005000 0.005000
6 0.588750 0.210000 0.005000 0.005000
6 0.590000 0.207500 0.005000 0.002500
6 0.583750 0.205000 0.005000 0.007500
2 0.727500 0.387500 0.007500 0.020000
2 0.728750 0.376250 0.005000 0.017500
2 0.672500 0.311250 0.007500 0.015000
2 0.678750 0.315000 0.007500 0.015000
