2 0.052500 0.857500 0.012500 0.025000
6 0.207500 0.731250 0.052500 0.027500
6 0.273750 0.736250 0.050000 0.030000
2 0.258750 0.693750 0.005000 0.020000
6 0.091250 0.635000 0.020000 0.022500
2 0.152500 0.611250 0.002500 0.015000
2 0.145000 0.610000 0.005000 0.017500
6 0.141250 0.591250 0.042500 0.017500
6 0.137500 0.571250 0.040000 0.017500
6 0.140000 0.583750 0.037500 0.015000
6 0.200000 0.557500 0.037500 0.015000
6 0.173750 0.547500 0.037500 0.015000
2 0.071250 0.542500 0.005000 0.015000
6 0.090000 0.508750 0.010000 0.017500
2 0.001250 0.508750 0.005000 0.012500
6 0.021250 0.471250 0.017500 0.012500
6 0.057500 0.481250 0.015000 0.015000
6 0.137500 0.447500 0.025000 0.007500
6 0.162500 0.447500 0.015000 0.010000
6 0.087500 0.470000 0.015000 0.010000
6 0.017500 0.397500 0.007500 0.005000
6 0.036250 0.396250 0.007500 0.007500
6 0.057500 0.401250 0.010000 0.007500
6 0.057500 0.396250 0.007500 0.007500
6 0.070000 0.395000 0.007500 0.007500
6 0.075000 0.411250 0.007500 0.007500
6 0.022500 0.416250 0.010000 0.010000
6 0.012500 0.425000 0.017500 0.010000
6 0.012500 0.440000 0.010000 0.010000
6 0.087500 0.451250 0.010000 0.010000
2 0.010000 0.458750 0.005000 0.007500
2 0.017500 0.482500 0.002500 0.010000
2 0.023750 0.438750 0.002500 0.010000
6 0.048750 0.378750 0.005000 0.002500
6 0.037500 0.382500 0.007500 0.005000
6 0.030000 0.358750 0.005000 0.005000
6 0.028750 0.351250 0.005000 0.002500
6 0.036250 0.375000 0.005000 0.007500
6 0.065000 0.372500 0.005000 0.007500
6 0.116250 0.426250 0.017500 0.007500
6 0.116250 0.413750 0.012500 0.005000
2 0.112500 0.440000 0.002500 0.010000
2 0.108750 0.440000 0.002500 0.007500
2 0.148750 0.438750 0.002500 0.007500
2 0.143750 0.438750 0.002500 0.007500
2 0.123750 0.441250 0.005000 0.010000
