6 0.123750 0.501250 0.040000 0.032500
6 0.063750 0.396250 0.035000 0.030000
6 0.011250 0.371250 0.030000 0.025000
6 0.195000 0.367500 0.025000 0.020000
6 0.172500 0.335000 0.022500 0.017500
6 0.435000 0.312500 0.035000 0.045000
6 0.561250 0.247500 0.067500 0.022500
6 0.108750 0.222500 0.020000 0.007500
6 0.181250 0.201250 0.022500 0.017500
6 0.867500 0.262500 0.072500 0.032500
6 0.813750 0.265000 0.042500 0.015000
6 0.353750 0.182500 0.005000 0.005000
6 0.275000 0.165000 0.005000 0.005000
6 0.290000 0.172500 0.005000 0.002500
6 0.298750 0.180000 0.005000 0.005000
6 0.291250 0.190000 0.005000 0.005000
6 0.291250 0.198750 0.005000 0.005000
6 0.263750 0.193750 0.010000 0.012500
6 0.252500 0.186250 0.010000 0.012500
6 0.316250 0.196250 0.010000 0.012500
6 0.232500 0.296250 0.017500 0.020000
6 0.160000 0.277500 0.015000 0.010000
