2 0.246250 0.526250 0.017500 0.042500
2 0.285000 0.487500 0.012500 0.017500
2 0.036250 0.401250 0.010000 0.015000
2 0.123750 0.410000 0.007500 0.015000
2 0.135000 0.408750 0.010000 0.017500
2 0.161250 0.406250 0.010000 0.017500
2 0.113750 0.632500 0.015000 0.047500
2 0.427500 0.661250 0.015000 0.022500
2 0.403750 0.658750 0.015000 0.030000
2 0.287500 0.447500 0.010000 0.027500
2 0.325000 0.443750 0.012500 0.030000
2 0.346250 0.462500 0.007500 0.017500
2 0.335000 0.455000 0.010000 0.030000
2 0.337500 0.448750 0.010000 0.027500
2 0.340000 0.440000 0.007500 0.022500
2 0.348750 0.445000 0.010000 0.025000
2 0.366250 0.446250 0.015000 0.027500
2 0.232500 0.365000 0.012500 0.027500
2 0.248750 0.366250 0.010000 0.025000
2 0.277500 0.366250 0.012500 0.027500
2 0.297500 0.368750 0.015000 0.025000
2 0.332500 0.367500 0.015000 0.025000
2 0.376250 0.370000 0.010000 0.025000
2 0.402500 0.371250 0.015000 0.027500
2 0.437500 0.455000 0.015000 0.032500
2 0.421250 0.510000 0.010000 0.030000
2 0.420000 0.500000 0.012500 0.032500
2 0.423750 0.493750 0.007500 0.012500
2 0.480000 0.477500 0.010000 0.032500
2 0.525000 0.495000 0.007500 0.027500
2 0.523750 0.543750 0.015000 0.040000
2 0.532500 0.535000 0.017500 0.040000
2 0.875000 0.397500 0.010000 0.032500
2 0.853750 0.418750 0.015000 0.032500
2 0.785000 0.412500 0.015000 0.027500
2 0.781250 0.408750 0.015000 0.025000
2 0.660000 0.391250 0.017500 0.027500
2 0.942500 0.646250 0.025000 0.052500
2 0.962500 0.638750 0.020000 0.045000
2 0.565000 0.583750 0.020000 0.045000
2 0.561250 0.472500 0.010000 0.025000
2 0.568750 0.476250 0.007500 0.025000
2 0.563750 0.506250 0.010000 0.012500
2 0.580000 0.476250 0.010000 0.030000
2 0.586250 0.495000 0.012500 0.035000
2 0.586250 0.483750 0.010000 0.027500
2 0.610000 0.456250 0.010000 0.035000
2 0.623750 0.453750 0.012500 0.022500
2 0.630000 0.445000 0.012500 0.027500
2 0.642500 0.455000 0.010000 0.027500
2 0.646250 0.451250 0.010000 0.030000
2 0.670000 0.456250 0.012500 0.032500
2 0.605000 0.531250 0.017500 0.040000
2 0.652500 0.511250 0.015000 0.032500
2 0.658750 0.513750 0.010000 0.022500
2 0.668750 0.513750 0.010000 0.027500
2 0.662500 0.533750 0.010000 0.035000
2 0.673750 0.536250 0.007500 0.027500
2 0.680000 0.516250 0.012500 0.035000
2 0.655000 0.493750 0.012500 0.022500
2 0.667500 0.495000 0.017500 0.025000
2 0.681250 0.496250 0.012500 0.027500
2 0.690000 0.470000 0.015000 0.030000
2 0.717500 0.476250 0.022500 0.037500
2 0.695000 0.498750 0.012500 0.027500
2 0.693750 0.520000 0.010000 0.030000
2 0.703750 0.507500 0.010000 0.017500
2 0.707500 0.503750 0.005000 0.010000
2 0.743750 0.481250 0.017500 0.037500
2 0.716250 0.518750 0.015000 0.037500
2 0.735000 0.518750 0.015000 0.032500
2 0.755000 0.531250 0.015000 0.037500
2 0.761250 0.532500 0.017500 0.035000
2 0.768750 0.522500 0.007500 0.015000
2 0.825000 0.457500 0.012500 0.027500
2 0.822500 0.488750 0.010000 0.025000
2 0.772500 0.552500 0.015000 0.040000
2 0.806250 0.547500 0.020000 0.042500
2 0.802500 0.521250 0.010000 0.022500
2 0.823750 0.542500 0.020000 0.037500
2 0.831250 0.558750 0.010000 0.020000
2 0.828750 0.518750 0.010000 0.030000
2 0.835000 0.525000 0.010000 0.032500
2 0.457500 0.360000 0.010000 0.025000
2 0.473750 0.315000 0.007500 0.022500
