6 0.610000 0.218750 0.025000 0.025000
6 0.626250 0.298750 0.025000 0.030000
6 0.441250 0.496250 0.057500 0.057500
6 0.618750 0.118750 0.012500 0.010000
6 0.602500 0.123750 0.027500 0.017500
6 0.640000 0.173750 0.015000 0.017500
2 0.640000 0.173750 0.005000 0.012500
2 0.643750 0.175000 0.005000 0.015000
6 0.603750 0.186250 0.010000 0.017500
2 0.605000 0.181250 0.007500 0.012500
2 0.643750 0.208750 0.005000 0.012500
2 0.641250 0.191250 0.005000 0.010000
2 0.652500 0.218750 0.005000 0.012500
2 0.638750 0.243750 0.005000 0.015000
2 0.587500 0.206250 0.007500 0.015000
2 0.552500 0.316250 0.007500 0.022500
2 0.618750 0.345000 0.010000 0.027500
6 0.643750 0.411250 0.025000 0.045000
2 0.647500 0.371250 0.010000 0.020000
6 0.702500 0.361250 0.025000 0.040000
6 0.767500 0.357500 0.042500 0.025000
6 0.677500 0.286250 0.042500 0.032500
2 0.662500 0.312500 0.010000 0.027500
2 0.327500 0.466250 0.017500 0.042500
2 0.488750 0.335000 0.007500 0.027500
2 0.478750 0.338750 0.012500 0.027500
2 0.692500 0.565000 0.017500 0.037500
2 0.758750 0.487500 0.015000 0.042500
2 0.672500 0.432500 0.010000 0.030000
2 0.661250 0.468750 0.015000 0.030000
2 0.468750 0.400000 0.015000 0.030000
2 0.510000 0.307500 0.007500 0.022500
2 0.856250 0.480000 0.015000 0.040000
2 0.693750 0.397500 0.012500 0.035000
2 0.716250 0.405000 0.012500 0.030000
2 0.693750 0.427500 0.012500 0.035000
2 0.786250 0.562500 0.022500 0.055000
2 0.613750 0.151250 0.005000 0.010000
2 0.643750 0.145000 0.002500 0.010000
6 0.440000 0.648750 0.085000 0.050000
2 0.201250 0.546250 0.027500 0.042500
2 0.098750 0.573750 0.022500 0.045000
2 0.615000 0.443750 0.012500 0.025000
2 0.618750 0.452500 0.015000 0.022500
2 0.817500 0.488750 0.020000 0.027500
6 0.980000 0.358750 0.075000 0.045000
2 0.925000 0.417500 0.010000 0.032500
2 0.337500 0.655000 0.042500 0.032500
