6 0.215000 0.802500 0.030000 0.067500
6 0.160000 0.796250 0.027500 0.062500
6 0.280000 0.690000 0.027500 0.067500
2 0.426250 0.731250 0.015000 0.010000
2 0.396250 0.736250 0.007500 0.010000
2 0.386250 0.738750 0.007500 0.007500
6 0.348750 0.880000 0.065000 0.030000
2 0.343750 0.913750 0.007500 0.012500
2 0.348750 0.911250 0.005000 0.010000
2 0.137500 0.810000 0.010000 0.012500
2 0.252500 0.728750 0.012500 0.012500
2 0.140000 0.713750 0.010000 0.012500
2 0.132500 0.763750 0.010000 0.010000
6 0.160000 0.642500 0.030000 0.065000
6 0.110000 0.642500 0.030000 0.065000
6 0.035000 0.601250 0.062500 0.037500
6 0.036250 0.542500 0.065000 0.045000
2 0.000000 0.542500 0.010000 0.012500
6 0.021250 0.490000 0.057500 0.037500
2 0.107500 0.451250 0.012500 0.012500
2 0.236250 0.481250 0.010000 0.015000
2 0.222500 0.388750 0.010000 0.012500
2 0.073750 0.411250 0.010000 0.015000
2 0.065000 0.413750 0.007500 0.012500
2 0.067500 0.382500 0.005000 0.007500
6 0.137500 0.383750 0.030000 0.057500
6 0.193750 0.541250 0.030000 0.065000
2 0.105000 0.278750 0.010000 0.010000
2 0.200000 0.265000 0.012500 0.012500
6 0.230000 0.258750 0.027500 0.060000
2 0.048750 0.242500 0.010000 0.010000
2 0.080000 0.138750 0.010000 0.015000
6 0.110000 0.042500 0.027500 0.055000
6 0.160000 0.043750 0.027500 0.057500
2 0.193750 0.015000 0.010000 0.017500
6 0.381250 0.103750 0.052500 0.052500
2 0.316250 0.142500 0.012500 0.015000
2 0.338750 0.147500 0.010000 0.012500
2 0.290000 0.115000 0.010000 0.012500
2 0.293750 0.118750 0.007500 0.010000
2 0.311250 0.068750 0.005000 0.015000
2 0.303750 0.076250 0.007500 0.010000
2 0.298750 0.072500 0.005000 0.010000
2 0.320000 0.041250 0.007500 0.015000
2 0.320000 0.085000 0.007500 0.007500
6 0.490000 0.090000 0.047500 0.060000
6 0.537500 0.080000 0.050000 0.057500
6 0.588750 0.075000 0.052500 0.055000
6 0.611250 0.102500 0.065000 0.052500
2 0.656250 0.086250 0.010000 0.012500
2 0.646250 0.083750 0.010000 0.012500
6 0.672500 0.078750 0.025000 0.047500
6 0.847500 0.058750 0.042500 0.050000
6 0.880000 0.063750 0.037500 0.055000
6 0.981250 0.045000 0.035000 0.035000
