6 0.627500 0.712500 0.065000 0.037500
6 0.576250 0.431250 0.095000 0.047500
6 0.211250 0.412500 0.022500 0.030000
6 0.166250 0.335000 0.010000 0.007500
6 0.163750 0.318750 0.010000 0.007500
6 0.232500 0.326250 0.010000 0.007500
6 0.147500 0.278750 0.022500 0.025000
6 0.227500 0.300000 0.027500 0.025000
6 0.206250 0.282500 0.007500 0.007500
6 0.217500 0.263750 0.007500 0.007500
6 0.227500 0.268750 0.007500 0.007500
6 0.195000 0.241250 0.007500 0.005000
6 0.216250 0.235000 0.007500 0.005000
6 0.237500 0.237500 0.007500 0.005000
6 0.297500 0.236250 0.022500 0.020000
6 0.263750 0.221250 0.007500 0.005000
6 0.277500 0.193750 0.005000 0.002500
6 0.286250 0.195000 0.005000 0.005000
6 0.325000 0.161250 0.010000 0.012500
6 0.298750 0.158750 0.005000 0.002500
6 0.312500 0.158750 0.005000 0.005000
6 0.297500 0.155000 0.005000 0.005000
6 0.297500 0.151250 0.002500 0.002500
6 0.312500 0.141250 0.005000 0.002500
6 0.321250 0.141250 0.002500 0.002500
6 0.327500 0.147500 0.005000 0.002500
6 0.315000 0.135000 0.005000 0.002500
6 0.323750 0.133750 0.002500 0.002500
6 0.335000 0.135000 0.002500 0.002500
6 0.368750 0.158750 0.002500 0.002500
6 0.346250 0.111250 0.005000 0.002500
6 0.355000 0.106250 0.002500 0.002500
6 0.360000 0.101250 0.002500 0.005000
6 0.352500 0.102500 0.005000 0.005000
6 0.186250 0.213750 0.020000 0.017500
