6 0.042500 0.947500 0.017500 0.017500
6 0.033750 0.900000 0.017500 0.025000
6 0.003750 0.895000 0.015000 0.025000
6 0.113750 0.807500 0.015000 0.017500
6 0.070000 0.766250 0.017500 0.015000
6 0.120000 0.776250 0.015000 0.017500
6 0.141250 0.683750 0.015000 0.015000
6 0.338750 0.945000 0.022500 0.022500
6 0.046250 0.835000 0.017500 0.022500
6 0.018750 0.868750 0.015000 0.025000
6 0.008750 0.840000 0.015000 0.022500
6 0.031250 0.788750 0.015000 0.022500
6 0.012500 0.797500 0.015000 0.020000
6 0.003750 0.816250 0.015000 0.017500
6 0.006250 0.725000 0.012500 0.020000
