6 0.430000 0.468750 0.047500 0.045000
6 0.406250 0.398750 0.037500 0.030000
6 0.366250 0.297500 0.020000 0.030000
6 0.336250 0.292500 0.015000 0.012500
6 0.411250 0.317500 0.017500 0.015000
6 0.031250 0.452500 0.065000 0.052500
6 0.107500 0.406250 0.047500 0.050000
6 0.162500 0.355000 0.032500 0.027500
6 0.223750 0.320000 0.017500 0.020000
6 0.182500 0.392500 0.030000 0.022500
6 0.255000 0.385000 0.020000 0.030000
6 0.437500 0.362500 0.012500 0.022500
6 0.637500 0.447500 0.030000 0.030000
2 0.622500 0.438750 0.010000 0.030000
6 0.448750 0.348750 0.015000 0.022500
2 0.412500 0.337500 0.007500 0.015000
2 0.433750 0.333750 0.007500 0.012500
2 0.457500 0.341250 0.007500 0.017500
2 0.416250 0.293750 0.005000 0.010000
6 0.291250 0.315000 0.012500 0.017500
6 0.275000 0.312500 0.010000 0.017500
6 0.367500 0.270000 0.007500 0.007500
6 0.365000 0.265000 0.005000 0.007500
2 0.305000 0.290000 0.005000 0.010000
2 0.260000 0.347500 0.005000 0.017500
2 0.280000 0.326250 0.005000 0.012500
2 0.253750 0.330000 0.005000 0.012500
2 0.273750 0.308750 0.005000 0.012500
2 0.335000 0.281250 0.005000 0.007500
2 0.323750 0.278750 0.002500 0.007500
2 0.322500 0.277500 0.002500 0.007500
2 0.133750 0.597500 0.032500 0.050000
6 0.037500 0.395000 0.075000 0.035000
