6 0.431250 0.086250 0.007500 0.010000
6 0.415000 0.090000 0.002500 0.005000
6 0.408750 0.092500 0.010000 0.005000
6 0.461250 0.106250 0.010000 0.005000
6 0.445000 0.113750 0.007500 0.010000
6 0.433750 0.120000 0.007500 0.007500
6 0.445000 0.121250 0.005000 0.007500
6 0.443750 0.126250 0.005000 0.007500
6 0.408750 0.115000 0.007500 0.005000
6 0.407500 0.121250 0.007500 0.007500
6 0.390000 0.117500 0.007500 0.005000
6 0.382500 0.130000 0.007500 0.007500
6 0.376250 0.138750 0.007500 0.007500
6 0.372500 0.141250 0.007500 0.012500
6 0.436250 0.157500 0.010000 0.010000
6 0.465000 0.155000 0.007500 0.007500
6 0.466250 0.167500 0.017500 0.010000
2 0.453750 0.166250 0.005000 0.007500
6 0.467500 0.180000 0.010000 0.010000
6 0.362500 0.156250 0.007500 0.007500
2 0.365000 0.153750 0.002500 0.007500
2 0.368750 0.158750 0.002500 0.010000
6 0.372500 0.170000 0.010000 0.012500
6 0.357500 0.171250 0.010000 0.010000
6 0.303750 0.152500 0.010000 0.007500
6 0.342500 0.186250 0.017500 0.017500
6 0.333750 0.198750 0.015000 0.015000
6 0.320000 0.222500 0.017500 0.017500
6 0.303750 0.242500 0.040000 0.025000
2 0.315000 0.246250 0.005000 0.015000
6 0.418750 0.260000 0.017500 0.017500
2 0.177500 0.262500 0.007500 0.015000
2 0.150000 0.260000 0.007500 0.015000
2 0.237500 0.302500 0.007500 0.020000
2 0.223750 0.317500 0.007500 0.020000
2 0.218750 0.321250 0.007500 0.017500
6 0.253750 0.316250 0.027500 0.030000
6 0.200000 0.392500 0.037500 0.040000
6 0.107500 0.512500 0.040000 0.045000
2 0.183750 0.508750 0.017500 0.020000
6 0.188750 0.511250 0.032500 0.045000
2 0.293750 0.401250 0.007500 0.017500
6 0.340000 0.327500 0.027500 0.032500
6 0.398750 0.353750 0.025000 0.030000
6 0.476250 0.202500 0.010000 0.017500
6 0.477500 0.218750 0.010000 0.022500
6 0.478750 0.238750 0.012500 0.012500
6 0.473750 0.256250 0.025000 0.030000
6 0.491250 0.336250 0.025000 0.027500
6 0.496250 0.363750 0.030000 0.027500
2 0.503750 0.361250 0.005000 0.017500
6 0.513750 0.503750 0.025000 0.040000
6 0.522500 0.538750 0.025000 0.037500
6 0.523750 0.578750 0.027500 0.047500
6 0.885000 0.643750 0.102500 0.047500
6 0.873750 0.615000 0.057500 0.032500
6 0.826250 0.533750 0.070000 0.037500
2 0.887500 0.553750 0.012500 0.032500
2 0.880000 0.543750 0.010000 0.025000
6 0.753750 0.633750 0.040000 0.030000
6 0.747500 0.613750 0.032500 0.022500
6 0.736250 0.598750 0.055000 0.027500
6 0.732500 0.580000 0.050000 0.030000
6 0.725000 0.566250 0.052500 0.030000
6 0.697500 0.655000 0.080000 0.040000
6 0.682500 0.625000 0.072500 0.030000
6 0.672500 0.605000 0.065000 0.027500
2 0.622500 0.592500 0.012500 0.027500
6 0.668750 0.586250 0.065000 0.027500
6 0.663750 0.563750 0.065000 0.030000
6 0.711250 0.530000 0.062500 0.037500
6 0.645000 0.530000 0.067500 0.037500
6 0.638750 0.508750 0.062500 0.030000
6 0.698750 0.510000 0.055000 0.027500
6 0.691250 0.486250 0.050000 0.027500
6 0.628750 0.483750 0.057500 0.027500
2 0.840000 0.505000 0.017500 0.017500
2 0.788750 0.486250 0.010000 0.030000
2 0.773750 0.482500 0.012500 0.022500
6 0.761250 0.483750 0.047500 0.040000
6 0.731250 0.412500 0.042500 0.025000
6 0.717500 0.400000 0.045000 0.022500
6 0.710000 0.390000 0.042500 0.020000
6 0.747500 0.392500 0.015000 0.027500
6 0.612500 0.408750 0.045000 0.022500
6 0.607500 0.398750 0.042500 0.020000
6 0.603750 0.388750 0.045000 0.020000
2 0.551250 0.363750 0.007500 0.022500
6 0.515000 0.145000 0.007500 0.010000
6 0.565000 0.292500 0.047500 0.017500
6 0.568750 0.283750 0.045000 0.017500
6 0.620000 0.267500 0.035000 0.015000
6 0.593750 0.267500 0.010000 0.012500
6 0.615000 0.265000 0.032500 0.012500
6 0.611250 0.258750 0.025000 0.010000
6 0.585000 0.257500 0.017500 0.012500
6 0.611250 0.250000 0.032500 0.012500
6 0.603750 0.241250 0.022500 0.012500
6 0.600000 0.237500 0.022500 0.012500
6 0.591250 0.237500 0.020000 0.007500
6 0.562500 0.245000 0.010000 0.012500
6 0.541250 0.263750 0.027500 0.012500
6 0.541250 0.257500 0.025000 0.012500
6 0.540000 0.255000 0.025000 0.012500
6 0.538750 0.248750 0.025000 0.012500
6 0.535000 0.242500 0.025000 0.012500
6 0.526250 0.227500 0.025000 0.012500
6 0.525000 0.222500 0.022500 0.010000
6 0.522500 0.218750 0.022500 0.010000
6 0.521250 0.212500 0.022500 0.010000
6 0.518750 0.208750 0.022500 0.010000
6 0.523750 0.197500 0.017500 0.017500
6 0.568750 0.196250 0.022500 0.012500
6 0.572500 0.223750 0.017500 0.012500
6 0.588750 0.212500 0.017500 0.010000
6 0.568750 0.213750 0.017500 0.010000
2 0.553750 0.208750 0.005000 0.010000
2 0.613750 0.222500 0.007500 0.010000
6 0.093750 0.316250 0.050000 0.055000
