6 0.135000 0.386250 0.027500 0.065000
6 0.127500 0.553750 0.030000 0.062500
6 0.203750 0.635000 0.027500 0.065000
6 0.165000 0.841250 0.045000 0.125000
6 0.111250 0.885000 0.027500 0.062500
2 0.048750 0.913750 0.010000 0.010000
2 0.040000 0.911250 0.010000 0.015000
2 0.050000 0.703750 0.005000 0.017500
2 0.068750 0.776250 0.010000 0.010000
2 0.177500 0.651250 0.010000 0.010000
2 0.172500 0.601250 0.007500 0.012500
2 0.031250 0.701250 0.007500 0.010000
2 0.047500 0.590000 0.010000 0.010000
2 0.043750 0.581250 0.007500 0.010000
2 0.017500 0.691250 0.007500 0.010000
2 0.021250 0.685000 0.007500 0.007500
2 0.285000 0.533750 0.010000 0.010000
2 0.301250 0.535000 0.010000 0.007500
2 0.267500 0.512500 0.007500 0.010000
2 0.181250 0.527500 0.012500 0.015000
2 0.176250 0.445000 0.007500 0.012500
2 0.218750 0.517500 0.010000 0.012500
2 0.213750 0.512500 0.007500 0.010000
2 0.293750 0.543750 0.005000 0.007500
2 0.300000 0.541250 0.007500 0.007500
6 0.360000 0.475000 0.052500 0.055000
2 0.161250 0.522500 0.010000 0.005000
2 0.157500 0.516250 0.010000 0.007500
6 0.475000 0.462500 0.047500 0.057500
6 0.523750 0.453750 0.050000 0.060000
6 0.575000 0.450000 0.052500 0.055000
6 0.596250 0.478750 0.067500 0.052500
6 0.661250 0.456250 0.027500 0.047500
2 0.587500 0.413750 0.010000 0.010000
2 0.572500 0.415000 0.012500 0.010000
2 0.665000 0.506250 0.015000 0.010000
2 0.670000 0.496250 0.017500 0.007500
6 0.870000 0.445000 0.037500 0.057500
6 0.837500 0.438750 0.042500 0.055000
6 0.975000 0.426250 0.040000 0.035000
6 0.241250 0.291250 0.060000 0.040000
6 0.198750 0.303750 0.012500 0.022500
2 0.277500 0.336250 0.010000 0.012500
2 0.283750 0.335000 0.005000 0.015000
6 0.028750 0.257500 0.047500 0.060000
6 0.231250 0.233750 0.057500 0.032500
6 0.180000 0.168750 0.032500 0.060000
2 0.031250 0.160000 0.007500 0.012500
6 0.237500 0.165000 0.062500 0.030000
2 0.147500 0.108750 0.007500 0.015000
2 0.135000 0.110000 0.010000 0.012500
6 0.116250 0.036250 0.027500 0.055000
6 0.165000 0.027500 0.027500 0.055000
2 0.258750 0.075000 0.007500 0.015000
2 0.263750 0.066250 0.007500 0.012500
2 0.275000 0.060000 0.005000 0.015000
2 0.280000 0.047500 0.007500 0.012500
2 0.280000 0.078750 0.007500 0.010000
6 0.556250 0.125000 0.065000 0.032500
6 0.633750 0.155000 0.027500 0.057500
6 0.672500 0.147500 0.030000 0.055000
6 0.740000 0.138750 0.032500 0.057500
6 0.707500 0.143750 0.030000 0.050000
6 0.780000 0.133750 0.037500 0.057500
6 0.627500 0.073750 0.057500 0.037500
6 0.552500 0.023750 0.060000 0.030000
6 0.755000 0.012500 0.030000 0.025000
6 0.685000 0.010000 0.025000 0.020000
6 0.648750 0.008750 0.027500 0.017500
2 0.697500 0.045000 0.012500 0.015000
