2 0.238750 0.587500 0.020000 0.042500
6 0.413750 0.488750 0.047500 0.055000
6 0.346250 0.443750 0.037500 0.045000
6 0.298750 0.440000 0.022500 0.045000
2 0.296250 0.442500 0.015000 0.022500
2 0.328750 0.388750 0.010000 0.017500
2 0.340000 0.375000 0.010000 0.015000
2 0.363750 0.371250 0.007500 0.015000
2 0.353750 0.328750 0.007500 0.010000
2 0.366250 0.328750 0.007500 0.010000
2 0.527500 0.371250 0.010000 0.015000
2 0.561250 0.433750 0.012500 0.022500
2 0.508750 0.332500 0.007500 0.015000
2 0.487500 0.311250 0.005000 0.010000
6 0.597500 0.452500 0.027500 0.035000
2 0.596250 0.443750 0.020000 0.022500
6 0.662500 0.466250 0.057500 0.047500
6 0.608750 0.412500 0.027500 0.025000
6 0.492500 0.378750 0.030000 0.025000
6 0.473750 0.348750 0.027500 0.025000
6 0.451250 0.305000 0.015000 0.012500
6 0.738750 0.457500 0.072500 0.055000
6 0.693750 0.438750 0.047500 0.030000
6 0.625000 0.385000 0.032500 0.035000
6 0.540000 0.340000 0.020000 0.025000
6 0.575000 0.345000 0.032500 0.022500
6 0.543750 0.316250 0.022500 0.022500
6 0.515000 0.295000 0.015000 0.020000
2 0.916250 0.593750 0.030000 0.057500
6 0.958750 0.648750 0.080000 0.052500
2 0.976250 0.548750 0.030000 0.035000
2 0.702500 0.407500 0.012500 0.027500
2 0.380000 0.301250 0.005000 0.007500
2 0.392500 0.297500 0.005000 0.010000
2 0.467500 0.285000 0.005000 0.007500
2 0.476250 0.291250 0.005000 0.007500
2 0.482500 0.285000 0.005000 0.007500
6 0.375000 0.288750 0.015000 0.012500
6 0.387500 0.273750 0.012500 0.010000
