6 0.583750 0.350000 0.012500 0.005000
6 0.442500 0.656250 0.022500 0.030000
6 0.471250 0.652500 0.017500 0.030000
6 0.512500 0.652500 0.017500 0.027500
6 0.551250 0.610000 0.020000 0.022500
6 0.595000 0.605000 0.015000 0.025000
6 0.671250 0.611250 0.020000 0.035000
6 0.686250 0.591250 0.017500 0.025000
6 0.670000 0.590000 0.015000 0.025000
6 0.688750 0.563750 0.030000 0.015000
6 0.647500 0.562500 0.035000 0.015000
6 0.663750 0.551250 0.027500 0.017500
6 0.653750 0.530000 0.025000 0.025000
6 0.611250 0.590000 0.015000 0.017500
6 0.567500 0.556250 0.012500 0.015000
6 0.583750 0.522500 0.012500 0.015000
6 0.535000 0.541250 0.012500 0.017500
6 0.543750 0.497500 0.015000 0.015000
6 0.558750 0.512500 0.012500 0.012500
6 0.475000 0.568750 0.017500 0.020000
6 0.413750 0.590000 0.027500 0.020000
6 0.366250 0.667500 0.042500 0.012500
6 0.450000 0.522500 0.015000 0.015000
6 0.426250 0.511250 0.017500 0.015000
6 0.510000 0.558750 0.022500 0.037500
6 0.508750 0.482500 0.015000 0.020000
6 0.511250 0.472500 0.012500 0.015000
6 0.457500 0.467500 0.010000 0.012500
6 0.540000 0.457500 0.007500 0.010000
6 0.567500 0.485000 0.010000 0.012500
6 0.607500 0.488750 0.010000 0.012500
6 0.608750 0.500000 0.012500 0.015000
6 0.573750 0.463750 0.012500 0.012500
6 0.577500 0.425000 0.007500 0.007500
6 0.640000 0.423750 0.017500 0.012500
6 0.355000 0.436250 0.020000 0.010000
2 0.558750 0.533750 0.007500 0.012500
2 0.540000 0.638750 0.007500 0.012500
6 0.587500 0.395000 0.007500 0.010000
6 0.591250 0.377500 0.007500 0.010000
6 0.563750 0.372500 0.005000 0.005000
6 0.505000 0.415000 0.010000 0.007500
2 0.523750 0.446250 0.002500 0.005000
6 0.431250 0.621250 0.045000 0.022500
