6 0.727500 0.780000 0.040000 0.067500
6 0.645000 0.510000 0.035000 0.037500
6 0.706250 0.407500 0.027500 0.032500
6 0.803750 0.397500 0.020000 0.022500
6 0.735000 0.338750 0.020000 0.025000
6 0.747500 0.263750 0.037500 0.020000
6 0.971250 0.241250 0.012500 0.012500
6 0.933750 0.241250 0.025000 0.037500
6 0.947500 0.145000 0.015000 0.022500
6 0.753750 0.132500 0.020000 0.020000
6 0.886250 0.187500 0.010000 0.007500
6 0.826250 0.153750 0.010000 0.010000
6 0.807500 0.146250 0.007500 0.007500
6 0.801250 0.131250 0.007500 0.007500
6 0.856250 0.121250 0.005000 0.005000
6 0.845000 0.087500 0.005000 0.005000
6 0.816250 0.082500 0.005000 0.005000
6 0.862500 0.078750 0.007500 0.010000
6 0.833750 0.075000 0.005000 0.002500
6 0.755000 0.112500 0.007500 0.005000
