6 0.955000 0.477500 0.082500 0.027500
2 0.885000 0.410000 0.005000 0.015000
6 0.867500 0.427500 0.052500 0.020000
6 0.802500 0.401250 0.042500 0.017500
6 0.807500 0.381250 0.045000 0.017500
6 0.756250 0.485000 0.030000 0.032500
6 0.530000 0.658750 0.037500 0.030000
2 0.517500 0.610000 0.007500 0.027500
6 0.576250 0.596250 0.060000 0.045000
6 0.320000 0.647500 0.055000 0.055000
2 0.428750 0.503750 0.010000 0.020000
2 0.260000 0.532500 0.012500 0.020000
6 0.245000 0.603750 0.047500 0.055000
6 0.422500 0.482500 0.055000 0.025000
6 0.450000 0.447500 0.057500 0.020000
6 0.486250 0.476250 0.030000 0.032500
6 0.525000 0.457500 0.027500 0.032500
6 0.488750 0.398750 0.027500 0.020000
6 0.497500 0.383750 0.040000 0.015000
6 0.503750 0.371250 0.040000 0.015000
6 0.521250 0.342500 0.037500 0.015000
2 0.577500 0.372500 0.007500 0.012500
6 0.706250 0.428750 0.012500 0.020000
6 0.741250 0.386250 0.017500 0.022500
6 0.736250 0.356250 0.020000 0.025000
6 0.731250 0.337500 0.015000 0.012500
6 0.725000 0.322500 0.015000 0.012500
6 0.680000 0.383750 0.010000 0.017500
6 0.656250 0.343750 0.015000 0.015000
6 0.666250 0.306250 0.012500 0.012500
6 0.628750 0.293750 0.007500 0.010000
6 0.581250 0.300000 0.022500 0.020000
2 0.603750 0.292500 0.005000 0.010000
6 0.617500 0.277500 0.012500 0.010000
6 0.631250 0.235000 0.007500 0.005000
6 0.653750 0.231250 0.007500 0.007500
6 0.711250 0.260000 0.012500 0.007500
6 0.717500 0.276250 0.010000 0.010000
6 0.718750 0.287500 0.012500 0.012500
6 0.625000 0.226250 0.007500 0.005000
6 0.602500 0.276250 0.012500 0.015000
2 0.512500 0.288750 0.002500 0.015000
6 0.685000 0.226250 0.007500 0.005000
