6 0.068750 0.522500 0.065000 0.027500
6 0.282500 0.510000 0.062500 0.025000
2 0.181250 0.531250 0.005000 0.022500
2 0.215000 0.571250 0.007500 0.027500
2 0.231250 0.575000 0.010000 0.027500
2 0.271250 0.563750 0.007500 0.025000
6 0.265000 0.531250 0.040000 0.020000
2 0.218750 0.483750 0.007500 0.025000
6 0.482500 0.595000 0.032500 0.045000
6 0.505000 0.533750 0.055000 0.040000
6 0.383750 0.532500 0.027500 0.040000
2 0.405000 0.556250 0.010000 0.015000
6 0.402500 0.481250 0.020000 0.030000
6 0.437500 0.473750 0.022500 0.032500
6 0.486250 0.448750 0.022500 0.025000
2 0.313750 0.483750 0.010000 0.020000
2 0.318750 0.437500 0.005000 0.015000
2 0.332500 0.428750 0.007500 0.020000
2 0.337500 0.428750 0.007500 0.017500
2 0.386250 0.441250 0.005000 0.007500
2 0.400000 0.447500 0.007500 0.012500
6 0.400000 0.452500 0.012500 0.020000
6 0.437500 0.411250 0.020000 0.027500
2 0.382500 0.431250 0.005000 0.012500
2 0.377500 0.430000 0.007500 0.010000
6 0.385000 0.407500 0.007500 0.017500
6 0.411250 0.396250 0.015000 0.022500
6 0.473750 0.365000 0.015000 0.017500
6 0.467500 0.330000 0.012500 0.012500
6 0.507500 0.373750 0.015000 0.015000
2 0.527500 0.373750 0.005000 0.015000
2 0.426250 0.317500 0.005000 0.012500
6 0.490000 0.303750 0.010000 0.012500
6 0.447500 0.282500 0.010000 0.007500
6 0.428750 0.276250 0.010000 0.007500
6 0.447500 0.271250 0.007500 0.010000
6 0.435000 0.267500 0.007500 0.007500
6 0.460000 0.262500 0.005000 0.005000
2 0.461250 0.278750 0.002500 0.010000
6 0.447500 0.260000 0.005000 0.005000
6 0.446250 0.252500 0.005000 0.005000
6 0.461250 0.253750 0.007500 0.012500
6 0.473750 0.268750 0.005000 0.005000
6 0.475000 0.266250 0.007500 0.005000
6 0.473750 0.262500 0.007500 0.005000
6 0.472500 0.257500 0.007500 0.005000
6 0.471250 0.253750 0.005000 0.007500
6 0.472500 0.250000 0.005000 0.005000
6 0.472500 0.246250 0.005000 0.005000
6 0.443750 0.243750 0.007500 0.012500
6 0.460000 0.245000 0.005000 0.005000
6 0.462500 0.241250 0.005000 0.005000
6 0.471250 0.240000 0.005000 0.005000
6 0.442500 0.231250 0.005000 0.005000
6 0.452500 0.238750 0.002500 0.005000
6 0.450000 0.231250 0.007500 0.010000
6 0.462500 0.235000 0.007500 0.005000
6 0.461250 0.233750 0.005000 0.007500
6 0.458750 0.230000 0.005000 0.005000
6 0.462500 0.226250 0.007500 0.010000
6 0.470000 0.223750 0.005000 0.005000
6 0.468750 0.230000 0.005000 0.005000
6 0.062500 0.658750 0.062500 0.030000
6 0.420000 0.645000 0.040000 0.057500
6 0.576250 0.660000 0.047500 0.027500
6 0.821250 0.620000 0.090000 0.045000
6 0.867500 0.565000 0.065000 0.032500
6 0.723750 0.530000 0.062500 0.037500
6 0.632500 0.511250 0.047500 0.035000
6 0.588750 0.490000 0.037500 0.032500
6 0.568750 0.460000 0.040000 0.030000
2 0.676250 0.485000 0.010000 0.020000
2 0.712500 0.493750 0.010000 0.017500
2 0.745000 0.505000 0.007500 0.010000
2 0.752500 0.501250 0.007500 0.012500
2 0.772500 0.503750 0.012500 0.012500
