2 0.392500 0.638750 0.020000 0.037500
2 0.493750 0.576250 0.015000 0.030000
6 0.477500 0.405000 0.032500 0.035000
6 0.480000 0.391250 0.030000 0.032500
6 0.552500 0.381250 0.027500 0.025000
6 0.601250 0.371250 0.025000 0.025000
6 0.575000 0.351250 0.022500 0.027500
6 0.553750 0.330000 0.025000 0.022500
6 0.566250 0.306250 0.037500 0.017500
6 0.506250 0.301250 0.025000 0.017500
6 0.072500 0.301250 0.037500 0.020000
6 0.132500 0.298750 0.042500 0.020000
2 0.121250 0.301250 0.010000 0.017500
2 0.192500 0.338750 0.007500 0.020000
2 0.176250 0.348750 0.005000 0.012500
2 0.088750 0.327500 0.007500 0.017500
2 0.083750 0.321250 0.005000 0.017500
6 0.988750 0.562500 0.045000 0.037500
2 0.922500 0.538750 0.012500 0.027500
6 0.922500 0.410000 0.030000 0.025000
6 0.903750 0.395000 0.030000 0.025000
2 0.855000 0.335000 0.007500 0.020000
2 0.836250 0.357500 0.007500 0.012500
2 0.836250 0.355000 0.007500 0.015000
2 0.866250 0.346250 0.005000 0.017500
2 0.876250 0.350000 0.007500 0.022500
2 0.873750 0.347500 0.007500 0.020000
2 0.630000 0.316250 0.007500 0.017500
6 0.657500 0.308750 0.020000 0.015000
6 0.678750 0.305000 0.020000 0.015000
6 0.680000 0.296250 0.020000 0.012500
6 0.652500 0.301250 0.022500 0.015000
6 0.652500 0.292500 0.017500 0.012500
6 0.643750 0.285000 0.017500 0.015000
6 0.637500 0.282500 0.015000 0.015000
6 0.625000 0.257500 0.015000 0.012500
6 0.731250 0.281250 0.017500 0.012500
6 0.680000 0.290000 0.032500 0.015000
6 0.695000 0.286250 0.037500 0.015000
6 0.498750 0.242500 0.032500 0.012500
6 0.546250 0.233750 0.012500 0.005000
6 0.562500 0.208750 0.010000 0.010000
6 0.577500 0.246250 0.030000 0.015000
6 0.645000 0.241250 0.075000 0.022500
6 0.686250 0.235000 0.075000 0.022500
6 0.756250 0.242500 0.082500 0.022500
6 0.721250 0.275000 0.017500 0.012500
6 0.527500 0.191250 0.010000 0.007500
6 0.570000 0.183750 0.007500 0.007500
6 0.622500 0.211250 0.010000 0.010000
6 0.615000 0.203750 0.010000 0.007500
6 0.655000 0.223750 0.012500 0.007500
