2 0.043750 0.043750 0.010000 0.025000
2 0.061250 0.088750 0.010000 0.020000
2 0.046250 0.106250 0.010000 0.022500
2 0.055000 0.113750 0.007500 0.017500
2 0.072500 0.142500 0.007500 0.017500
2 0.032500 0.123750 0.015000 0.017500
2 0.065000 0.197500 0.012500 0.022500
6 0.040000 0.241250 0.035000 0.062500
2 0.011250 0.261250 0.012500 0.015000
6 0.053750 0.316250 0.040000 0.065000
2 0.088750 0.342500 0.012500 0.020000
2 0.118750 0.366250 0.012500 0.022500
6 0.067500 0.406250 0.050000 0.065000
6 0.081250 0.492500 0.040000 0.067500
6 0.101250 0.567500 0.050000 0.067500
6 0.218750 0.015000 0.067500 0.030000
6 0.397500 0.097500 0.070000 0.035000
6 0.397500 0.196250 0.072500 0.035000
6 0.218750 0.236250 0.060000 0.035000
6 0.406250 0.232500 0.067500 0.037500
6 0.397500 0.345000 0.072500 0.037500
2 0.200000 0.583750 0.012500 0.015000
2 0.195000 0.640000 0.010000 0.015000
2 0.338750 0.583750 0.012500 0.017500
2 0.357500 0.673750 0.012500 0.017500
2 0.466250 0.616250 0.010000 0.015000
2 0.472500 0.628750 0.015000 0.015000
2 0.482500 0.622500 0.010000 0.017500
2 0.503750 0.632500 0.012500 0.017500
2 0.473750 0.690000 0.010000 0.015000
2 0.443750 0.697500 0.007500 0.012500
2 0.471250 0.705000 0.012500 0.015000
2 0.133750 0.631250 0.010000 0.022500
2 0.262500 0.733750 0.010000 0.017500
2 0.108750 0.757500 0.010000 0.015000
6 0.166250 0.753750 0.070000 0.057500
6 0.221250 0.788750 0.080000 0.047500
6 0.366250 0.718750 0.085000 0.045000
6 0.310000 0.765000 0.082500 0.040000
6 0.386250 0.772500 0.062500 0.035000
6 0.190000 0.841250 0.075000 0.042500
6 0.268750 0.832500 0.067500 0.037500
2 0.130000 0.851250 0.015000 0.015000
6 0.198750 0.887500 0.077500 0.050000
2 0.188750 0.910000 0.007500 0.020000
6 0.283750 0.867500 0.075000 0.045000
2 0.321250 0.873750 0.012500 0.020000
6 0.373750 0.906250 0.077500 0.040000
6 0.535000 0.667500 0.072500 0.035000
2 0.587500 0.620000 0.015000 0.015000
2 0.595000 0.636250 0.010000 0.017500
6 0.661250 0.675000 0.065000 0.035000
6 0.437500 0.930000 0.042500 0.075000
6 0.375000 0.966250 0.070000 0.057500
6 0.158750 0.986250 0.042500 0.082500
2 0.768750 0.571250 0.010000 0.015000
2 0.811250 0.613750 0.015000 0.017500
2 0.807500 0.668750 0.017500 0.020000
2 0.862500 0.633750 0.012500 0.017500
2 0.853750 0.836250 0.010000 0.010000
2 0.857500 0.843750 0.010000 0.010000
2 0.858750 0.851250 0.010000 0.010000
2 0.832500 0.857500 0.012500 0.015000
2 0.840000 0.906250 0.012500 0.015000
6 0.856250 0.732500 0.045000 0.067500
2 0.978750 0.651250 0.017500 0.015000
2 0.963750 0.795000 0.012500 0.015000
2 0.902500 0.751250 0.015000 0.015000
2 0.893750 0.770000 0.015000 0.017500
2 0.898750 0.827500 0.017500 0.015000
2 0.901250 0.842500 0.012500 0.015000
2 0.915000 0.910000 0.015000 0.015000
