6 0.395000 0.522500 0.040000 0.052500
6 0.418750 0.431250 0.030000 0.035000
6 0.485000 0.430000 0.030000 0.032500
6 0.588750 0.526250 0.045000 0.055000
6 0.490000 0.396250 0.062500 0.027500
6 0.465000 0.365000 0.055000 0.025000
6 0.417500 0.318750 0.022500 0.020000
6 0.885000 0.490000 0.072500 0.055000
6 0.953750 0.497500 0.077500 0.060000
6 0.798750 0.336250 0.057500 0.022500
6 0.771250 0.317500 0.060000 0.022500
6 0.640000 0.407500 0.062500 0.025000
6 0.663750 0.400000 0.052500 0.027500
6 0.565000 0.418750 0.055000 0.035000
6 0.520000 0.368750 0.020000 0.027500
6 0.513750 0.303750 0.017500 0.020000
2 0.496250 0.305000 0.007500 0.015000
6 0.082500 0.598750 0.075000 0.080000
6 0.030000 0.515000 0.087500 0.042500
6 0.066250 0.472500 0.080000 0.040000
6 0.125000 0.446250 0.070000 0.030000
6 0.202500 0.433750 0.040000 0.047500
6 0.232500 0.398750 0.035000 0.037500
6 0.253750 0.361250 0.030000 0.032500
6 0.282500 0.293750 0.032500 0.027500
6 0.345000 0.250000 0.012500 0.015000
6 0.358750 0.231250 0.012500 0.012500
6 0.305000 0.260000 0.012500 0.012500
6 0.282500 0.251250 0.020000 0.012500
2 0.261250 0.257500 0.005000 0.015000
6 0.335000 0.222500 0.027500 0.010000
6 0.428750 0.161250 0.007500 0.005000
6 0.540000 0.215000 0.025000 0.007500
6 0.566250 0.221250 0.017500 0.010000
6 0.536250 0.206250 0.025000 0.010000
6 0.497500 0.208750 0.007500 0.010000
6 0.495000 0.201250 0.010000 0.007500
6 0.492500 0.193750 0.007500 0.007500
6 0.488750 0.188750 0.007500 0.007500
6 0.481250 0.180000 0.005000 0.005000
6 0.486250 0.176250 0.005000 0.007500
6 0.486250 0.171250 0.007500 0.005000
6 0.483750 0.166250 0.005000 0.007500
6 0.483750 0.160000 0.005000 0.005000
6 0.466250 0.160000 0.005000 0.005000
6 0.452500 0.148750 0.005000 0.005000
6 0.437500 0.155000 0.005000 0.005000
6 0.460000 0.192500 0.005000 0.010000
6 0.500000 0.238750 0.005000 0.012500
6 0.388750 0.190000 0.007500 0.007500
6 0.347500 0.211250 0.012500 0.010000
6 0.352500 0.206250 0.017500 0.005000
6 0.352500 0.202500 0.020000 0.007500
6 0.390000 0.182500 0.007500 0.007500
6 0.397500 0.172500 0.007500 0.005000
6 0.403750 0.166250 0.007500 0.005000
6 0.408750 0.158750 0.007500 0.005000
6 0.413750 0.153750 0.005000 0.005000
2 0.261250 0.283750 0.005000 0.012500
6 0.223750 0.338750 0.050000 0.020000
2 0.165000 0.545000 0.015000 0.032500
2 0.190000 0.393750 0.010000 0.022500
6 0.987500 0.396250 0.022500 0.027500
6 0.961250 0.350000 0.042500 0.025000
6 0.923750 0.338750 0.055000 0.020000
6 0.900000 0.327500 0.035000 0.017500
6 0.892500 0.321250 0.045000 0.015000
6 0.881250 0.308750 0.050000 0.017500
6 0.858750 0.300000 0.045000 0.015000
6 0.831250 0.286250 0.045000 0.012500
6 0.817500 0.277500 0.042500 0.015000
6 0.803750 0.270000 0.040000 0.012500
6 0.782500 0.258750 0.037500 0.010000
6 0.823750 0.253750 0.037500 0.012500
6 0.727500 0.247500 0.017500 0.012500
6 0.747500 0.246250 0.017500 0.010000
6 0.773750 0.245000 0.020000 0.012500
6 0.793750 0.245000 0.015000 0.010000
6 0.695000 0.258750 0.037500 0.012500
6 0.703750 0.266250 0.040000 0.010000
6 0.712500 0.271250 0.042500 0.010000
6 0.720000 0.278750 0.037500 0.012500
6 0.727500 0.285000 0.040000 0.010000
6 0.735000 0.291250 0.045000 0.012500
6 0.743750 0.298750 0.047500 0.012500
6 0.760000 0.312500 0.057500 0.012500
6 0.662500 0.263750 0.015000 0.015000
6 0.651250 0.306250 0.047500 0.015000
6 0.635000 0.297500 0.040000 0.015000
6 0.628750 0.290000 0.040000 0.012500
6 0.626250 0.281250 0.037500 0.010000
6 0.625000 0.277500 0.042500 0.010000
6 0.628750 0.270000 0.037500 0.010000
2 0.581250 0.341250 0.005000 0.020000
6 0.605000 0.347500 0.035000 0.017500
2 0.600000 0.346250 0.007500 0.015000
2 0.546250 0.340000 0.007500 0.015000
