2 0.718750 0.536250 0.020000 0.042500
2 0.695000 0.542500 0.010000 0.025000
2 0.773750 0.475000 0.015000 0.040000
2 0.805000 0.466250 0.015000 0.037500
2 0.860000 0.431250 0.007500 0.020000
2 0.817500 0.420000 0.012500 0.017500
2 0.623750 0.418750 0.010000 0.017500
2 0.732500 0.402500 0.015000 0.020000
2 0.517500 0.620000 0.015000 0.040000
2 0.510000 0.605000 0.010000 0.030000
2 0.475000 0.636250 0.017500 0.035000
2 0.456250 0.638750 0.017500 0.047500
2 0.402500 0.635000 0.022500 0.042500
2 0.335000 0.541250 0.015000 0.037500
2 0.298750 0.530000 0.012500 0.030000
2 0.145000 0.608750 0.020000 0.035000
2 0.151250 0.601250 0.012500 0.040000
2 0.133750 0.578750 0.022500 0.030000
2 0.403750 0.472500 0.007500 0.025000
2 0.282500 0.456250 0.012500 0.012500
2 0.321250 0.442500 0.012500 0.017500
2 0.358750 0.433750 0.010000 0.027500
2 0.337500 0.430000 0.007500 0.015000
2 0.332500 0.422500 0.010000 0.015000
2 0.348750 0.422500 0.005000 0.015000
2 0.346250 0.413750 0.012500 0.030000
2 0.453750 0.415000 0.007500 0.022500
2 0.057500 0.507500 0.020000 0.022500
2 0.015000 0.528750 0.020000 0.025000
2 0.015000 0.520000 0.012500 0.025000
2 0.122500 0.451250 0.012500 0.015000
2 0.137500 0.445000 0.015000 0.022500
2 0.483750 0.401250 0.007500 0.025000
2 0.473750 0.396250 0.007500 0.022500
2 0.495000 0.395000 0.007500 0.025000
2 0.501250 0.391250 0.007500 0.030000
2 0.508750 0.382500 0.010000 0.027500
2 0.538750 0.370000 0.007500 0.030000
2 0.612500 0.355000 0.007500 0.017500
2 0.661250 0.341250 0.010000 0.022500
2 0.595000 0.323750 0.010000 0.020000
2 0.503750 0.320000 0.007500 0.025000
2 0.180000 0.373750 0.007500 0.017500
2 0.180000 0.363750 0.010000 0.022500
2 0.153750 0.367500 0.010000 0.025000
2 0.103750 0.381250 0.010000 0.022500
2 0.123750 0.356250 0.012500 0.027500
2 0.122500 0.353750 0.005000 0.015000
2 0.962500 0.415000 0.010000 0.032500
2 0.453750 0.310000 0.007500 0.022500
2 0.460000 0.308750 0.007500 0.022500
2 0.171250 0.292500 0.010000 0.020000
2 0.265000 0.307500 0.015000 0.025000
2 0.251250 0.341250 0.010000 0.025000
2 0.263750 0.342500 0.010000 0.027500
2 0.275000 0.341250 0.010000 0.022500
2 0.268750 0.350000 0.005000 0.015000
2 0.307500 0.292500 0.010000 0.015000
2 0.548750 0.283750 0.007500 0.022500
2 0.495000 0.321250 0.010000 0.020000
2 0.761250 0.373750 0.007500 0.020000
2 0.813750 0.370000 0.010000 0.030000
2 0.825000 0.370000 0.010000 0.025000
2 0.767500 0.340000 0.010000 0.022500
2 0.797500 0.338750 0.010000 0.022500
2 0.888750 0.373750 0.007500 0.020000
2 0.875000 0.372500 0.005000 0.017500
2 0.898750 0.367500 0.010000 0.017500
2 0.486250 0.602500 0.020000 0.047500
2 0.496250 0.570000 0.017500 0.025000
2 0.900000 0.348750 0.012500 0.015000
2 0.776250 0.323750 0.007500 0.020000
2 0.913750 0.313750 0.010000 0.025000
2 0.927500 0.318750 0.005000 0.017500
2 0.931250 0.315000 0.005000 0.020000
2 0.998750 0.338750 0.010000 0.025000
2 0.631250 0.283750 0.005000 0.012500
2 0.622500 0.286250 0.010000 0.015000
2 0.683750 0.281250 0.007500 0.022500
2 0.705000 0.285000 0.005000 0.022500
2 0.690000 0.293750 0.005000 0.015000
2 0.697500 0.295000 0.005000 0.015000
2 0.320000 0.282500 0.010000 0.020000
2 0.322500 0.292500 0.015000 0.007500
2 0.797500 0.300000 0.010000 0.022500
2 0.015000 0.377500 0.012500 0.030000
2 0.026250 0.383750 0.007500 0.012500
