2 0.518750 0.536250 0.020000 0.042500
2 0.495000 0.542500 0.010000 0.025000
2 0.573750 0.475000 0.015000 0.040000
2 0.605000 0.466250 0.015000 0.037500
2 0.660000 0.431250 0.007500 0.020000
2 0.617500 0.420000 0.012500 0.017500
2 0.423750 0.418750 0.010000 0.017500
2 0.532500 0.402500 0.015000 0.020000
2 0.317500 0.620000 0.015000 0.040000
2 0.310000 0.605000 0.010000 0.030000
2 0.275000 0.636250 0.017500 0.035000
2 0.256250 0.638750 0.017500 0.047500
2 0.202500 0.635000 0.022500 0.042500
2 0.135000 0.541250 0.015000 0.037500
2 0.098750 0.530000 0.012500 0.030000
2 0.203750 0.472500 0.007500 0.025000
2 0.082500 0.456250 0.012500 0.012500
2 0.121250 0.442500 0.012500 0.017500
2 0.158750 0.433750 0.010000 0.027500
2 0.137500 0.430000 0.007500 0.015000
2 0.132500 0.422500 0.010000 0.015000
2 0.148750 0.422500 0.005000 0.015000
2 0.146250 0.413750 0.012500 0.030000
2 0.253750 0.415000 0.007500 0.022500
2 0.283750 0.401250 0.007500 0.025000
2 0.273750 0.396250 0.007500 0.022500
2 0.295000 0.395000 0.007500 0.025000
2 0.301250 0.391250 0.007500 0.030000
2 0.308750 0.382500 0.010000 0.027500
2 0.338750 0.370000 0.007500 0.030000
2 0.412500 0.355000 0.007500 0.017500
2 0.461250 0.341250 0.010000 0.022500
2 0.395000 0.323750 0.010000 0.020000
2 0.303750 0.320000 0.007500 0.025000
2 0.762500 0.415000 0.010000 0.032500
2 0.253750 0.310000 0.007500 0.022500
2 0.260000 0.308750 0.007500 0.022500
2 0.065000 0.307500 0.015000 0.025000
2 0.051250 0.341250 0.010000 0.025000
2 0.063750 0.342500 0.010000 0.027500
2 0.075000 0.341250 0.010000 0.022500
2 0.068750 0.350000 0.005000 0.015000
2 0.107500 0.292500 0.010000 0.015000
2 0.348750 0.283750 0.007500 0.022500
2 0.295000 0.321250 0.010000 0.020000
2 0.823750 0.420000 0.015000 0.017500
2 0.816250 0.410000 0.015000 0.020000
2 0.561250 0.373750 0.007500 0.020000
2 0.613750 0.370000 0.010000 0.030000
2 0.625000 0.370000 0.010000 0.025000
2 0.567500 0.340000 0.010000 0.022500
2 0.597500 0.338750 0.010000 0.022500
2 0.688750 0.373750 0.007500 0.020000
2 0.675000 0.372500 0.005000 0.017500
2 0.698750 0.367500 0.010000 0.017500
2 0.286250 0.602500 0.020000 0.047500
2 0.296250 0.570000 0.017500 0.025000
2 0.700000 0.348750 0.012500 0.015000
2 0.576250 0.323750 0.007500 0.020000
2 0.713750 0.313750 0.010000 0.025000
2 0.727500 0.318750 0.005000 0.017500
2 0.731250 0.315000 0.005000 0.020000
2 0.798750 0.338750 0.010000 0.025000
2 0.431250 0.283750 0.005000 0.012500
2 0.422500 0.286250 0.010000 0.015000
2 0.483750 0.281250 0.007500 0.022500
2 0.505000 0.285000 0.005000 0.022500
2 0.490000 0.293750 0.005000 0.015000
2 0.497500 0.295000 0.005000 0.015000
2 0.120000 0.282500 0.010000 0.020000
2 0.122500 0.292500 0.015000 0.007500
6 0.952500 0.376250 0.045000 0.042500
6 0.857500 0.335000 0.067500 0.037500
6 0.812500 0.321250 0.015000 0.022500
6 0.973750 0.351250 0.050000 0.025000
2 0.597500 0.300000 0.010000 0.022500
