6 0.435000 0.946250 0.062500 0.015000
6 0.438750 0.928750 0.065000 0.027500
6 0.455000 0.897500 0.057500 0.025000
6 0.456250 0.875000 0.047500 0.025000
6 0.455000 0.857500 0.040000 0.017500
6 0.461250 0.843750 0.047500 0.022500
6 0.472500 0.822500 0.055000 0.025000
6 0.407500 0.797500 0.047500 0.022500
6 0.581250 0.803750 0.045000 0.030000
6 0.656250 0.798750 0.037500 0.022500
6 0.190000 0.457500 0.025000 0.017500
6 0.250000 0.457500 0.027500 0.010000
6 0.255000 0.448750 0.025000 0.010000
6 0.557500 0.516250 0.015000 0.015000
6 0.566250 0.498750 0.012500 0.015000
2 0.602500 0.475000 0.002500 0.012500
6 0.610000 0.418750 0.012500 0.012500
6 0.621250 0.490000 0.027500 0.035000
6 0.661250 0.456250 0.007500 0.017500
6 0.657500 0.435000 0.012500 0.017500
6 0.647500 0.388750 0.010000 0.010000
6 0.607500 0.395000 0.012500 0.012500
6 0.641250 0.372500 0.022500 0.010000
6 0.655000 0.582500 0.037500 0.017500
2 0.400000 0.908750 0.005000 0.017500
2 0.500000 0.895000 0.010000 0.017500
2 0.522500 0.890000 0.007500 0.020000
6 0.576250 0.951250 0.045000 0.010000
6 0.577500 0.935000 0.057500 0.022500
6 0.585000 0.915000 0.050000 0.017500
6 0.591250 0.893750 0.047500 0.022500
6 0.593750 0.870000 0.057500 0.020000
2 0.703750 0.925000 0.005000 0.020000
6 0.737500 0.872500 0.020000 0.037500
2 0.832500 0.898750 0.005000 0.012500
2 0.808750 0.775000 0.005000 0.007500
6 0.880000 0.863750 0.050000 0.025000
6 0.878750 0.821250 0.047500 0.027500
6 0.882500 0.771250 0.030000 0.035000
6 0.700000 0.656250 0.040000 0.020000
6 0.833750 0.655000 0.017500 0.022500
2 0.825000 0.655000 0.005000 0.012500
6 0.820000 0.620000 0.017500 0.020000
2 0.827500 0.635000 0.005000 0.010000
6 0.802500 0.611250 0.012500 0.022500
6 0.775000 0.586250 0.015000 0.032500
6 0.812500 0.580000 0.017500 0.022500
2 0.795000 0.557500 0.002500 0.012500
2 0.811250 0.555000 0.002500 0.015000
2 0.816250 0.556250 0.005000 0.015000
6 0.808750 0.500000 0.012500 0.017500
2 0.480000 0.785000 0.002500 0.015000
6 0.486250 0.783750 0.035000 0.015000
6 0.747500 0.411250 0.010000 0.012500
6 0.745000 0.401250 0.007500 0.010000
6 0.743750 0.391250 0.007500 0.010000
6 0.746250 0.382500 0.010000 0.010000
6 0.748750 0.373750 0.010000 0.010000
6 0.757500 0.340000 0.010000 0.007500
6 0.791250 0.368750 0.010000 0.012500
6 0.800000 0.383750 0.017500 0.010000
6 0.665000 0.337500 0.020000 0.007500
6 0.847500 0.277500 0.012500 0.010000
6 0.843750 0.270000 0.012500 0.007500
6 0.827500 0.277500 0.012500 0.005000
6 0.951250 0.206250 0.007500 0.007500
6 0.935000 0.201250 0.005000 0.005000
6 0.962500 0.226250 0.015000 0.015000
6 0.638750 0.335000 0.027500 0.012500
6 0.641250 0.328750 0.022500 0.010000
6 0.637500 0.323750 0.020000 0.010000
6 0.800000 0.300000 0.010000 0.012500
6 0.777500 0.297500 0.012500 0.010000
2 0.778750 0.330000 0.005000 0.007500
2 0.578750 0.590000 0.007500 0.012500
