6 0.532500 0.485000 0.042500 0.050000
6 0.607500 0.546250 0.047500 0.052500
6 0.605000 0.478750 0.040000 0.042500
6 0.600000 0.432500 0.027500 0.040000
6 0.605000 0.396250 0.027500 0.035000
6 0.560000 0.345000 0.025000 0.027500
6 0.612500 0.330000 0.020000 0.020000
6 0.567500 0.288750 0.012500 0.012500
6 0.400000 0.465000 0.027500 0.035000
6 0.431250 0.481250 0.060000 0.027500
6 0.446250 0.458750 0.052500 0.027500
2 0.332500 0.590000 0.012500 0.045000
2 0.487500 0.346250 0.007500 0.020000
2 0.457500 0.588750 0.015000 0.025000
2 0.402500 0.616250 0.020000 0.037500
2 0.502500 0.400000 0.007500 0.017500
2 0.526250 0.376250 0.010000 0.020000
2 0.668750 0.335000 0.007500 0.015000
6 0.621250 0.380000 0.022500 0.022500
6 0.585000 0.223750 0.010000 0.012500
6 0.583750 0.243750 0.012500 0.007500
2 0.640000 0.290000 0.005000 0.017500
6 0.555000 0.298750 0.007500 0.017500
6 0.692500 0.287500 0.015000 0.015000
2 0.560000 0.268750 0.007500 0.015000
6 0.626250 0.308750 0.012500 0.015000
2 0.686250 0.358750 0.007500 0.015000
2 0.492500 0.377500 0.012500 0.017500
2 0.507500 0.376250 0.007500 0.017500
2 0.515000 0.303750 0.005000 0.017500
