2 0.653750 0.556250 0.017500 0.027500
2 0.705000 0.558750 0.012500 0.025000
2 0.707500 0.571250 0.010000 0.022500
6 0.813750 0.536250 0.092500 0.052500
6 0.532500 0.453750 0.035000 0.047500
6 0.482500 0.388750 0.030000 0.035000
2 0.648750 0.457500 0.012500 0.017500
2 0.645000 0.455000 0.012500 0.025000
6 0.691250 0.442500 0.020000 0.035000
2 0.516250 0.392500 0.010000 0.020000
2 0.516250 0.392500 0.007500 0.012500
2 0.513750 0.380000 0.010000 0.020000
2 0.496250 0.365000 0.010000 0.017500
6 0.535000 0.356250 0.030000 0.032500
2 0.575000 0.352500 0.007500 0.015000
6 0.631250 0.356250 0.032500 0.040000
6 0.682500 0.366250 0.045000 0.025000
2 0.720000 0.356250 0.007500 0.020000
6 0.512500 0.317500 0.022500 0.030000
2 0.565000 0.303750 0.007500 0.012500
2 0.491250 0.253750 0.005000 0.010000
6 0.527500 0.268750 0.017500 0.015000
6 0.526250 0.252500 0.017500 0.015000
6 0.516250 0.241250 0.012500 0.012500
6 0.516250 0.228750 0.012500 0.015000
6 0.512500 0.205000 0.012500 0.007500
6 0.516250 0.222500 0.007500 0.010000
6 0.517500 0.216250 0.012500 0.007500
6 0.515000 0.188750 0.020000 0.007500
2 0.541250 0.246250 0.005000 0.010000
2 0.545000 0.240000 0.005000 0.010000
2 0.590000 0.283750 0.002500 0.012500
2 0.493750 0.196250 0.002500 0.010000
