6 0.165000 0.852500 0.042500 0.035000
6 0.296250 0.873750 0.037500 0.037500
6 0.210000 0.870000 0.055000 0.040000
6 0.362500 0.892500 0.035000 0.040000
6 0.507500 0.946250 0.062500 0.017500
6 0.645000 0.822500 0.060000 0.022500
6 0.652500 0.802500 0.040000 0.025000
6 0.665000 0.778750 0.085000 0.042500
6 0.732500 0.788750 0.025000 0.032500
6 0.701250 0.765000 0.070000 0.027500
6 0.887500 0.827500 0.030000 0.040000
6 0.770000 0.727500 0.025000 0.027500
6 0.712500 0.727500 0.062500 0.022500
6 0.958750 0.721250 0.030000 0.040000
2 0.936250 0.712500 0.007500 0.022500
6 0.903750 0.636250 0.020000 0.020000
6 0.946250 0.587500 0.010000 0.015000
6 0.922500 0.570000 0.017500 0.015000
6 0.877500 0.583750 0.017500 0.020000
6 0.951250 0.558750 0.017500 0.015000
6 0.963750 0.543750 0.015000 0.015000
6 0.951250 0.528750 0.017500 0.017500
2 0.943750 0.545000 0.005000 0.012500
2 0.786250 0.668750 0.005000 0.015000
2 0.762500 0.663750 0.007500 0.017500
6 0.812500 0.620000 0.015000 0.020000
6 0.833750 0.611250 0.022500 0.017500
6 0.803750 0.600000 0.032500 0.020000
6 0.772500 0.623750 0.047500 0.022500
6 0.810000 0.571250 0.040000 0.012500
6 0.833750 0.553750 0.015000 0.017500
6 0.837500 0.546250 0.022500 0.015000
6 0.840000 0.538750 0.015000 0.012500
2 0.852500 0.533750 0.005000 0.012500
2 0.861250 0.533750 0.005000 0.012500
6 0.886250 0.521250 0.012500 0.015000
6 0.925000 0.495000 0.012500 0.012500
6 0.825000 0.526250 0.035000 0.015000
6 0.837500 0.521250 0.032500 0.012500
6 0.831250 0.512500 0.030000 0.007500
6 0.830000 0.507500 0.032500 0.010000
6 0.836250 0.501250 0.030000 0.012500
6 0.848750 0.498750 0.022500 0.010000
6 0.855000 0.493750 0.030000 0.012500
6 0.856250 0.488750 0.020000 0.007500
6 0.846250 0.478750 0.025000 0.010000
6 0.873750 0.465000 0.012500 0.012500
6 0.907500 0.475000 0.010000 0.012500
6 0.903750 0.446250 0.010000 0.010000
6 0.965000 0.433750 0.007500 0.007500
6 0.946250 0.441250 0.010000 0.010000
6 0.965000 0.448750 0.012500 0.010000
6 0.961250 0.460000 0.010000 0.010000
6 0.962500 0.468750 0.027500 0.012500
6 0.958750 0.473750 0.027500 0.010000
6 0.960000 0.482500 0.022500 0.010000
6 0.990000 0.458750 0.025000 0.010000
6 0.996250 0.452500 0.025000 0.007500
