6 0.416250 0.606250 0.057500 0.085000
2 0.512500 0.450000 0.015000 0.020000
2 0.508750 0.412500 0.012500 0.020000
2 0.525000 0.400000 0.010000 0.020000
2 0.510000 0.380000 0.007500 0.015000
2 0.523750 0.372500 0.010000 0.017500
2 0.507500 0.350000 0.007500 0.012500
6 0.473750 0.362500 0.042500 0.077500
2 0.517500 0.322500 0.007500 0.012500
6 0.530000 0.297500 0.017500 0.015000
6 0.368750 0.278750 0.025000 0.010000
6 0.528750 0.275000 0.017500 0.015000
2 0.586250 0.322500 0.007500 0.012500
6 0.563750 0.358750 0.022500 0.020000
2 0.600000 0.365000 0.005000 0.012500
2 0.612500 0.371250 0.005000 0.010000
2 0.617500 0.368750 0.005000 0.020000
6 0.627500 0.310000 0.032500 0.017500
6 0.625000 0.281250 0.025000 0.015000
2 0.673750 0.548750 0.017500 0.025000
2 0.675000 0.553750 0.025000 0.022500
2 0.741250 0.575000 0.010000 0.042500
2 0.760000 0.567500 0.010000 0.037500
2 0.550000 0.266250 0.005000 0.010000
2 0.565000 0.267500 0.002500 0.007500
2 0.548750 0.258750 0.005000 0.007500
2 0.551250 0.251250 0.005000 0.007500
2 0.516250 0.265000 0.002500 0.007500
2 0.511250 0.260000 0.005000 0.007500
2 0.516250 0.260000 0.005000 0.007500
6 0.532500 0.236250 0.010000 0.010000
6 0.521250 0.226250 0.010000 0.007500
6 0.537500 0.228750 0.010000 0.007500
6 0.536250 0.221250 0.007500 0.007500
2 0.545000 0.233750 0.005000 0.005000
6 0.562500 0.240000 0.012500 0.015000
