6 0.021250 0.248750 0.025000 0.010000
6 0.025000 0.257500 0.025000 0.015000
6 0.030000 0.261250 0.015000 0.010000
6 0.040000 0.250000 0.012500 0.010000
6 0.055000 0.251250 0.012500 0.012500
2 0.046250 0.260000 0.005000 0.012500
2 0.041250 0.261250 0.005000 0.012500
6 0.030000 0.262500 0.015000 0.010000
6 0.020000 0.271250 0.017500 0.012500
2 0.011250 0.282500 0.005000 0.015000
2 0.007500 0.282500 0.002500 0.012500
6 0.078750 0.233750 0.020000 0.025000
6 0.102500 0.220000 0.007500 0.007500
6 0.105000 0.240000 0.010000 0.010000
6 0.086250 0.251250 0.012500 0.010000
6 0.063750 0.261250 0.012500 0.015000
6 0.056250 0.270000 0.015000 0.012500
6 0.056250 0.278750 0.017500 0.015000
6 0.042500 0.292500 0.017500 0.015000
6 0.043750 0.302500 0.015000 0.020000
6 0.037500 0.321250 0.020000 0.017500
6 0.091250 0.253750 0.012500 0.010000
6 0.092500 0.261250 0.015000 0.010000
6 0.086250 0.266250 0.015000 0.010000
6 0.086250 0.275000 0.015000 0.012500
6 0.078750 0.287500 0.015000 0.012500
6 0.076250 0.300000 0.017500 0.015000
6 0.071250 0.321250 0.022500 0.017500
6 0.053750 0.351250 0.022500 0.022500
6 0.110000 0.312500 0.017500 0.017500
6 0.118750 0.237500 0.012500 0.012500
6 0.116250 0.250000 0.012500 0.015000
2 0.131250 0.245000 0.002500 0.010000
6 0.180000 0.230000 0.010000 0.007500
6 0.198750 0.228750 0.010000 0.007500
6 0.221250 0.225000 0.025000 0.010000
6 0.223750 0.227500 0.020000 0.007500
6 0.230000 0.273750 0.012500 0.010000
6 0.242500 0.291250 0.030000 0.035000
6 0.217500 0.292500 0.017500 0.015000
6 0.193750 0.300000 0.017500 0.012500
6 0.276250 0.278750 0.032500 0.015000
2 0.271250 0.292500 0.002500 0.012500
2 0.265000 0.296250 0.002500 0.012500
2 0.267500 0.295000 0.005000 0.015000
6 0.855000 0.617500 0.060000 0.030000
6 0.541250 0.563750 0.095000 0.037500
2 0.548750 0.461250 0.015000 0.025000
6 0.691250 0.487500 0.092500 0.040000
6 0.662500 0.472500 0.075000 0.027500
6 0.671250 0.462500 0.077500 0.030000
6 0.662500 0.453750 0.075000 0.030000
6 0.601250 0.383750 0.040000 0.022500
6 0.556250 0.385000 0.040000 0.025000
6 0.732500 0.306250 0.030000 0.015000
6 0.373750 0.323750 0.042500 0.015000
6 0.425000 0.333750 0.045000 0.017500
6 0.387500 0.412500 0.037500 0.022500
2 0.435000 0.387500 0.010000 0.025000
2 0.442500 0.392500 0.005000 0.012500
2 0.450000 0.390000 0.007500 0.020000
2 0.457500 0.393750 0.007500 0.017500
6 0.496250 0.392500 0.032500 0.020000
6 0.480000 0.418750 0.052500 0.055000
2 0.217500 0.322500 0.005000 0.012500
6 0.172500 0.333750 0.020000 0.017500
6 0.181250 0.361250 0.025000 0.020000
6 0.207500 0.337500 0.022500 0.017500
6 0.231250 0.355000 0.025000 0.025000
6 0.262500 0.397500 0.027500 0.022500
2 0.317500 0.401250 0.010000 0.020000
2 0.325000 0.391250 0.007500 0.015000
6 0.205000 0.390000 0.025000 0.027500
6 0.293750 0.487500 0.037500 0.030000
6 0.118750 0.373750 0.022500 0.015000
2 0.115000 0.367500 0.007500 0.015000
6 0.118750 0.356250 0.040000 0.025000
6 0.148750 0.406250 0.027500 0.025000
6 0.151250 0.428750 0.030000 0.025000
6 0.152500 0.456250 0.035000 0.032500
6 0.161250 0.485000 0.037500 0.037500
6 0.163750 0.521250 0.040000 0.035000
6 0.156250 0.557500 0.052500 0.075000
6 0.155000 0.637500 0.047500 0.047500
2 0.047500 0.420000 0.007500 0.020000
6 0.038750 0.510000 0.037500 0.040000
