6 0.042500 0.792500 0.030000 0.035000
6 0.045000 0.755000 0.045000 0.042500
6 0.018750 0.741250 0.037500 0.040000
6 0.058750 0.717500 0.035000 0.040000
6 0.075000 0.733750 0.030000 0.035000
2 0.083750 0.752500 0.010000 0.030000
6 0.113750 0.806250 0.045000 0.040000
6 0.125000 0.777500 0.037500 0.035000
6 0.136250 0.752500 0.035000 0.035000
6 0.196250 0.782500 0.032500 0.037500
2 0.156250 0.763750 0.010000 0.032500
6 0.171250 0.805000 0.042500 0.057500
2 0.195000 0.848750 0.017500 0.027500
6 0.195000 0.858750 0.035000 0.047500
2 0.235000 0.840000 0.020000 0.040000
6 0.188750 0.741250 0.047500 0.065000
6 0.202500 0.730000 0.035000 0.040000
2 0.160000 0.681250 0.007500 0.020000
2 0.190000 0.675000 0.010000 0.017500
2 0.098750 0.705000 0.007500 0.025000
2 0.110000 0.708750 0.007500 0.022500
6 0.076250 0.702500 0.030000 0.030000
6 0.077500 0.692500 0.027500 0.025000
6 0.118750 0.683750 0.025000 0.027500
6 0.103750 0.668750 0.025000 0.020000
2 0.057500 0.683750 0.007500 0.022500
6 0.107500 0.652500 0.020000 0.022500
2 0.116250 0.637500 0.005000 0.012500
2 0.168750 0.661250 0.005000 0.015000
2 0.192500 0.646250 0.005000 0.015000
6 0.151250 0.650000 0.035000 0.037500
6 0.175000 0.633750 0.032500 0.030000
6 0.147500 0.621250 0.022500 0.022500
6 0.158750 0.616250 0.017500 0.012500
6 0.170000 0.610000 0.012500 0.010000
2 0.205000 0.628750 0.007500 0.007500
2 0.211250 0.620000 0.005000 0.010000
6 0.205000 0.630000 0.010000 0.015000
2 0.166250 0.597500 0.005000 0.005000
6 0.165000 0.600000 0.007500 0.007500
6 0.167500 0.595000 0.012500 0.010000
2 0.330000 0.933750 0.022500 0.045000
2 0.377500 0.851250 0.017500 0.042500
2 0.395000 0.852500 0.010000 0.037500
2 0.376250 0.845000 0.010000 0.042500
2 0.360000 0.806250 0.010000 0.037500
6 0.421250 0.842500 0.042500 0.070000
6 0.378750 0.811250 0.022500 0.032500
2 0.477500 0.875000 0.015000 0.030000
6 0.476250 0.843750 0.062500 0.062500
2 0.510000 0.888750 0.012500 0.040000
2 0.533750 0.880000 0.017500 0.030000
6 0.518750 0.891250 0.065000 0.035000
2 0.578750 0.886250 0.017500 0.042500
2 0.600000 0.880000 0.015000 0.027500
2 0.603750 0.885000 0.017500 0.025000
2 0.615000 0.892500 0.015000 0.022500
2 0.625000 0.898750 0.015000 0.027500
2 0.640000 0.903750 0.017500 0.030000
2 0.660000 0.912500 0.020000 0.027500
2 0.672500 0.901250 0.015000 0.025000
2 0.678750 0.890000 0.012500 0.022500
2 0.660000 0.888750 0.015000 0.022500
2 0.746250 0.926250 0.017500 0.022500
2 0.763750 0.928750 0.017500 0.027500
2 0.776250 0.927500 0.017500 0.025000
2 0.571250 0.868750 0.017500 0.027500
2 0.588750 0.858750 0.015000 0.035000
2 0.610000 0.858750 0.010000 0.037500
2 0.628750 0.861250 0.010000 0.040000
2 0.632500 0.861250 0.012500 0.037500
2 0.643750 0.858750 0.010000 0.035000
2 0.701250 0.918750 0.015000 0.042500
2 0.731250 0.927500 0.012500 0.050000
2 0.715000 0.817500 0.012500 0.032500
2 0.656250 0.846250 0.015000 0.025000
2 0.668750 0.846250 0.012500 0.022500
6 0.528750 0.795000 0.020000 0.022500
2 0.468750 0.812500 0.010000 0.020000
6 0.416250 0.790000 0.095000 0.040000
6 0.396250 0.771250 0.080000 0.040000
2 0.441250 0.767500 0.010000 0.025000
2 0.355000 0.752500 0.010000 0.030000
2 0.365000 0.742500 0.007500 0.030000
2 0.273750 0.776250 0.015000 0.022500
2 0.272500 0.775000 0.012500 0.020000
2 0.318750 0.738750 0.010000 0.017500
6 0.272500 0.786250 0.027500 0.032500
6 0.272500 0.730000 0.030000 0.025000
6 0.287500 0.687500 0.027500 0.022500
6 0.411250 0.732500 0.080000 0.037500
6 0.381250 0.703750 0.052500 0.027500
6 0.416250 0.716250 0.062500 0.022500
6 0.407500 0.701250 0.050000 0.030000
6 0.475000 0.737500 0.075000 0.047500
2 0.461250 0.706250 0.007500 0.017500
6 0.413750 0.696250 0.055000 0.025000
6 0.418750 0.692500 0.055000 0.022500
6 0.398750 0.682500 0.065000 0.025000
6 0.402500 0.677500 0.045000 0.020000
6 0.381250 0.673750 0.045000 0.022500
6 0.381250 0.668750 0.062500 0.030000
6 0.406250 0.667500 0.050000 0.020000
2 0.336250 0.688750 0.005000 0.017500
6 0.378750 0.642500 0.097500 0.047500
2 0.297500 0.647500 0.005000 0.017500
2 0.310000 0.645000 0.005000 0.017500
2 0.313750 0.627500 0.005000 0.015000
2 0.296250 0.617500 0.005000 0.015000
2 0.295000 0.596250 0.002500 0.007500
6 0.360000 0.615000 0.027500 0.012500
6 0.357500 0.592500 0.027500 0.012500
2 0.242500 0.680000 0.005000 0.020000
2 0.223750 0.588750 0.002500 0.012500
2 0.216250 0.598750 0.002500 0.010000
2 0.212500 0.600000 0.002500 0.010000
2 0.203750 0.600000 0.002500 0.010000
6 0.203750 0.590000 0.012500 0.012500
6 0.205000 0.578750 0.012500 0.010000
6 0.193750 0.575000 0.017500 0.010000
6 0.190000 0.572500 0.017500 0.007500
6 0.188750 0.570000 0.015000 0.010000
6 0.191250 0.566250 0.017500 0.010000
6 0.200000 0.565000 0.020000 0.010000
6 0.186250 0.586250 0.017500 0.012500
6 0.246250 0.576250 0.010000 0.010000
2 0.220000 0.568750 0.002500 0.007500
2 0.266250 0.591250 0.002500 0.010000
2 0.288750 0.592500 0.002500 0.007500
2 0.282500 0.582500 0.002500 0.007500
2 0.290000 0.580000 0.002500 0.010000
2 0.292500 0.586250 0.002500 0.010000
2 0.298750 0.603750 0.005000 0.007500
2 0.303750 0.600000 0.005000 0.007500
2 0.303750 0.591250 0.002500 0.007500
2 0.298750 0.583750 0.002500 0.007500
6 0.303750 0.577500 0.010000 0.012500
6 0.328750 0.577500 0.015000 0.010000
6 0.270000 0.528750 0.005000 0.010000
6 0.255000 0.566250 0.005000 0.005000
6 0.257500 0.533750 0.002500 0.002500
6 0.253750 0.526250 0.005000 0.002500
