6 0.145000 0.493750 0.045000 0.060000
2 0.465000 0.547500 0.017500 0.035000
2 0.405000 0.525000 0.015000 0.035000
2 0.397500 0.466250 0.012500 0.020000
2 0.400000 0.473750 0.020000 0.022500
6 0.400000 0.475000 0.015000 0.030000
6 0.332500 0.495000 0.047500 0.062500
2 0.383750 0.416250 0.012500 0.025000
6 0.308750 0.437500 0.037500 0.040000
6 0.307500 0.396250 0.037500 0.042500
6 0.221250 0.408750 0.037500 0.045000
6 0.373750 0.388750 0.020000 0.040000
2 0.405000 0.365000 0.010000 0.017500
2 0.387500 0.343750 0.010000 0.017500
2 0.333750 0.361250 0.012500 0.020000
2 0.350000 0.338750 0.010000 0.015000
6 0.352500 0.347500 0.017500 0.022500
6 0.305000 0.360000 0.030000 0.035000
6 0.302500 0.335000 0.027500 0.027500
6 0.301250 0.313750 0.025000 0.025000
2 0.341250 0.316250 0.012500 0.020000
2 0.051250 0.312500 0.010000 0.020000
6 0.078750 0.300000 0.067500 0.025000
6 0.505000 0.253750 0.047500 0.017500
2 0.025000 0.271250 0.007500 0.017500
2 0.060000 0.271250 0.007500 0.017500
2 0.068750 0.271250 0.007500 0.015000
2 0.052500 0.263750 0.010000 0.012500
6 0.350000 0.290000 0.022500 0.035000
2 0.353750 0.276250 0.010000 0.012500
2 0.290000 0.263750 0.010000 0.015000
2 0.348750 0.265000 0.005000 0.012500
2 0.347500 0.248750 0.007500 0.015000
2 0.325000 0.243750 0.005000 0.012500
2 0.288750 0.247500 0.007500 0.010000
2 0.285000 0.231250 0.007500 0.010000
6 0.288750 0.240000 0.042500 0.015000
2 0.248750 0.228750 0.007500 0.012500
6 0.223750 0.173750 0.012500 0.012500
6 0.253750 0.211250 0.015000 0.015000
6 0.256250 0.203750 0.015000 0.012500
6 0.257500 0.197500 0.012500 0.015000
6 0.278750 0.190000 0.012500 0.012500
2 0.296250 0.188750 0.005000 0.007500
6 0.312500 0.190000 0.015000 0.012500
6 0.263750 0.108750 0.005000 0.005000
2 0.240000 0.170000 0.005000 0.010000
2 0.250000 0.170000 0.002500 0.007500
2 0.256250 0.158750 0.002500 0.010000
2 0.257500 0.175000 0.005000 0.007500
2 0.261250 0.168750 0.002500 0.005000
2 0.282500 0.165000 0.002500 0.005000
6 0.282500 0.168750 0.005000 0.010000
6 0.372500 0.156250 0.020000 0.012500
6 0.368750 0.163750 0.017500 0.007500
2 0.393750 0.157500 0.002500 0.010000
2 0.397500 0.168750 0.002500 0.007500
6 0.393750 0.176250 0.015000 0.010000
6 0.376250 0.186250 0.030000 0.012500
2 0.357500 0.218750 0.005000 0.007500
6 0.341250 0.177500 0.025000 0.010000
6 0.338750 0.181250 0.027500 0.012500
6 0.342500 0.186250 0.030000 0.012500
6 0.346250 0.190000 0.032500 0.012500
6 0.356250 0.201250 0.035000 0.012500
6 0.360000 0.202500 0.032500 0.012500
6 0.367500 0.202500 0.027500 0.015000
6 0.373750 0.206250 0.032500 0.012500
6 0.377500 0.210000 0.030000 0.015000
6 0.385000 0.212500 0.032500 0.017500
6 0.493750 0.198750 0.025000 0.012500
6 0.515000 0.201250 0.030000 0.012500
6 0.517500 0.210000 0.035000 0.015000
6 0.507500 0.217500 0.017500 0.020000
6 0.533750 0.218750 0.020000 0.017500
6 0.568750 0.223750 0.035000 0.017500
6 0.565000 0.221250 0.025000 0.017500
6 0.591250 0.218750 0.020000 0.020000
2 0.600000 0.193750 0.005000 0.010000
2 0.738750 0.210000 0.005000 0.015000
2 0.791250 0.212500 0.005000 0.012500
2 0.803750 0.205000 0.007500 0.015000
6 0.813750 0.218750 0.017500 0.022500
