6 0.795625 0.331875 0.038750 0.048750
6 0.868750 0.235000 0.015000 0.015000
6 0.222500 0.639375 0.017500 0.016250
6 0.213750 0.653750 0.017500 0.012500
6 0.302500 0.713125 0.017500 0.013750
6 0.234375 0.676250 0.016250 0.012500
6 0.385000 0.763125 0.015000 0.013750
6 0.428125 0.795625 0.016250 0.013750
6 0.432500 0.810000 0.015000 0.015000
6 0.566250 0.848125 0.017500 0.016250
6 0.575000 0.896875 0.020000 0.016250
6 0.624375 0.919375 0.021250 0.016250
6 0.040000 0.521250 0.015000 0.012500
6 0.074375 0.531250 0.013750 0.012500
6 0.059375 0.536875 0.016250 0.013750
