6 0.386250 0.091250 0.017500 0.017500
6 0.312500 0.163125 0.012500 0.013750
6 0.436250 0.234375 0.015000 0.013750
6 0.145000 0.201875 0.012500 0.016250
6 0.150625 0.208125 0.013750 0.016250
6 0.131250 0.257500 0.017500 0.012500
6 0.100625 0.181250 0.013750 0.015000
6 0.108125 0.185625 0.013750 0.013750
6 0.323750 0.043125 0.012500 0.013750
6 0.347500 0.086250 0.015000 0.012500
6 0.354375 0.078750 0.013750 0.012500
6 0.109375 0.298125 0.018750 0.013750
6 0.105000 0.305000 0.015000 0.012500
6 0.096875 0.317500 0.013750 0.012500
6 0.091250 0.333750 0.025000 0.015000
6 0.077500 0.361875 0.020000 0.016250
6 0.075625 0.350000 0.018750 0.012500
6 0.088125 0.414375 0.013750 0.013750
6 0.165000 0.340625 0.017500 0.013750
6 0.147500 0.362500 0.012500 0.012500
6 0.163125 0.368750 0.013750 0.015000
6 0.170625 0.373750 0.013750 0.012500
6 0.193125 0.386875 0.013750 0.016250
6 0.265000 0.285000 0.012500 0.012500
6 0.180000 0.243750 0.017500 0.012500
6 0.290625 0.410625 0.021250 0.018750
6 0.368750 0.280000 0.015000 0.015000
6 0.341875 0.295625 0.016250 0.016250
6 0.322500 0.305625 0.012500 0.016250
6 0.406250 0.279375 0.015000 0.013750
6 0.398125 0.441250 0.016250 0.015000
6 0.175625 0.472500 0.013750 0.012500
6 0.209375 0.568125 0.016250 0.013750
6 0.206875 0.649375 0.016250 0.013750
6 0.222500 0.664375 0.012500 0.013750
6 0.285000 0.676875 0.017500 0.013750
6 0.015000 0.755000 0.015000 0.012500
6 0.050625 0.781250 0.016250 0.030000
6 0.028125 0.801875 0.038750 0.013750
6 0.081875 0.805000 0.031250 0.015000
6 0.158750 0.832500 0.025000 0.022500
6 0.631250 0.950625 0.017500 0.013750
6 0.677500 0.960625 0.012500 0.013750
6 0.831250 0.964375 0.020000 0.013750
6 0.946250 0.552500 0.025000 0.017500
6 0.939375 0.560000 0.021250 0.015000
6 0.628750 0.274375 0.012500 0.013750
6 0.641250 0.263750 0.012500 0.015000
6 0.569375 0.274375 0.013750 0.016250
6 0.582500 0.266875 0.015000 0.013750
6 0.587500 0.273125 0.015000 0.013750
6 0.393125 0.324375 0.013750 0.013750
6 0.345000 0.335000 0.012500 0.012500
6 0.552500 0.290000 0.012500 0.015000
6 0.008750 0.428125 0.015000 0.013750
6 0.046250 0.401250 0.015000 0.012500
6 0.168750 0.538125 0.012500 0.013750
6 0.225000 0.460625 0.015000 0.013750
6 0.201875 0.504375 0.013750 0.013750
6 0.456875 0.399375 0.013750 0.013750
6 0.525625 0.351875 0.016250 0.013750
6 0.434375 0.257500 0.013750 0.012500
6 0.538750 0.283125 0.012500 0.016250
6 0.962500 0.723750 0.007500 0.017500
6 0.143125 0.903750 0.031250 0.012500
6 0.131875 0.915000 0.061250 0.015000
6 0.126875 0.926250 0.053750 0.015000
6 0.112500 0.790000 0.015000 0.015000
6 0.121875 0.793125 0.013750 0.013750
6 0.173750 0.846875 0.022500 0.026250
6 0.181250 0.857500 0.017500 0.020000
6 0.189375 0.864375 0.013750 0.016250
6 0.199375 0.872500 0.018750 0.022500
6 0.205000 0.880625 0.020000 0.021250
6 0.213750 0.888750 0.022500 0.025000
6 0.223750 0.891875 0.025000 0.028750
6 0.230000 0.900000 0.017500 0.017500
6 0.238125 0.908125 0.023750 0.023750
6 0.248125 0.915000 0.021250 0.022500
6 0.258125 0.928750 0.026250 0.020000
6 0.265000 0.943125 0.020000 0.021250
6 0.195000 0.970000 0.052500 0.022500
6 0.216875 0.964375 0.038750 0.023750
6 0.225000 0.955625 0.032500 0.018750
6 0.168750 0.266875 0.020000 0.013750
6 0.171875 0.259375 0.016250 0.013750
6 0.461250 0.265625 0.015000 0.013750
6 0.313125 0.307500 0.013750 0.015000
