6 0.204375 0.505000 0.018750 0.007500
6 0.203125 0.516875 0.018750 0.008750
6 0.201875 0.538750 0.018750 0.010000
6 0.200625 0.550000 0.021250 0.010000
6 0.201875 0.562500 0.023750 0.010000
6 0.200000 0.576875 0.020000 0.008750
6 0.205000 0.615000 0.020000 0.010000
6 0.201875 0.628750 0.016250 0.010000
6 0.200625 0.640000 0.021250 0.010000
6 0.212500 0.695000 0.017500 0.010000
6 0.231250 0.697500 0.007500 0.020000
6 0.146875 0.660625 0.013750 0.023750
6 0.113750 0.660625 0.007500 0.018750
6 0.080625 0.659375 0.011250 0.021250
6 0.138125 0.716250 0.008750 0.017500
6 0.161875 0.718125 0.006250 0.018750
6 0.171875 0.743125 0.008750 0.021250
6 0.137500 0.744375 0.007500 0.016250
6 0.115625 0.743125 0.011250 0.021250
6 0.093750 0.741875 0.007500 0.016250
6 0.060625 0.796875 0.006250 0.018750
6 0.116875 0.798750 0.011250 0.020000
6 0.138125 0.799375 0.008750 0.016250
6 0.171250 0.797500 0.010000 0.022500
6 0.037500 0.800000 0.012500 0.022500
6 0.058125 0.715625 0.008750 0.016250
6 0.068750 0.716250 0.010000 0.017500
6 0.574375 0.871875 0.008750 0.018750
6 0.575625 0.888750 0.018750 0.017500
6 0.436250 0.896875 0.012500 0.008750
6 0.436875 0.906250 0.016250 0.007500
6 0.435625 0.913125 0.013750 0.006250
6 0.683125 0.898125 0.008750 0.021250
6 0.694375 0.922500 0.008750 0.020000
6 0.751250 0.013125 0.020000 0.011250
6 0.798750 0.947500 0.010000 0.020000
6 0.094375 0.965000 0.011250 0.022500
