6 0.750000 0.590625 0.012500 0.023750
6 0.682500 0.659375 0.010000 0.026250
6 0.730000 0.656875 0.010000 0.026250
6 0.773750 0.660000 0.012500 0.025000
6 0.803750 0.658750 0.010000 0.027500
6 0.861875 0.655000 0.013750 0.025000
6 0.890625 0.655000 0.011250 0.022500
6 0.683125 0.695000 0.013750 0.022500
6 0.790625 0.685000 0.011250 0.022500
6 0.819375 0.685625 0.011250 0.026250
6 0.877500 0.683125 0.012500 0.023750
6 0.952500 0.680625 0.010000 0.023750
6 0.688750 0.758125 0.012500 0.028750
6 0.763750 0.756875 0.012500 0.026250
6 0.705000 0.789375 0.012500 0.028750
6 0.750000 0.784375 0.015000 0.023750
6 0.839375 0.783750 0.013750 0.025000
6 0.835000 0.863125 0.012500 0.031250
