6 0.117500 0.218750 0.040000 0.010000
6 0.240000 0.215625 0.032500 0.013750
6 0.307500 0.215625 0.030000 0.013750
6 0.797500 0.205000 0.027500 0.015000
6 0.851875 0.204375 0.031250 0.011250
6 0.873125 0.265000 0.038750 0.017500
6 0.470000 0.761875 0.025000 0.011250
6 0.583750 0.759375 0.025000 0.011250
6 0.642500 0.760625 0.027500 0.011250
6 0.729375 0.760000 0.026250 0.015000
6 0.808750 0.757500 0.027500 0.015000
6 0.941875 0.757500 0.051250 0.015000
6 0.117500 0.806250 0.037500 0.012500
6 0.643125 0.776250 0.028750 0.010000
6 0.688125 0.802500 0.026250 0.012500
6 0.715000 0.804375 0.022500 0.016250
6 0.904375 0.798750 0.046250 0.020000
6 0.496875 0.958125 0.013750 0.028750
6 0.395625 0.842500 0.028750 0.012500
6 0.477500 0.836250 0.025000 0.015000
6 0.369375 0.815625 0.026250 0.013750
6 0.013125 0.790625 0.023750 0.016250
6 0.291875 0.941875 0.026250 0.013750
