3 0.778750 0.374375 0.010000 0.008750
3 0.875625 0.333125 0.018750 0.021250
3 0.855625 0.318750 0.011250 0.012500
3 0.719375 0.461250 0.016250 0.020000
3 0.744375 0.432500 0.011250 0.010000
3 0.860000 0.311875 0.020000 0.023750
3 0.763125 0.383750 0.016250 0.012500
3 0.781250 0.381250 0.010000 0.010000
3 0.766875 0.389375 0.016250 0.016250
3 0.865625 0.330625 0.011250 0.013750
3 0.852500 0.325625 0.015000 0.016250
3 0.720625 0.363125 0.018750 0.016250
3 0.696250 0.395625 0.012500 0.026250
3 0.733750 0.439375 0.010000 0.011250
3 0.730625 0.443125 0.011250 0.013750
