6 0.026875 0.471875 0.011250 0.023750
6 0.359375 0.169375 0.028750 0.026250
6 0.258125 0.098125 0.021250 0.008750
6 0.686250 0.018750 0.010000 0.017500
6 0.700000 0.017500 0.010000 0.020000
6 0.748125 0.030000 0.011250 0.025000
6 0.861875 0.033750 0.011250 0.020000
6 0.895625 0.141875 0.011250 0.018750
6 0.699375 0.265000 0.016250 0.020000
6 0.753750 0.238750 0.020000 0.012500
6 0.678125 0.304375 0.008750 0.021250
6 0.785000 0.286250 0.010000 0.020000
6 0.751250 0.509375 0.017500 0.011250
6 0.747500 0.523125 0.020000 0.011250
6 0.803750 0.508750 0.027500 0.012500
6 0.798125 0.522500 0.026250 0.012500
6 0.805625 0.472500 0.018750 0.012500
6 0.966250 0.548125 0.022500 0.011250
6 0.991875 0.551875 0.016250 0.018750
6 0.865000 0.727500 0.017500 0.017500
6 0.876250 0.720000 0.017500 0.017500
6 0.971250 0.740625 0.027500 0.013750
6 0.731250 0.965625 0.010000 0.018750
6 0.767500 0.982500 0.012500 0.027500
6 0.890625 0.990625 0.031250 0.011250
