6 0.298125 0.798750 0.016250 0.005000
6 0.324375 0.871875 0.016250 0.006250
6 0.225000 0.890625 0.005000 0.018750
6 0.233750 0.901875 0.007500 0.016250
6 0.250000 0.986250 0.007500 0.017500
6 0.775625 0.988125 0.011250 0.013750
6 0.777500 0.981875 0.010000 0.013750
6 0.820000 0.881250 0.010000 0.012500
6 0.835000 0.874375 0.010000 0.013750
6 0.842500 0.869375 0.007500 0.011250
6 0.665000 0.665625 0.012500 0.006250
6 0.679375 0.664375 0.011250 0.006250
6 0.900000 0.618125 0.007500 0.016250
