6 0.997500 0.181250 0.015000 0.020000
6 0.705000 0.120000 0.022500 0.012500
6 0.362500 0.088750 0.025000 0.027500
6 0.323750 0.967500 0.012500 0.015000
6 0.305000 0.935000 0.020000 0.020000
6 0.423750 0.645000 0.030000 0.020000
6 0.855000 0.951250 0.017500 0.012500
6 0.783750 0.896250 0.012500 0.012500
6 0.868750 0.910000 0.007500 0.015000
6 0.750000 0.855000 0.012500 0.015000
6 0.748750 0.812500 0.015000 0.015000
6 0.516250 0.695000 0.015000 0.012500
6 0.728750 0.561250 0.020000 0.025000
6 0.613750 0.531250 0.022500 0.017500
6 0.621250 0.445000 0.020000 0.015000
6 0.651250 0.435000 0.012500 0.015000
6 0.948750 0.453750 0.007500 0.012500
6 0.895000 0.541250 0.017500 0.017500
6 0.971250 0.621250 0.012500 0.010000
6 0.257500 0.876250 0.010000 0.012500
6 0.021250 0.757500 0.020000 0.015000
6 0.886250 0.343750 0.032500 0.017500
