6 0.736250 0.355000 0.015000 0.015000
6 0.068750 0.665000 0.025000 0.017500
6 0.061250 0.657500 0.020000 0.020000
6 0.040000 0.636250 0.017500 0.017500
6 0.040000 0.588750 0.015000 0.017500
6 0.027500 0.597500 0.017500 0.015000
6 0.257500 0.576250 0.022500 0.020000
6 0.187500 0.515000 0.017500 0.015000
6 0.197500 0.535000 0.017500 0.015000
6 0.525000 0.732500 0.015000 0.017500
6 0.016250 0.538750 0.027500 0.012500
6 0.065000 0.373750 0.025000 0.012500
6 0.051250 0.363750 0.022500 0.012500
6 0.711250 0.930000 0.012500 0.012500
6 0.782500 0.968750 0.020000 0.015000
6 0.133750 0.452500 0.015000 0.017500
6 0.218750 0.560000 0.020000 0.017500
6 0.008750 0.602500 0.017500 0.017500
6 0.011250 0.515000 0.020000 0.015000
6 0.562500 0.758750 0.015000 0.020000
