6 0.212500 0.790000 0.017500 0.012500
6 0.301250 0.548750 0.012500 0.017500
6 0.437500 0.250000 0.017500 0.030000
6 0.470000 0.232500 0.010000 0.017500
6 0.797500 0.507500 0.025000 0.017500
6 0.852500 0.535000 0.015000 0.012500
6 0.933750 0.453750 0.017500 0.015000
6 0.911250 0.443750 0.017500 0.012500
6 0.843750 0.527500 0.020000 0.020000
6 0.828750 0.522500 0.017500 0.017500
6 0.817500 0.518750 0.015000 0.012500
6 0.808750 0.513750 0.015000 0.012500
6 0.885000 0.490000 0.030000 0.022500
6 0.897500 0.498750 0.037500 0.025000
6 0.908750 0.510000 0.030000 0.022500
6 0.883750 0.548750 0.015000 0.012500
6 0.977500 0.298750 0.022500 0.025000
6 0.627500 0.026250 0.020000 0.015000
6 0.986250 0.966250 0.040000 0.022500
6 0.960000 0.151250 0.032500 0.032500
6 0.061250 0.650000 0.015000 0.032500
