6 0.016250 0.093750 0.045000 0.027500
6 0.172500 0.240000 0.045000 0.025000
6 0.103750 0.368750 0.017500 0.010000
6 0.516250 0.528750 0.017500 0.010000
6 0.513750 0.518750 0.017500 0.010000
6 0.511250 0.510000 0.017500 0.007500
6 0.503750 0.481250 0.017500 0.010000
6 0.497500 0.462500 0.017500 0.012500
6 0.495000 0.452500 0.017500 0.010000
6 0.487500 0.425000 0.020000 0.010000
6 0.483750 0.415000 0.017500 0.010000
6 0.478750 0.398750 0.017500 0.010000
6 0.475000 0.388750 0.017500 0.010000
6 0.472500 0.378750 0.017500 0.010000
6 0.468750 0.370000 0.020000 0.012500
6 0.465000 0.361250 0.017500 0.010000
6 0.463750 0.353750 0.017500 0.010000
6 0.460000 0.345000 0.017500 0.010000
6 0.458750 0.333750 0.015000 0.007500
6 0.455000 0.325000 0.020000 0.007500
6 0.452500 0.316250 0.017500 0.010000
6 0.450000 0.307500 0.020000 0.012500
6 0.448750 0.297500 0.015000 0.007500
6 0.523750 0.367500 0.007500 0.017500
6 0.533750 0.393750 0.012500 0.020000
6 0.538750 0.412500 0.012500 0.017500
6 0.547500 0.435000 0.010000 0.017500
6 0.552500 0.455000 0.007500 0.015000
6 0.557500 0.476250 0.010000 0.015000
6 0.565000 0.497500 0.010000 0.017500
6 0.572500 0.518750 0.010000 0.017500
6 0.577500 0.540000 0.012500 0.022500
6 0.633750 0.617500 0.017500 0.012500
6 0.631250 0.607500 0.020000 0.012500
6 0.626250 0.588750 0.017500 0.010000
6 0.621250 0.570000 0.020000 0.012500
6 0.663750 0.560000 0.015000 0.010000
6 0.645000 0.495000 0.017500 0.012500
6 0.602500 0.505000 0.017500 0.010000
6 0.598750 0.496250 0.017500 0.010000
6 0.595000 0.486250 0.022500 0.012500
6 0.592500 0.476250 0.017500 0.010000
6 0.590000 0.468750 0.017500 0.010000
6 0.588750 0.458750 0.022500 0.010000
6 0.586250 0.448750 0.020000 0.010000
6 0.582500 0.441250 0.020000 0.010000
6 0.581250 0.431250 0.017500 0.010000
6 0.576250 0.422500 0.017500 0.010000
6 0.575000 0.412500 0.020000 0.007500
6 0.572500 0.402500 0.020000 0.007500
6 0.568750 0.393750 0.020000 0.012500
6 0.566250 0.386250 0.020000 0.010000
6 0.562500 0.376250 0.020000 0.012500
6 0.561250 0.365000 0.017500 0.007500
6 0.558750 0.357500 0.017500 0.007500
6 0.556250 0.347500 0.020000 0.010000
6 0.638750 0.477500 0.020000 0.012500
6 0.632500 0.458750 0.017500 0.007500
6 0.632500 0.448750 0.017500 0.007500
6 0.628750 0.438750 0.017500 0.010000
6 0.623750 0.421250 0.020000 0.010000
6 0.622500 0.412500 0.020000 0.010000
6 0.617500 0.402500 0.020000 0.007500
6 0.615000 0.393750 0.015000 0.012500
6 0.612500 0.383750 0.017500 0.010000
6 0.632500 0.377500 0.017500 0.010000
6 0.610000 0.375000 0.017500 0.010000
6 0.606250 0.365000 0.017500 0.007500
6 0.603750 0.356250 0.020000 0.010000
6 0.602500 0.347500 0.017500 0.007500
6 0.627500 0.350000 0.017500 0.012500
6 0.623750 0.340000 0.017500 0.010000
6 0.620000 0.331250 0.020000 0.010000
6 0.600000 0.337500 0.017500 0.010000
6 0.688750 0.412500 0.020000 0.012500
6 0.686250 0.391250 0.020000 0.010000
6 0.685000 0.372500 0.020000 0.012500
6 0.671250 0.336250 0.022500 0.010000
6 0.661250 0.317500 0.017500 0.012500
6 0.685000 0.308750 0.017500 0.010000
6 0.760000 0.326250 0.020000 0.012500
6 0.728750 0.296250 0.017500 0.010000
6 0.875000 0.311250 0.015000 0.010000
6 0.852500 0.237500 0.012500 0.007500
6 0.678750 0.275000 0.017500 0.012500
6 0.655000 0.283750 0.017500 0.010000
6 0.651250 0.273750 0.017500 0.010000
6 0.647500 0.265000 0.017500 0.010000
6 0.638750 0.236250 0.020000 0.010000
6 0.607500 0.287500 0.017500 0.010000
6 0.585000 0.293750 0.020000 0.010000
6 0.582500 0.283750 0.017500 0.012500
6 0.605000 0.277500 0.015000 0.007500
6 0.580000 0.275000 0.017500 0.007500
6 0.598750 0.261250 0.015000 0.010000
6 0.578750 0.266250 0.017500 0.010000
6 0.575000 0.257500 0.017500 0.012500
6 0.572500 0.247500 0.017500 0.010000
6 0.593750 0.241250 0.017500 0.010000
6 0.570000 0.236250 0.017500 0.010000
6 0.566250 0.228750 0.017500 0.010000
6 0.587500 0.222500 0.022500 0.012500
6 0.561250 0.210000 0.017500 0.010000
6 0.582500 0.203750 0.020000 0.010000
6 0.582500 0.193750 0.017500 0.007500
6 0.556250 0.192500 0.020000 0.010000
6 0.530000 0.266250 0.020000 0.010000
6 0.528750 0.257500 0.020000 0.012500
6 0.523750 0.248750 0.015000 0.007500
6 0.523750 0.238750 0.020000 0.010000
6 0.520000 0.228750 0.017500 0.010000
6 0.518750 0.220000 0.017500 0.007500
6 0.515000 0.210000 0.020000 0.010000
6 0.510000 0.193750 0.020000 0.010000
6 0.506250 0.183750 0.017500 0.010000
6 0.500000 0.155000 0.020000 0.010000
6 0.545000 0.155000 0.020000 0.010000
6 0.828750 0.153750 0.020000 0.012500
6 0.820000 0.125000 0.017500 0.010000
6 0.812500 0.097500 0.020000 0.010000
6 0.522500 0.078750 0.020000 0.010000
6 0.545000 0.073750 0.020000 0.012500
6 0.226250 0.332500 0.017500 0.012500
6 0.113750 0.311250 0.017500 0.010000
