6 0.046250 0.102500 0.015000 0.020000
6 0.020000 0.108750 0.015000 0.017500
6 0.032500 0.078750 0.025000 0.027500
6 0.747500 0.633750 0.017500 0.022500
6 0.680000 0.738750 0.025000 0.010000
6 0.625000 0.765000 0.022500 0.010000
6 0.616250 0.780000 0.022500 0.010000
6 0.586250 0.785000 0.020000 0.010000
6 0.600000 0.801250 0.015000 0.012500
6 0.557500 0.843750 0.015000 0.015000
6 0.538750 0.828750 0.020000 0.015000
6 0.485000 0.766250 0.022500 0.015000
6 0.495000 0.781250 0.015000 0.015000
6 0.507500 0.796250 0.020000 0.022500
6 0.616250 0.952500 0.017500 0.017500
6 0.648750 0.996250 0.015000 0.015000
6 0.671250 0.983750 0.012500 0.017500
6 0.135000 0.285000 0.015000 0.017500
6 0.292500 0.458750 0.015000 0.020000
6 0.271250 0.461250 0.017500 0.017500
6 0.310000 0.486250 0.015000 0.017500
6 0.321250 0.515000 0.015000 0.017500
6 0.317500 0.537500 0.015000 0.017500
6 0.367500 0.596250 0.012500 0.015000
6 0.518750 0.793750 0.015000 0.020000
6 0.508750 0.828750 0.015000 0.012500
6 0.623750 0.915000 0.015000 0.015000
6 0.586250 0.863750 0.017500 0.017500
6 0.403750 0.340000 0.022500 0.020000
6 0.500000 0.275000 0.020000 0.017500
6 0.467500 0.291250 0.017500 0.015000
6 0.722500 0.147500 0.015000 0.012500
6 0.617500 0.206250 0.015000 0.012500
6 0.287500 0.306250 0.025000 0.017500
6 0.216250 0.956250 0.022500 0.015000
6 0.253750 0.411250 0.027500 0.030000
6 0.720000 0.588750 0.020000 0.017500
6 0.638750 0.477500 0.015000 0.015000
6 0.613750 0.445000 0.010000 0.012500
6 0.938750 0.620000 0.022500 0.012500
6 0.010000 0.618750 0.015000 0.012500
6 0.110000 0.238750 0.012500 0.015000
6 0.092500 0.225000 0.010000 0.015000
6 0.076250 0.356250 0.012500 0.017500
6 0.615000 0.792500 0.017500 0.010000
6 0.643750 0.768750 0.015000 0.010000
6 0.663750 0.766250 0.017500 0.012500
6 0.605000 0.776250 0.015000 0.010000
6 0.681250 0.747500 0.015000 0.010000
6 0.726250 0.755000 0.010000 0.012500
6 0.666250 0.757500 0.012500 0.010000
6 0.570000 0.840000 0.015000 0.020000
6 0.291250 0.473750 0.012500 0.012500
6 0.227500 0.508750 0.017500 0.010000
6 0.151250 0.547500 0.017500 0.010000
6 0.385000 0.633750 0.012500 0.015000
6 0.553750 0.800000 0.040000 0.022500
6 0.365000 0.883750 0.012500 0.007500
6 0.633750 0.977500 0.010000 0.015000
6 0.816250 0.945000 0.010000 0.012500
6 0.697500 0.726250 0.015000 0.010000
