6 0.878750 0.048750 0.010000 0.010000
6 0.878750 0.086250 0.015000 0.012500
6 0.322500 0.200000 0.020000 0.012500
6 0.671250 0.415000 0.017500 0.022500
6 0.671250 0.522500 0.025000 0.017500
6 0.873750 0.442500 0.022500 0.012500
6 0.925000 0.495000 0.015000 0.017500
6 0.932500 0.498750 0.017500 0.017500
6 0.947500 0.526250 0.017500 0.012500
6 0.938750 0.517500 0.017500 0.015000
6 0.982500 0.586250 0.017500 0.020000
6 0.877500 0.627500 0.025000 0.012500
6 0.957500 0.552500 0.020000 0.022500
6 0.851250 0.606250 0.012500 0.027500
6 0.763750 0.598750 0.017500 0.015000
6 0.870000 0.606250 0.020000 0.012500
6 0.970000 0.580000 0.010000 0.017500
6 0.588750 0.893750 0.012500 0.015000
6 0.992500 0.827500 0.032500 0.020000
6 0.898750 0.416250 0.015000 0.012500
6 0.960000 0.393750 0.015000 0.010000
6 0.912500 0.430000 0.015000 0.010000
6 0.918750 0.405000 0.017500 0.007500
6 0.178750 0.437500 0.012500 0.010000
6 0.088750 0.578750 0.010000 0.010000
6 0.280000 0.217500 0.017500 0.010000
6 0.556250 0.615000 0.012500 0.017500
6 0.951250 0.623750 0.017500 0.010000
6 0.796250 0.483750 0.017500 0.010000
6 0.841250 0.468750 0.017500 0.010000
