6 0.867500 0.316250 0.020000 0.015000
6 0.370000 0.970000 0.017500 0.012500
6 0.361250 0.977500 0.017500 0.012500
6 0.323750 0.967500 0.015000 0.015000
6 0.305000 0.956250 0.020000 0.015000
6 0.295000 0.952500 0.017500 0.020000
6 0.363750 0.935000 0.017500 0.017500
6 0.355000 0.930000 0.015000 0.015000
6 0.346250 0.926250 0.012500 0.015000
6 0.338750 0.921250 0.015000 0.015000
6 0.331250 0.915000 0.017500 0.015000
6 0.322500 0.910000 0.015000 0.015000
6 0.315000 0.903750 0.012500 0.012500
6 0.307500 0.897500 0.015000 0.017500
6 0.298750 0.892500 0.012500 0.017500
6 0.356250 0.261250 0.017500 0.010000
6 0.745000 0.998750 0.020000 0.015000
6 0.842500 0.992500 0.012500 0.020000
6 0.910000 0.850000 0.022500 0.037500
6 0.907500 0.728750 0.022500 0.015000
6 0.836250 0.753750 0.017500 0.010000
6 0.782500 0.756250 0.007500 0.010000
