6 0.973750 0.022500 0.020000 0.040000
6 0.730000 0.125000 0.032500 0.037500
6 0.297500 0.016250 0.015000 0.015000
6 0.367500 0.043750 0.017500 0.017500
6 0.373750 0.036250 0.015000 0.017500
6 0.323750 0.082500 0.015000 0.017500
6 0.352500 0.058750 0.015000 0.020000
6 0.295000 0.108750 0.012500 0.015000
6 0.248750 0.043750 0.015000 0.017500
6 0.256250 0.027500 0.017500 0.017500
6 0.268750 0.043750 0.012500 0.015000
6 0.220000 0.083750 0.022500 0.025000
6 0.316250 0.087500 0.015000 0.017500
6 0.313750 0.096250 0.015000 0.017500
6 0.266250 0.135000 0.015000 0.015000
6 0.288750 0.115000 0.015000 0.015000
6 0.302500 0.102500 0.017500 0.020000
6 0.306250 0.007500 0.015000 0.017500
6 0.281250 0.120000 0.012500 0.017500
6 0.148750 0.227500 0.027500 0.012500
6 0.133750 0.252500 0.010000 0.017500
6 0.125000 0.258750 0.012500 0.020000
6 0.116250 0.261250 0.012500 0.017500
6 0.107500 0.267500 0.012500 0.020000
6 0.100000 0.271250 0.010000 0.015000
6 0.090000 0.273750 0.010000 0.015000
6 0.081250 0.275000 0.010000 0.012500
6 0.061250 0.292500 0.010000 0.015000
6 0.037500 0.231250 0.012500 0.012500
6 0.010000 0.322500 0.010000 0.017500
6 0.028750 0.305000 0.020000 0.025000
6 0.015000 0.316250 0.012500 0.017500
6 0.995000 0.607500 0.015000 0.027500
6 0.986250 0.603750 0.015000 0.025000
6 0.967500 0.650000 0.042500 0.025000
6 0.905000 0.645000 0.017500 0.010000
6 0.998750 0.657500 0.015000 0.010000
6 0.942500 0.640000 0.017500 0.012500
6 0.902500 0.622500 0.020000 0.012500
6 0.882500 0.615000 0.017500 0.012500
6 0.860000 0.607500 0.020000 0.012500
6 0.942500 0.730000 0.020000 0.012500
6 0.817500 0.683750 0.020000 0.012500
6 0.818750 0.646250 0.020000 0.012500
6 0.885000 0.708750 0.017500 0.010000
6 0.812500 0.630000 0.017500 0.012500
6 0.758750 0.590000 0.020000 0.012500
6 0.686250 0.565000 0.020000 0.010000
6 0.585000 0.557500 0.017500 0.010000
6 0.537500 0.540000 0.017500 0.012500
6 0.637500 0.473750 0.010000 0.017500
6 0.646250 0.476250 0.010000 0.020000
6 0.656250 0.480000 0.010000 0.020000
6 0.666250 0.481250 0.010000 0.020000
6 0.676250 0.483750 0.010000 0.017500
6 0.683750 0.488750 0.012500 0.017500
6 0.523750 0.397500 0.015000 0.012500
6 0.455000 0.510000 0.017500 0.010000
6 0.436250 0.488750 0.017500 0.012500
6 0.397500 0.495000 0.017500 0.010000
6 0.361250 0.498750 0.020000 0.012500
6 0.392500 0.465000 0.067500 0.027500
6 0.327500 0.497500 0.015000 0.015000
6 0.308750 0.545000 0.020000 0.017500
6 0.290000 0.536250 0.017500 0.020000
6 0.203750 0.640000 0.017500 0.017500
6 0.177500 0.652500 0.017500 0.020000
6 0.236250 0.647500 0.015000 0.015000
6 0.170000 0.680000 0.017500 0.017500
6 0.132500 0.706250 0.015000 0.015000
6 0.170000 0.722500 0.015000 0.015000
6 0.112500 0.761250 0.015000 0.020000
6 0.033750 0.902500 0.030000 0.037500
6 0.033750 0.948750 0.010000 0.017500
6 0.042500 0.961250 0.012500 0.017500
6 0.022500 0.976250 0.010000 0.015000
6 0.451250 0.675000 0.020000 0.032500
6 0.466250 0.681250 0.020000 0.032500
6 0.485000 0.686250 0.017500 0.030000
6 0.497500 0.692500 0.022500 0.035000
6 0.517500 0.697500 0.020000 0.035000
6 0.528750 0.701250 0.022500 0.035000
6 0.548750 0.707500 0.017500 0.032500
6 0.560000 0.712500 0.020000 0.037500
6 0.306250 0.660000 0.055000 0.030000
6 0.321250 0.650000 0.050000 0.025000
6 0.325000 0.638750 0.052500 0.022500
6 0.333750 0.628750 0.060000 0.022500
6 0.341250 0.620000 0.052500 0.025000
6 0.348750 0.610000 0.055000 0.022500
6 0.398750 0.627500 0.057500 0.027500
6 0.405000 0.616250 0.052500 0.027500
6 0.357500 0.600000 0.050000 0.022500
6 0.411250 0.606250 0.055000 0.027500
6 0.365000 0.590000 0.042500 0.025000
6 0.530000 0.633750 0.052500 0.027500
6 0.478750 0.616250 0.050000 0.027500
6 0.433750 0.598750 0.052500 0.027500
6 0.385000 0.582500 0.045000 0.020000
6 0.412500 0.687500 0.017500 0.027500
6 0.427500 0.692500 0.015000 0.027500
6 0.555000 0.992500 0.007500 0.012500
6 0.561250 0.973750 0.010000 0.017500
6 0.567500 0.955000 0.012500 0.017500
6 0.575000 0.935000 0.010000 0.017500
6 0.581250 0.913750 0.010000 0.020000
6 0.610000 0.833750 0.015000 0.020000
6 0.617500 0.811250 0.012500 0.020000
6 0.651250 0.712500 0.010000 0.017500
6 0.551250 0.683750 0.022500 0.015000
6 0.552500 0.657500 0.022500 0.017500
6 0.586250 0.653750 0.020000 0.015000
6 0.978750 0.808750 0.035000 0.035000
6 0.586250 0.323750 0.015000 0.015000
6 0.595000 0.317500 0.017500 0.015000
6 0.463750 0.382500 0.015000 0.015000
6 0.452500 0.373750 0.017500 0.017500
6 0.478750 0.365000 0.017500 0.017500
6 0.471250 0.353750 0.020000 0.020000
6 0.487500 0.332500 0.015000 0.015000
6 0.500000 0.343750 0.017500 0.015000
6 0.515000 0.323750 0.015000 0.012500
6 0.511250 0.308750 0.017500 0.017500
6 0.531250 0.307500 0.015000 0.015000
6 0.551250 0.283750 0.017500 0.017500
6 0.547500 0.263750 0.012500 0.015000
6 0.567500 0.260000 0.017500 0.020000
6 0.586250 0.238750 0.017500 0.017500
6 0.618750 0.195000 0.012500 0.015000
6 0.881250 0.111250 0.017500 0.025000
6 0.967500 0.137500 0.022500 0.035000
6 0.916250 0.125000 0.017500 0.025000
6 0.565000 0.635000 0.047500 0.020000
6 0.603750 0.617500 0.022500 0.017500
6 0.897500 0.962500 0.020000 0.017500
6 0.930000 0.871250 0.022500 0.017500
6 0.943750 0.831250 0.017500 0.015000
6 0.952500 0.817500 0.022500 0.020000
6 0.842500 0.601250 0.012500 0.010000
6 0.796250 0.585000 0.010000 0.010000
6 0.737500 0.562500 0.012500 0.007500
6 0.765000 0.665000 0.017500 0.015000
6 0.098750 0.185000 0.022500 0.020000
6 0.998750 0.542500 0.017500 0.037500
