6 0.121250 0.105000 0.022500 0.017500
6 0.072500 0.075000 0.020000 0.020000
6 0.663750 0.026250 0.022500 0.020000
6 0.851250 0.177500 0.017500 0.015000
6 0.941250 0.176250 0.017500 0.015000
6 0.908750 0.328750 0.012500 0.015000
6 0.867500 0.382500 0.015000 0.015000
6 0.987500 0.633750 0.010000 0.017500
6 0.917500 0.711250 0.015000 0.015000
6 0.878750 0.775000 0.012500 0.015000
6 0.827500 0.852500 0.012500 0.015000
6 0.848750 0.843750 0.037500 0.047500
6 0.802500 0.905000 0.012500 0.017500
6 0.750000 0.971250 0.017500 0.017500
6 0.778750 0.927500 0.012500 0.015000
6 0.721250 0.640000 0.017500 0.017500
6 0.760000 0.551250 0.027500 0.042500
6 0.567500 0.852500 0.025000 0.032500
6 0.513750 0.937500 0.015000 0.017500
6 0.083750 0.646250 0.017500 0.020000
6 0.410000 0.673750 0.020000 0.015000
6 0.065000 0.386250 0.022500 0.020000
