6 0.596250 0.648750 0.012500 0.015000
6 0.618750 0.615000 0.012500 0.015000
6 0.628750 0.620000 0.015000 0.017500
6 0.716250 0.606250 0.017500 0.015000
6 0.446250 0.955000 0.015000 0.015000
6 0.447500 0.975000 0.012500 0.015000
6 0.461250 0.950000 0.012500 0.015000
6 0.426250 0.885000 0.022500 0.015000
6 0.352500 0.916250 0.020000 0.010000
6 0.330000 0.985000 0.017500 0.010000
6 0.246250 0.928750 0.020000 0.007500
6 0.178750 0.910000 0.017500 0.012500
6 0.016250 0.860000 0.017500 0.007500
6 0.745000 0.470000 0.010000 0.010000
6 0.723750 0.527500 0.010000 0.012500
6 0.722500 0.507500 0.015000 0.017500
