6 0.661250 0.018750 0.012500 0.015000
6 0.871250 0.105000 0.022500 0.017500
6 0.822500 0.075000 0.020000 0.020000
6 0.736250 0.768750 0.012500 0.012500
6 0.833750 0.646250 0.017500 0.020000
6 0.815000 0.386250 0.022500 0.020000
6 0.497500 0.212500 0.017500 0.020000
6 0.548750 0.118750 0.015000 0.020000
6 0.178750 0.828750 0.017500 0.012500
6 0.123750 0.815000 0.020000 0.017500
6 0.177500 0.708750 0.015000 0.020000
6 0.031250 0.592500 0.012500 0.010000
6 0.038750 0.573750 0.015000 0.012500
6 0.043750 0.565000 0.017500 0.012500
6 0.051250 0.557500 0.017500 0.012500
6 0.057500 0.551250 0.012500 0.010000
6 0.063750 0.543750 0.017500 0.012500
6 0.066250 0.532500 0.017500 0.012500
6 0.071250 0.526250 0.017500 0.015000
6 0.076250 0.517500 0.015000 0.012500
6 0.082500 0.510000 0.017500 0.017500
6 0.087500 0.501250 0.017500 0.012500
6 0.092500 0.493750 0.015000 0.012500
