6 0.831250 0.157500 0.015000 0.015000
6 0.726250 0.220000 0.015000 0.015000
6 0.665000 0.248750 0.012500 0.012500
6 0.762500 0.261250 0.020000 0.017500
6 0.772500 0.245000 0.010000 0.012500
6 0.751250 0.278750 0.012500 0.015000
6 0.718750 0.163750 0.015000 0.015000
6 0.770000 0.382500 0.017500 0.012500
6 0.756250 0.358750 0.017500 0.012500
6 0.783750 0.331250 0.012500 0.022500
6 0.825000 0.318750 0.020000 0.010000
6 0.851250 0.317500 0.015000 0.012500
6 0.857500 0.308750 0.020000 0.012500
6 0.611250 0.488750 0.017500 0.017500
6 0.620000 0.495000 0.015000 0.017500
6 0.655000 0.446250 0.017500 0.012500
6 0.636250 0.457500 0.012500 0.017500
6 0.645000 0.462500 0.015000 0.020000
6 0.691250 0.562500 0.015000 0.012500
6 0.712500 0.577500 0.020000 0.012500
6 0.866250 0.553750 0.015000 0.017500
6 0.876250 0.557500 0.015000 0.020000
6 0.892500 0.573750 0.020000 0.015000
6 0.908750 0.586250 0.015000 0.015000
6 0.878750 0.533750 0.015000 0.017500
6 0.886250 0.540000 0.015000 0.017500
6 0.888750 0.516250 0.012500 0.015000
6 0.896250 0.523750 0.015000 0.017500
6 0.903750 0.530000 0.015000 0.015000
6 0.893750 0.545000 0.012500 0.015000
6 0.898750 0.565000 0.017500 0.012500
6 0.915000 0.575000 0.015000 0.010000
6 0.930000 0.595000 0.010000 0.010000
6 0.916250 0.611250 0.017500 0.017500
6 0.905000 0.630000 0.015000 0.017500
6 0.893750 0.648750 0.015000 0.017500
6 0.881250 0.666250 0.017500 0.017500
6 0.880000 0.738750 0.015000 0.017500
6 0.893750 0.718750 0.015000 0.012500
6 0.885000 0.695000 0.015000 0.012500
6 0.891250 0.688750 0.015000 0.015000
6 0.895000 0.680000 0.015000 0.012500
6 0.898750 0.671250 0.012500 0.012500
6 0.903750 0.663750 0.012500 0.012500
6 0.907500 0.656250 0.015000 0.017500
6 0.911250 0.647500 0.012500 0.010000
6 0.923750 0.643750 0.012500 0.010000
6 0.925000 0.633750 0.015000 0.012500
6 0.930000 0.626250 0.015000 0.012500
6 0.933750 0.618750 0.017500 0.012500
6 0.938750 0.610000 0.012500 0.010000
6 0.943750 0.603750 0.012500 0.010000
6 0.822500 0.787500 0.017500 0.017500
6 0.828750 0.778750 0.017500 0.015000
6 0.678750 0.818750 0.015000 0.010000
6 0.737500 0.832500 0.012500 0.015000
6 0.760000 0.841250 0.010000 0.015000
6 0.748750 0.836250 0.007500 0.012500
6 0.831250 0.871250 0.015000 0.025000
6 0.851250 0.875000 0.010000 0.012500
6 0.858750 0.878750 0.007500 0.012500
6 0.956250 0.866250 0.020000 0.010000
6 0.902500 0.896250 0.012500 0.015000
6 0.895000 0.890000 0.010000 0.012500
6 0.876250 0.883750 0.007500 0.012500
6 0.891250 0.961250 0.020000 0.012500
6 0.922500 0.898750 0.012500 0.012500
6 0.671250 0.973750 0.010000 0.017500
6 0.681250 0.978750 0.010000 0.015000
6 0.690000 0.980000 0.012500 0.017500
6 0.547500 0.976250 0.012500 0.017500
6 0.528750 0.973750 0.015000 0.020000
6 0.520000 0.970000 0.012500 0.017500
6 0.501250 0.962500 0.010000 0.017500
6 0.541250 0.926250 0.010000 0.015000
6 0.532500 0.922500 0.007500 0.015000
6 0.522500 0.920000 0.010000 0.015000
6 0.496250 0.911250 0.010000 0.010000
6 0.452500 0.892500 0.010000 0.015000
6 0.428750 0.930000 0.020000 0.010000
6 0.427500 0.938750 0.017500 0.010000
6 0.420000 0.957500 0.020000 0.010000
6 0.416250 0.967500 0.020000 0.012500
6 0.410000 0.983750 0.022500 0.010000
6 0.405000 0.992500 0.017500 0.007500
6 0.395000 0.893750 0.017500 0.010000
6 0.391250 0.902500 0.015000 0.007500
6 0.388750 0.911250 0.015000 0.010000
6 0.385000 0.921250 0.017500 0.010000
6 0.382500 0.930000 0.020000 0.010000
6 0.378750 0.937500 0.020000 0.010000
6 0.376250 0.948750 0.015000 0.010000
6 0.370000 0.966250 0.017500 0.012500
6 0.363750 0.975000 0.017500 0.010000
6 0.362500 0.982500 0.020000 0.010000
6 0.357500 0.992500 0.017500 0.010000
6 0.596250 0.871250 0.017500 0.010000
6 0.657500 0.911250 0.030000 0.020000
6 0.592500 0.785000 0.010000 0.015000
6 0.581250 0.783750 0.007500 0.012500
6 0.572500 0.778750 0.010000 0.015000
6 0.563750 0.775000 0.010000 0.012500
6 0.555000 0.771250 0.010000 0.012500
6 0.547500 0.766250 0.012500 0.017500
6 0.530000 0.758750 0.015000 0.017500
6 0.521250 0.756250 0.007500 0.015000
6 0.457500 0.746250 0.020000 0.020000
6 0.511250 0.756250 0.012500 0.017500
6 0.990000 0.118750 0.017500 0.012500
6 0.995000 0.165000 0.020000 0.020000
6 0.235000 0.765000 0.020000 0.007500
6 0.166250 0.746250 0.030000 0.017500
6 0.122500 0.731250 0.015000 0.010000
6 0.106250 0.713750 0.017500 0.010000
6 0.070000 0.703750 0.020000 0.012500
6 0.082500 0.720000 0.012500 0.007500
6 0.338750 0.793750 0.017500 0.010000
6 0.167500 0.807500 0.020000 0.030000
6 0.183750 0.812500 0.015000 0.027500
6 0.241250 0.840000 0.022500 0.042500
6 0.257500 0.838750 0.015000 0.027500
6 0.148750 0.905000 0.017500 0.025000
6 0.166250 0.911250 0.017500 0.027500
6 0.195000 0.922500 0.015000 0.025000
6 0.207500 0.925000 0.015000 0.025000
6 0.225000 0.932500 0.017500 0.025000
6 0.238750 0.937500 0.017500 0.025000
6 0.253750 0.942500 0.015000 0.025000
6 0.042500 0.868750 0.012500 0.010000
6 0.046250 0.857500 0.012500 0.010000
6 0.002500 0.926250 0.020000 0.012500
6 0.006250 0.917500 0.015000 0.007500
6 0.172500 0.375000 0.012500 0.015000
6 0.001250 0.230000 0.020000 0.015000
6 0.098750 0.223750 0.012500 0.020000
6 0.915000 0.025000 0.022500 0.030000
6 0.987500 0.131250 0.017500 0.012500
6 0.791250 0.220000 0.015000 0.012500
6 0.166250 0.081250 0.022500 0.037500
6 0.478750 0.905000 0.010000 0.012500
6 0.878750 0.701250 0.012500 0.007500
6 0.953750 0.622500 0.012500 0.017500
6 0.656250 0.461250 0.007500 0.007500
6 0.666250 0.521250 0.010000 0.012500
6 0.676250 0.527500 0.010000 0.012500
6 0.686250 0.530000 0.007500 0.007500
6 0.660000 0.515000 0.007500 0.010000
6 0.602500 0.503750 0.010000 0.010000
6 0.947500 0.597500 0.017500 0.012500
6 0.043750 0.707500 0.032500 0.020000
6 0.348750 0.858750 0.020000 0.035000
