6 0.825000 0.157500 0.015000 0.015000
6 0.720000 0.220000 0.015000 0.015000
6 0.658750 0.248750 0.012500 0.012500
6 0.756250 0.261250 0.020000 0.017500
6 0.766250 0.245000 0.010000 0.012500
6 0.745000 0.278750 0.012500 0.015000
6 0.712500 0.163750 0.015000 0.015000
6 0.763750 0.382500 0.017500 0.012500
6 0.750000 0.358750 0.017500 0.012500
6 0.777500 0.331250 0.012500 0.022500
6 0.818750 0.318750 0.020000 0.010000
6 0.845000 0.317500 0.015000 0.012500
6 0.851250 0.308750 0.020000 0.012500
6 0.605000 0.488750 0.017500 0.017500
6 0.613750 0.495000 0.015000 0.017500
6 0.648750 0.446250 0.017500 0.012500
6 0.630000 0.457500 0.012500 0.017500
6 0.638750 0.462500 0.015000 0.020000
6 0.685000 0.562500 0.015000 0.012500
6 0.706250 0.577500 0.020000 0.012500
6 0.860000 0.553750 0.015000 0.017500
6 0.870000 0.557500 0.015000 0.020000
6 0.886250 0.573750 0.020000 0.015000
6 0.902500 0.586250 0.015000 0.015000
6 0.872500 0.533750 0.015000 0.017500
6 0.880000 0.540000 0.015000 0.017500
6 0.882500 0.516250 0.012500 0.015000
6 0.890000 0.523750 0.015000 0.017500
6 0.897500 0.530000 0.015000 0.015000
6 0.887500 0.545000 0.012500 0.015000
6 0.892500 0.565000 0.017500 0.012500
6 0.908750 0.575000 0.015000 0.010000
6 0.923750 0.595000 0.010000 0.010000
6 0.910000 0.611250 0.017500 0.017500
6 0.898750 0.630000 0.015000 0.017500
6 0.887500 0.648750 0.015000 0.017500
6 0.875000 0.666250 0.017500 0.017500
6 0.873750 0.738750 0.015000 0.017500
6 0.887500 0.718750 0.015000 0.012500
6 0.878750 0.695000 0.015000 0.012500
6 0.885000 0.688750 0.015000 0.015000
6 0.888750 0.680000 0.015000 0.012500
6 0.892500 0.671250 0.012500 0.012500
6 0.897500 0.663750 0.012500 0.012500
6 0.901250 0.656250 0.015000 0.017500
6 0.905000 0.647500 0.012500 0.010000
6 0.917500 0.643750 0.012500 0.010000
6 0.918750 0.633750 0.015000 0.012500
6 0.923750 0.626250 0.015000 0.012500
6 0.927500 0.618750 0.017500 0.012500
6 0.932500 0.610000 0.012500 0.010000
6 0.937500 0.603750 0.012500 0.010000
6 0.816250 0.787500 0.017500 0.017500
6 0.822500 0.778750 0.017500 0.015000
6 0.672500 0.818750 0.015000 0.010000
6 0.731250 0.832500 0.012500 0.015000
6 0.753750 0.841250 0.010000 0.015000
6 0.742500 0.836250 0.007500 0.012500
6 0.825000 0.871250 0.015000 0.025000
6 0.845000 0.875000 0.010000 0.012500
6 0.852500 0.878750 0.007500 0.012500
6 0.950000 0.866250 0.020000 0.010000
6 0.896250 0.896250 0.012500 0.015000
6 0.888750 0.890000 0.010000 0.012500
6 0.870000 0.883750 0.007500 0.012500
6 0.885000 0.961250 0.020000 0.012500
6 0.916250 0.898750 0.012500 0.012500
6 0.665000 0.973750 0.010000 0.017500
6 0.675000 0.978750 0.010000 0.015000
6 0.683750 0.980000 0.012500 0.017500
6 0.541250 0.976250 0.012500 0.017500
6 0.522500 0.973750 0.015000 0.020000
6 0.513750 0.970000 0.012500 0.017500
6 0.495000 0.962500 0.010000 0.017500
6 0.535000 0.926250 0.010000 0.015000
6 0.526250 0.922500 0.007500 0.015000
6 0.516250 0.920000 0.010000 0.015000
6 0.490000 0.911250 0.010000 0.010000
6 0.446250 0.892500 0.010000 0.015000
6 0.422500 0.930000 0.020000 0.010000
6 0.421250 0.938750 0.017500 0.010000
6 0.413750 0.957500 0.020000 0.010000
6 0.410000 0.967500 0.020000 0.012500
6 0.403750 0.983750 0.022500 0.010000
6 0.398750 0.992500 0.017500 0.007500
6 0.388750 0.893750 0.017500 0.010000
6 0.385000 0.902500 0.015000 0.007500
6 0.382500 0.911250 0.015000 0.010000
6 0.378750 0.921250 0.017500 0.010000
6 0.376250 0.930000 0.020000 0.010000
6 0.372500 0.937500 0.020000 0.010000
6 0.370000 0.948750 0.015000 0.010000
6 0.363750 0.966250 0.017500 0.012500
6 0.357500 0.975000 0.017500 0.010000
6 0.356250 0.982500 0.020000 0.010000
6 0.351250 0.992500 0.017500 0.010000
6 0.590000 0.871250 0.017500 0.010000
6 0.651250 0.911250 0.030000 0.020000
6 0.586250 0.785000 0.010000 0.015000
6 0.575000 0.783750 0.007500 0.012500
6 0.566250 0.778750 0.010000 0.015000
6 0.557500 0.775000 0.010000 0.012500
6 0.548750 0.771250 0.010000 0.012500
6 0.541250 0.766250 0.012500 0.017500
6 0.523750 0.758750 0.015000 0.017500
6 0.515000 0.756250 0.007500 0.015000
6 0.451250 0.746250 0.020000 0.020000
6 0.505000 0.756250 0.012500 0.017500
6 0.983750 0.118750 0.017500 0.012500
6 0.988750 0.165000 0.020000 0.020000
6 0.228750 0.765000 0.020000 0.007500
6 0.160000 0.746250 0.030000 0.017500
6 0.116250 0.731250 0.015000 0.010000
6 0.100000 0.713750 0.017500 0.010000
6 0.063750 0.703750 0.020000 0.012500
6 0.076250 0.720000 0.012500 0.007500
6 0.332500 0.793750 0.017500 0.010000
6 0.161250 0.807500 0.020000 0.030000
6 0.177500 0.812500 0.015000 0.027500
6 0.235000 0.840000 0.022500 0.042500
6 0.251250 0.838750 0.015000 0.027500
6 0.142500 0.905000 0.017500 0.025000
6 0.160000 0.911250 0.017500 0.027500
6 0.188750 0.922500 0.015000 0.025000
6 0.201250 0.925000 0.015000 0.025000
6 0.218750 0.932500 0.017500 0.025000
6 0.232500 0.937500 0.017500 0.025000
6 0.247500 0.942500 0.015000 0.025000
6 0.036250 0.868750 0.012500 0.010000
6 0.040000 0.857500 0.012500 0.010000
6 0.000000 0.917500 0.015000 0.007500
6 0.166250 0.375000 0.012500 0.015000
6 0.092500 0.223750 0.012500 0.020000
6 0.908750 0.025000 0.022500 0.030000
6 0.981250 0.131250 0.017500 0.012500
6 0.785000 0.220000 0.015000 0.012500
6 0.160000 0.081250 0.022500 0.037500
6 0.472500 0.905000 0.010000 0.012500
6 0.872500 0.701250 0.012500 0.007500
6 0.947500 0.622500 0.012500 0.017500
6 0.650000 0.461250 0.007500 0.007500
6 0.660000 0.521250 0.010000 0.012500
6 0.670000 0.527500 0.010000 0.012500
6 0.680000 0.530000 0.007500 0.007500
6 0.653750 0.515000 0.007500 0.010000
6 0.596250 0.503750 0.010000 0.010000
6 0.941250 0.597500 0.017500 0.012500
6 0.037500 0.707500 0.032500 0.020000
6 0.342500 0.858750 0.020000 0.035000
