6 0.370000 0.220000 0.017500 0.012500
6 0.361250 0.227500 0.017500 0.012500
6 0.323750 0.217500 0.015000 0.015000
6 0.305000 0.206250 0.020000 0.015000
6 0.295000 0.202500 0.017500 0.020000
6 0.363750 0.185000 0.017500 0.017500
6 0.355000 0.180000 0.015000 0.015000
6 0.346250 0.176250 0.012500 0.015000
6 0.338750 0.171250 0.015000 0.015000
6 0.331250 0.165000 0.017500 0.015000
6 0.322500 0.160000 0.015000 0.015000
6 0.315000 0.153750 0.012500 0.012500
6 0.307500 0.147500 0.015000 0.017500
6 0.298750 0.142500 0.012500 0.017500
6 0.978750 0.783750 0.020000 0.007500
6 0.910000 0.765000 0.030000 0.017500
6 0.866250 0.750000 0.015000 0.010000
6 0.850000 0.732500 0.017500 0.010000
6 0.813750 0.722500 0.020000 0.012500
6 0.826250 0.738750 0.012500 0.007500
6 0.911250 0.826250 0.020000 0.030000
6 0.927500 0.831250 0.015000 0.027500
6 0.985000 0.858750 0.022500 0.042500
6 0.892500 0.923750 0.017500 0.025000
6 0.910000 0.930000 0.017500 0.027500
6 0.938750 0.941250 0.015000 0.025000
6 0.951250 0.943750 0.015000 0.025000
6 0.968750 0.951250 0.017500 0.025000
6 0.982500 0.956250 0.017500 0.025000
6 0.997500 0.961250 0.015000 0.025000
6 0.615000 0.872500 0.017500 0.010000
6 0.786250 0.887500 0.012500 0.010000
6 0.790000 0.876250 0.012500 0.010000
6 0.655000 0.656250 0.017500 0.010000
6 0.588750 0.633750 0.042500 0.020000
6 0.627500 0.645000 0.020000 0.010000
6 0.528750 0.610000 0.020000 0.017500
6 0.467500 0.581250 0.027500 0.020000
6 0.438750 0.563750 0.017500 0.012500
6 0.402500 0.546250 0.040000 0.025000
6 0.373750 0.528750 0.015000 0.012500
6 0.692500 0.978750 0.012500 0.015000
6 0.685000 0.998750 0.012500 0.017500
6 0.720000 0.997500 0.017500 0.012500
6 0.727500 0.990000 0.012500 0.010000
6 0.728750 0.981250 0.015000 0.010000
6 0.731250 0.971250 0.015000 0.010000
6 0.737500 0.962500 0.015000 0.007500
6 0.741250 0.953750 0.015000 0.007500
6 0.746250 0.945000 0.020000 0.012500
6 0.750000 0.936250 0.015000 0.007500
6 0.133750 0.746250 0.040000 0.020000
6 0.082500 0.736250 0.010000 0.012500
6 0.051250 0.877500 0.010000 0.017500
6 0.013750 0.963750 0.012500 0.015000
6 0.030000 0.927500 0.022500 0.040000
6 0.080000 0.991250 0.055000 0.027500
6 0.100000 0.936250 0.055000 0.030000
6 0.101250 0.922500 0.050000 0.025000
6 0.107500 0.911250 0.050000 0.022500
6 0.111250 0.880000 0.030000 0.020000
6 0.121250 0.852500 0.030000 0.020000
6 0.182500 0.955000 0.032500 0.020000
6 0.187500 0.935000 0.030000 0.017500
6 0.208750 0.880000 0.035000 0.020000
6 0.135000 0.535000 0.015000 0.022500
6 0.147500 0.501250 0.012500 0.020000
6 0.015000 0.581250 0.012500 0.015000
6 0.040000 0.495000 0.020000 0.012500
6 0.916250 0.393750 0.012500 0.015000
6 0.745000 0.248750 0.020000 0.015000
6 0.842500 0.242500 0.012500 0.020000
6 0.910000 0.100000 0.022500 0.037500
6 0.836250 0.003750 0.017500 0.010000
6 0.580000 0.592500 0.017500 0.012500
6 0.230000 0.506250 0.017500 0.012500
6 0.787500 0.726250 0.032500 0.020000
6 0.782500 0.006250 0.007500 0.010000
