6 0.616250 0.132500 0.020000 0.017500
6 0.560000 0.185000 0.017500 0.017500
6 0.471250 0.297500 0.015000 0.017500
6 0.423750 0.365000 0.015000 0.015000
6 0.436250 0.372500 0.012500 0.020000
6 0.292500 0.566250 0.015000 0.017500
6 0.435000 0.505000 0.025000 0.040000
6 0.465000 0.543750 0.007500 0.017500
6 0.483750 0.557500 0.010000 0.020000
6 0.495000 0.563750 0.007500 0.017500
6 0.526250 0.587500 0.007500 0.017500
6 0.822500 0.996250 0.020000 0.015000
6 0.803750 0.983750 0.017500 0.015000
6 0.763750 0.958750 0.015000 0.015000
6 0.746250 0.948750 0.017500 0.015000
6 0.727500 0.937500 0.015000 0.012500
6 0.722500 0.945000 0.017500 0.015000
6 0.635000 0.998750 0.012500 0.022500
6 0.643750 0.991250 0.012500 0.017500
6 0.650000 0.977500 0.012500 0.017500
6 0.656250 0.961250 0.010000 0.017500
6 0.671250 0.945000 0.007500 0.012500
6 0.678750 0.937500 0.010000 0.020000
6 0.682500 0.925000 0.007500 0.015000
6 0.692500 0.917500 0.017500 0.017500
6 0.458750 0.993750 0.022500 0.015000
6 0.475000 0.970000 0.017500 0.010000
6 0.463750 0.985000 0.020000 0.012500
6 0.706250 0.942500 0.012500 0.012500
6 0.603750 0.955000 0.017500 0.025000
6 0.416250 0.847500 0.052500 0.042500
6 0.583750 0.801250 0.017500 0.017500
6 0.593750 0.783750 0.020000 0.017500
6 0.608750 0.770000 0.017500 0.012500
6 0.530000 0.846250 0.035000 0.040000
6 0.582500 0.623750 0.007500 0.015000
6 0.597500 0.631250 0.010000 0.017500
6 0.570000 0.675000 0.037500 0.027500
6 0.987500 0.945000 0.027500 0.037500
6 0.782500 0.493750 0.015000 0.012500
6 0.606250 0.870000 0.035000 0.045000
6 0.702500 0.806250 0.047500 0.065000
6 0.970000 0.927500 0.022500 0.032500
6 0.968750 0.950000 0.032500 0.045000
6 0.585000 0.658750 0.025000 0.022500
6 0.661250 0.932500 0.012500 0.015000
6 0.782500 0.970000 0.020000 0.012500
6 0.961250 0.895000 0.017500 0.027500
