6 0.926250 0.892500 0.022500 0.010000
6 0.916250 0.871250 0.022500 0.015000
6 0.807500 0.842500 0.020000 0.012500
6 0.748750 0.812500 0.020000 0.010000
6 0.785000 0.813750 0.017500 0.012500
6 0.610000 0.771250 0.017500 0.012500
6 0.550000 0.730000 0.022500 0.012500
6 0.641250 0.713750 0.017500 0.012500
6 0.692500 0.776250 0.017500 0.012500
6 0.477500 0.712500 0.017500 0.012500
6 0.357500 0.648750 0.020000 0.015000
6 0.310000 0.616250 0.020000 0.015000
6 0.498750 0.646250 0.027500 0.020000
6 0.277500 0.516250 0.022500 0.012500
6 0.501250 0.601250 0.020000 0.015000
6 0.281250 0.567500 0.020000 0.012500
6 0.592500 0.643750 0.055000 0.037500
6 0.685000 0.643750 0.025000 0.017500
6 0.736250 0.663750 0.030000 0.020000
6 0.183750 0.583750 0.015000 0.010000
6 0.078750 0.547500 0.022500 0.010000
6 0.116250 0.546250 0.017500 0.012500
6 0.045000 0.470000 0.045000 0.025000
6 0.046250 0.453750 0.045000 0.022500
6 0.001250 0.498750 0.020000 0.012500
6 0.037500 0.432500 0.017500 0.010000
6 0.367500 0.550000 0.015000 0.012500
6 0.132500 0.470000 0.017500 0.010000
