6 0.978750 0.067500 0.017500 0.027500
6 0.991250 0.072500 0.017500 0.027500
6 0.617500 0.867500 0.032500 0.017500
6 0.620000 0.858750 0.035000 0.017500
6 0.968750 0.033750 0.022500 0.050000
6 0.793750 0.938750 0.015000 0.012500
6 0.796250 0.930000 0.012500 0.010000
6 0.798750 0.925000 0.012500 0.010000
6 0.808750 0.683750 0.007500 0.017500
6 0.803750 0.681250 0.007500 0.017500
6 0.393750 0.712500 0.012500 0.010000
6 0.392500 0.710000 0.012500 0.007500
6 0.388750 0.706250 0.012500 0.007500
6 0.953750 0.571250 0.020000 0.015000
6 0.873750 0.381250 0.012500 0.022500
6 0.882500 0.382500 0.010000 0.020000
6 0.898750 0.388750 0.012500 0.022500
6 0.830000 0.860000 0.017500 0.025000
6 0.856250 0.797500 0.015000 0.027500
6 0.837500 0.832500 0.015000 0.025000
6 0.893750 0.382500 0.007500 0.012500
