6 0.392500 0.753750 0.010000 0.017500
6 0.902500 0.827500 0.010000 0.005000
6 0.313750 0.770000 0.012500 0.032500
6 0.325000 0.762500 0.012500 0.042500
6 0.362500 0.743750 0.015000 0.045000
6 0.358750 0.786250 0.012500 0.025000
6 0.926250 0.917500 0.017500 0.032500
6 0.957500 0.813750 0.032500 0.010000
6 0.357500 0.878750 0.015000 0.032500
6 0.336250 0.755000 0.012500 0.027500
6 0.301250 0.770000 0.012500 0.025000
6 0.376250 0.703750 0.010000 0.020000
6 0.403750 0.862500 0.007500 0.025000
