6 0.872500 0.151250 0.020000 0.010000
6 0.876250 0.087500 0.025000 0.015000
6 0.896250 0.145000 0.015000 0.012500
6 0.878750 0.095000 0.017500 0.010000
6 0.628750 0.307500 0.010000 0.012500
6 0.476250 0.263750 0.017500 0.012500
6 0.381250 0.246250 0.030000 0.012500
6 0.407500 0.235000 0.017500 0.010000
6 0.368750 0.280000 0.022500 0.012500
6 0.220000 0.298750 0.017500 0.012500
6 0.190000 0.322500 0.022500 0.012500
6 0.221250 0.358750 0.022500 0.015000
6 0.111250 0.368750 0.020000 0.010000
6 0.051250 0.368750 0.022500 0.010000
6 0.567500 0.218750 0.022500 0.015000
6 0.278750 0.291250 0.015000 0.010000
6 0.852500 0.318750 0.012500 0.012500
6 0.210000 0.893750 0.015000 0.012500
6 0.200000 0.897500 0.012500 0.012500
6 0.215000 0.936250 0.012500 0.015000
6 0.226250 0.931250 0.010000 0.012500
6 0.253750 0.918750 0.022500 0.012500
6 0.278750 0.917500 0.012500 0.012500
6 0.323750 0.976250 0.012500 0.012500
6 0.932500 0.105000 0.017500 0.012500
6 0.646250 0.343750 0.015000 0.015000
6 0.333750 0.328750 0.010000 0.017500
6 0.388750 0.253750 0.017500 0.010000
6 0.093750 0.392500 0.015000 0.010000
6 0.186250 0.350000 0.015000 0.012500
6 0.172500 0.523750 0.025000 0.015000
6 0.135000 0.718750 0.012500 0.015000
6 0.157500 0.743750 0.015000 0.017500
