6 0.371250 0.786250 0.022500 0.020000
6 0.327500 0.830000 0.020000 0.017500
6 0.302500 0.867500 0.015000 0.017500
6 0.218750 0.933750 0.015000 0.020000
6 0.167500 0.960000 0.017500 0.010000
6 0.106250 0.972500 0.027500 0.017500
6 0.023750 0.901250 0.027500 0.027500
6 0.003750 0.958750 0.025000 0.032500
6 0.020000 0.937500 0.020000 0.025000
6 0.355000 0.771250 0.017500 0.015000
6 0.345000 0.781250 0.025000 0.017500
6 0.265000 0.882500 0.027500 0.020000
6 0.195000 0.932500 0.012500 0.012500
6 0.151250 0.971250 0.017500 0.012500
6 0.145000 0.962500 0.025000 0.015000
6 0.085000 0.940000 0.015000 0.015000
6 0.073750 0.923750 0.017500 0.017500
6 0.687500 0.672500 0.022500 0.022500
