6 0.170000 0.111250 0.015000 0.015000
6 0.147500 0.107500 0.012500 0.012500
6 0.160000 0.096250 0.012500 0.010000
6 0.153750 0.091250 0.015000 0.010000
6 0.138750 0.100000 0.015000 0.010000
6 0.146250 0.087500 0.015000 0.012500
6 0.132500 0.095000 0.015000 0.010000
6 0.123750 0.090000 0.017500 0.010000
6 0.141250 0.080000 0.015000 0.007500
6 0.135000 0.075000 0.012500 0.012500
6 0.117500 0.083750 0.015000 0.012500
6 0.108750 0.077500 0.015000 0.015000
6 0.107500 0.071250 0.015000 0.012500
6 0.095000 0.070000 0.015000 0.015000
6 0.086250 0.093750 0.015000 0.017500
6 0.100000 0.111250 0.017500 0.010000
6 0.090000 0.051250 0.015000 0.012500
6 0.083750 0.043750 0.015000 0.010000
6 0.076250 0.038750 0.020000 0.012500
6 0.098750 0.030000 0.017500 0.007500
6 0.235000 0.221250 0.017500 0.015000
6 0.407500 0.273750 0.017500 0.012500
6 0.396250 0.276250 0.017500 0.012500
6 0.387500 0.281250 0.015000 0.012500
6 0.378750 0.303750 0.012500 0.017500
6 0.368750 0.315000 0.010000 0.015000
6 0.368750 0.288750 0.012500 0.015000
6 0.361250 0.318750 0.015000 0.017500
6 0.347500 0.320000 0.020000 0.017500
6 0.353750 0.306250 0.012500 0.017500
6 0.352500 0.286250 0.015000 0.017500
6 0.343750 0.290000 0.015000 0.017500
6 0.322500 0.330000 0.012500 0.015000
6 0.316250 0.335000 0.010000 0.012500
6 0.305000 0.338750 0.015000 0.017500
6 0.330000 0.305000 0.015000 0.015000
6 0.312500 0.312500 0.012500 0.015000
6 0.322500 0.312500 0.020000 0.022500
6 0.141250 0.277500 0.017500 0.015000
6 0.145000 0.283750 0.015000 0.010000
6 0.150000 0.292500 0.015000 0.010000
6 0.151250 0.300000 0.015000 0.010000
6 0.158750 0.276250 0.017500 0.012500
6 0.171250 0.268750 0.022500 0.010000
6 0.220000 0.256250 0.020000 0.012500
6 0.225000 0.272500 0.017500 0.010000
6 0.210000 0.270000 0.020000 0.010000
6 0.190000 0.267500 0.022500 0.015000
6 0.700000 0.411250 0.047500 0.052500
6 0.730000 0.475000 0.010000 0.010000
6 0.167500 0.520000 0.012500 0.010000
6 0.181250 0.532500 0.020000 0.015000
6 0.988750 0.723750 0.020000 0.012500
6 0.972500 0.741250 0.012500 0.015000
6 0.930000 0.748750 0.022500 0.015000
6 0.921250 0.768750 0.020000 0.017500
6 0.875000 0.795000 0.020000 0.012500
6 0.843750 0.786250 0.020000 0.010000
6 0.846250 0.806250 0.020000 0.017500
6 0.725000 0.833750 0.025000 0.015000
6 0.705000 0.937500 0.010000 0.010000
6 0.716250 0.931250 0.012500 0.007500
6 0.696250 0.962500 0.017500 0.017500
6 0.382500 0.973750 0.020000 0.015000
6 0.781250 0.815000 0.022500 0.015000
6 0.520000 0.945000 0.020000 0.015000
6 0.620000 0.907500 0.017500 0.012500
6 0.548750 0.908750 0.015000 0.010000
6 0.643750 0.871250 0.017500 0.010000
6 0.702500 0.876250 0.017500 0.010000
6 0.928750 0.781250 0.015000 0.012500
6 0.981250 0.783750 0.022500 0.017500
6 0.632500 0.816250 0.022500 0.022500
6 0.305000 0.320000 0.012500 0.012500
6 0.377500 0.282500 0.012500 0.012500
6 0.313750 0.998750 0.015000 0.010000
6 0.213750 0.200000 0.015000 0.010000
6 0.227500 0.211250 0.017500 0.012500
6 0.898750 0.780000 0.020000 0.015000
