6 0.951250 0.966250 0.012500 0.015000
6 0.941250 0.972500 0.007500 0.012500
6 0.910000 0.980000 0.010000 0.012500
6 0.865000 0.906250 0.020000 0.010000
6 0.885000 0.947500 0.017500 0.012500
6 0.887500 0.981250 0.012500 0.020000
6 0.928750 0.973750 0.017500 0.020000
6 0.653750 0.980000 0.025000 0.015000
6 0.656250 0.987500 0.017500 0.010000
6 0.652500 0.776250 0.015000 0.012500
6 0.658750 0.790000 0.012500 0.012500
6 0.710000 0.997500 0.017500 0.012500
6 0.946250 0.946250 0.020000 0.012500
