6 0.015000 0.387500 0.017500 0.017500
6 0.088750 0.490000 0.017500 0.020000
6 0.906250 0.042500 0.012500 0.020000
6 0.940000 0.040000 0.020000 0.015000
6 0.945000 0.051250 0.012500 0.012500
6 0.956250 0.061250 0.010000 0.015000
6 0.940000 0.096250 0.012500 0.015000
6 0.987500 0.110000 0.020000 0.017500
6 0.968750 0.098750 0.012500 0.020000
6 0.557500 0.958750 0.012500 0.015000
6 0.513750 0.848750 0.015000 0.017500
6 0.181250 0.616250 0.015000 0.017500
6 0.302500 0.677500 0.012500 0.012500
6 0.312500 0.690000 0.012500 0.015000
6 0.278750 0.460000 0.017500 0.017500
6 0.886250 0.622500 0.010000 0.017500
6 0.783750 0.603750 0.020000 0.017500
6 0.765000 0.681250 0.015000 0.020000
6 0.621250 0.723750 0.015000 0.012500
6 0.856250 0.918750 0.012500 0.015000
6 0.946250 0.018750 0.012500 0.012500
