6 0.647500 0.123750 0.017500 0.005000
6 0.506250 0.041250 0.017500 0.007500
6 0.466250 0.127500 0.007500 0.005000
6 0.357500 0.118750 0.017500 0.010000
6 0.632500 0.132500 0.025000 0.010000
6 0.677500 0.033750 0.017500 0.007500
6 0.726250 0.031250 0.020000 0.007500
6 0.680000 0.125000 0.015000 0.007500
6 0.740000 0.040000 0.015000 0.007500
6 0.881250 0.117500 0.020000 0.007500
6 0.993750 0.027500 0.022500 0.007500
6 0.912500 0.135000 0.022500 0.015000
6 0.947500 0.123750 0.015000 0.012500
6 0.901250 0.035000 0.012500 0.007500
6 0.108750 0.128750 0.010000 0.005000
6 0.330000 0.133750 0.020000 0.010000
6 0.072500 0.117500 0.012500 0.012500
6 0.445000 0.027500 0.007500 0.005000
6 0.295000 0.131250 0.012500 0.007500
6 0.020000 0.041250 0.022500 0.012500
6 0.938750 0.040000 0.020000 0.005000
6 0.878750 0.126250 0.012500 0.007500
6 0.857500 0.010000 0.020000 0.010000
6 0.178750 0.040000 0.020000 0.012500
6 0.545000 0.026250 0.007500 0.005000
6 0.052500 0.030000 0.007500 0.005000
6 0.787500 0.140000 0.015000 0.012500
6 0.837500 0.117500 0.015000 0.005000
6 0.765000 0.125000 0.017500 0.012500
6 0.395000 0.131250 0.050000 0.015000
6 0.832500 0.038750 0.020000 0.007500
6 0.253750 0.117500 0.015000 0.015000
6 0.587500 0.036250 0.020000 0.010000
6 0.802500 0.028750 0.020000 0.010000
6 0.022500 0.138750 0.027500 0.010000
6 0.995000 0.120000 0.025000 0.015000
6 0.593750 0.118750 0.017500 0.007500
6 0.865000 0.131250 0.010000 0.005000
6 0.375000 0.123750 0.010000 0.007500
6 0.148750 0.121250 0.017500 0.005000
6 0.368750 0.036250 0.022500 0.005000
6 0.402500 0.041250 0.017500 0.012500
6 0.345000 0.127500 0.015000 0.012500
6 0.551250 0.138750 0.022500 0.017500
6 0.611250 0.147500 0.015000 0.010000
