6 0.515000 0.007500 0.047500 0.015000
6 0.275000 0.126250 0.020000 0.007500
6 0.076250 0.496250 0.012500 0.027500
6 0.062500 0.496250 0.012500 0.027500
6 0.235000 0.506250 0.015000 0.020000
6 0.858750 0.128750 0.010000 0.005000
6 0.822500 0.117500 0.012500 0.012500
6 0.770000 0.041250 0.022500 0.012500
6 0.722500 0.121250 0.027500 0.012500
6 0.273750 0.145000 0.012500 0.005000
6 0.261250 0.417500 0.017500 0.010000
6 0.928750 0.040000 0.020000 0.012500
6 0.802500 0.030000 0.007500 0.005000
6 0.240000 0.487500 0.007500 0.007500
6 0.251250 0.480000 0.017500 0.012500
6 0.772500 0.138750 0.027500 0.010000
6 0.268750 0.356250 0.010000 0.005000
6 0.268750 0.363750 0.017500 0.007500
6 0.632500 0.125000 0.017500 0.010000
6 0.530000 0.137500 0.020000 0.007500
6 0.666250 0.126250 0.017500 0.010000
6 0.706250 0.128750 0.007500 0.005000
6 0.266250 0.383750 0.007500 0.005000
6 0.262500 0.405000 0.012500 0.007500
6 0.898750 0.121250 0.017500 0.005000
6 0.666250 0.037500 0.017500 0.010000
6 0.518750 0.118750 0.025000 0.007500
