6 0.233750 0.926250 0.015000 0.010000
6 0.272500 0.645000 0.022500 0.022500
6 0.113750 0.355000 0.010000 0.017500
6 0.390000 0.345000 0.017500 0.012500
6 0.310000 0.460000 0.035000 0.022500
6 0.350000 0.442500 0.035000 0.012500
6 0.340000 0.468750 0.035000 0.017500
6 0.411250 0.381250 0.032500 0.017500
6 0.433750 0.432500 0.037500 0.017500
6 0.473750 0.432500 0.020000 0.012500
6 0.510000 0.416250 0.017500 0.012500
6 0.978750 0.200000 0.017500 0.015000
6 0.731250 0.161250 0.012500 0.012500
6 0.607500 0.262500 0.015000 0.010000
6 0.565000 0.342500 0.015000 0.007500
6 0.955000 0.043750 0.020000 0.007500
6 0.918750 0.055000 0.022500 0.010000
6 0.831250 0.121250 0.020000 0.010000
6 0.965000 0.008750 0.015000 0.022500
6 0.975000 0.051250 0.015000 0.015000
6 0.752500 0.083750 0.005000 0.015000
6 0.938750 0.085000 0.027500 0.010000
6 0.755000 0.150000 0.010000 0.015000
6 0.925000 0.018750 0.020000 0.020000
6 0.976250 0.093750 0.012500 0.015000
6 0.938750 0.017500 0.012500 0.022500
6 0.978750 0.033750 0.015000 0.007500
6 0.972500 0.002500 0.010000 0.017500
6 0.957500 0.101250 0.017500 0.017500
6 0.928750 0.072500 0.012500 0.015000
6 0.942500 0.155000 0.010000 0.007500
6 0.685000 0.105000 0.010000 0.012500
6 0.837500 0.102500 0.012500 0.010000
6 0.833750 0.085000 0.027500 0.012500
6 0.922500 0.065000 0.020000 0.007500
6 0.912500 0.041250 0.020000 0.005000
6 0.313750 0.251250 0.017500 0.017500
6 0.990000 0.081250 0.012500 0.020000
6 0.966250 0.036250 0.012500 0.017500
6 0.787500 0.142500 0.015000 0.020000
6 0.965000 0.061250 0.022500 0.012500
6 0.777500 0.073750 0.012500 0.025000
6 0.321250 0.290000 0.025000 0.017500
6 0.950000 0.010000 0.012500 0.020000
6 0.828750 0.073750 0.020000 0.012500
6 0.831250 0.130000 0.017500 0.007500
6 0.705000 0.100000 0.015000 0.020000
6 0.991250 0.043750 0.012500 0.017500
6 0.902500 0.173750 0.015000 0.007500
6 0.311250 0.273750 0.017500 0.017500
