6 0.530000 0.241250 0.030000 0.035000
6 0.520000 0.247500 0.022500 0.027500
6 0.512500 0.250000 0.017500 0.022500
6 0.496250 0.251250 0.017500 0.025000
6 0.487500 0.255000 0.012500 0.027500
6 0.623750 0.213750 0.010000 0.017500
6 0.521250 0.048750 0.045000 0.030000
6 0.542500 0.087500 0.050000 0.022500
6 0.552500 0.100000 0.050000 0.020000
6 0.228750 0.200000 0.017500 0.015000
6 0.593750 0.022500 0.045000 0.035000
6 0.205000 0.043750 0.020000 0.007500
6 0.525000 0.066250 0.057500 0.012500
6 0.168750 0.055000 0.022500 0.010000
6 0.081250 0.121250 0.020000 0.010000
6 0.215000 0.008750 0.015000 0.022500
6 0.225000 0.051250 0.015000 0.015000
6 0.267500 0.032500 0.020000 0.002500
6 0.565000 0.150000 0.052500 0.017500
6 0.002500 0.083750 0.005000 0.015000
6 0.188750 0.085000 0.027500 0.010000
6 0.005000 0.150000 0.010000 0.015000
6 0.175000 0.018750 0.020000 0.020000
6 0.226250 0.093750 0.012500 0.015000
6 0.566250 0.136250 0.050000 0.012500
6 0.188750 0.017500 0.012500 0.022500
6 0.228750 0.033750 0.015000 0.007500
6 0.222500 0.002500 0.010000 0.017500
6 0.207500 0.101250 0.017500 0.017500
6 0.255000 0.067500 0.010000 0.012500
6 0.178750 0.072500 0.012500 0.015000
6 0.192500 0.155000 0.010000 0.007500
6 0.087500 0.102500 0.012500 0.010000
6 0.083750 0.085000 0.027500 0.012500
6 0.688750 0.087500 0.017500 0.020000
6 0.347500 0.013750 0.015000 0.020000
6 0.538750 0.073750 0.075000 0.012500
6 0.172500 0.065000 0.020000 0.007500
6 0.162500 0.041250 0.020000 0.005000
6 0.591250 0.198750 0.057500 0.020000
6 0.240000 0.081250 0.012500 0.020000
6 0.282500 0.021250 0.015000 0.010000
6 0.338750 0.026250 0.012500 0.012500
6 0.216250 0.036250 0.012500 0.017500
6 0.321250 0.025000 0.012500 0.020000
6 0.037500 0.142500 0.015000 0.020000
6 0.215000 0.061250 0.022500 0.012500
6 0.573750 0.161250 0.047500 0.005000
6 0.027500 0.073750 0.012500 0.025000
6 0.617500 0.216250 0.010000 0.010000
6 0.576250 0.170000 0.055000 0.017500
6 0.200000 0.010000 0.012500 0.020000
6 0.078750 0.073750 0.020000 0.012500
6 0.081250 0.130000 0.017500 0.007500
6 0.616250 0.166250 0.032500 0.047500
6 0.312500 0.037500 0.012500 0.020000
6 0.268750 0.010000 0.012500 0.007500
6 0.255000 0.018750 0.025000 0.012500
6 0.251250 0.040000 0.005000 0.010000
6 0.573750 0.056250 0.047500 0.020000
6 0.581250 0.186250 0.060000 0.020000
6 0.241250 0.043750 0.012500 0.017500
6 0.152500 0.173750 0.015000 0.007500
6 0.287500 0.055000 0.017500 0.015000
6 0.565000 0.112500 0.040000 0.015000
6 0.568750 0.125000 0.055000 0.020000
6 0.363750 0.006250 0.012500 0.017500
