6 0.848750 0.112500 0.047500 0.055000
6 0.638750 0.160000 0.017500 0.012500
6 0.843750 0.475000 0.015000 0.017500
6 0.903750 0.647500 0.017500 0.017500
6 0.938750 0.071250 0.032500 0.042500
6 0.576250 0.367500 0.022500 0.015000
6 0.586250 0.375000 0.025000 0.017500
6 0.588750 0.392500 0.022500 0.012500
6 0.866250 0.212500 0.022500 0.012500
6 0.892500 0.251250 0.012500 0.012500
6 0.817500 0.153750 0.010000 0.005000
6 0.846250 0.182500 0.015000 0.005000
6 0.821250 0.160000 0.012500 0.012500
6 0.827500 0.166250 0.007500 0.007500
6 0.807500 0.145000 0.002500 0.012500
6 0.992500 0.138750 0.025000 0.032500
6 0.958750 0.336250 0.007500 0.017500
6 0.981250 0.145000 0.017500 0.030000
6 0.853750 0.488750 0.012500 0.012500
6 0.837500 0.172500 0.020000 0.012500
6 0.851250 0.195000 0.010000 0.007500
6 0.886250 0.243750 0.017500 0.010000
6 0.910000 0.573750 0.012500 0.017500
6 0.495000 0.213750 0.010000 0.015000
6 0.866250 0.220000 0.015000 0.010000
6 0.937500 0.313750 0.010000 0.007500
6 0.943750 0.323750 0.022500 0.010000
6 0.928750 0.296250 0.012500 0.010000
