6 0.787500 0.153750 0.017500 0.012500
6 0.747500 0.146250 0.017500 0.015000
6 0.730000 0.142500 0.015000 0.012500
6 0.723750 0.135000 0.017500 0.015000
6 0.716250 0.127500 0.020000 0.010000
6 0.786250 0.086250 0.015000 0.015000
6 0.788750 0.097500 0.022500 0.010000
6 0.658750 0.028750 0.030000 0.025000
6 0.653750 0.050000 0.017500 0.017500
6 0.633750 0.046250 0.017500 0.012500
6 0.622500 0.036250 0.017500 0.012500
6 0.948750 0.315000 0.050000 0.045000
6 0.980000 0.351250 0.025000 0.022500
6 0.965000 0.355000 0.010000 0.010000
6 0.993750 0.403750 0.017500 0.012500
6 0.987500 0.397500 0.017500 0.012500
6 0.981250 0.393750 0.020000 0.012500
6 0.976250 0.387500 0.015000 0.012500
6 0.967500 0.380000 0.015000 0.010000
6 0.962500 0.373750 0.017500 0.010000
6 0.966250 0.441250 0.012500 0.010000
6 0.877500 0.293750 0.017500 0.012500
6 0.886250 0.297500 0.017500 0.012500
6 0.901250 0.295000 0.015000 0.015000
6 0.903750 0.312500 0.017500 0.010000
6 0.856250 0.232500 0.010000 0.007500
6 0.837500 0.246250 0.012500 0.010000
6 0.833750 0.242500 0.015000 0.012500
6 0.803750 0.230000 0.017500 0.010000
6 0.800000 0.223750 0.017500 0.010000
6 0.796250 0.218750 0.015000 0.012500
6 0.792500 0.210000 0.017500 0.010000
6 0.862500 0.161250 0.012500 0.015000
6 0.615000 0.031250 0.015000 0.010000
6 0.610000 0.025000 0.015000 0.010000
6 0.617500 0.012500 0.017500 0.012500
6 0.597500 0.011250 0.017500 0.012500
6 0.708750 0.055000 0.015000 0.012500
6 0.686250 0.010000 0.025000 0.020000
6 0.728750 0.035000 0.015000 0.007500
6 0.758750 0.062500 0.015000 0.010000
6 0.803750 0.110000 0.010000 0.010000
6 0.782500 0.193750 0.015000 0.010000
6 0.685000 0.021250 0.015000 0.015000
6 0.760000 0.070000 0.015000 0.005000
6 0.680000 0.070000 0.015000 0.012500
6 0.957500 0.363750 0.012500 0.007500
6 0.980000 0.277500 0.022500 0.020000
6 0.853750 0.190000 0.012500 0.015000
6 0.720000 0.101250 0.027500 0.027500
6 0.700000 0.116250 0.007500 0.010000
6 0.691250 0.106250 0.010000 0.012500
6 0.856250 0.163750 0.015000 0.012500
6 0.702500 0.101250 0.007500 0.012500
6 0.667500 0.061250 0.007500 0.017500
6 0.961250 0.261250 0.015000 0.017500
6 0.820000 0.200000 0.007500 0.005000
6 0.773750 0.191250 0.007500 0.007500
6 0.945000 0.243750 0.015000 0.012500
