6 0.787500 0.903750 0.017500 0.012500
6 0.747500 0.896250 0.017500 0.015000
6 0.730000 0.892500 0.015000 0.012500
6 0.723750 0.885000 0.017500 0.015000
6 0.716250 0.877500 0.020000 0.010000
6 0.786250 0.836250 0.015000 0.015000
6 0.788750 0.847500 0.022500 0.010000
6 0.658750 0.778750 0.030000 0.025000
6 0.653750 0.800000 0.017500 0.017500
6 0.633750 0.796250 0.017500 0.012500
6 0.622500 0.786250 0.017500 0.012500
6 0.443750 0.543750 0.042500 0.037500
6 0.237500 0.326250 0.015000 0.015000
6 0.028750 0.101250 0.010000 0.012500
6 0.335000 0.431250 0.017500 0.015000
6 0.380000 0.540000 0.015000 0.012500
6 0.856250 0.982500 0.010000 0.007500
6 0.837500 0.996250 0.012500 0.010000
6 0.833750 0.992500 0.015000 0.012500
6 0.803750 0.980000 0.017500 0.010000
6 0.800000 0.973750 0.017500 0.010000
6 0.796250 0.968750 0.015000 0.012500
6 0.792500 0.960000 0.017500 0.010000
6 0.862500 0.911250 0.012500 0.015000
6 0.615000 0.781250 0.015000 0.010000
6 0.610000 0.775000 0.015000 0.010000
6 0.617500 0.762500 0.017500 0.012500
6 0.597500 0.761250 0.017500 0.012500
6 0.708750 0.805000 0.015000 0.012500
6 0.686250 0.760000 0.025000 0.020000
6 0.728750 0.785000 0.015000 0.007500
6 0.758750 0.812500 0.015000 0.010000
6 0.803750 0.860000 0.010000 0.010000
6 0.782500 0.943750 0.015000 0.010000
6 0.588750 0.712500 0.017500 0.020000
6 0.685000 0.771250 0.015000 0.015000
6 0.760000 0.820000 0.015000 0.005000
6 0.486250 0.618750 0.012500 0.010000
6 0.430000 0.553750 0.010000 0.010000
6 0.593750 0.663750 0.010000 0.007500
6 0.421250 0.576250 0.017500 0.012500
6 0.451250 0.608750 0.017500 0.007500
6 0.491250 0.590000 0.015000 0.012500
6 0.365000 0.465000 0.015000 0.015000
6 0.333750 0.453750 0.010000 0.010000
6 0.328750 0.416250 0.012500 0.010000
6 0.293750 0.413750 0.010000 0.012500
6 0.322500 0.388750 0.010000 0.010000
6 0.290000 0.330000 0.012500 0.010000
6 0.261250 0.325000 0.015000 0.012500
6 0.253750 0.285000 0.017500 0.010000
6 0.207500 0.272500 0.007500 0.010000
6 0.201250 0.330000 0.010000 0.010000
6 0.080000 0.211250 0.007500 0.010000
6 0.033750 0.042500 0.010000 0.012500
6 0.050000 0.072500 0.012500 0.015000
6 0.050000 0.043750 0.017500 0.015000
6 0.053750 0.093750 0.022500 0.022500
6 0.022500 0.052500 0.017500 0.025000
6 0.023750 0.075000 0.030000 0.040000
6 0.058750 0.120000 0.042500 0.042500
6 0.268750 0.357500 0.040000 0.042500
6 0.680000 0.820000 0.015000 0.012500
6 0.466250 0.506250 0.012500 0.017500
6 0.310000 0.398750 0.010000 0.010000
6 0.128750 0.145000 0.017500 0.012500
6 0.356250 0.490000 0.010000 0.010000
6 0.023750 0.115000 0.015000 0.012500
6 0.060000 0.081250 0.005000 0.002500
6 0.096250 0.125000 0.010000 0.007500
6 0.085000 0.096250 0.017500 0.012500
6 0.853750 0.940000 0.012500 0.015000
6 0.720000 0.851250 0.027500 0.027500
6 0.700000 0.866250 0.007500 0.010000
6 0.691250 0.856250 0.010000 0.012500
6 0.856250 0.913750 0.015000 0.012500
6 0.702500 0.851250 0.007500 0.012500
6 0.667500 0.811250 0.007500 0.017500
6 0.820000 0.950000 0.007500 0.005000
6 0.408750 0.506250 0.017500 0.020000
6 0.005000 0.067500 0.010000 0.010000
6 0.212500 0.288750 0.017500 0.012500
6 0.773750 0.941250 0.007500 0.007500
6 0.448750 0.526250 0.015000 0.015000
6 0.440000 0.495000 0.012500 0.012500
6 0.595000 0.685000 0.035000 0.052500
6 0.411250 0.468750 0.037500 0.025000
6 0.945000 0.993750 0.015000 0.012500
