6 0.721250 0.107500 0.010000 0.015000
6 0.757500 0.105000 0.010000 0.020000
6 0.766250 0.106250 0.012500 0.020000
6 0.775000 0.103750 0.007500 0.015000
6 0.785000 0.106250 0.012500 0.017500
6 0.797500 0.105000 0.010000 0.020000
6 0.810000 0.105000 0.010000 0.020000
6 0.820000 0.103750 0.015000 0.020000
6 0.836250 0.102500 0.010000 0.020000
6 0.846250 0.101250 0.012500 0.017500
6 0.857500 0.101250 0.012500 0.017500
6 0.866250 0.102500 0.012500 0.022500
6 0.876250 0.101250 0.007500 0.017500
6 0.887500 0.098750 0.015000 0.032500
6 0.902500 0.101250 0.012500 0.015000
6 0.913750 0.100000 0.010000 0.022500
6 0.926250 0.101250 0.007500 0.017500
6 0.901250 0.076250 0.020000 0.012500
6 0.973750 0.115000 0.020000 0.012500
6 0.996250 0.117500 0.022500 0.015000
6 0.986250 0.007500 0.017500 0.022500
6 0.676250 0.038750 0.020000 0.010000
6 0.665000 0.018750 0.017500 0.015000
6 0.675000 0.013750 0.025000 0.017500
6 0.710000 0.002500 0.017500 0.015000
6 0.700000 0.008750 0.017500 0.010000
6 0.687500 0.011250 0.010000 0.017500
6 0.136250 0.256250 0.010000 0.017500
6 0.325000 0.941250 0.017500 0.017500
6 0.257500 0.906250 0.020000 0.015000
6 0.267500 0.921250 0.017500 0.017500
6 0.818750 0.971250 0.017500 0.020000
6 0.003750 0.165000 0.030000 0.012500
6 0.123750 0.185000 0.012500 0.017500
6 0.131250 0.180000 0.012500 0.015000
6 0.158750 0.182500 0.012500 0.017500
6 0.173750 0.317500 0.010000 0.015000
6 0.160000 0.312500 0.012500 0.015000
6 0.142500 0.166250 0.007500 0.012500
6 0.240000 0.171250 0.022500 0.015000
6 0.295000 0.072500 0.025000 0.012500
6 0.280000 0.096250 0.025000 0.010000
6 0.212500 0.097500 0.032500 0.015000
6 0.367500 0.070000 0.017500 0.012500
6 0.418750 0.067500 0.017500 0.010000
6 0.247500 0.108750 0.020000 0.010000
6 0.285000 0.106250 0.022500 0.010000
6 0.322500 0.107500 0.022500 0.007500
6 0.350000 0.106250 0.020000 0.010000
6 0.486250 0.102500 0.025000 0.015000
6 0.451250 0.096250 0.027500 0.012500
6 0.515000 0.137500 0.012500 0.017500
6 0.523750 0.186250 0.012500 0.017500
6 0.527500 0.201250 0.012500 0.025000
6 0.531250 0.223750 0.015000 0.020000
6 0.508750 0.063750 0.022500 0.012500
6 0.506250 0.047500 0.017500 0.012500
6 0.527500 0.050000 0.017500 0.010000
6 0.551250 0.047500 0.030000 0.012500
6 0.555000 0.060000 0.022500 0.012500
6 0.530000 0.110000 0.012500 0.025000
6 0.582500 0.085000 0.020000 0.015000
6 0.575000 0.112500 0.015000 0.015000
6 0.587500 0.111250 0.012500 0.015000
6 0.577500 0.098750 0.020000 0.010000
6 0.602500 0.096250 0.020000 0.015000
6 0.625000 0.095000 0.020000 0.012500
6 0.616250 0.111250 0.010000 0.020000
6 0.627500 0.110000 0.010000 0.015000
6 0.637500 0.108750 0.012500 0.017500
6 0.650000 0.111250 0.012500 0.020000
6 0.643750 0.085000 0.017500 0.015000
6 0.712500 0.108750 0.012500 0.020000
6 0.272500 0.935000 0.020000 0.012500
6 0.278750 0.946250 0.012500 0.007500
6 0.285000 0.953750 0.017500 0.012500
6 0.326250 0.087500 0.020000 0.012500
6 0.417500 0.103750 0.020000 0.012500
6 0.441250 0.102500 0.015000 0.010000
6 0.466250 0.102500 0.015000 0.010000
6 0.488750 0.052500 0.015000 0.012500
6 0.468750 0.060000 0.017500 0.010000
6 0.450000 0.050000 0.012500 0.007500
6 0.560000 0.097500 0.020000 0.010000
6 0.201250 0.113750 0.015000 0.010000
6 0.087500 0.078750 0.022500 0.010000
6 0.152500 0.073750 0.017500 0.010000
6 0.073750 0.101250 0.027500 0.012500
6 0.116250 0.271250 0.020000 0.007500
6 0.167500 0.256250 0.010000 0.022500
6 0.178750 0.255000 0.010000 0.015000
6 0.192500 0.327500 0.007500 0.017500
6 0.128750 0.330000 0.012500 0.015000
6 0.132500 0.313750 0.010000 0.015000
6 0.145000 0.310000 0.012500 0.012500
6 0.185000 0.333750 0.010000 0.012500
6 0.152500 0.318750 0.005000 0.010000
6 0.122500 0.283750 0.017500 0.010000
6 0.176250 0.235000 0.020000 0.010000
6 0.136250 0.203750 0.010000 0.020000
6 0.111250 0.200000 0.017500 0.012500
6 0.171250 0.216250 0.010000 0.012500
6 0.180000 0.222500 0.007500 0.015000
6 0.111250 0.166250 0.017500 0.010000
6 0.143750 0.183750 0.007500 0.015000
6 0.153750 0.216250 0.010000 0.015000
6 0.125000 0.230000 0.010000 0.012500
6 0.106250 0.186250 0.015000 0.012500
6 0.097500 0.150000 0.012500 0.012500
6 0.145000 0.146250 0.010000 0.015000
6 0.136250 0.165000 0.007500 0.012500
6 0.158750 0.333750 0.010000 0.012500
6 0.167500 0.331250 0.010000 0.015000
6 0.406250 0.960000 0.015000 0.007500
6 0.298750 0.983750 0.012500 0.007500
6 0.231250 0.586250 0.012500 0.015000
6 0.710000 0.136250 0.022500 0.007500
6 0.790000 0.135000 0.022500 0.010000
6 0.812500 0.133750 0.022500 0.007500
6 0.833750 0.132500 0.022500 0.010000
