6 0.195000 0.527500 0.012500 0.015000
6 0.410000 0.112500 0.010000 0.022500
6 0.398750 0.117500 0.012500 0.015000
6 0.473750 0.387500 0.015000 0.010000
6 0.581250 0.496250 0.015000 0.017500
6 0.573750 0.502500 0.012500 0.010000
6 0.565000 0.503750 0.015000 0.012500
6 0.733750 0.810000 0.010000 0.010000
6 0.428750 0.407500 0.007500 0.015000
6 0.252500 0.367500 0.012500 0.007500
6 0.283750 0.365000 0.012500 0.012500
6 0.376250 0.370000 0.022500 0.012500
6 0.391250 0.333750 0.012500 0.020000
6 0.476250 0.398750 0.017500 0.007500
6 0.760000 0.857500 0.015000 0.007500
6 0.336250 0.402500 0.010000 0.022500
6 0.245000 0.046250 0.060000 0.015000
6 0.393750 0.280000 0.040000 0.047500
6 0.217500 0.585000 0.010000 0.012500
6 0.528750 0.062500 0.052500 0.020000
6 0.490000 0.410000 0.015000 0.012500
6 0.463750 0.371250 0.022500 0.010000
6 0.487500 0.402500 0.015000 0.010000
6 0.342500 0.433750 0.010000 0.012500
6 0.313750 0.362500 0.007500 0.015000
6 0.301250 0.350000 0.010000 0.012500
6 0.453750 0.360000 0.020000 0.010000
6 0.941250 0.005000 0.035000 0.015000
6 0.468750 0.383750 0.015000 0.010000
6 0.190000 0.601250 0.020000 0.020000
6 0.575000 0.557500 0.012500 0.017500
6 0.246250 0.588750 0.007500 0.012500
