6 0.796250 0.022500 0.017500 0.010000
6 0.580000 0.052500 0.015000 0.012500
6 0.368750 0.162500 0.015000 0.012500
6 0.188750 0.123750 0.012500 0.017500
6 0.042500 0.018750 0.015000 0.017500
6 0.042500 0.041250 0.015000 0.015000
6 0.030000 0.035000 0.012500 0.017500
6 0.021250 0.032500 0.015000 0.015000
6 0.020000 0.021250 0.015000 0.017500
6 0.022500 0.007500 0.017500 0.017500
6 0.076250 0.041250 0.012500 0.015000
6 0.177500 0.258750 0.017500 0.010000
6 0.200000 0.381250 0.017500 0.010000
6 0.202500 0.375000 0.017500 0.007500
6 0.195000 0.391250 0.015000 0.007500
6 0.495000 0.838750 0.030000 0.030000
6 0.302500 0.688750 0.020000 0.022500
6 0.220000 0.460000 0.017500 0.020000
6 0.360000 0.055000 0.015000 0.015000
6 0.131250 0.510000 0.027500 0.017500
6 0.127500 0.490000 0.020000 0.005000
6 0.668750 0.045000 0.020000 0.012500
6 0.471250 0.706250 0.017500 0.020000
6 0.382500 0.038750 0.015000 0.017500
6 0.127500 0.482500 0.017500 0.007500
6 0.122500 0.747500 0.022500 0.015000
6 0.001250 0.067500 0.020000 0.017500
6 0.592500 0.908750 0.025000 0.022500
6 0.422500 0.805000 0.022500 0.020000
6 0.196250 0.518750 0.020000 0.015000
6 0.131250 0.497500 0.022500 0.010000
6 0.096250 0.730000 0.020000 0.017500
6 0.555000 0.047500 0.022500 0.015000
6 0.505000 0.028750 0.020000 0.022500
6 0.615000 0.890000 0.027500 0.027500
6 0.335000 0.762500 0.020000 0.022500
6 0.146250 0.170000 0.020000 0.017500
6 0.185000 0.162500 0.020000 0.015000
6 0.342500 0.063750 0.017500 0.017500
6 0.195000 0.502500 0.020000 0.012500
6 0.032500 0.760000 0.030000 0.020000
6 0.198750 0.158750 0.020000 0.015000
6 0.997500 0.821250 0.017500 0.025000
6 0.387500 0.916250 0.020000 0.022500
6 0.160000 0.642500 0.030000 0.017500
6 0.140000 0.528750 0.025000 0.020000
6 0.116250 0.720000 0.020000 0.012500
6 0.868750 0.008750 0.022500 0.025000
