6 0.027500 0.846250 0.010000 0.012500
6 0.026250 0.871250 0.012500 0.012500
6 0.003750 0.892500 0.015000 0.012500
6 0.013750 0.843750 0.012500 0.012500
6 0.196250 0.883750 0.017500 0.012500
6 0.438750 0.528750 0.025000 0.017500
6 0.321250 0.308750 0.007500 0.007500
6 0.417500 0.715000 0.012500 0.012500
6 0.697500 0.466250 0.015000 0.010000
6 0.343750 0.273750 0.010000 0.010000
6 0.616250 0.486250 0.012500 0.007500
6 0.823750 0.435000 0.017500 0.007500
6 0.477500 0.522500 0.010000 0.012500
6 0.430000 0.707500 0.015000 0.015000
6 0.858750 0.428750 0.012500 0.007500
6 0.948750 0.402500 0.020000 0.007500
6 0.760000 0.450000 0.020000 0.007500
6 0.927500 0.612500 0.012500 0.010000
6 0.613750 0.223750 0.010000 0.007500
6 0.292500 0.082500 0.027500 0.025000
6 0.987500 0.603750 0.015000 0.012500
6 0.483750 0.656250 0.017500 0.017500
6 0.705000 0.503750 0.012500 0.012500
6 0.701250 0.516250 0.015000 0.007500
6 0.781250 0.446250 0.017500 0.007500
6 0.535000 0.510000 0.015000 0.015000
6 0.450000 0.698750 0.020000 0.015000
6 0.607500 0.237500 0.010000 0.012500
6 0.917500 0.411250 0.017500 0.010000
6 0.672500 0.471250 0.020000 0.012500
6 0.298750 0.805000 0.012500 0.007500
6 0.581250 0.495000 0.017500 0.012500
6 0.321250 0.052500 0.010000 0.010000
6 0.356250 0.065000 0.015000 0.010000
6 0.227500 0.336250 0.015000 0.007500
6 0.550000 0.503750 0.015000 0.012500
6 0.162500 0.910000 0.015000 0.010000
6 0.971250 0.607500 0.010000 0.007500
6 0.512500 0.516250 0.015000 0.012500
6 0.126250 0.248750 0.012500 0.012500
6 0.633750 0.480000 0.017500 0.010000
6 0.841250 0.432500 0.017500 0.007500
6 0.271250 0.680000 0.020000 0.010000
6 0.496250 0.517500 0.015000 0.012500
6 0.913750 0.606250 0.015000 0.015000
