6 0.046250 0.362500 0.020000 0.010000
6 0.151250 0.613750 0.015000 0.007500
6 0.271250 0.128750 0.022500 0.012500
6 0.567500 0.577500 0.012500 0.005000
6 0.942500 0.086250 0.015000 0.015000
6 0.867500 0.606250 0.020000 0.007500
6 0.901250 0.036250 0.017500 0.012500
6 0.767500 0.426250 0.010000 0.015000
6 0.643750 0.651250 0.017500 0.007500
6 0.401250 0.741250 0.015000 0.010000
6 0.150000 0.292500 0.017500 0.012500
6 0.816250 0.593750 0.015000 0.010000
6 0.985000 0.740000 0.017500 0.012500
6 0.192500 0.202500 0.012500 0.015000
6 0.766250 0.667500 0.012500 0.010000
6 0.210000 0.176250 0.012500 0.012500
6 0.797500 0.616250 0.012500 0.012500
6 0.753750 0.661250 0.010000 0.010000
6 0.782500 0.673750 0.012500 0.007500
6 0.908750 0.600000 0.015000 0.007500
6 0.867500 0.687500 0.015000 0.015000
6 0.981250 0.127500 0.025000 0.012500
6 0.613750 0.973750 0.010000 0.007500
6 0.842500 0.700000 0.022500 0.017500
6 0.926250 0.596250 0.020000 0.007500
6 0.292500 0.832500 0.027500 0.025000
6 0.888750 0.021250 0.017500 0.012500
6 0.052500 0.691250 0.017500 0.012500
6 0.832500 0.581250 0.015000 0.010000
6 0.226250 0.658750 0.022500 0.015000
6 0.861250 0.708750 0.012500 0.012500
6 0.663750 0.646250 0.020000 0.010000
6 0.673750 0.636250 0.015000 0.007500
6 0.997500 0.155000 0.020000 0.015000
6 0.095000 0.676250 0.017500 0.012500
6 0.200000 0.190000 0.012500 0.010000
6 0.607500 0.987500 0.010000 0.012500
6 0.876250 0.010000 0.017500 0.012500
6 0.942500 0.737500 0.017500 0.015000
6 0.918750 0.062500 0.025000 0.012500
6 0.815000 0.612500 0.015000 0.010000
6 0.966250 0.111250 0.015000 0.012500
6 0.951250 0.593750 0.020000 0.007500
6 0.532500 0.581250 0.010000 0.010000
6 0.321250 0.802500 0.010000 0.010000
6 0.837500 0.610000 0.017500 0.005000
6 0.356250 0.815000 0.015000 0.010000
6 0.196250 0.235000 0.012500 0.012500
6 0.686250 0.641250 0.015000 0.012500
6 0.161250 0.427500 0.017500 0.010000
6 0.910000 0.048750 0.020000 0.015000
6 0.405000 0.500000 0.017500 0.017500
6 0.183750 0.641250 0.020000 0.015000
6 0.177500 0.235000 0.012500 0.012500
6 0.812500 0.092500 0.017500 0.020000
6 0.191250 0.636250 0.017500 0.012500
6 0.167500 0.252500 0.012500 0.015000
6 0.980000 0.506250 0.012500 0.012500
6 0.820000 0.690000 0.010000 0.010000
6 0.980000 0.587500 0.017500 0.007500
6 0.126250 0.998750 0.012500 0.012500
6 0.732500 0.485000 0.015000 0.017500
6 0.962500 0.740000 0.020000 0.007500
6 0.727500 0.502500 0.012500 0.010000
6 0.625000 0.653750 0.015000 0.007500
6 0.488750 0.027500 0.015000 0.005000
6 0.953750 0.100000 0.020000 0.010000
6 0.721250 0.520000 0.012500 0.012500
6 0.990000 0.142500 0.022500 0.012500
6 0.061250 0.683750 0.015000 0.007500
