6 0.207500 0.022500 0.020000 0.015000
6 0.695000 0.942500 0.017500 0.010000
6 0.451250 0.751250 0.017500 0.015000
6 0.103750 0.166250 0.015000 0.010000
6 0.337500 0.347500 0.025000 0.017500
6 0.462500 0.761250 0.017500 0.010000
6 0.045000 0.180000 0.022500 0.017500
6 0.813750 0.758750 0.017500 0.015000
6 0.213750 0.280000 0.012500 0.007500
6 0.477500 0.766250 0.017500 0.005000
6 0.421250 0.415000 0.025000 0.017500
6 0.208750 0.242500 0.017500 0.012500
6 0.513750 0.326250 0.025000 0.020000
6 0.525000 0.337500 0.022500 0.020000
6 0.261250 0.301250 0.012500 0.012500
6 0.080000 0.148750 0.012500 0.007500
6 0.252500 0.281250 0.025000 0.020000
6 0.713750 0.695000 0.030000 0.025000
6 0.793750 0.710000 0.022500 0.020000
6 0.855000 0.757500 0.042500 0.030000
6 0.346250 0.371250 0.017500 0.017500
6 0.636250 0.640000 0.030000 0.022500
6 0.787500 0.767500 0.032500 0.020000
6 0.487500 0.465000 0.012500 0.012500
6 0.677500 0.933750 0.015000 0.010000
6 0.300000 0.705000 0.017500 0.015000
6 0.370000 0.390000 0.010000 0.010000
6 0.386250 0.402500 0.012500 0.010000
6 0.946250 0.852500 0.020000 0.010000
6 0.537500 0.503750 0.030000 0.022500
6 0.306250 0.745000 0.025000 0.027500
6 0.481250 0.472500 0.010000 0.005000
6 0.442500 0.445000 0.012500 0.012500
6 0.793750 0.722500 0.015000 0.015000
6 0.293750 0.328750 0.012500 0.012500
6 0.408750 0.418750 0.010000 0.007500
6 0.868750 0.780000 0.015000 0.012500
6 0.891250 0.781250 0.032500 0.025000
6 0.707500 0.952500 0.012500 0.012500
6 0.598750 0.872500 0.015000 0.012500
6 0.641250 0.628750 0.037500 0.020000
6 0.710000 0.641250 0.032500 0.022500
6 0.583750 0.552500 0.015000 0.012500
6 0.847500 0.766250 0.015000 0.015000
6 0.161250 0.227500 0.012500 0.012500
6 0.226250 0.268750 0.012500 0.010000
6 0.613750 0.882500 0.010000 0.012500
6 0.847500 0.788750 0.027500 0.022500
6 0.768750 0.702500 0.012500 0.015000
6 0.625000 0.570000 0.030000 0.022500
6 0.112500 0.161250 0.015000 0.010000
6 0.177500 0.228750 0.010000 0.010000
6 0.025000 0.092500 0.015000 0.012500
6 0.676250 0.670000 0.025000 0.020000
6 0.821250 0.733750 0.035000 0.022500
6 0.878750 0.830000 0.032500 0.027500
6 0.451250 0.472500 0.010000 0.010000
6 0.345000 0.782500 0.012500 0.012500
6 0.096250 0.147500 0.010000 0.012500
6 0.423750 0.432500 0.010000 0.010000
6 0.496250 0.483750 0.015000 0.010000
6 0.445000 0.917500 0.015000 0.017500
6 0.582500 0.847500 0.012500 0.010000
6 0.008750 0.270000 0.012500 0.012500
6 0.210000 0.257500 0.012500 0.012500
6 0.626250 0.892500 0.015000 0.010000
6 0.928750 0.840000 0.015000 0.007500
6 0.727500 0.962500 0.020000 0.017500
6 0.728750 0.955000 0.020000 0.015000
6 0.962500 0.840000 0.017500 0.015000
6 0.278750 0.316250 0.012500 0.007500
6 0.356250 0.397500 0.017500 0.017500
6 0.406250 0.436250 0.010000 0.012500
6 0.458750 0.443750 0.025000 0.020000
6 0.758750 0.980000 0.012500 0.010000
6 0.751250 0.731250 0.027500 0.030000
6 0.836250 0.803750 0.037500 0.030000
6 0.827500 0.748750 0.012500 0.010000
6 0.736250 0.675000 0.012500 0.012500
6 0.331250 0.356250 0.017500 0.015000
6 0.461250 0.460000 0.012500 0.010000
6 0.016250 0.072500 0.012500 0.012500
6 0.688750 0.632500 0.010000 0.012500
6 0.637500 0.903750 0.017500 0.007500
6 0.666250 0.925000 0.015000 0.012500
6 0.243750 0.586250 0.020000 0.015000
6 0.427500 0.891250 0.015000 0.010000
6 0.582500 0.537500 0.032500 0.022500
6 0.053750 0.120000 0.012500 0.010000
6 0.562500 0.838750 0.015000 0.012500
6 0.660000 0.600000 0.040000 0.025000
6 0.652500 0.912500 0.015000 0.010000
6 0.281250 0.653750 0.012500 0.020000
6 0.046250 0.981250 0.007500 0.010000
6 0.067500 0.943750 0.015000 0.012500
6 0.343750 0.805000 0.015000 0.015000
6 0.802500 0.761250 0.012500 0.012500
6 0.388750 0.391250 0.035000 0.025000
6 0.398750 0.870000 0.017500 0.015000
6 0.742500 0.972500 0.010000 0.012500
6 0.078750 0.132500 0.015000 0.012500
6 0.390000 0.836250 0.035000 0.025000
6 0.928750 0.818750 0.017500 0.012500
6 0.536250 0.516250 0.015000 0.012500
6 0.303750 0.323750 0.025000 0.022500
6 0.370000 0.373750 0.010000 0.012500
6 0.576250 0.852500 0.010000 0.007500
6 0.587500 0.865000 0.012500 0.012500
6 0.913750 0.853750 0.032500 0.025000
6 0.632500 0.591250 0.012500 0.012500
