6 0.650000 0.527500 0.027500 0.010000
6 0.480000 0.337500 0.015000 0.010000
6 0.596250 0.266250 0.015000 0.012500
6 0.298750 0.216250 0.015000 0.015000
6 0.192500 0.086250 0.015000 0.015000
6 0.117500 0.606250 0.020000 0.007500
6 0.151250 0.036250 0.017500 0.012500
6 0.518750 0.547500 0.017500 0.010000
6 0.017500 0.426250 0.010000 0.015000
6 0.251250 0.586250 0.017500 0.007500
6 0.378750 0.567500 0.017500 0.007500
6 0.962500 0.586250 0.017500 0.007500
6 0.736250 0.513750 0.025000 0.010000
6 0.500000 0.450000 0.010000 0.012500
6 0.297500 0.116250 0.017500 0.012500
6 0.281250 0.127500 0.017500 0.012500
6 0.826250 0.496250 0.012500 0.007500
6 0.066250 0.593750 0.015000 0.010000
6 0.235000 0.740000 0.017500 0.012500
6 0.746250 0.655000 0.015000 0.010000
6 0.685000 0.555000 0.007500 0.010000
6 0.766250 0.510000 0.020000 0.007500
6 0.016250 0.667500 0.012500 0.010000
6 0.047500 0.616250 0.012500 0.012500
6 0.300000 0.721250 0.020000 0.007500
6 0.578750 0.672500 0.017500 0.012500
6 0.937500 0.093750 0.012500 0.010000
6 0.003750 0.661250 0.010000 0.010000
6 0.032500 0.673750 0.012500 0.007500
6 0.603750 0.535000 0.015000 0.007500
6 0.158750 0.600000 0.015000 0.007500
6 0.578750 0.278750 0.012500 0.007500
6 0.117500 0.687500 0.015000 0.015000
6 0.873750 0.031250 0.017500 0.010000
6 0.231250 0.127500 0.025000 0.012500
6 0.627500 0.528750 0.020000 0.012500
6 0.312500 0.440000 0.015000 0.010000
6 0.555000 0.291250 0.020000 0.015000
6 0.292500 0.450000 0.017500 0.012500
6 0.261250 0.171250 0.012500 0.015000
6 0.866250 0.631250 0.012500 0.007500
6 0.346250 0.572500 0.025000 0.007500
6 0.372500 0.308750 0.022500 0.015000
6 0.986250 0.872500 0.020000 0.012500
6 0.998750 0.862500 0.017500 0.010000
6 0.392500 0.555000 0.017500 0.005000
6 0.953750 0.570000 0.012500 0.007500
6 0.977500 0.577500 0.012500 0.010000
6 0.476250 0.422500 0.010000 0.012500
6 0.960000 0.042500 0.015000 0.010000
6 0.092500 0.700000 0.022500 0.017500
6 0.436250 0.695000 0.020000 0.012500
6 0.601250 0.671250 0.022500 0.010000
6 0.176250 0.596250 0.020000 0.007500
6 0.138750 0.021250 0.017500 0.012500
6 0.631250 0.668750 0.015000 0.007500
6 0.780000 0.648750 0.015000 0.010000
6 0.401250 0.563750 0.015000 0.010000
6 0.652500 0.666250 0.015000 0.007500
6 0.898750 0.058750 0.015000 0.015000
6 0.082500 0.581250 0.015000 0.010000
6 0.111250 0.708750 0.012500 0.012500
6 0.815000 0.642500 0.012500 0.007500
6 0.517500 0.316250 0.015000 0.010000
6 0.975000 0.031250 0.015000 0.012500
6 0.410000 0.348750 0.020000 0.015000
6 0.247500 0.155000 0.020000 0.015000
6 0.583750 0.538750 0.020000 0.007500
6 0.683750 0.542500 0.010000 0.010000
6 0.126250 0.010000 0.017500 0.012500
6 0.192500 0.737500 0.017500 0.015000
6 0.832500 0.638750 0.017500 0.010000
6 0.346250 0.560000 0.020000 0.007500
6 0.542500 0.503750 0.015000 0.017500
6 0.168750 0.062500 0.025000 0.012500
6 0.251250 0.733750 0.012500 0.007500
6 0.693750 0.603750 0.005000 0.010000
6 0.065000 0.612500 0.015000 0.010000
6 0.990000 0.555000 0.012500 0.007500
6 0.928750 0.972500 0.015000 0.010000
6 0.216250 0.111250 0.015000 0.012500
6 0.201250 0.593750 0.020000 0.007500
6 0.417500 0.376250 0.012500 0.010000
6 0.863750 0.021250 0.015000 0.010000
6 0.286250 0.201250 0.020000 0.015000
6 0.320000 0.708750 0.015000 0.010000
6 0.087500 0.610000 0.017500 0.005000
6 0.287500 0.578750 0.025000 0.007500
6 0.791250 0.506250 0.017500 0.007500
6 0.271250 0.728750 0.015000 0.007500
6 0.416250 0.698750 0.015000 0.012500
6 0.726250 0.657500 0.020000 0.007500
6 0.692500 0.588750 0.007500 0.012500
6 0.885000 0.043750 0.015000 0.012500
6 0.850000 0.006250 0.015000 0.015000
6 0.521250 0.476250 0.015000 0.020000
6 0.501250 0.323750 0.015000 0.010000
6 0.532500 0.491250 0.010000 0.010000
6 0.160000 0.048750 0.020000 0.015000
6 0.472500 0.688750 0.020000 0.005000
6 0.490000 0.436250 0.012500 0.012500
6 0.462500 0.406250 0.010000 0.012500
6 0.308750 0.230000 0.020000 0.015000
6 0.062500 0.092500 0.017500 0.020000
6 0.323750 0.575000 0.017500 0.010000
6 0.946250 0.593750 0.010000 0.007500
6 0.230000 0.506250 0.012500 0.012500
6 0.387500 0.323750 0.020000 0.015000
6 0.070000 0.690000 0.010000 0.010000
6 0.230000 0.587500 0.017500 0.007500
6 0.935000 0.958750 0.012500 0.015000
6 0.913750 0.998750 0.015000 0.015000
6 0.313750 0.455000 0.017500 0.010000
6 0.357500 0.411250 0.012500 0.007500
6 0.511250 0.462500 0.010000 0.010000
6 0.990000 0.020000 0.017500 0.012500
6 0.341250 0.422500 0.015000 0.010000
6 0.746250 0.498750 0.020000 0.010000
6 0.212500 0.740000 0.020000 0.007500
6 0.763750 0.651250 0.012500 0.010000
6 0.800000 0.646250 0.017500 0.010000
6 0.688750 0.572500 0.007500 0.012500
6 0.372500 0.403750 0.015000 0.007500
6 0.633750 0.221250 0.017500 0.015000
6 0.357500 0.286250 0.015000 0.015000
6 0.203750 0.100000 0.020000 0.010000
6 0.387500 0.393750 0.015000 0.007500
6 0.853750 0.635000 0.012500 0.007500
6 0.885000 0.622500 0.010000 0.007500
6 0.976250 0.393750 0.020000 0.012500
6 0.240000 0.142500 0.022500 0.012500
6 0.370000 0.707500 0.017500 0.012500
6 0.403750 0.383750 0.012500 0.010000
