6 0.633750 0.706250 0.017500 0.017500
6 0.455000 0.907500 0.015000 0.015000
6 0.948750 0.466250 0.010000 0.015000
6 0.478750 0.917500 0.012500 0.015000
6 0.971250 0.546250 0.010000 0.012500
6 0.993750 0.385000 0.030000 0.010000
6 0.886250 0.463750 0.015000 0.010000
6 0.960000 0.962500 0.010000 0.012500
6 0.966250 0.933750 0.015000 0.020000
6 0.968750 0.907500 0.010000 0.020000
6 0.980000 0.907500 0.010000 0.012500
6 0.975000 0.865000 0.007500 0.015000
6 0.948750 0.511250 0.015000 0.015000
6 0.941250 0.557500 0.017500 0.037500
6 0.992500 0.733750 0.017500 0.030000
6 0.980000 0.211250 0.015000 0.007500
6 0.965000 0.276250 0.022500 0.005000
6 0.988750 0.227500 0.020000 0.007500
6 0.991250 0.235000 0.015000 0.007500
6 0.985000 0.220000 0.017500 0.007500
6 0.987500 0.250000 0.017500 0.010000
6 0.958750 0.253750 0.017500 0.007500
6 0.958750 0.262500 0.012500 0.005000
6 0.962500 0.268750 0.015000 0.005000
6 0.995000 0.285000 0.017500 0.007500
6 0.956250 0.245000 0.015000 0.005000
6 0.976250 0.230000 0.007500 0.015000
6 0.995000 0.265000 0.015000 0.007500
6 0.950000 0.205000 0.015000 0.005000
6 0.976250 0.183750 0.010000 0.017500
6 0.985000 0.180000 0.007500 0.012500
6 0.993750 0.178750 0.007500 0.012500
6 0.946250 0.190000 0.020000 0.010000
6 0.948750 0.197500 0.017500 0.005000
6 0.948750 0.213750 0.012500 0.007500
6 0.951250 0.222500 0.017500 0.007500
6 0.953750 0.230000 0.015000 0.005000
6 0.955000 0.237500 0.020000 0.007500
6 0.992500 0.258750 0.015000 0.007500
6 0.981250 0.203750 0.015000 0.005000
6 0.927500 0.215000 0.015000 0.017500
6 0.932500 0.231250 0.010000 0.015000
6 0.907500 0.240000 0.010000 0.017500
6 0.923750 0.196250 0.010000 0.012500
6 0.883750 0.107500 0.012500 0.015000
6 0.887500 0.220000 0.010000 0.012500
6 0.975000 0.283750 0.005000 0.007500
6 0.808750 0.502500 0.015000 0.015000
6 0.426250 0.930000 0.017500 0.017500
6 0.603750 0.755000 0.012500 0.015000
6 0.970000 0.602500 0.020000 0.020000
6 0.991250 0.682500 0.010000 0.017500
6 0.961250 0.568750 0.017500 0.017500
6 0.998750 0.316250 0.020000 0.012500
6 0.967500 0.191250 0.010000 0.010000
6 0.973750 0.648750 0.015000 0.027500
6 0.892500 0.157500 0.017500 0.025000
6 0.956250 0.586250 0.012500 0.017500
6 0.402500 0.967500 0.017500 0.020000
6 0.437500 0.920000 0.017500 0.015000
6 0.968750 0.958750 0.015000 0.020000
6 0.953750 0.657500 0.015000 0.020000
6 0.896250 0.183750 0.010000 0.020000
6 0.418750 0.947500 0.017500 0.017500
6 0.925000 0.306250 0.015000 0.012500
6 0.358750 0.991250 0.017500 0.010000
6 0.940000 0.403750 0.015000 0.020000
6 0.942500 0.645000 0.015000 0.020000
6 0.931250 0.345000 0.010000 0.015000
6 0.961250 0.981250 0.010000 0.015000
6 0.878750 0.385000 0.010000 0.012500
6 0.962500 0.632500 0.012500 0.017500
6 0.407500 0.958750 0.017500 0.015000
6 0.651250 0.680000 0.025000 0.015000
6 0.892500 0.123750 0.010000 0.017500
