6 0.606250 0.968750 0.015000 0.015000
6 0.203750 0.157500 0.030000 0.017500
6 0.200000 0.172500 0.040000 0.022500
6 0.196250 0.185000 0.037500 0.020000
6 0.191250 0.200000 0.037500 0.017500
6 0.183750 0.217500 0.037500 0.022500
6 0.176250 0.232500 0.040000 0.022500
6 0.047500 0.157500 0.015000 0.012500
6 0.208750 0.145000 0.030000 0.017500
6 0.838750 0.497500 0.012500 0.010000
6 0.831250 0.508750 0.010000 0.012500
6 0.825000 0.521250 0.007500 0.010000
6 0.823750 0.532500 0.010000 0.010000
6 0.245000 0.976250 0.010000 0.015000
6 0.260000 0.985000 0.012500 0.015000
