6 0.738750 0.656250 0.017500 0.022500
6 0.750000 0.661250 0.017500 0.025000
6 0.762500 0.667500 0.015000 0.022500
6 0.771250 0.672500 0.017500 0.022500
6 0.782500 0.676250 0.015000 0.022500
6 0.795000 0.681250 0.015000 0.020000
6 0.805000 0.686250 0.017500 0.022500
6 0.817500 0.691250 0.017500 0.022500
6 0.830000 0.697500 0.015000 0.022500
6 0.842500 0.702500 0.015000 0.022500
6 0.875000 0.723750 0.015000 0.022500
6 0.885000 0.727500 0.015000 0.020000
6 0.895000 0.732500 0.012500 0.020000
6 0.905000 0.737500 0.012500 0.020000
6 0.916250 0.741250 0.015000 0.020000
6 0.926250 0.746250 0.015000 0.017500
6 0.936250 0.751250 0.012500 0.020000
6 0.946250 0.755000 0.015000 0.020000
6 0.957500 0.760000 0.015000 0.022500
6 0.967500 0.763750 0.015000 0.020000
6 0.947500 0.725000 0.012500 0.022500
6 0.957500 0.730000 0.015000 0.022500
6 0.967500 0.730000 0.015000 0.020000
6 0.978750 0.735000 0.015000 0.020000
6 0.990000 0.708750 0.015000 0.022500
6 0.978750 0.702500 0.015000 0.020000
6 0.967500 0.700000 0.015000 0.020000
6 0.957500 0.696250 0.012500 0.020000
6 0.948750 0.691250 0.015000 0.020000
6 0.936250 0.687500 0.015000 0.020000
6 0.926250 0.681250 0.015000 0.017500
6 0.916250 0.678750 0.012500 0.020000
6 0.906250 0.675000 0.015000 0.020000
6 0.991250 0.596250 0.012500 0.020000
6 0.981250 0.591250 0.015000 0.020000
6 0.972500 0.588750 0.015000 0.017500
6 0.963750 0.585000 0.015000 0.022500
6 0.953750 0.581250 0.015000 0.017500
6 0.945000 0.577500 0.015000 0.020000
6 0.721250 0.480000 0.015000 0.022500
6 0.732500 0.483750 0.017500 0.022500
6 0.742500 0.487500 0.015000 0.020000
6 0.751250 0.492500 0.017500 0.022500
6 0.761250 0.496250 0.015000 0.022500
6 0.771250 0.500000 0.015000 0.020000
6 0.781250 0.506250 0.015000 0.022500
6 0.791250 0.507500 0.017500 0.022500
6 0.800000 0.512500 0.015000 0.020000
6 0.808750 0.517500 0.017500 0.022500
