6 0.000000 0.005000 0.017500 0.010000
6 0.016250 0.205000 0.020000 0.010000
6 0.148750 0.228750 0.010000 0.022500
6 0.016250 0.195000 0.017500 0.007500
6 0.013750 0.187500 0.020000 0.012500
6 0.015000 0.176250 0.020000 0.010000
6 0.013750 0.166250 0.020000 0.007500
6 0.015000 0.156250 0.015000 0.010000
6 0.015000 0.147500 0.017500 0.010000
6 0.017500 0.137500 0.020000 0.010000
6 0.013750 0.127500 0.017500 0.010000
6 0.017500 0.117500 0.020000 0.010000
6 0.016250 0.100000 0.017500 0.010000
6 0.016250 0.090000 0.020000 0.012500
6 0.008750 0.035000 0.017500 0.010000
6 0.013750 0.046250 0.020000 0.012500
6 0.016250 0.071250 0.022500 0.012500
6 0.230000 0.031250 0.040000 0.025000
6 0.272500 0.028750 0.017500 0.012500
6 0.150000 0.290000 0.010000 0.025000
6 0.203750 0.330000 0.012500 0.022500
6 0.155000 0.346250 0.010000 0.022500
6 0.148750 0.371250 0.012500 0.025000
6 0.191250 0.391250 0.035000 0.025000
6 0.162500 0.412500 0.015000 0.020000
6 0.202500 0.446250 0.045000 0.032500
6 0.273750 0.480000 0.037500 0.027500
6 0.046250 0.371250 0.017500 0.010000
6 0.397500 0.582500 0.042500 0.020000
6 0.447500 0.555000 0.020000 0.015000
6 0.546250 0.601250 0.022500 0.017500
6 0.615000 0.637500 0.020000 0.015000
6 0.692500 0.673750 0.020000 0.012500
6 0.822500 0.556250 0.010000 0.020000
6 0.816250 0.536250 0.010000 0.020000
6 0.810000 0.506250 0.012500 0.020000
6 0.800000 0.482500 0.015000 0.022500
6 0.793750 0.461250 0.012500 0.022500
6 0.786250 0.438750 0.012500 0.020000
6 0.782500 0.416250 0.012500 0.020000
6 0.773750 0.396250 0.010000 0.020000
6 0.768750 0.375000 0.012500 0.020000
6 0.762500 0.355000 0.012500 0.022500
6 0.752500 0.320000 0.012500 0.022500
6 0.621250 0.288750 0.017500 0.012500
6 0.737500 0.286250 0.017500 0.017500
6 0.713750 0.275000 0.020000 0.015000
6 0.675000 0.255000 0.020000 0.012500
6 0.656250 0.248750 0.020000 0.017500
6 0.636250 0.240000 0.017500 0.015000
6 0.821250 0.282500 0.015000 0.020000
6 0.506250 0.210000 0.040000 0.025000
6 0.380000 0.212500 0.025000 0.017500
6 0.373750 0.227500 0.020000 0.012500
6 0.551250 0.253750 0.020000 0.015000
6 0.576250 0.225000 0.017500 0.015000
6 0.617500 0.231250 0.017500 0.012500
6 0.598750 0.222500 0.015000 0.015000
6 0.581250 0.215000 0.020000 0.015000
6 0.540000 0.202500 0.015000 0.017500
6 0.560000 0.206250 0.017500 0.012500
6 0.528750 0.197500 0.012500 0.022500
6 0.511250 0.190000 0.015000 0.020000
6 0.501250 0.185000 0.012500 0.020000
6 0.485000 0.153750 0.015000 0.025000
6 0.496250 0.153750 0.012500 0.022500
6 0.503750 0.158750 0.015000 0.020000
6 0.515000 0.162500 0.015000 0.022500
6 0.528750 0.166250 0.015000 0.022500
6 0.535000 0.171250 0.012500 0.022500
6 0.543750 0.175000 0.015000 0.022500
6 0.555000 0.177500 0.017500 0.022500
6 0.568750 0.185000 0.015000 0.022500
6 0.578750 0.188750 0.015000 0.025000
6 0.587500 0.193750 0.017500 0.022500
6 0.595000 0.198750 0.012500 0.015000
6 0.656250 0.203750 0.012500 0.022500
6 0.666250 0.200000 0.012500 0.022500
6 0.673750 0.196250 0.015000 0.020000
6 0.682500 0.191250 0.017500 0.027500
6 0.697500 0.192500 0.015000 0.042500
6 0.730000 0.212500 0.045000 0.020000
6 0.740000 0.226250 0.042500 0.025000
6 0.875000 0.787500 0.042500 0.027500
6 0.968750 0.783750 0.012500 0.017500
6 0.692500 0.265000 0.017500 0.015000
