6 0.095000 0.808750 0.010000 0.015000
6 0.092500 0.858750 0.017500 0.035000
6 0.312500 0.917500 0.025000 0.010000
6 0.066250 0.502500 0.012500 0.015000
6 0.251250 0.922500 0.030000 0.012500
6 0.872500 0.551250 0.012500 0.012500
6 0.953750 0.855000 0.012500 0.015000
6 0.985000 0.937500 0.020000 0.027500
6 0.523750 0.207500 0.017500 0.010000
6 0.675000 0.441250 0.022500 0.025000
6 0.046250 0.505000 0.020000 0.017500
6 0.360000 0.447500 0.012500 0.012500
6 0.332500 0.446250 0.015000 0.015000
6 0.870000 0.608750 0.012500 0.015000
6 0.642500 0.368750 0.030000 0.037500
6 0.197500 0.937500 0.020000 0.007500
6 0.730000 0.865000 0.017500 0.010000
6 0.220000 0.935000 0.022500 0.007500
6 0.157500 0.963750 0.022500 0.010000
6 0.092500 0.902500 0.015000 0.040000
6 0.435000 0.652500 0.017500 0.015000
6 0.611250 0.878750 0.035000 0.017500
6 0.608750 0.866250 0.020000 0.007500
6 0.507500 0.825000 0.015000 0.012500
6 0.860000 0.561250 0.012500 0.015000
6 0.611250 0.172500 0.025000 0.040000
6 0.906250 0.936250 0.012500 0.017500
6 0.376250 0.908750 0.017500 0.007500
6 0.776250 0.080000 0.012500 0.015000
6 0.481250 0.378750 0.017500 0.017500
6 0.466250 0.718750 0.015000 0.015000
6 0.888750 0.961250 0.010000 0.017500
6 0.198750 0.275000 0.017500 0.010000
6 0.310000 0.948750 0.020000 0.007500
6 0.153750 0.651250 0.022500 0.010000
6 0.451250 0.900000 0.022500 0.007500
6 0.840000 0.735000 0.015000 0.017500
6 0.713750 0.332500 0.017500 0.012500
6 0.790000 0.608750 0.017500 0.015000
6 0.598750 0.486250 0.017500 0.012500
6 0.545000 0.507500 0.017500 0.012500
6 0.046250 0.676250 0.020000 0.010000
6 0.485000 0.206250 0.017500 0.012500
6 0.295000 0.327500 0.017500 0.015000
6 0.318750 0.370000 0.015000 0.010000
6 0.535000 0.400000 0.025000 0.012500
6 0.727500 0.853750 0.020000 0.010000
6 0.421250 0.252500 0.017500 0.007500
6 0.495000 0.908750 0.025000 0.020000
6 0.431250 0.235000 0.015000 0.012500
6 0.301250 0.343750 0.020000 0.012500
6 0.048750 0.467500 0.017500 0.017500
6 0.477500 0.555000 0.020000 0.015000
6 0.355000 0.570000 0.017500 0.015000
6 0.195000 0.626250 0.017500 0.012500
6 0.151250 0.640000 0.020000 0.010000
6 0.478750 0.928750 0.020000 0.010000
6 0.892500 0.885000 0.017500 0.017500
6 0.627500 0.898750 0.022500 0.012500
6 0.337500 0.406250 0.017500 0.012500
6 0.031250 0.517500 0.020000 0.012500
6 0.023750 0.355000 0.020000 0.010000
6 0.836250 0.346250 0.020000 0.010000
6 0.727500 0.466250 0.027500 0.025000
6 0.322500 0.583750 0.022500 0.017500
6 0.423750 0.623750 0.017500 0.015000
6 0.372500 0.566250 0.015000 0.007500
6 0.542500 0.046250 0.020000 0.012500
6 0.402500 0.820000 0.022500 0.017500
6 0.761250 0.847500 0.042500 0.025000
6 0.510000 0.197500 0.022500 0.007500
6 0.331250 0.387500 0.017500 0.017500
6 0.326250 0.430000 0.015000 0.012500
6 0.558750 0.393750 0.017500 0.012500
6 0.860000 0.902500 0.020000 0.017500
6 0.591250 0.978750 0.012500 0.015000
6 0.497500 0.792500 0.012500 0.012500
6 0.395000 0.485000 0.032500 0.015000
6 0.348750 0.945000 0.022500 0.010000
6 0.842500 0.851250 0.022500 0.022500
6 0.006250 0.473750 0.017500 0.015000
6 0.768750 0.482500 0.020000 0.017500
6 0.661250 0.851250 0.020000 0.012500
6 0.051250 0.591250 0.020000 0.010000
6 0.520000 0.538750 0.012500 0.005000
6 0.346250 0.420000 0.015000 0.012500
6 0.491250 0.392500 0.012500 0.017500
6 0.860000 0.627500 0.012500 0.015000
6 0.712500 0.468750 0.012500 0.012500
6 0.927500 0.733750 0.017500 0.020000
6 0.601250 0.377500 0.022500 0.010000
6 0.526250 0.441250 0.015000 0.012500
6 0.205000 0.496250 0.015000 0.020000
6 0.062500 0.535000 0.017500 0.010000
6 0.826250 0.595000 0.017500 0.015000
6 0.982500 0.880000 0.010000 0.012500
6 0.452500 0.223750 0.015000 0.010000
6 0.106250 0.301250 0.025000 0.010000
6 0.690000 0.877500 0.020000 0.010000
6 0.023750 0.418750 0.015000 0.017500
6 0.417500 0.610000 0.017500 0.012500
6 0.587500 0.420000 0.030000 0.012500
6 0.475000 0.363750 0.015000 0.012500
6 0.000000 0.458750 0.022500 0.012500
6 0.780000 0.472500 0.027500 0.012500
6 0.501250 0.521250 0.020000 0.015000
6 0.296250 0.605000 0.025000 0.010000
6 0.328750 0.603750 0.022500 0.010000
6 0.600000 0.995000 0.015000 0.017500
6 0.363750 0.593750 0.020000 0.012500
6 0.361250 0.498750 0.032500 0.015000
6 0.295000 0.936250 0.025000 0.010000
6 0.222500 0.958750 0.045000 0.017500
6 0.056250 0.523750 0.017500 0.012500
6 0.038750 0.956250 0.047500 0.015000
6 0.838750 0.355000 0.020000 0.010000
6 0.847500 0.371250 0.022500 0.012500
6 0.451250 0.813750 0.015000 0.012500
6 0.277500 0.597500 0.022500 0.012500
6 0.356250 0.583750 0.020000 0.010000
6 0.478750 0.745000 0.015000 0.012500
6 0.218750 0.617500 0.040000 0.015000
6 0.705000 0.851250 0.017500 0.010000
6 0.158750 0.426250 0.012500 0.017500
6 0.653750 0.878750 0.022500 0.010000
6 0.467500 0.216250 0.017500 0.015000
6 0.431250 0.902500 0.017500 0.007500
6 0.541250 0.117500 0.025000 0.022500
6 0.525000 0.857500 0.017500 0.015000
6 0.350000 0.271250 0.017500 0.010000
6 0.283750 0.346250 0.020000 0.015000
6 0.491250 0.417500 0.025000 0.012500
6 0.160000 0.441250 0.020000 0.012500
6 0.001250 0.960000 0.035000 0.012500
6 0.868750 0.112500 0.017500 0.012500
6 0.853750 0.386250 0.017500 0.007500
6 0.780000 0.506250 0.020000 0.017500
6 0.802500 0.522500 0.022500 0.015000
6 0.191250 0.640000 0.025000 0.012500
6 0.652500 0.485000 0.025000 0.012500
6 0.318750 0.512500 0.032500 0.015000
6 0.055000 0.690000 0.027500 0.010000
6 0.496250 0.215000 0.020000 0.012500
6 0.302500 0.382500 0.015000 0.015000
6 0.888750 0.595000 0.015000 0.010000
6 0.563750 0.511250 0.017500 0.007500
6 0.482500 0.760000 0.020000 0.015000
6 0.432500 0.816250 0.015000 0.022500
6 0.273750 0.952500 0.022500 0.010000
6 0.668750 0.883750 0.022500 0.012500
6 0.192500 0.416250 0.015000 0.015000
6 0.188750 0.463750 0.015000 0.020000
6 0.038750 0.450000 0.017500 0.015000
6 0.758750 0.356250 0.015000 0.012500
6 0.842500 0.628750 0.020000 0.012500
6 0.900000 0.873750 0.020000 0.032500
6 0.561250 0.498750 0.015000 0.007500
6 0.487500 0.528750 0.017500 0.012500
6 0.530000 0.923750 0.025000 0.015000
6 0.292500 0.952500 0.020000 0.012500
6 0.607500 0.903750 0.020000 0.007500
6 0.510000 0.420000 0.022500 0.012500
6 0.582500 0.386250 0.022500 0.010000
6 0.972500 0.776250 0.012500 0.017500
6 0.463750 0.535000 0.020000 0.010000
6 0.042500 0.666250 0.022500 0.012500
6 0.225000 0.630000 0.025000 0.010000
6 0.731250 0.190000 0.012500 0.015000
6 0.077500 0.518750 0.020000 0.015000
6 0.777500 0.460000 0.022500 0.010000
6 0.645000 0.470000 0.020000 0.010000
6 0.680000 0.846250 0.017500 0.010000
6 0.428750 0.638750 0.015000 0.012500
6 0.331250 0.947500 0.015000 0.010000
6 0.588750 0.392500 0.015000 0.007500
6 0.038750 0.532500 0.020000 0.012500
6 0.061250 0.482500 0.027500 0.012500
6 0.417500 0.938750 0.027500 0.007500
6 0.616250 0.028750 0.020000 0.025000
6 0.398750 0.262500 0.020000 0.012500
6 0.625000 0.410000 0.017500 0.010000
6 0.743750 0.827500 0.022500 0.010000
6 0.851250 0.878750 0.012500 0.015000
6 0.148750 0.385000 0.017500 0.015000
6 0.807500 0.536250 0.022500 0.017500
6 0.260000 0.603750 0.025000 0.012500
6 0.698750 0.841250 0.020000 0.012500
6 0.517500 0.842500 0.015000 0.020000
6 0.420000 0.916250 0.020000 0.007500
6 0.276250 0.332500 0.015000 0.012500
6 0.311250 0.401250 0.017500 0.012500
6 0.541250 0.410000 0.022500 0.010000
6 0.162500 0.408750 0.020000 0.012500
6 0.046250 0.546250 0.015000 0.012500
6 0.845000 0.363750 0.020000 0.010000
6 0.798750 0.440000 0.015000 0.012500
6 0.816250 0.597500 0.012500 0.012500
6 0.472500 0.810000 0.025000 0.012500
6 0.523750 0.515000 0.017500 0.010000
6 0.488750 0.780000 0.012500 0.015000
6 0.433750 0.927500 0.037500 0.015000
6 0.141250 0.371250 0.017500 0.015000
6 0.168750 0.428750 0.012500 0.012500
6 0.025000 0.502500 0.020000 0.015000
6 0.441250 0.667500 0.022500 0.015000
6 0.298750 0.590000 0.025000 0.012500
6 0.705000 0.868750 0.025000 0.012500
6 0.576250 0.951250 0.017500 0.012500
6 0.443750 0.542500 0.017500 0.007500
6 0.012500 0.682500 0.030000 0.007500
6 0.371250 0.925000 0.035000 0.015000
6 0.471250 0.231250 0.022500 0.015000
6 0.496250 0.452500 0.015000 0.015000
6 0.016250 0.487500 0.017500 0.012500
6 0.697500 0.332500 0.015000 0.012500
6 0.793750 0.411250 0.017500 0.015000
6 0.970000 0.808750 0.015000 0.015000
6 0.532500 0.890000 0.022500 0.010000
6 0.013750 0.670000 0.027500 0.010000
6 0.418750 0.820000 0.012500 0.012500
6 0.410000 0.245000 0.017500 0.012500
6 0.863750 0.835000 0.015000 0.015000
6 0.850000 0.645000 0.020000 0.012500
6 0.340000 0.827500 0.022500 0.010000
6 0.582500 0.965000 0.017500 0.015000
6 0.465000 0.550000 0.020000 0.012500
6 0.355000 0.912500 0.022500 0.010000
6 0.291250 0.303750 0.022500 0.010000
6 0.352500 0.435000 0.015000 0.010000
6 0.823750 0.566250 0.020000 0.012500
6 0.386250 0.943750 0.020000 0.007500
6 0.175000 0.452500 0.020000 0.007500
6 0.731250 0.302500 0.010000 0.017500
6 0.825000 0.573750 0.017500 0.010000
6 0.578750 0.493750 0.015000 0.012500
6 0.345000 0.601250 0.012500 0.012500
6 0.105000 0.661250 0.025000 0.015000
6 0.440000 0.241250 0.017500 0.007500
6 0.366250 0.943750 0.017500 0.007500
6 0.262500 0.315000 0.022500 0.017500
6 0.762500 0.308750 0.015000 0.015000
6 0.708750 0.316250 0.020000 0.012500
6 0.787500 0.483750 0.020000 0.012500
6 0.458750 0.702500 0.022500 0.017500
6 0.308750 0.356250 0.017500 0.015000
6 0.040000 0.492500 0.020000 0.012500
6 0.171250 0.631250 0.020000 0.015000
6 0.447500 0.456250 0.055000 0.025000
6 0.457500 0.913750 0.040000 0.020000
6 0.081250 0.531250 0.020000 0.012500
