6 0.673750 0.750000 0.010000 0.017500
6 0.475000 0.345000 0.022500 0.012500
6 0.385000 0.512500 0.015000 0.012500
6 0.705000 0.276250 0.020000 0.012500
6 0.583750 0.652500 0.020000 0.007500
6 0.572500 0.346250 0.045000 0.025000
6 0.663750 0.875000 0.015000 0.012500
6 0.853750 0.472500 0.025000 0.012500
6 0.610000 0.583750 0.015000 0.015000
6 0.412500 0.445000 0.017500 0.017500
6 0.537500 0.313750 0.030000 0.010000
6 0.821250 0.926250 0.020000 0.012500
6 0.256250 0.701250 0.022500 0.015000
6 0.698750 0.886250 0.017500 0.012500
6 0.657500 0.801250 0.015000 0.015000
6 0.623750 0.560000 0.017500 0.007500
6 0.343750 0.601250 0.025000 0.032500
6 0.352500 0.558750 0.022500 0.025000
6 0.881250 0.153750 0.022500 0.017500
6 0.343750 0.150000 0.037500 0.035000
6 0.232500 0.762500 0.022500 0.022500
6 0.365000 0.611250 0.022500 0.032500
6 0.200000 0.657500 0.015000 0.017500
6 0.883750 0.945000 0.022500 0.010000
6 0.843750 0.932500 0.015000 0.012500
6 0.981250 0.977500 0.015000 0.015000
6 0.897500 0.497500 0.025000 0.012500
6 0.715000 0.258750 0.022500 0.010000
6 0.192500 0.806250 0.020000 0.020000
6 0.667500 0.295000 0.027500 0.017500
6 0.788750 0.457500 0.017500 0.017500
6 0.465000 0.371250 0.020000 0.015000
6 0.916250 0.092500 0.017500 0.020000
6 0.766250 0.227500 0.025000 0.015000
6 0.922500 0.957500 0.017500 0.012500
6 0.422500 0.361250 0.022500 0.012500
6 0.688750 0.873750 0.025000 0.012500
6 0.131250 0.988750 0.022500 0.022500
6 0.561250 0.283750 0.020000 0.010000
6 0.225000 0.741250 0.020000 0.012500
6 0.697500 0.717500 0.020000 0.027500
6 0.408750 0.471250 0.017500 0.017500
6 0.803750 0.918750 0.020000 0.015000
6 0.652500 0.786250 0.015000 0.012500
6 0.205000 0.782500 0.017500 0.015000
6 0.606250 0.318750 0.027500 0.015000
6 0.617500 0.273750 0.020000 0.010000
6 0.377500 0.425000 0.022500 0.012500
6 0.940000 0.963750 0.017500 0.012500
6 0.753750 0.902500 0.022500 0.015000
6 0.591250 0.626250 0.017500 0.007500
6 0.600000 0.602500 0.017500 0.007500
6 0.820000 0.466250 0.040000 0.015000
6 0.683750 0.768750 0.012500 0.012500
6 0.532500 0.943750 0.035000 0.035000
6 0.170000 0.888750 0.020000 0.015000
6 0.775000 0.911250 0.017500 0.012500
6 0.833750 0.180000 0.020000 0.017500
6 0.968750 0.883750 0.015000 0.010000
6 0.403750 0.396250 0.020000 0.015000
6 0.580000 0.661250 0.015000 0.007500
6 0.187500 0.843750 0.020000 0.017500
6 0.596250 0.866250 0.030000 0.022500
6 0.386250 0.448750 0.027500 0.025000
6 0.275000 0.602500 0.030000 0.030000
6 0.458750 0.395000 0.025000 0.012500
6 0.173750 0.581250 0.020000 0.045000
6 0.396250 0.383750 0.017500 0.007500
6 0.938750 0.087500 0.017500 0.015000
6 0.866250 0.940000 0.020000 0.015000
6 0.733750 0.896250 0.020000 0.015000
6 0.671250 0.785000 0.020000 0.015000
6 0.853750 0.313750 0.015000 0.015000
