6 0.305000 0.096250 0.022500 0.007500
6 0.288750 0.097500 0.007500 0.017500
6 0.278750 0.097500 0.007500 0.012500
6 0.270000 0.101250 0.010000 0.015000
6 0.500000 0.012500 0.017500 0.010000
6 0.538750 0.011250 0.015000 0.005000
6 0.127500 0.020000 0.020000 0.010000
6 0.238750 0.020000 0.017500 0.007500
6 0.261250 0.017500 0.017500 0.007500
6 0.286250 0.017500 0.015000 0.007500
6 0.302500 0.017500 0.015000 0.007500
6 0.333750 0.015000 0.012500 0.007500
6 0.376250 0.015000 0.015000 0.007500
6 0.395000 0.013750 0.015000 0.007500
6 0.643750 0.008750 0.022500 0.010000
6 0.677500 0.008750 0.017500 0.007500
6 0.728750 0.013750 0.015000 0.010000
6 0.807500 0.026250 0.020000 0.007500
6 0.811250 0.107500 0.010000 0.015000
6 0.871250 0.041250 0.020000 0.010000
6 0.827500 0.031250 0.017500 0.007500
6 0.102500 0.027500 0.010000 0.005000
6 0.067500 0.162500 0.020000 0.007500
6 0.200000 0.018750 0.025000 0.015000
6 0.052500 0.015000 0.025000 0.012500
6 0.336250 0.987500 0.007500 0.010000
6 0.962500 0.078750 0.015000 0.007500
6 0.157500 0.018750 0.022500 0.012500
6 0.980000 0.063750 0.007500 0.010000
6 0.590000 0.021250 0.012500 0.005000
6 0.075000 0.020000 0.015000 0.010000
6 0.606250 0.021250 0.012500 0.007500
6 0.630000 0.017500 0.020000 0.012500
6 0.852500 0.060000 0.010000 0.007500
6 0.781250 0.021250 0.017500 0.007500
6 0.225000 0.882500 0.027500 0.022500
6 0.121250 0.857500 0.020000 0.017500
6 0.053750 0.821250 0.012500 0.010000
6 0.983750 0.081250 0.012500 0.010000
6 0.157500 0.860000 0.020000 0.012500
6 0.935000 0.048750 0.010000 0.007500
6 0.127500 0.845000 0.010000 0.007500
