6 0.871250 0.700000 0.025000 0.080000
6 0.855000 0.620000 0.027500 0.085000
6 0.546250 0.592500 0.007500 0.010000
6 0.546250 0.606250 0.010000 0.010000
6 0.561250 0.752500 0.005000 0.007500
6 0.545000 0.931250 0.007500 0.010000
6 0.547500 0.562500 0.007500 0.010000
6 0.568750 0.478750 0.007500 0.010000
6 0.575000 0.410000 0.007500 0.007500
6 0.573750 0.423750 0.007500 0.007500
6 0.588750 0.390000 0.010000 0.007500
6 0.568750 0.385000 0.007500 0.007500
6 0.571250 0.368750 0.007500 0.007500
6 0.573750 0.351250 0.007500 0.010000
6 0.575000 0.331250 0.007500 0.010000
6 0.578750 0.291250 0.010000 0.012500
6 0.550000 0.518750 0.010000 0.010000
6 0.927500 0.937500 0.032500 0.062500
6 0.908750 0.862500 0.030000 0.082500
6 0.890000 0.781250 0.030000 0.080000
6 0.841250 0.536250 0.022500 0.080000
6 0.831250 0.456250 0.017500 0.085000
6 0.828750 0.370000 0.025000 0.085000
6 0.826250 0.290000 0.012500 0.085000
6 0.826250 0.206250 0.020000 0.080000
6 0.826250 0.125000 0.017500 0.082500
6 0.826250 0.043750 0.015000 0.087500
