6 0.832500 0.750000 0.007500 0.012500
6 0.768750 0.832500 0.010000 0.010000
6 0.808750 0.831250 0.010000 0.012500
6 0.807500 0.745000 0.007500 0.015000
6 0.823750 0.748750 0.007500 0.015000
6 0.870000 0.971250 0.007500 0.012500
6 0.862500 0.968750 0.010000 0.015000
6 0.983750 0.843750 0.005000 0.012500
6 0.878750 0.706250 0.017500 0.007500
6 0.931250 0.711250 0.007500 0.015000
6 0.952500 0.740000 0.005000 0.012500
6 0.935000 0.740000 0.012500 0.012500
6 0.942500 0.783750 0.007500 0.012500
6 0.758750 0.786250 0.005000 0.015000
6 0.892500 0.852500 0.007500 0.017500
6 0.777500 0.833750 0.007500 0.010000
6 0.971250 0.902500 0.010000 0.015000
6 0.910000 0.897500 0.007500 0.010000
6 0.860000 0.896250 0.007500 0.017500
6 0.898750 0.781250 0.005000 0.010000
6 0.808750 0.847500 0.007500 0.012500
6 0.960000 0.753750 0.010000 0.017500
6 0.875000 0.777500 0.007500 0.012500
6 0.858750 0.851250 0.005000 0.012500
6 0.768750 0.730000 0.012500 0.017500
6 0.935000 0.753750 0.010000 0.017500
6 0.796250 0.731250 0.010000 0.017500
6 0.941250 0.755000 0.005000 0.015000
6 0.933750 0.796250 0.007500 0.012500
6 0.953750 0.797500 0.007500 0.012500
6 0.930000 0.797500 0.007500 0.010000
6 0.878750 0.897500 0.007500 0.015000
6 0.877500 0.972500 0.007500 0.012500
6 0.968750 0.796250 0.007500 0.015000
6 0.733750 0.742500 0.017500 0.007500
6 0.863750 0.748750 0.005000 0.012500
6 0.892500 0.838750 0.010000 0.010000
6 0.936250 0.843750 0.007500 0.010000
6 0.823750 0.690000 0.007500 0.015000
6 0.866250 0.780000 0.007500 0.015000
6 0.767500 0.787500 0.007500 0.015000
6 0.922500 0.901250 0.010000 0.017500
6 0.938750 0.711250 0.007500 0.015000
6 0.816250 0.746250 0.007500 0.015000
6 0.730000 0.763750 0.017500 0.007500
6 0.817500 0.777500 0.010000 0.017500
6 0.967500 0.755000 0.007500 0.015000
6 0.968750 0.742500 0.010000 0.012500
6 0.925000 0.751250 0.007500 0.015000
6 0.951250 0.783750 0.007500 0.012500
6 0.965000 0.846250 0.007500 0.015000
6 0.786250 0.835000 0.007500 0.012500
6 0.826250 0.778750 0.007500 0.012500
6 0.925000 0.738750 0.005000 0.010000
6 0.985000 0.796250 0.010000 0.015000
6 0.833750 0.690000 0.007500 0.012500
6 0.915000 0.753750 0.007500 0.015000
6 0.873750 0.750000 0.007500 0.015000
6 0.837500 0.736250 0.005000 0.015000
6 0.946250 0.710000 0.005000 0.015000
6 0.950000 0.755000 0.007500 0.015000
6 0.887500 0.751250 0.007500 0.010000
6 0.726250 0.781250 0.015000 0.007500
6 0.847500 0.912500 0.010000 0.015000
6 0.873750 0.791250 0.010000 0.015000
6 0.891250 0.780000 0.007500 0.010000
6 0.851250 0.851250 0.007500 0.015000
6 0.912500 0.842500 0.007500 0.010000
6 0.906250 0.751250 0.007500 0.017500
6 0.861250 0.836250 0.010000 0.012500
6 0.898750 0.751250 0.007500 0.012500
6 0.755000 0.751250 0.017500 0.007500
6 0.977500 0.797500 0.007500 0.015000
6 0.875000 0.851250 0.005000 0.015000
6 0.847500 0.895000 0.007500 0.017500
6 0.916250 0.796250 0.007500 0.015000
6 0.915000 0.783750 0.005000 0.012500
6 0.906250 0.782500 0.007500 0.012500
6 0.638750 0.691250 0.015000 0.010000
6 0.782500 0.786250 0.010000 0.015000
6 0.891250 0.796250 0.007500 0.017500
6 0.757500 0.832500 0.007500 0.015000
6 0.750000 0.832500 0.010000 0.012500
6 0.816250 0.836250 0.007500 0.015000
6 0.826250 0.792500 0.007500 0.015000
6 0.842500 0.691250 0.007500 0.015000
6 0.496250 0.061250 0.050000 0.017500
6 0.561250 0.056250 0.055000 0.012500
6 0.935000 0.797500 0.012500 0.017500
6 0.777500 0.730000 0.007500 0.012500
6 0.786250 0.728750 0.010000 0.017500
6 0.813750 0.732500 0.010000 0.015000
6 0.887500 0.738750 0.010000 0.012500
6 0.761250 0.740000 0.007500 0.015000
6 0.773750 0.787500 0.010000 0.012500
6 0.808750 0.787500 0.010000 0.017500
6 0.798750 0.787500 0.012500 0.015000
6 0.882500 0.781250 0.007500 0.012500
6 0.862500 0.792500 0.010000 0.010000
6 0.900000 0.841250 0.007500 0.010000
6 0.983750 0.541250 0.010000 0.015000
6 0.976250 0.552500 0.012500 0.007500
6 0.966250 0.546250 0.010000 0.007500
6 0.962500 0.540000 0.012500 0.007500
6 0.913750 0.066250 0.010000 0.007500
6 0.902500 0.056250 0.012500 0.007500
6 0.725000 0.050000 0.010000 0.007500
6 0.745000 0.056250 0.012500 0.007500
6 0.762500 0.053750 0.012500 0.010000
6 0.777500 0.048750 0.012500 0.007500
6 0.811250 0.062500 0.010000 0.007500
6 0.937500 0.065000 0.007500 0.005000
6 0.993750 0.075000 0.012500 0.005000
6 0.975000 0.537500 0.010000 0.020000
6 0.885000 0.703750 0.005000 0.012500
6 0.960000 0.741250 0.010000 0.020000
6 0.991250 0.846250 0.007500 0.012500
6 0.688750 0.053750 0.010000 0.007500
6 0.836250 0.063750 0.015000 0.007500
6 0.263750 0.048750 0.010000 0.007500
6 0.407500 0.013750 0.017500 0.010000
6 0.281250 0.015000 0.010000 0.007500
6 0.291250 0.015000 0.010000 0.005000
6 0.266250 0.016250 0.010000 0.007500
6 0.082500 0.028750 0.010000 0.007500
6 0.207500 0.047500 0.007500 0.007500
6 0.161250 0.071250 0.010000 0.007500
6 0.076250 0.017500 0.007500 0.007500
6 0.045000 0.063750 0.010000 0.005000
6 0.822500 0.733750 0.007500 0.015000
6 0.897500 0.737500 0.010000 0.015000
6 0.907500 0.738750 0.010000 0.012500
6 0.830000 0.736250 0.010000 0.012500
6 0.916250 0.737500 0.007500 0.012500
6 0.525000 0.025000 0.012500 0.012500
6 0.965000 0.555000 0.017500 0.005000
6 0.630000 0.048750 0.012500 0.010000
6 0.141250 0.068750 0.020000 0.015000
6 0.211250 0.065000 0.057500 0.007500
6 0.116250 0.067500 0.010000 0.012500
6 0.756250 0.088750 0.007500 0.020000
6 0.222500 0.021250 0.017500 0.015000
6 0.697500 0.010000 0.010000 0.010000
6 0.105000 0.036250 0.010000 0.010000
6 0.676250 0.051250 0.010000 0.015000
6 0.643750 0.017500 0.020000 0.010000
6 0.368750 0.012500 0.010000 0.007500
6 0.146250 0.027500 0.010000 0.010000
6 0.458750 0.011250 0.017500 0.007500
6 0.305000 0.013750 0.012500 0.007500
6 0.820000 0.005000 0.015000 0.007500
6 0.590000 0.025000 0.012500 0.017500
6 0.566250 0.011250 0.012500 0.012500
6 0.317500 0.016250 0.012500 0.007500
6 0.062500 0.070000 0.012500 0.012500
6 0.610000 0.007500 0.015000 0.012500
6 0.553750 0.026250 0.012500 0.010000
6 0.546250 0.008750 0.017500 0.012500
6 0.493750 0.010000 0.010000 0.010000
6 0.381250 0.012500 0.012500 0.007500
6 0.346250 0.011250 0.020000 0.005000
6 0.762500 0.015000 0.015000 0.007500
