6 0.771250 0.117500 0.012500 0.017500
6 0.191250 0.665000 0.022500 0.010000
6 0.830000 0.350000 0.012500 0.017500
6 0.932500 0.433750 0.055000 0.025000
6 0.938750 0.447500 0.055000 0.020000
6 0.825000 0.325000 0.017500 0.015000
6 0.977500 0.117500 0.007500 0.010000
6 0.396250 0.258750 0.035000 0.015000
6 0.520000 0.217500 0.012500 0.007500
6 0.601250 0.237500 0.020000 0.012500
6 0.810000 0.306250 0.007500 0.010000
6 0.813750 0.247500 0.012500 0.012500
6 0.698750 0.196250 0.020000 0.007500
6 0.727500 0.193750 0.020000 0.012500
6 0.745000 0.190000 0.020000 0.010000
6 0.768750 0.156250 0.017500 0.032500
6 0.782500 0.181250 0.007500 0.012500
6 0.791250 0.146250 0.012500 0.012500
6 0.796250 0.120000 0.007500 0.010000
6 0.795000 0.103750 0.010000 0.010000
6 0.788750 0.096250 0.010000 0.010000
6 0.798750 0.095000 0.012500 0.010000
6 0.790000 0.035000 0.022500 0.012500
6 0.788750 0.042500 0.017500 0.007500
6 0.786250 0.050000 0.017500 0.007500
6 0.757500 0.017500 0.010000 0.010000
6 0.957500 0.475000 0.022500 0.045000
6 0.968750 0.461250 0.017500 0.025000
6 0.980000 0.460000 0.017500 0.020000
6 0.995000 0.457500 0.017500 0.032500
6 0.801250 0.130000 0.017500 0.010000
6 0.931250 0.315000 0.070000 0.022500
6 0.880000 0.372500 0.030000 0.012500
6 0.976250 0.243750 0.020000 0.052500
6 0.960000 0.243750 0.030000 0.062500
6 0.878750 0.381250 0.020000 0.010000
6 0.462500 0.791250 0.010000 0.017500
6 0.661250 0.231250 0.017500 0.012500
6 0.987500 0.168750 0.015000 0.010000
6 0.940000 0.248750 0.025000 0.040000
6 0.880000 0.400000 0.022500 0.005000
6 0.660000 0.200000 0.020000 0.012500
6 0.437500 0.253750 0.017500 0.007500
6 0.920000 0.297500 0.070000 0.017500
6 0.938750 0.278750 0.057500 0.015000
