6 0.955000 0.003750 0.057500 0.012500
6 0.088750 0.997500 0.007500 0.015000
6 0.160000 0.958750 0.017500 0.007500
6 0.212500 0.963750 0.007500 0.015000
6 0.233750 0.992500 0.005000 0.012500
6 0.216250 0.992500 0.012500 0.012500
6 0.050000 0.982500 0.012500 0.017500
6 0.077500 0.983750 0.010000 0.017500
6 0.015000 0.995000 0.017500 0.007500
6 0.105000 0.942500 0.007500 0.015000
6 0.220000 0.963750 0.007500 0.015000
6 0.097500 0.998750 0.007500 0.015000
6 0.250000 0.995000 0.010000 0.012500
6 0.206250 0.991250 0.005000 0.010000
6 0.115000 0.942500 0.007500 0.012500
6 0.118750 0.988750 0.005000 0.015000
6 0.227500 0.962500 0.005000 0.015000
6 0.888750 0.001250 0.080000 0.015000
6 0.123750 0.943750 0.007500 0.015000
6 0.382500 0.630000 0.012500 0.050000
6 0.822500 0.213750 0.022500 0.012500
6 0.911250 0.218750 0.027500 0.015000
6 0.556250 0.245000 0.015000 0.007500
6 0.467500 0.263750 0.015000 0.007500
6 0.260000 0.242500 0.012500 0.007500
6 0.276250 0.243750 0.010000 0.005000
6 0.298750 0.246250 0.012500 0.007500
6 0.286250 0.226250 0.010000 0.007500
6 0.282500 0.217500 0.010000 0.005000
6 0.365000 0.217500 0.010000 0.007500
6 0.343750 0.318750 0.020000 0.047500
6 0.360000 0.346250 0.020000 0.045000
6 0.381250 0.395000 0.010000 0.017500
6 0.385000 0.490000 0.022500 0.045000
6 0.393750 0.535000 0.020000 0.045000
6 0.397500 0.622500 0.007500 0.012500
6 0.472500 0.788750 0.007500 0.010000
6 0.058750 0.982500 0.007500 0.012500
6 0.067500 0.981250 0.010000 0.017500
6 0.095000 0.985000 0.010000 0.015000
6 0.168750 0.991250 0.010000 0.012500
6 0.042500 0.992500 0.007500 0.015000
6 0.283750 0.773750 0.010000 0.015000
6 0.265000 0.793750 0.010000 0.015000
6 0.257500 0.805000 0.012500 0.007500
6 0.247500 0.798750 0.010000 0.007500
6 0.243750 0.792500 0.012500 0.007500
6 0.378750 0.977500 0.025000 0.022500
6 0.890000 0.251250 0.012500 0.007500
6 0.900000 0.200000 0.012500 0.007500
6 0.195000 0.318750 0.010000 0.007500
6 0.183750 0.308750 0.012500 0.007500
6 0.006250 0.302500 0.010000 0.007500
6 0.026250 0.308750 0.012500 0.007500
6 0.043750 0.306250 0.012500 0.010000
6 0.058750 0.301250 0.012500 0.007500
6 0.092500 0.315000 0.010000 0.007500
6 0.130000 0.232500 0.020000 0.012500
6 0.151250 0.228750 0.012500 0.007500
6 0.263750 0.186250 0.007500 0.012500
6 0.251250 0.213750 0.022500 0.012500
6 0.271250 0.182500 0.007500 0.012500
6 0.438750 0.413750 0.007500 0.015000
6 0.318750 0.361250 0.010000 0.010000
6 0.218750 0.317500 0.007500 0.005000
6 0.275000 0.327500 0.012500 0.005000
6 0.456250 0.470000 0.010000 0.015000
6 0.463750 0.546250 0.010000 0.010000
6 0.256250 0.790000 0.010000 0.020000
6 0.472500 0.900000 0.017500 0.010000
6 0.473750 0.891250 0.022500 0.012500
6 0.408750 0.925000 0.022500 0.045000
6 0.166250 0.956250 0.005000 0.012500
6 0.241250 0.993750 0.010000 0.020000
6 0.445000 0.207500 0.012500 0.007500
6 0.317500 0.186250 0.007500 0.012500
6 0.211250 0.217500 0.015000 0.005000
6 0.117500 0.316250 0.015000 0.007500
6 0.103750 0.986250 0.007500 0.015000
6 0.178750 0.990000 0.010000 0.015000
6 0.188750 0.991250 0.010000 0.012500
6 0.111250 0.988750 0.010000 0.012500
6 0.197500 0.990000 0.007500 0.012500
6 0.411250 0.258750 0.042500 0.037500
6 0.021250 0.231250 0.012500 0.017500
6 0.246250 0.807500 0.017500 0.005000
6 0.352500 0.395000 0.032500 0.045000
6 0.373750 0.435000 0.030000 0.040000
6 0.412500 0.548750 0.030000 0.055000
6 0.405000 0.760000 0.015000 0.042500
6 0.537500 0.222500 0.012500 0.010000
6 0.405000 0.685000 0.010000 0.037500
6 0.380000 0.371250 0.012500 0.017500
6 0.408750 0.877500 0.022500 0.052500
6 0.470000 0.483750 0.010000 0.015000
6 0.037500 0.341250 0.007500 0.020000
6 0.403750 0.586250 0.012500 0.052500
6 0.475000 0.808750 0.007500 0.012500
6 0.922500 0.633750 0.012500 0.012500
6 0.656250 0.225000 0.025000 0.015000
6 0.698750 0.220000 0.057500 0.015000
6 0.412500 0.628750 0.012500 0.050000
6 0.465000 0.782500 0.005000 0.010000
6 0.101250 0.257500 0.015000 0.007500
6 0.920000 0.601250 0.010000 0.020000
6 0.553750 0.205000 0.035000 0.012500
6 0.447500 0.212500 0.015000 0.007500
6 0.171250 0.248750 0.020000 0.007500
6 0.500000 0.223750 0.020000 0.012500
6 0.043750 0.267500 0.015000 0.007500
6 0.032500 0.227500 0.020000 0.015000
