6 0.310000 0.067500 0.020000 0.012500
6 0.273750 0.081250 0.022500 0.010000
6 0.256250 0.108750 0.025000 0.010000
6 0.243750 0.133750 0.020000 0.012500
6 0.235000 0.145000 0.020000 0.010000
6 0.230000 0.155000 0.022500 0.007500
6 0.226250 0.166250 0.020000 0.010000
6 0.360000 0.143750 0.022500 0.015000
6 0.355000 0.156250 0.020000 0.010000
6 0.343750 0.173750 0.022500 0.010000
6 0.333750 0.193750 0.020000 0.015000
6 0.327500 0.205000 0.020000 0.012500
6 0.323750 0.213750 0.022500 0.012500
6 0.310000 0.241250 0.020000 0.012500
6 0.296250 0.257500 0.020000 0.010000
6 0.232500 0.380000 0.022500 0.012500
6 0.226250 0.391250 0.025000 0.012500
6 0.195000 0.446250 0.022500 0.012500
6 0.987500 0.347500 0.020000 0.010000
6 0.980000 0.356250 0.020000 0.012500
6 0.970000 0.385000 0.017500 0.010000
6 0.550000 0.647500 0.010000 0.017500
6 0.585000 0.652500 0.012500 0.017500
6 0.470000 0.778750 0.022500 0.012500
6 0.823750 0.998750 0.022500 0.012500
6 0.780000 0.861250 0.045000 0.022500
