6 0.695000 0.118750 0.032500 0.022500
6 0.306250 0.057500 0.045000 0.030000
6 0.728750 0.151250 0.030000 0.020000
6 0.906250 0.353750 0.032500 0.050000
6 0.436250 0.097500 0.075000 0.045000
6 0.852500 0.238750 0.022500 0.040000
6 0.857500 0.203750 0.022500 0.032500
6 0.721250 0.142500 0.027500 0.017500
6 0.787500 0.235000 0.022500 0.027500
6 0.887500 0.345000 0.037500 0.047500
6 0.808750 0.321250 0.037500 0.050000
6 0.888750 0.227500 0.030000 0.050000
6 0.736250 0.160000 0.035000 0.022500
6 0.947500 0.372500 0.027500 0.030000
6 0.933750 0.362500 0.027500 0.037500
6 0.782500 0.312500 0.040000 0.047500
6 0.417500 0.128750 0.067500 0.040000
6 0.488750 0.102500 0.060000 0.032500
6 0.605000 0.057500 0.022500 0.025000
6 0.796250 0.320000 0.025000 0.030000
6 0.581250 0.075000 0.022500 0.032500
6 0.593750 0.052500 0.025000 0.022500
6 0.740000 0.288750 0.050000 0.040000
6 0.837500 0.208750 0.017500 0.030000
6 0.591250 0.078750 0.025000 0.030000
6 0.715000 0.280000 0.060000 0.040000
6 0.701250 0.127500 0.030000 0.017500
6 0.683750 0.108750 0.030000 0.020000
6 0.855000 0.343750 0.030000 0.042500
6 0.761250 0.303750 0.057500 0.045000
6 0.810000 0.238750 0.037500 0.055000
6 0.495000 0.126250 0.052500 0.030000
6 0.271250 0.020000 0.040000 0.017500
6 0.743750 0.167500 0.030000 0.017500
6 0.825000 0.236250 0.037500 0.055000
6 0.842500 0.333750 0.032500 0.047500
6 0.295000 0.047500 0.050000 0.030000
6 0.828750 0.325000 0.050000 0.050000
6 0.961250 0.375000 0.022500 0.027500
6 0.866250 0.231250 0.017500 0.027500
6 0.975000 0.085000 0.030000 0.015000
6 0.978750 0.095000 0.025000 0.012500
6 0.920000 0.077500 0.042500 0.017500
6 0.298750 0.973750 0.012500 0.017500
6 0.283750 0.973750 0.010000 0.017500
6 0.248750 0.877500 0.012500 0.020000
6 0.292500 0.898750 0.017500 0.015000
6 0.306250 0.902500 0.012500 0.012500
6 0.205000 0.896250 0.022500 0.015000
6 0.167500 0.877500 0.022500 0.010000
6 0.145000 0.866250 0.020000 0.012500
6 0.118750 0.853750 0.020000 0.015000
6 0.103750 0.875000 0.022500 0.012500
6 0.015000 0.521250 0.022500 0.010000
6 0.037500 0.532500 0.020000 0.010000
6 0.002500 0.558750 0.017500 0.015000
6 0.060000 0.567500 0.017500 0.015000
6 0.106250 0.570000 0.025000 0.010000
6 0.093750 0.611250 0.012500 0.017500
6 0.107500 0.616250 0.015000 0.015000
6 0.231250 0.636250 0.020000 0.012500
6 0.248750 0.642500 0.017500 0.010000
6 0.237500 0.681250 0.015000 0.017500
6 0.250000 0.686250 0.015000 0.017500
6 0.350000 0.688750 0.020000 0.012500
6 0.367500 0.696250 0.020000 0.012500
6 0.383750 0.703750 0.022500 0.010000
6 0.398750 0.710000 0.020000 0.010000
6 0.365000 0.742500 0.015000 0.017500
6 0.377500 0.750000 0.015000 0.017500
6 0.437500 0.728750 0.020000 0.010000
6 0.477500 0.746250 0.025000 0.010000
6 0.520000 0.763750 0.020000 0.010000
6 0.452500 0.780000 0.017500 0.017500
6 0.408750 0.761250 0.015000 0.015000
6 0.636250 0.900000 0.025000 0.015000
6 0.716250 0.896250 0.020000 0.012500
6 0.155000 0.933750 0.012500 0.020000
6 0.121250 0.921250 0.022500 0.015000
6 0.121250 0.885000 0.022500 0.012500
6 0.176250 0.908750 0.020000 0.010000
6 0.205000 0.918750 0.025000 0.012500
6 0.082500 0.836250 0.017500 0.010000
6 0.095000 0.842500 0.020000 0.015000
6 0.192500 0.952500 0.012500 0.015000
6 0.177500 0.947500 0.010000 0.015000
6 0.296250 0.010000 0.022500 0.017500
6 0.477500 0.002500 0.015000 0.015000
6 0.465000 0.007500 0.015000 0.015000
6 0.455000 0.016250 0.017500 0.012500
6 0.442500 0.021250 0.017500 0.012500
6 0.430000 0.026250 0.017500 0.012500
6 0.418750 0.031250 0.012500 0.012500
6 0.405000 0.036250 0.012500 0.012500
6 0.385000 0.048750 0.017500 0.015000
6 0.375000 0.055000 0.020000 0.015000
6 0.358750 0.060000 0.017500 0.015000
6 0.450000 0.088750 0.025000 0.015000
6 0.503750 0.040000 0.015000 0.015000
6 0.513750 0.031250 0.015000 0.015000
6 0.523750 0.020000 0.022500 0.010000
6 0.545000 0.028750 0.020000 0.010000
6 0.543750 0.038750 0.022500 0.012500
6 0.543750 0.050000 0.020000 0.010000
6 0.541250 0.057500 0.022500 0.012500
6 0.535000 0.065000 0.020000 0.010000
6 0.532500 0.075000 0.025000 0.015000
6 0.532500 0.082500 0.020000 0.010000
6 0.575000 0.041250 0.025000 0.017500
6 0.571250 0.051250 0.027500 0.015000
6 0.566250 0.061250 0.020000 0.010000
6 0.616250 0.063750 0.022500 0.025000
6 0.606250 0.087500 0.017500 0.020000
6 0.640000 0.072500 0.020000 0.017500
6 0.621250 0.090000 0.022500 0.017500
6 0.648750 0.078750 0.020000 0.017500
6 0.633750 0.095000 0.022500 0.017500
6 0.668750 0.091250 0.030000 0.020000
6 0.646250 0.097500 0.020000 0.015000
6 0.645000 0.110000 0.020000 0.015000
6 0.658750 0.125000 0.020000 0.015000
6 0.666250 0.132500 0.022500 0.012500
6 0.671250 0.137500 0.020000 0.015000
6 0.678750 0.145000 0.020000 0.012500
6 0.686250 0.152500 0.017500 0.015000
6 0.628750 0.131250 0.030000 0.020000
6 0.633750 0.141250 0.020000 0.015000
6 0.646250 0.148750 0.022500 0.015000
6 0.656250 0.152500 0.017500 0.012500
6 0.662500 0.161250 0.022500 0.017500
6 0.671250 0.167500 0.020000 0.017500
6 0.727500 0.192500 0.022500 0.017500
6 0.735000 0.200000 0.017500 0.015000
6 0.745000 0.205000 0.020000 0.015000
6 0.751250 0.213750 0.020000 0.015000
6 0.753750 0.176250 0.027500 0.020000
6 0.771250 0.190000 0.025000 0.017500
6 0.778750 0.197500 0.030000 0.017500
6 0.787500 0.203750 0.025000 0.015000
6 0.517500 0.160000 0.017500 0.015000
6 0.527500 0.165000 0.017500 0.015000
6 0.536250 0.170000 0.020000 0.017500
6 0.545000 0.175000 0.017500 0.020000
6 0.553750 0.180000 0.017500 0.015000
6 0.562500 0.183750 0.015000 0.012500
6 0.573750 0.190000 0.017500 0.017500
6 0.582500 0.195000 0.017500 0.020000
6 0.572500 0.167500 0.017500 0.015000
6 0.582500 0.171250 0.012500 0.010000
6 0.596250 0.177500 0.017500 0.020000
6 0.591250 0.198750 0.015000 0.017500
6 0.600000 0.203750 0.012500 0.015000
6 0.608750 0.210000 0.017500 0.017500
6 0.618750 0.212500 0.015000 0.015000
6 0.627500 0.218750 0.015000 0.015000
6 0.636250 0.225000 0.017500 0.017500
6 0.645000 0.230000 0.015000 0.017500
6 0.655000 0.235000 0.020000 0.017500
6 0.663750 0.238750 0.015000 0.015000
6 0.670000 0.245000 0.015000 0.017500
6 0.680000 0.250000 0.017500 0.017500
6 0.690000 0.255000 0.020000 0.015000
6 0.698750 0.261250 0.022500 0.015000
6 0.705000 0.267500 0.020000 0.015000
6 0.677500 0.290000 0.017500 0.015000
6 0.667500 0.285000 0.020000 0.017500
6 0.658750 0.281250 0.017500 0.020000
6 0.650000 0.276250 0.017500 0.017500
6 0.642500 0.271250 0.017500 0.015000
6 0.631250 0.266250 0.017500 0.017500
6 0.622500 0.262500 0.015000 0.015000
6 0.612500 0.260000 0.015000 0.017500
6 0.602500 0.255000 0.015000 0.017500
6 0.595000 0.250000 0.015000 0.017500
6 0.585000 0.246250 0.015000 0.015000
6 0.578750 0.241250 0.015000 0.012500
6 0.570000 0.237500 0.015000 0.017500
6 0.561250 0.232500 0.015000 0.017500
6 0.551250 0.227500 0.017500 0.017500
6 0.542500 0.221250 0.015000 0.017500
6 0.535000 0.217500 0.017500 0.015000
6 0.525000 0.212500 0.015000 0.015000
6 0.517500 0.206250 0.015000 0.012500
6 0.508750 0.200000 0.015000 0.012500
6 0.500000 0.195000 0.017500 0.015000
6 0.490000 0.191250 0.012500 0.012500
6 0.482500 0.185000 0.020000 0.017500
6 0.472500 0.180000 0.015000 0.012500
6 0.463750 0.173750 0.015000 0.015000
6 0.453750 0.168750 0.015000 0.017500
6 0.443750 0.165000 0.017500 0.017500
6 0.433750 0.158750 0.017500 0.020000
6 0.423750 0.153750 0.022500 0.020000
6 0.977500 0.377500 0.020000 0.030000
6 0.996250 0.375000 0.012500 0.022500
