6 0.041250 0.242500 0.015000 0.017500
6 0.017500 0.267500 0.012500 0.017500
6 0.160000 0.322500 0.020000 0.015000
6 0.152500 0.330000 0.020000 0.015000
6 0.147500 0.338750 0.022500 0.015000
6 0.121250 0.366250 0.020000 0.015000
6 0.282500 0.431250 0.020000 0.020000
6 0.335000 0.463750 0.017500 0.017500
6 0.346250 0.471250 0.020000 0.017500
6 0.357500 0.477500 0.015000 0.017500
6 0.366250 0.483750 0.017500 0.017500
6 0.378750 0.488750 0.020000 0.017500
6 0.386250 0.497500 0.017500 0.017500
6 0.416250 0.451250 0.010000 0.017500
6 0.635000 0.560000 0.020000 0.012500
6 0.625000 0.566250 0.020000 0.012500
6 0.616250 0.573750 0.020000 0.012500
6 0.608750 0.582500 0.020000 0.012500
6 0.602500 0.590000 0.027500 0.012500
6 0.593750 0.597500 0.020000 0.010000
6 0.582500 0.616250 0.017500 0.010000
6 0.573750 0.623750 0.020000 0.015000
6 0.567500 0.631250 0.025000 0.015000
6 0.560000 0.638750 0.020000 0.012500
6 0.551250 0.655000 0.020000 0.012500
6 0.601250 0.643750 0.012500 0.020000
6 0.533750 0.672500 0.020000 0.012500
6 0.508750 0.705000 0.020000 0.012500
6 0.265000 0.868750 0.015000 0.017500
6 0.301250 0.892500 0.020000 0.017500
6 0.020000 0.468750 0.017500 0.017500
6 0.265000 0.148750 0.022500 0.015000
