6 0.156250 0.353750 0.032500 0.050000
6 0.683750 0.442500 0.020000 0.060000
6 0.102500 0.238750 0.022500 0.040000
6 0.107500 0.203750 0.022500 0.032500
6 0.037500 0.235000 0.022500 0.027500
6 0.756250 0.477500 0.025000 0.057500
6 0.137500 0.345000 0.037500 0.047500
6 0.058750 0.321250 0.037500 0.050000
6 0.138750 0.227500 0.030000 0.050000
6 0.667500 0.438750 0.025000 0.057500
6 0.197500 0.372500 0.027500 0.030000
6 0.183750 0.362500 0.027500 0.037500
6 0.032500 0.312500 0.040000 0.047500
6 0.046250 0.320000 0.025000 0.030000
6 0.652500 0.423750 0.030000 0.062500
6 0.087500 0.208750 0.017500 0.030000
6 0.737500 0.471250 0.027500 0.057500
6 0.105000 0.343750 0.030000 0.042500
6 0.011250 0.303750 0.057500 0.045000
6 0.060000 0.238750 0.037500 0.055000
6 0.253750 0.263750 0.022500 0.042500
6 0.075000 0.236250 0.037500 0.055000
6 0.703750 0.456250 0.032500 0.055000
6 0.092500 0.333750 0.032500 0.047500
6 0.720000 0.463750 0.030000 0.055000
6 0.078750 0.325000 0.050000 0.050000
6 0.211250 0.375000 0.022500 0.027500
6 0.116250 0.231250 0.017500 0.027500
6 0.976250 0.265000 0.022500 0.007500
6 0.957500 0.290000 0.025000 0.007500
6 0.981250 0.291250 0.027500 0.010000
6 0.956250 0.298750 0.027500 0.010000
6 0.980000 0.300000 0.025000 0.010000
6 0.955000 0.308750 0.025000 0.010000
6 0.981250 0.310000 0.025000 0.010000
6 0.953750 0.318750 0.022500 0.010000
6 0.978750 0.317500 0.022500 0.005000
6 0.983750 0.327500 0.022500 0.007500
6 0.956250 0.327500 0.025000 0.010000
6 0.982500 0.335000 0.025000 0.007500
6 0.952500 0.336250 0.022500 0.010000
6 0.953750 0.350000 0.027500 0.007500
6 0.980000 0.343750 0.022500 0.007500
6 0.980000 0.353750 0.025000 0.010000
6 0.957500 0.361250 0.025000 0.010000
6 0.981250 0.362500 0.022500 0.007500
6 0.956250 0.372500 0.025000 0.007500
6 0.982500 0.370000 0.025000 0.007500
6 0.953750 0.382500 0.022500 0.010000
6 0.981250 0.380000 0.025000 0.010000
6 0.981250 0.390000 0.027500 0.010000
6 0.951250 0.393750 0.025000 0.010000
6 0.980000 0.397500 0.025000 0.007500
6 0.952500 0.406250 0.027500 0.010000
6 0.980000 0.406250 0.022500 0.007500
6 0.952500 0.415000 0.025000 0.007500
6 0.978750 0.416250 0.027500 0.010000
6 0.897500 0.291250 0.025000 0.010000
6 0.870000 0.292500 0.025000 0.010000
6 0.897500 0.300000 0.025000 0.007500
6 0.871250 0.301250 0.025000 0.007500
6 0.897500 0.308750 0.025000 0.012500
6 0.896250 0.318750 0.025000 0.010000
6 0.897500 0.328750 0.025000 0.010000
6 0.897500 0.340000 0.025000 0.012500
6 0.897500 0.350000 0.025000 0.012500
6 0.895000 0.361250 0.022500 0.010000
6 0.897500 0.372500 0.025000 0.010000
6 0.870000 0.308750 0.025000 0.007500
6 0.871250 0.318750 0.027500 0.010000
6 0.871250 0.327500 0.027500 0.007500
6 0.872500 0.336250 0.025000 0.007500
6 0.870000 0.346250 0.027500 0.010000
6 0.868750 0.356250 0.025000 0.010000
6 0.868750 0.366250 0.027500 0.012500
6 0.868750 0.375000 0.025000 0.010000
6 0.868750 0.383750 0.030000 0.010000
6 0.867500 0.396250 0.022500 0.010000
6 0.870000 0.407500 0.027500 0.012500
6 0.868750 0.416250 0.027500 0.010000
6 0.901250 0.383750 0.037500 0.012500
6 0.895000 0.396250 0.027500 0.010000
6 0.897500 0.405000 0.025000 0.010000
6 0.896250 0.416250 0.025000 0.010000
6 0.917500 0.307500 0.012500 0.020000
6 0.916250 0.328750 0.010000 0.017500
6 0.915000 0.355000 0.010000 0.022500
6 0.868750 0.427500 0.022500 0.010000
6 0.895000 0.428750 0.025000 0.010000
6 0.867500 0.438750 0.025000 0.007500
6 0.897500 0.441250 0.025000 0.007500
6 0.871250 0.451250 0.022500 0.007500
6 0.897500 0.452500 0.025000 0.007500
6 0.867500 0.463750 0.022500 0.012500
6 0.896250 0.461250 0.022500 0.010000
6 0.868750 0.475000 0.025000 0.007500
6 0.893750 0.473750 0.022500 0.010000
6 0.868750 0.485000 0.025000 0.010000
6 0.896250 0.485000 0.025000 0.010000
6 0.868750 0.497500 0.025000 0.010000
6 0.896250 0.498750 0.027500 0.010000
6 0.868750 0.507500 0.025000 0.007500
6 0.896250 0.508750 0.025000 0.010000
6 0.868750 0.518750 0.025000 0.010000
6 0.896250 0.521250 0.025000 0.010000
6 0.916250 0.455000 0.015000 0.020000
6 0.916250 0.480000 0.015000 0.020000
6 0.917500 0.498750 0.015000 0.017500
6 0.918750 0.518750 0.012500 0.017500
6 0.950000 0.427500 0.025000 0.010000
6 0.977500 0.426250 0.027500 0.010000
6 0.951250 0.438750 0.025000 0.010000
6 0.977500 0.435000 0.027500 0.010000
6 0.951250 0.448750 0.027500 0.010000
6 0.977500 0.445000 0.025000 0.005000
6 0.951250 0.461250 0.025000 0.007500
6 0.976250 0.455000 0.022500 0.007500
6 0.977500 0.461250 0.025000 0.007500
6 0.951250 0.470000 0.022500 0.010000
6 0.977500 0.471250 0.027500 0.010000
6 0.951250 0.483750 0.027500 0.010000
6 0.977500 0.481250 0.022500 0.007500
6 0.951250 0.492500 0.025000 0.007500
6 0.976250 0.488750 0.020000 0.010000
6 0.955000 0.501250 0.022500 0.007500
6 0.978750 0.501250 0.025000 0.010000
6 0.953750 0.511250 0.022500 0.010000
6 0.980000 0.510000 0.022500 0.010000
6 0.955000 0.520000 0.025000 0.007500
6 0.981250 0.520000 0.025000 0.007500
6 0.808750 0.301250 0.022500 0.010000
6 0.782500 0.305000 0.025000 0.007500
6 0.808750 0.310000 0.025000 0.010000
6 0.783750 0.312500 0.022500 0.010000
6 0.812500 0.320000 0.027500 0.007500
6 0.785000 0.322500 0.025000 0.010000
6 0.755000 0.316250 0.010000 0.020000
6 0.763750 0.316250 0.010000 0.020000
6 0.811250 0.328750 0.025000 0.007500
6 0.775000 0.333750 0.047500 0.012500
6 0.812500 0.337500 0.025000 0.007500
6 0.775000 0.347500 0.047500 0.012500
6 0.812500 0.356250 0.025000 0.010000
6 0.813750 0.345000 0.027500 0.007500
6 0.786250 0.358750 0.025000 0.010000
6 0.762500 0.361250 0.025000 0.012500
6 0.788750 0.368750 0.022500 0.010000
6 0.813750 0.365000 0.025000 0.010000
6 0.762500 0.371250 0.022500 0.010000
6 0.791250 0.377500 0.025000 0.010000
6 0.815000 0.375000 0.025000 0.010000
6 0.765000 0.378750 0.025000 0.010000
6 0.765000 0.388750 0.027500 0.010000
6 0.791250 0.387500 0.025000 0.010000
6 0.818750 0.385000 0.025000 0.010000
6 0.766250 0.400000 0.027500 0.010000
6 0.795000 0.398750 0.025000 0.010000
6 0.820000 0.395000 0.022500 0.010000
6 0.821250 0.401250 0.027500 0.010000
6 0.821250 0.412500 0.025000 0.010000
6 0.822500 0.421250 0.025000 0.010000
6 0.795000 0.408750 0.025000 0.010000
6 0.795000 0.415000 0.025000 0.007500
6 0.770000 0.410000 0.025000 0.012500
6 0.770000 0.418750 0.025000 0.010000
6 0.771250 0.428750 0.025000 0.007500
6 0.772500 0.437500 0.027500 0.012500
6 0.798750 0.427500 0.025000 0.012500
6 0.821250 0.430000 0.025000 0.010000
6 0.828750 0.441250 0.025000 0.010000
6 0.798750 0.436250 0.027500 0.010000
6 0.798750 0.448750 0.022500 0.010000
6 0.825000 0.448750 0.025000 0.010000
6 0.800000 0.458750 0.022500 0.012500
6 0.825000 0.457500 0.025000 0.010000
6 0.730000 0.322500 0.012500 0.017500
6 0.708750 0.317500 0.022500 0.007500
6 0.708750 0.325000 0.025000 0.010000
6 0.711250 0.337500 0.022500 0.010000
6 0.712500 0.346250 0.022500 0.010000
6 0.712500 0.357500 0.025000 0.010000
6 0.711250 0.367500 0.025000 0.010000
6 0.710000 0.378750 0.022500 0.007500
6 0.713750 0.390000 0.022500 0.010000
6 0.713750 0.401250 0.027500 0.012500
6 0.712500 0.410000 0.025000 0.012500
6 0.711250 0.418750 0.022500 0.010000
6 0.733750 0.343750 0.012500 0.020000
6 0.733750 0.367500 0.012500 0.017500
6 0.738750 0.390000 0.012500 0.020000
6 0.740000 0.418750 0.022500 0.007500
6 0.620000 0.411250 0.017500 0.025000
6 0.637500 0.415000 0.020000 0.025000
6 0.582500 0.303750 0.007500 0.015000
6 0.590000 0.448750 0.020000 0.017500
6 0.670000 0.500000 0.022500 0.012500
6 0.706250 0.548750 0.025000 0.015000
6 0.795000 0.558750 0.015000 0.010000
6 0.777500 0.275000 0.025000 0.010000
6 0.807500 0.271250 0.020000 0.007500
6 0.623750 0.283750 0.010000 0.017500
6 0.611250 0.291250 0.012500 0.017500
6 0.225000 0.085000 0.030000 0.015000
6 0.228750 0.095000 0.025000 0.012500
6 0.170000 0.077500 0.042500 0.017500
6 0.262500 0.156250 0.022500 0.010000
6 0.265000 0.168750 0.020000 0.010000
6 0.001250 0.213750 0.020000 0.015000
6 0.003750 0.176250 0.027500 0.020000
6 0.021250 0.190000 0.025000 0.017500
6 0.028750 0.197500 0.030000 0.017500
6 0.037500 0.203750 0.025000 0.015000
6 0.227500 0.377500 0.020000 0.030000
6 0.246250 0.375000 0.012500 0.022500
6 0.276250 0.367500 0.020000 0.012500
6 0.302500 0.356250 0.020000 0.007500
6 0.303750 0.366250 0.022500 0.007500
6 0.301250 0.377500 0.022500 0.010000
6 0.273750 0.376250 0.022500 0.010000
6 0.272500 0.385000 0.025000 0.010000
6 0.303750 0.388750 0.022500 0.010000
6 0.455000 0.348750 0.022500 0.010000
6 0.455000 0.360000 0.022500 0.007500
6 0.453750 0.370000 0.025000 0.010000
6 0.455000 0.378750 0.022500 0.007500
6 0.457500 0.388750 0.022500 0.010000
6 0.457500 0.398750 0.022500 0.007500
6 0.470000 0.253750 0.017500 0.010000
6 0.463750 0.265000 0.020000 0.010000
6 0.463750 0.273750 0.022500 0.012500
6 0.367500 0.217500 0.020000 0.010000
6 0.275000 0.187500 0.025000 0.012500
6 0.276250 0.196250 0.022500 0.015000
6 0.275000 0.208750 0.022500 0.010000
6 0.318750 0.113750 0.025000 0.012500
6 0.323750 0.126250 0.022500 0.015000
6 0.331250 0.141250 0.022500 0.012500
6 0.337500 0.150000 0.022500 0.012500
6 0.341250 0.162500 0.020000 0.012500
6 0.342500 0.172500 0.020000 0.012500
6 0.352500 0.187500 0.017500 0.012500
6 0.356250 0.197500 0.022500 0.012500
6 0.402500 0.196250 0.022500 0.015000
6 0.426250 0.206250 0.020000 0.012500
6 0.431250 0.195000 0.020000 0.012500
6 0.436250 0.186250 0.020000 0.010000
6 0.420000 0.171250 0.020000 0.010000
6 0.440000 0.177500 0.022500 0.012500
6 0.422500 0.161250 0.020000 0.007500
6 0.446250 0.168750 0.022500 0.012500
6 0.437500 0.132500 0.017500 0.012500
6 0.462500 0.133750 0.020000 0.012500
6 0.457500 0.142500 0.025000 0.012500
6 0.455000 0.151250 0.022500 0.012500
6 0.447500 0.160000 0.020000 0.012500
6 0.443750 0.115000 0.020000 0.010000
6 0.377500 0.093750 0.015000 0.007500
6 0.373750 0.102500 0.020000 0.012500
6 0.411250 0.057500 0.020000 0.012500
6 0.405000 0.063750 0.025000 0.010000
6 0.400000 0.071250 0.020000 0.010000
6 0.428750 0.073750 0.022500 0.012500
6 0.418750 0.078750 0.017500 0.010000
6 0.408750 0.087500 0.022500 0.010000
6 0.403750 0.095000 0.020000 0.012500
6 0.397500 0.102500 0.022500 0.007500
6 0.392500 0.108750 0.017500 0.010000
6 0.477500 0.066250 0.020000 0.010000
6 0.497500 0.075000 0.020000 0.012500
6 0.472500 0.075000 0.017500 0.010000
6 0.490000 0.082500 0.020000 0.012500
6 0.463750 0.083750 0.020000 0.012500
6 0.483750 0.088750 0.017500 0.010000
6 0.458750 0.092500 0.017500 0.012500
6 0.480000 0.097500 0.022500 0.010000
6 0.457500 0.100000 0.022500 0.012500
6 0.475000 0.106250 0.020000 0.010000
6 0.452500 0.108750 0.020000 0.010000
6 0.462500 0.123750 0.017500 0.007500
6 0.606250 0.056250 0.017500 0.015000
6 0.591250 0.078750 0.020000 0.022500
6 0.578750 0.097500 0.015000 0.015000
6 0.567500 0.115000 0.015000 0.015000
6 0.556250 0.132500 0.017500 0.020000
6 0.543750 0.152500 0.017500 0.020000
6 0.597500 0.098750 0.017500 0.017500
6 0.565000 0.156250 0.015000 0.017500
6 0.617500 0.137500 0.017500 0.015000
6 0.603750 0.156250 0.017500 0.015000
6 0.583750 0.203750 0.012500 0.017500
6 0.552500 0.078750 0.022500 0.010000
6 0.548750 0.087500 0.022500 0.012500
6 0.538750 0.103750 0.025000 0.012500
6 0.532500 0.112500 0.027500 0.015000
6 0.522500 0.128750 0.025000 0.015000
6 0.516250 0.138750 0.022500 0.012500
6 0.512500 0.146250 0.022500 0.012500
6 0.510000 0.156250 0.025000 0.012500
6 0.502500 0.165000 0.022500 0.015000
6 0.498750 0.181250 0.020000 0.010000
6 0.492500 0.188750 0.020000 0.012500
6 0.486250 0.198750 0.020000 0.012500
6 0.483750 0.207500 0.020000 0.010000
6 0.475000 0.235000 0.022500 0.012500
6 0.345000 0.005000 0.022500 0.010000
6 0.345000 0.013750 0.020000 0.007500
6 0.370000 0.011250 0.022500 0.007500
6 0.346250 0.021250 0.022500 0.007500
6 0.375000 0.020000 0.027500 0.007500
6 0.350000 0.030000 0.022500 0.007500
6 0.373750 0.030000 0.025000 0.007500
6 0.348750 0.040000 0.017500 0.007500
6 0.373750 0.038750 0.022500 0.007500
6 0.372500 0.048750 0.022500 0.007500
6 0.352500 0.063750 0.020000 0.007500
6 0.423750 0.001250 0.020000 0.010000
6 0.445000 0.000000 0.025000 0.010000
6 0.423750 0.010000 0.020000 0.007500
6 0.448750 0.010000 0.025000 0.010000
6 0.447500 0.018750 0.025000 0.010000
6 0.446250 0.026250 0.020000 0.010000
6 0.425000 0.026250 0.022500 0.010000
6 0.423750 0.036250 0.022500 0.007500
6 0.441250 0.046250 0.020000 0.012500
6 0.526250 0.001250 0.022500 0.010000
6 0.526250 0.010000 0.022500 0.010000
6 0.501250 0.011250 0.025000 0.010000
6 0.528750 0.018750 0.020000 0.007500
6 0.502500 0.020000 0.022500 0.007500
6 0.528750 0.025000 0.025000 0.007500
6 0.506250 0.028750 0.022500 0.010000
6 0.523750 0.038750 0.025000 0.010000
6 0.496250 0.041250 0.022500 0.015000
6 0.492500 0.051250 0.022500 0.015000
6 0.515000 0.051250 0.022500 0.012500
6 0.510000 0.058750 0.020000 0.012500
6 0.271250 0.005000 0.020000 0.010000
6 0.273750 0.016250 0.017500 0.010000
6 0.280000 0.022500 0.015000 0.007500
6 0.285000 0.033750 0.027500 0.015000
6 0.292500 0.045000 0.020000 0.012500
6 0.297500 0.058750 0.020000 0.010000
6 0.298750 0.070000 0.017500 0.010000
6 0.582500 0.003750 0.022500 0.007500
6 0.581250 0.013750 0.022500 0.010000
6 0.582500 0.033750 0.022500 0.010000
6 0.577500 0.043750 0.020000 0.010000
6 0.571250 0.052500 0.020000 0.012500
6 0.613750 0.027500 0.012500 0.017500
6 0.613750 0.010000 0.012500 0.020000
6 0.672500 0.072500 0.017500 0.012500
6 0.671250 0.003750 0.010000 0.020000
6 0.798750 0.470000 0.020000 0.010000
6 0.821250 0.470000 0.025000 0.010000
6 0.798750 0.477500 0.027500 0.010000
6 0.795000 0.486250 0.025000 0.010000
6 0.818750 0.487500 0.025000 0.007500
6 0.793750 0.495000 0.027500 0.007500
6 0.795000 0.505000 0.027500 0.010000
6 0.791250 0.513750 0.027500 0.007500
6 0.820000 0.496250 0.025000 0.007500
6 0.821250 0.506250 0.027500 0.010000
6 0.821250 0.517500 0.027500 0.010000
