6 0.543750 0.617500 0.030000 0.017500
6 0.550000 0.126250 0.010000 0.017500
6 0.585000 0.131250 0.012500 0.017500
6 0.470000 0.257500 0.022500 0.012500
6 0.823750 0.477500 0.022500 0.012500
6 0.812500 0.486250 0.020000 0.012500
6 0.808750 0.496250 0.020000 0.012500
6 0.998750 0.550000 0.017500 0.010000
6 0.990000 0.561250 0.017500 0.007500
6 0.986250 0.572500 0.020000 0.007500
6 0.773750 0.750000 0.022500 0.010000
6 0.763750 0.760000 0.022500 0.015000
6 0.527500 0.625000 0.027500 0.017500
6 0.422500 0.672500 0.022500 0.020000
6 0.436250 0.677500 0.025000 0.022500
6 0.450000 0.682500 0.017500 0.020000
6 0.463750 0.687500 0.017500 0.020000
6 0.471250 0.700000 0.017500 0.017500
6 0.281250 0.652500 0.020000 0.010000
6 0.275000 0.660000 0.020000 0.012500
6 0.268750 0.670000 0.022500 0.012500
6 0.161250 0.781250 0.027500 0.015000
6 0.797500 0.722500 0.020000 0.012500
6 0.780000 0.340000 0.045000 0.022500
