6 0.920000 0.097500 0.012500 0.017500
6 0.902500 0.103750 0.012500 0.017500
6 0.892500 0.107500 0.010000 0.017500
6 0.882500 0.110000 0.012500 0.020000
6 0.871250 0.115000 0.012500 0.017500
6 0.863750 0.117500 0.015000 0.020000
6 0.851250 0.121250 0.012500 0.017500
6 0.938750 0.146250 0.010000 0.017500
6 0.930000 0.150000 0.012500 0.020000
6 0.918750 0.152500 0.010000 0.017500
6 0.911250 0.156250 0.012500 0.017500
6 0.902500 0.160000 0.012500 0.017500
6 0.892500 0.163750 0.012500 0.017500
6 0.882500 0.167500 0.012500 0.017500
6 0.872500 0.171250 0.012500 0.017500
6 0.863750 0.175000 0.012500 0.017500
6 0.656250 0.388750 0.017500 0.007500
6 0.637500 0.392500 0.020000 0.012500
6 0.613750 0.400000 0.017500 0.012500
6 0.593750 0.407500 0.020000 0.015000
6 0.537500 0.415000 0.020000 0.012500
6 0.540000 0.425000 0.020000 0.010000
6 0.432500 0.402500 0.017500 0.012500
6 0.352500 0.212500 0.017500 0.017500
6 0.347500 0.251250 0.017500 0.015000
6 0.427500 0.890000 0.015000 0.012500
6 0.415000 0.906250 0.017500 0.017500
6 0.405000 0.921250 0.017500 0.015000
6 0.391250 0.935000 0.017500 0.015000
6 0.388750 0.945000 0.017500 0.015000
6 0.381250 0.951250 0.015000 0.012500
6 0.376250 0.960000 0.017500 0.015000
6 0.415000 0.971250 0.015000 0.015000
6 0.547500 0.908750 0.015000 0.015000
6 0.565000 0.928750 0.017500 0.017500
6 0.795000 0.875000 0.010000 0.017500
6 0.510000 0.288750 0.015000 0.017500
