6 0.002500 0.910000 0.025000 0.012500
6 0.338750 0.685000 0.022500 0.022500
6 0.315000 0.648750 0.022500 0.022500
6 0.303750 0.618750 0.017500 0.015000
6 0.292500 0.602500 0.017500 0.017500
6 0.243750 0.575000 0.010000 0.020000
6 0.222500 0.576250 0.007500 0.017500
6 0.213750 0.575000 0.010000 0.017500
6 0.203750 0.576250 0.010000 0.020000
6 0.182500 0.577500 0.007500 0.020000
6 0.173750 0.577500 0.010000 0.017500
6 0.203750 0.386250 0.015000 0.015000
6 0.210000 0.351250 0.017500 0.017500
6 0.205000 0.342500 0.017500 0.017500
6 0.201250 0.330000 0.015000 0.015000
6 0.215000 0.285000 0.017500 0.017500
6 0.207500 0.281250 0.020000 0.017500
6 0.202500 0.272500 0.017500 0.015000
6 0.097500 0.087500 0.015000 0.015000
6 0.143750 0.106250 0.015000 0.015000
6 0.041250 0.050000 0.020000 0.017500
6 0.022500 0.108750 0.017500 0.017500
6 0.036250 0.107500 0.017500 0.017500
6 0.051250 0.108750 0.017500 0.017500
6 0.063750 0.108750 0.017500 0.020000
6 0.075000 0.105000 0.020000 0.017500
6 0.091250 0.106250 0.020000 0.017500
6 0.191250 0.257500 0.012500 0.010000
