6 0.730000 0.957500 0.010000 0.025000
6 0.717500 0.836250 0.007500 0.020000
6 0.130000 0.328750 0.017500 0.017500
6 0.682500 0.230000 0.025000 0.010000
6 0.815000 0.172500 0.022500 0.010000
6 0.752500 0.026250 0.025000 0.010000
6 0.306250 0.025000 0.015000 0.017500
6 0.320000 0.002500 0.015000 0.017500
6 0.866250 0.207500 0.025000 0.007500
6 0.815000 0.183750 0.015000 0.007500
6 0.815000 0.163750 0.017500 0.007500
6 0.813750 0.151250 0.017500 0.007500
6 0.815000 0.202500 0.025000 0.010000
6 0.838750 0.177500 0.012500 0.022500
