6 0.277500 0.915000 0.012500 0.022500
6 0.310000 0.982500 0.010000 0.017500
6 0.327500 0.968750 0.007500 0.017500
6 0.310000 0.912500 0.010000 0.017500
6 0.316250 0.751250 0.010000 0.020000
6 0.297500 0.741250 0.012500 0.020000
6 0.311250 0.662500 0.010000 0.022500
6 0.306250 0.580000 0.010000 0.020000
6 0.290000 0.540000 0.010000 0.020000
6 0.222500 0.518750 0.020000 0.015000
6 0.190000 0.526250 0.017500 0.010000
6 0.043750 0.535000 0.017500 0.010000
6 0.411250 0.472500 0.017500 0.007500
6 0.301250 0.467500 0.007500 0.015000
6 0.285000 0.460000 0.010000 0.020000
6 0.281250 0.397500 0.010000 0.020000
6 0.296250 0.377500 0.010000 0.017500
6 0.278750 0.348750 0.012500 0.022500
6 0.292500 0.296250 0.010000 0.020000
6 0.273750 0.278750 0.010000 0.022500
6 0.223750 0.181250 0.010000 0.015000
6 0.271250 0.225000 0.012500 0.025000
6 0.283750 0.211250 0.012500 0.025000
6 0.221250 0.161250 0.010000 0.022500
6 0.280000 0.147500 0.010000 0.017500
6 0.267500 0.186250 0.007500 0.020000
6 0.266250 0.117500 0.010000 0.020000
6 0.261250 0.052500 0.012500 0.020000
6 0.277500 0.095000 0.012500 0.022500
6 0.275000 0.031250 0.010000 0.025000
6 0.261250 0.011250 0.010000 0.020000
6 0.666250 0.072500 0.022500 0.010000
6 0.671250 0.145000 0.015000 0.030000
6 0.618750 0.081250 0.017500 0.015000
6 0.640000 0.096250 0.017500 0.017500
6 0.661250 0.282500 0.010000 0.012500
6 0.320000 0.352500 0.010000 0.025000
6 0.245000 0.306250 0.010000 0.027500
6 0.163750 0.091250 0.017500 0.010000
6 0.361250 0.470000 0.017500 0.010000
6 0.020000 0.355000 0.017500 0.010000
6 0.166250 0.532500 0.022500 0.012500
6 0.292500 0.666250 0.017500 0.040000
6 0.038750 0.562500 0.017500 0.010000
6 0.252500 0.855000 0.012500 0.022500
6 0.322500 0.901250 0.015000 0.030000
6 0.781250 0.941250 0.015000 0.017500
6 0.552500 0.862500 0.015000 0.010000
6 0.537500 0.853750 0.030000 0.012500
6 0.526250 0.846250 0.012500 0.010000
6 0.533750 0.820000 0.015000 0.010000
6 0.526250 0.588750 0.010000 0.010000
6 0.701250 0.956250 0.017500 0.022500
