6 0.338750 0.147500 0.032500 0.012500
6 0.636250 0.462500 0.025000 0.070000
6 0.115000 0.092500 0.010000 0.015000
6 0.772500 0.096250 0.010000 0.015000
6 0.798750 0.011250 0.010000 0.017500
6 0.787500 0.055000 0.017500 0.017500
6 0.635000 0.030000 0.015000 0.022500
6 0.628750 0.066250 0.010000 0.017500
6 0.615000 0.082500 0.012500 0.017500
6 0.772500 0.582500 0.010000 0.022500
6 0.760000 0.660000 0.010000 0.017500
6 0.760000 0.677500 0.015000 0.017500
6 0.758750 0.698750 0.012500 0.020000
6 0.762500 0.751250 0.012500 0.017500
6 0.736250 0.597500 0.025000 0.012500
6 0.723750 0.618750 0.025000 0.007500
6 0.723750 0.607500 0.020000 0.007500
6 0.446250 0.593750 0.022500 0.010000
6 0.352500 0.590000 0.022500 0.007500
6 0.276250 0.588750 0.022500 0.010000
6 0.251250 0.587500 0.022500 0.010000
6 0.222500 0.585000 0.017500 0.010000
6 0.195000 0.585000 0.025000 0.007500
6 0.108750 0.585000 0.022500 0.010000
6 0.316250 0.648750 0.020000 0.017500
6 0.410000 0.626250 0.020000 0.010000
6 0.496250 0.628750 0.025000 0.010000
6 0.521250 0.627500 0.017500 0.010000
6 0.642500 0.675000 0.007500 0.015000
6 0.098750 0.616250 0.022500 0.007500
6 0.153750 0.615000 0.022500 0.010000
6 0.178750 0.617500 0.020000 0.007500
6 0.211250 0.617500 0.017500 0.007500
6 0.233750 0.618750 0.017500 0.007500
6 0.308750 0.682500 0.012500 0.025000
6 0.591250 0.582500 0.015000 0.020000
6 0.546250 0.576250 0.010000 0.017500
6 0.033750 0.406250 0.025000 0.007500
6 0.872500 0.237500 0.032500 0.015000
6 0.837500 0.235000 0.032500 0.012500
6 0.757500 0.327500 0.015000 0.022500
6 0.758750 0.352500 0.012500 0.020000
6 0.760000 0.420000 0.010000 0.020000
6 0.668750 0.283750 0.015000 0.015000
6 0.636250 0.287500 0.012500 0.020000
6 0.661250 0.298750 0.010000 0.020000
6 0.678750 0.351250 0.017500 0.020000
6 0.626250 0.371250 0.007500 0.017500
6 0.670000 0.403750 0.010000 0.017500
6 0.572500 0.382500 0.010000 0.017500
6 0.558750 0.381250 0.015000 0.020000
6 0.546250 0.380000 0.012500 0.017500
6 0.497500 0.378750 0.012500 0.015000
6 0.400000 0.378750 0.015000 0.017500
6 0.322500 0.377500 0.012500 0.015000
6 0.286250 0.378750 0.012500 0.017500
6 0.225000 0.377500 0.010000 0.020000
6 0.241250 0.376250 0.015000 0.012500
6 0.203750 0.378750 0.012500 0.017500
6 0.188750 0.376250 0.012500 0.017500
6 0.158750 0.368750 0.012500 0.017500
6 0.146250 0.368750 0.010000 0.015000
6 0.121250 0.370000 0.010000 0.017500
6 0.131250 0.367500 0.010000 0.015000
6 0.202500 0.422500 0.012500 0.020000
6 0.223750 0.196250 0.017500 0.007500
6 0.168750 0.192500 0.022500 0.007500
6 0.248750 0.196250 0.027500 0.007500
6 0.281250 0.200000 0.027500 0.010000
6 0.286250 0.173750 0.035000 0.010000
6 0.333750 0.197500 0.025000 0.007500
6 0.372500 0.205000 0.027500 0.007500
6 0.433750 0.210000 0.017500 0.007500
6 0.560000 0.216250 0.025000 0.007500
6 0.622500 0.197500 0.012500 0.022500
6 0.616250 0.241250 0.012500 0.017500
6 0.616250 0.140000 0.007500 0.015000
6 0.600000 0.150000 0.017500 0.020000
6 0.526250 0.141250 0.022500 0.015000
6 0.485000 0.141250 0.020000 0.017500
6 0.468750 0.141250 0.020000 0.017500
6 0.433750 0.140000 0.017500 0.015000
6 0.403750 0.137500 0.017500 0.015000
6 0.388750 0.136250 0.022500 0.020000
6 0.335000 0.133750 0.017500 0.015000
6 0.321250 0.132500 0.020000 0.015000
6 0.233750 0.130000 0.040000 0.010000
6 0.236250 0.107500 0.025000 0.010000
6 0.141250 0.121250 0.015000 0.017500
6 0.153750 0.122500 0.015000 0.017500
6 0.067500 0.116250 0.015000 0.017500
6 0.096250 0.133750 0.032500 0.012500
6 0.370000 0.136250 0.015000 0.012500
6 0.618750 0.102500 0.012500 0.022500
6 0.126250 0.616250 0.020000 0.010000
6 0.036250 0.581250 0.020000 0.010000
6 0.068750 0.613750 0.017500 0.007500
