6 0.913750 0.913750 0.032500 0.065000
6 0.485000 0.723750 0.045000 0.017500
6 0.338750 0.697500 0.040000 0.020000
6 0.246250 0.757500 0.025000 0.010000
6 0.046250 0.858750 0.025000 0.012500
6 0.085000 0.866250 0.027500 0.012500
6 0.111250 0.863750 0.022500 0.012500
6 0.012500 0.877500 0.017500 0.007500
6 0.087500 0.888750 0.022500 0.010000
6 0.137500 0.868750 0.025000 0.010000
6 0.225000 0.878750 0.015000 0.017500
6 0.240000 0.888750 0.027500 0.010000
6 0.223750 0.897500 0.020000 0.012500
6 0.240000 0.913750 0.025000 0.010000
6 0.262500 0.891250 0.020000 0.010000
6 0.302500 0.937500 0.012500 0.017500
6 0.263750 0.962500 0.012500 0.015000
6 0.261250 0.982500 0.012500 0.017500
6 0.271250 0.942500 0.012500 0.015000
6 0.342500 0.893750 0.015000 0.017500
6 0.427500 0.906250 0.012500 0.015000
6 0.440000 0.907500 0.010000 0.015000
6 0.506250 0.932500 0.020000 0.010000
6 0.452500 0.952500 0.025000 0.010000
6 0.535000 0.937500 0.020000 0.010000
6 0.565000 0.943750 0.020000 0.007500
6 0.590000 0.945000 0.017500 0.007500
6 0.615000 0.948750 0.017500 0.007500
6 0.638750 0.953750 0.020000 0.010000
6 0.662500 0.957500 0.022500 0.010000
6 0.642500 0.980000 0.020000 0.010000
6 0.707500 0.968750 0.022500 0.010000
6 0.732500 0.972500 0.022500 0.015000
6 0.817500 0.967500 0.012500 0.017500
6 0.815000 0.861250 0.025000 0.010000
6 0.678750 0.808750 0.025000 0.010000
6 0.770000 0.821250 0.020000 0.007500
6 0.546250 0.778750 0.027500 0.012500
6 0.032500 0.042500 0.012500 0.017500
6 0.026250 0.061250 0.012500 0.017500
6 0.051250 0.088750 0.012500 0.017500
6 0.018750 0.187500 0.017500 0.020000
6 0.102500 0.432500 0.020000 0.010000
6 0.127500 0.436250 0.020000 0.007500
6 0.187500 0.421250 0.020000 0.010000
6 0.208750 0.448750 0.025000 0.012500
6 0.237500 0.453750 0.025000 0.010000
6 0.348750 0.452500 0.022500 0.010000
6 0.295000 0.410000 0.012500 0.020000
6 0.301250 0.362500 0.012500 0.017500
6 0.302500 0.330000 0.010000 0.015000
6 0.305000 0.305000 0.010000 0.015000
6 0.308750 0.265000 0.010000 0.012500
6 0.410000 0.255000 0.017500 0.015000
6 0.172500 0.251250 0.010000 0.015000
6 0.200000 0.035000 0.020000 0.010000
6 0.251250 0.007500 0.010000 0.015000
6 0.247500 0.027500 0.012500 0.017500
6 0.997500 0.158750 0.022500 0.010000
6 0.978750 0.173750 0.017500 0.015000
6 0.965000 0.176250 0.020000 0.017500
6 0.937500 0.175000 0.017500 0.015000
6 0.922500 0.173750 0.015000 0.015000
6 0.907500 0.175000 0.015000 0.015000
6 0.878750 0.171250 0.015000 0.015000
6 0.862500 0.168750 0.015000 0.015000
6 0.846250 0.167500 0.015000 0.017500
6 0.817500 0.162500 0.020000 0.017500
6 0.803750 0.165000 0.015000 0.017500
6 0.773750 0.158750 0.015000 0.015000
6 0.757500 0.161250 0.017500 0.015000
6 0.743750 0.157500 0.012500 0.015000
6 0.727500 0.156250 0.017500 0.017500
6 0.711250 0.156250 0.015000 0.015000
6 0.697500 0.156250 0.017500 0.015000
6 0.683750 0.155000 0.015000 0.017500
6 0.666250 0.152500 0.017500 0.015000
6 0.648750 0.152500 0.015000 0.015000
6 0.635000 0.152500 0.015000 0.015000
6 0.592500 0.166250 0.012500 0.012500
6 0.580000 0.172500 0.012500 0.010000
6 0.566250 0.181250 0.017500 0.015000
6 0.552500 0.188750 0.012500 0.020000
6 0.607500 0.120000 0.022500 0.007500
6 0.602500 0.110000 0.022500 0.010000
6 0.602500 0.100000 0.022500 0.007500
6 0.606250 0.090000 0.022500 0.012500
6 0.607500 0.081250 0.022500 0.007500
6 0.610000 0.071250 0.025000 0.010000
6 0.610000 0.062500 0.020000 0.007500
6 0.611250 0.055000 0.020000 0.007500
6 0.615000 0.046250 0.022500 0.007500
6 0.655000 0.082500 0.010000 0.015000
6 0.662500 0.103750 0.012500 0.020000
6 0.665000 0.061250 0.010000 0.015000
6 0.618750 0.013750 0.007500 0.017500
6 0.547500 0.293750 0.012500 0.017500
6 0.586250 0.297500 0.012500 0.017500
6 0.597500 0.298750 0.010000 0.017500
6 0.527500 0.351250 0.022500 0.007500
6 0.548750 0.355000 0.020000 0.010000
6 0.573750 0.358750 0.020000 0.010000
6 0.600000 0.363750 0.022500 0.010000
6 0.625000 0.367500 0.017500 0.010000
6 0.650000 0.371250 0.017500 0.007500
6 0.672500 0.375000 0.020000 0.005000
6 0.710000 0.383750 0.020000 0.010000
6 0.740000 0.387500 0.022500 0.007500
6 0.767500 0.393750 0.020000 0.007500
6 0.798750 0.405000 0.025000 0.010000
6 0.318750 0.746250 0.020000 0.010000
6 0.176250 0.722500 0.025000 0.010000
6 0.307500 0.768750 0.025000 0.015000
6 0.228750 0.775000 0.020000 0.010000
6 0.490000 0.820000 0.020000 0.010000
6 0.205000 0.796250 0.012500 0.015000
6 0.026250 0.696250 0.027500 0.015000
6 0.032500 0.740000 0.022500 0.010000
6 0.683750 0.792500 0.027500 0.010000
6 0.630000 0.842500 0.017500 0.007500
6 0.846250 0.425000 0.022500 0.015000
6 0.672500 0.126250 0.020000 0.010000
