6 0.996250 0.791250 0.037500 0.020000
6 0.112500 0.970000 0.055000 0.022500
6 0.191250 0.541250 0.010000 0.015000
6 0.205000 0.543750 0.010000 0.015000
6 0.220000 0.545000 0.007500 0.015000
6 0.232500 0.553750 0.015000 0.027500
6 0.246250 0.548750 0.007500 0.015000
6 0.398750 0.566250 0.012500 0.017500
6 0.457500 0.572500 0.010000 0.017500
6 0.431250 0.575000 0.020000 0.025000
6 0.213750 0.647500 0.012500 0.017500
6 0.340000 0.640000 0.015000 0.017500
6 0.366250 0.646250 0.010000 0.017500
6 0.386250 0.647500 0.012500 0.015000
6 0.253750 0.677500 0.012500 0.017500
6 0.290000 0.671250 0.015000 0.022500
6 0.300000 0.678750 0.010000 0.017500
6 0.321250 0.678750 0.012500 0.017500
6 0.338750 0.683750 0.012500 0.017500
6 0.363750 0.687500 0.012500 0.020000
6 0.378750 0.688750 0.010000 0.017500
6 0.391250 0.688750 0.012500 0.015000
6 0.406250 0.695000 0.010000 0.015000
6 0.451250 0.667500 0.022500 0.037500
6 0.445000 0.696250 0.057500 0.020000
6 0.023750 0.986250 0.020000 0.012500
6 0.131250 0.945000 0.027500 0.012500
6 0.203750 0.991250 0.040000 0.017500
6 0.305000 0.990000 0.060000 0.020000
6 0.070000 0.192500 0.012500 0.020000
6 0.098750 0.181250 0.012500 0.020000
6 0.095000 0.150000 0.010000 0.015000
6 0.087500 0.121250 0.010000 0.015000
6 0.062500 0.222500 0.012500 0.020000
6 0.055000 0.250000 0.010000 0.017500
6 0.088750 0.217500 0.010000 0.015000
6 0.056250 0.350000 0.010000 0.017500
6 0.023750 0.372500 0.012500 0.015000
6 0.013750 0.408750 0.012500 0.017500
6 0.143750 0.478750 0.012500 0.012500
6 0.346250 0.401250 0.012500 0.020000
6 0.361250 0.340000 0.010000 0.015000
6 0.377500 0.290000 0.015000 0.017500
6 0.345000 0.310000 0.012500 0.017500
6 0.363750 0.243750 0.012500 0.017500
6 0.370000 0.221250 0.012500 0.017500
6 0.378750 0.186250 0.012500 0.017500
6 0.392500 0.175000 0.010000 0.020000
6 0.393750 0.123750 0.012500 0.017500
6 0.398750 0.106250 0.012500 0.017500
6 0.446250 0.108750 0.017500 0.007500
6 0.382500 0.135000 0.017500 0.007500
6 0.128750 0.066250 0.010000 0.015000
6 0.143750 0.002500 0.012500 0.017500
6 0.425000 0.006250 0.012500 0.015000
6 0.418750 0.026250 0.012500 0.015000
6 0.735000 0.051250 0.010000 0.017500
6 0.688750 0.212500 0.010000 0.020000
6 0.665000 0.297500 0.012500 0.017500
6 0.645000 0.381250 0.010000 0.017500
6 0.632500 0.422500 0.012500 0.017500
6 0.626250 0.448750 0.012500 0.015000
6 0.621250 0.466250 0.010000 0.015000
6 0.613750 0.492500 0.010000 0.017500
6 0.610000 0.513750 0.015000 0.020000
6 0.521250 0.525000 0.015000 0.015000
6 0.850000 0.472500 0.020000 0.010000
6 0.923750 0.521250 0.012500 0.017500
6 0.918750 0.485000 0.012500 0.017500
6 0.911250 0.572500 0.010000 0.015000
6 0.917500 0.437500 0.015000 0.017500
6 0.942500 0.452500 0.012500 0.020000
6 0.926250 0.393750 0.012500 0.020000
6 0.952500 0.408750 0.010000 0.020000
6 0.960000 0.387500 0.012500 0.017500
6 0.913750 0.352500 0.022500 0.007500
6 0.972500 0.328750 0.010000 0.017500
6 0.963750 0.363750 0.012500 0.020000
6 0.998750 0.127500 0.015000 0.022500
6 0.146250 0.885000 0.022500 0.010000
6 0.147500 0.895000 0.025000 0.007500
6 0.217500 0.888750 0.025000 0.007500
6 0.288750 0.903750 0.025000 0.010000
6 0.238750 0.938750 0.020000 0.007500
6 0.228750 0.948750 0.022500 0.007500
6 0.226250 0.957500 0.020000 0.007500
6 0.835000 0.131250 0.010000 0.017500
6 0.086250 0.305000 0.017500 0.007500
6 0.085000 0.316250 0.017500 0.007500
6 0.081250 0.325000 0.020000 0.010000
6 0.137500 0.111250 0.020000 0.012500
6 0.137500 0.103750 0.017500 0.007500
6 0.471250 0.007500 0.022500 0.010000
6 0.471250 0.017500 0.020000 0.007500
6 0.780000 0.341250 0.017500 0.017500
6 0.766250 0.340000 0.015000 0.015000
6 0.721250 0.330000 0.015000 0.015000
6 0.697500 0.327500 0.012500 0.017500
6 0.777500 0.135000 0.017500 0.007500
6 0.912500 0.453750 0.012500 0.020000
6 0.787500 0.465000 0.022500 0.007500
