6 0.752500 0.002500 0.017500 0.012500
6 0.447500 0.017500 0.017500 0.017500
6 0.460000 0.025000 0.020000 0.020000
6 0.468750 0.031250 0.022500 0.020000
6 0.495000 0.046250 0.025000 0.022500
6 0.507500 0.050000 0.017500 0.015000
6 0.523750 0.061250 0.012500 0.012500
6 0.556250 0.098750 0.012500 0.017500
6 0.576250 0.095000 0.020000 0.015000
6 0.586250 0.101250 0.020000 0.015000
6 0.596250 0.115000 0.025000 0.017500
6 0.730000 0.181250 0.022500 0.007500
6 0.781250 0.211250 0.017500 0.015000
6 0.808750 0.228750 0.017500 0.015000
6 0.563750 0.140000 0.015000 0.010000
6 0.575000 0.147500 0.010000 0.015000
6 0.597500 0.162500 0.015000 0.012500
6 0.585000 0.158750 0.015000 0.012500
6 0.698750 0.226250 0.030000 0.015000
6 0.640000 0.195000 0.022500 0.015000
6 0.670000 0.215000 0.020000 0.015000
6 0.863750 0.286250 0.035000 0.020000
6 0.920000 0.296250 0.025000 0.025000
6 0.912500 0.318750 0.022500 0.017500
6 0.962500 0.325000 0.020000 0.017500
6 0.952500 0.316250 0.025000 0.022500
6 0.860000 0.321250 0.025000 0.012500
6 0.413750 0.023750 0.020000 0.015000
6 0.393750 0.040000 0.025000 0.012500
6 0.366250 0.021250 0.020000 0.010000
6 0.342500 0.030000 0.015000 0.012500
6 0.327500 0.042500 0.017500 0.015000
6 0.196250 0.118750 0.025000 0.030000
6 0.170000 0.145000 0.015000 0.015000
6 0.240000 0.131250 0.015000 0.015000
6 0.223750 0.148750 0.015000 0.015000
6 0.206250 0.167500 0.015000 0.015000
6 0.225000 0.183750 0.025000 0.027500
6 0.263750 0.202500 0.017500 0.017500
6 0.347500 0.257500 0.020000 0.015000
6 0.293750 0.258750 0.022500 0.012500
6 0.373750 0.275000 0.015000 0.015000
6 0.407500 0.311250 0.015000 0.012500
6 0.417500 0.318750 0.015000 0.012500
6 0.440000 0.311250 0.015000 0.010000
6 0.430000 0.325000 0.017500 0.015000
6 0.492500 0.342500 0.020000 0.017500
6 0.501250 0.347500 0.020000 0.015000
6 0.507500 0.357500 0.017500 0.017500
6 0.300000 0.322500 0.020000 0.017500
6 0.312500 0.331250 0.022500 0.017500
6 0.361250 0.347500 0.015000 0.015000
6 0.368750 0.360000 0.020000 0.015000
6 0.391250 0.381250 0.015000 0.015000
6 0.401250 0.386250 0.015000 0.017500
6 0.413750 0.390000 0.020000 0.017500
6 0.422500 0.396250 0.017500 0.017500
6 0.443750 0.407500 0.020000 0.017500
6 0.453750 0.416250 0.025000 0.020000
6 0.461250 0.437500 0.020000 0.017500
6 0.470000 0.445000 0.017500 0.017500
6 0.486250 0.440000 0.017500 0.017500
6 0.501250 0.436250 0.017500 0.017500
6 0.487500 0.453750 0.017500 0.015000
6 0.556250 0.413750 0.012500 0.012500
6 0.547500 0.406250 0.017500 0.015000
6 0.566250 0.418750 0.017500 0.015000
6 0.576250 0.423750 0.015000 0.015000
6 0.593750 0.435000 0.017500 0.015000
6 0.606250 0.440000 0.017500 0.015000
6 0.622500 0.450000 0.015000 0.012500
6 0.530000 0.442500 0.017500 0.010000
6 0.513750 0.450000 0.020000 0.017500
6 0.528750 0.451250 0.017500 0.015000
6 0.535000 0.460000 0.015000 0.012500
6 0.545000 0.466250 0.015000 0.015000
6 0.568750 0.462500 0.017500 0.012500
6 0.551250 0.473750 0.017500 0.015000
6 0.560000 0.480000 0.012500 0.017500
6 0.568750 0.483750 0.015000 0.015000
6 0.582500 0.487500 0.020000 0.012500
6 0.592500 0.491250 0.015000 0.015000
6 0.601250 0.497500 0.015000 0.015000
6 0.612500 0.501250 0.015000 0.012500
6 0.620000 0.508750 0.015000 0.017500
6 0.632500 0.515000 0.017500 0.015000
6 0.651250 0.518750 0.012500 0.012500
6 0.676250 0.537500 0.015000 0.015000
6 0.687500 0.542500 0.020000 0.015000
6 0.421250 0.485000 0.040000 0.040000
6 0.421250 0.518750 0.017500 0.017500
6 0.430000 0.527500 0.017500 0.015000
6 0.470000 0.550000 0.015000 0.012500
6 0.493750 0.566250 0.020000 0.017500
6 0.523750 0.588750 0.015000 0.012500
6 0.561250 0.605000 0.015000 0.012500
6 0.612500 0.653750 0.020000 0.015000
6 0.445000 0.641250 0.017500 0.015000
6 0.456250 0.647500 0.017500 0.015000
6 0.467500 0.655000 0.017500 0.015000
6 0.488750 0.667500 0.015000 0.015000
6 0.498750 0.672500 0.017500 0.012500
6 0.511250 0.678750 0.017500 0.012500
6 0.517500 0.687500 0.017500 0.015000
6 0.535000 0.696250 0.020000 0.015000
6 0.543750 0.702500 0.015000 0.012500
6 0.553750 0.710000 0.017500 0.012500
6 0.590000 0.720000 0.025000 0.015000
6 0.467500 0.732500 0.025000 0.015000
6 0.328750 0.733750 0.025000 0.017500
6 0.277500 0.711250 0.022500 0.015000
6 0.312500 0.751250 0.042500 0.030000
6 0.343750 0.757500 0.017500 0.015000
6 0.405000 0.812500 0.022500 0.020000
6 0.467500 0.836250 0.020000 0.012500
6 0.500000 0.841250 0.020000 0.012500
6 0.501250 0.877500 0.025000 0.015000
6 0.506250 0.897500 0.027500 0.022500
6 0.575000 0.908750 0.022500 0.017500
6 0.601250 0.957500 0.037500 0.027500
6 0.740000 0.950000 0.015000 0.012500
6 0.297500 0.995000 0.067500 0.015000
6 0.442500 0.991250 0.037500 0.012500
6 0.262500 0.895000 0.022500 0.010000
6 0.206250 0.898750 0.015000 0.017500
6 0.251250 0.870000 0.017500 0.010000
6 0.241250 0.798750 0.017500 0.015000
6 0.043750 0.975000 0.017500 0.022500
6 0.236250 0.722500 0.020000 0.012500
6 0.186250 0.675000 0.025000 0.012500
6 0.135000 0.661250 0.020000 0.012500
6 0.110000 0.610000 0.022500 0.015000
6 0.086250 0.616250 0.020000 0.017500
6 0.035000 0.580000 0.025000 0.015000
6 0.071250 0.481250 0.022500 0.015000
6 0.008750 0.320000 0.020000 0.012500
6 0.033750 0.328750 0.020000 0.010000
6 0.071250 0.283750 0.017500 0.015000
6 0.111250 0.272500 0.015000 0.012500
6 0.073750 0.313750 0.015000 0.015000
6 0.136250 0.348750 0.022500 0.012500
6 0.127500 0.356250 0.020000 0.012500
6 0.140000 0.376250 0.020000 0.015000
6 0.200000 0.387500 0.017500 0.015000
6 0.346250 0.433750 0.015000 0.012500
6 0.365000 0.443750 0.015000 0.012500
6 0.372500 0.455000 0.022500 0.015000
6 0.366250 0.490000 0.020000 0.015000
6 0.102500 0.220000 0.020000 0.017500
6 0.081250 0.242500 0.017500 0.017500
6 0.067500 0.256250 0.015000 0.017500
6 0.042500 0.281250 0.017500 0.015000
6 0.122500 0.256250 0.015000 0.015000
6 0.040000 0.162500 0.022500 0.012500
6 0.128750 0.161250 0.020000 0.010000
6 0.828750 0.315000 0.020000 0.017500
6 0.860000 0.553750 0.020000 0.012500
6 0.838750 0.577500 0.025000 0.015000
6 0.891250 0.563750 0.015000 0.017500
6 0.907500 0.548750 0.015000 0.012500
6 0.915000 0.553750 0.012500 0.012500
6 0.943750 0.565000 0.017500 0.015000
6 0.976250 0.533750 0.015000 0.017500
6 0.961250 0.548750 0.015000 0.012500
6 0.930000 0.580000 0.017500 0.017500
6 0.915000 0.596250 0.017500 0.015000
6 0.788750 0.607500 0.015000 0.017500
6 0.801250 0.617500 0.020000 0.020000
6 0.810000 0.625000 0.020000 0.015000
6 0.818750 0.632500 0.015000 0.012500
6 0.827500 0.641250 0.020000 0.015000
6 0.926250 0.647500 0.017500 0.017500
6 0.886250 0.692500 0.015000 0.017500
6 0.871250 0.706250 0.015000 0.012500
6 0.852500 0.671250 0.012500 0.012500
6 0.836250 0.687500 0.032500 0.035000
6 0.791250 0.738750 0.047500 0.050000
6 0.786250 0.800000 0.020000 0.017500
6 0.833750 0.831250 0.017500 0.012500
6 0.861250 0.846250 0.020000 0.015000
6 0.885000 0.861250 0.022500 0.012500
6 0.972500 0.877500 0.020000 0.012500
6 0.937500 0.895000 0.022500 0.015000
6 0.957500 0.906250 0.017500 0.010000
6 0.920000 0.681250 0.020000 0.012500
6 0.940000 0.693750 0.017500 0.012500
6 0.961250 0.705000 0.022500 0.015000
6 0.976250 0.660000 0.020000 0.012500
6 0.972500 0.591250 0.017500 0.012500
6 0.956250 0.608750 0.020000 0.017500
6 0.940000 0.623750 0.012500 0.012500
6 0.975000 0.632500 0.015000 0.012500
6 0.222500 0.282500 0.020000 0.017500
6 0.263750 0.282500 0.032500 0.017500
6 0.977500 0.123750 0.020000 0.012500
6 0.941250 0.121250 0.017500 0.015000
6 0.966250 0.068750 0.017500 0.017500
6 0.955000 0.063750 0.020000 0.017500
6 0.921250 0.047500 0.012500 0.015000
6 0.912500 0.038750 0.017500 0.020000
6 0.898750 0.023750 0.027500 0.020000
6 0.903750 0.092500 0.017500 0.012500
6 0.786250 0.017500 0.020000 0.015000
6 0.985000 0.118750 0.015000 0.010000
6 0.993750 0.135000 0.022500 0.015000
6 0.981250 0.046250 0.010000 0.015000
6 0.881250 0.017500 0.017500 0.012500
6 0.943750 0.371250 0.020000 0.012500
6 0.986250 0.576250 0.017500 0.020000
6 0.991250 0.927500 0.017500 0.012500
6 0.012500 0.058750 0.017500 0.017500
6 0.022500 0.061250 0.012500 0.015000
6 0.045000 0.078750 0.017500 0.017500
6 0.046250 0.092500 0.017500 0.017500
6 0.060000 0.096250 0.015000 0.017500
6 0.030000 0.092500 0.012500 0.017500
6 0.077500 0.103750 0.015000 0.017500
6 0.336250 0.252500 0.015000 0.015000
6 0.671250 0.175000 0.017500 0.015000
6 0.342500 0.928750 0.022500 0.017500
6 0.241250 0.842500 0.017500 0.012500
6 0.253750 0.837500 0.017500 0.015000
6 0.386250 0.768750 0.020000 0.015000
6 0.030000 0.145000 0.027500 0.015000
6 0.216250 0.266250 0.010000 0.017500
6 0.916250 0.351250 0.022500 0.015000
6 0.846250 0.245000 0.017500 0.015000
6 0.837500 0.240000 0.015000 0.015000
6 0.818750 0.235000 0.017500 0.020000
6 0.726250 0.247500 0.025000 0.015000
6 0.936250 0.393750 0.027500 0.017500
6 0.983750 0.515000 0.022500 0.010000
6 0.768750 0.776250 0.017500 0.010000
6 0.918750 0.883750 0.020000 0.015000
6 0.915000 0.102500 0.017500 0.017500
6 0.893750 0.083750 0.020000 0.017500
6 0.938750 0.052500 0.022500 0.017500
6 0.798750 0.021250 0.017500 0.017500
6 0.805000 0.028750 0.022500 0.020000
