6 0.842500 0.038750 0.040000 0.025000
6 0.883750 0.060000 0.042500 0.027500
6 0.107500 0.122500 0.025000 0.015000
6 0.168750 0.150000 0.022500 0.015000
6 0.132500 0.158750 0.020000 0.015000
6 0.063750 0.200000 0.022500 0.015000
6 0.127500 0.243750 0.017500 0.012500
6 0.155000 0.278750 0.070000 0.047500
6 0.211250 0.268750 0.020000 0.015000
6 0.260000 0.240000 0.020000 0.015000
6 0.360000 0.272500 0.020000 0.015000
6 0.275000 0.323750 0.017500 0.012500
6 0.386250 0.305000 0.020000 0.015000
6 0.212500 0.193750 0.017500 0.012500
6 0.596250 0.286250 0.017500 0.017500
6 0.547500 0.305000 0.022500 0.012500
6 0.572500 0.326250 0.017500 0.015000
6 0.596250 0.340000 0.020000 0.017500
6 0.453750 0.348750 0.020000 0.015000
6 0.431250 0.351250 0.022500 0.015000
6 0.466250 0.386250 0.022500 0.015000
6 0.607500 0.353750 0.022500 0.017500
6 0.620000 0.360000 0.020000 0.017500
6 0.628750 0.368750 0.017500 0.017500
6 0.591250 0.421250 0.022500 0.015000
6 0.563750 0.423750 0.020000 0.015000
6 0.475000 0.455000 0.020000 0.012500
6 0.493750 0.480000 0.020000 0.012500
6 0.602500 0.517500 0.017500 0.012500
6 0.660000 0.435000 0.047500 0.027500
6 0.623750 0.475000 0.015000 0.012500
6 0.673750 0.562500 0.025000 0.017500
6 0.655000 0.570000 0.020000 0.012500
6 0.778750 0.627500 0.020000 0.012500
6 0.748750 0.647500 0.032500 0.020000
6 0.836250 0.621250 0.022500 0.015000
6 0.843750 0.607500 0.020000 0.012500
6 0.987500 0.582500 0.022500 0.012500
6 0.820000 0.521250 0.025000 0.010000
6 0.990000 0.558750 0.020000 0.010000
6 0.988750 0.568750 0.025000 0.012500
6 0.890000 0.715000 0.020000 0.012500
6 0.990000 0.790000 0.020000 0.012500
6 0.493750 0.010000 0.020000 0.017500
6 0.516250 0.023750 0.017500 0.015000
6 0.383750 0.061250 0.022500 0.015000
6 0.427500 0.036250 0.015000 0.017500
6 0.278750 0.048750 0.025000 0.015000
6 0.336250 0.030000 0.025000 0.012500
6 0.313750 0.061250 0.020000 0.010000
6 0.256250 0.081250 0.025000 0.012500
6 0.327500 0.121250 0.025000 0.012500
6 0.411250 0.136250 0.025000 0.017500
6 0.440000 0.106250 0.022500 0.012500
6 0.451250 0.097500 0.020000 0.012500
6 0.780000 0.183750 0.017500 0.015000
6 0.807500 0.200000 0.020000 0.015000
6 0.818750 0.206250 0.015000 0.012500
6 0.827500 0.216250 0.020000 0.017500
6 0.851250 0.232500 0.015000 0.015000
6 0.777500 0.280000 0.015000 0.017500
6 0.762500 0.295000 0.017500 0.017500
6 0.745000 0.311250 0.017500 0.015000
6 0.736250 0.335000 0.027500 0.027500
6 0.758750 0.331250 0.020000 0.015000
6 0.755000 0.381250 0.017500 0.015000
6 0.765000 0.388750 0.015000 0.017500
6 0.791250 0.401250 0.017500 0.015000
6 0.722500 0.412500 0.017500 0.020000
6 0.731250 0.420000 0.022500 0.017500
6 0.756250 0.432500 0.020000 0.017500
6 0.767500 0.438750 0.015000 0.015000
6 0.808750 0.426250 0.022500 0.015000
6 0.832500 0.437500 0.022500 0.015000
6 0.855000 0.451250 0.025000 0.017500
6 0.922500 0.442500 0.025000 0.027500
6 0.901250 0.461250 0.017500 0.017500
6 0.983750 0.352500 0.020000 0.020000
6 0.708750 0.997500 0.040000 0.015000
6 0.243750 0.095000 0.032500 0.025000
6 0.360000 0.048750 0.017500 0.022500
6 0.295000 0.088750 0.020000 0.015000
6 0.646250 0.376250 0.015000 0.017500
6 0.701250 0.348750 0.017500 0.020000
6 0.802500 0.561250 0.022500 0.015000
6 0.708750 0.546250 0.017500 0.015000
