6 0.997500 0.553750 0.020000 0.015000
6 0.990000 0.557500 0.020000 0.017500
6 0.972500 0.550000 0.020000 0.017500
6 0.978750 0.542500 0.017500 0.017500
6 0.987500 0.535000 0.022500 0.017500
6 0.997500 0.530000 0.020000 0.012500
6 0.966250 0.556250 0.022500 0.015000
6 0.927500 0.586250 0.020000 0.015000
6 0.918750 0.588750 0.017500 0.012500
6 0.912500 0.595000 0.020000 0.012500
6 0.957500 0.600000 0.017500 0.012500
6 0.933750 0.577500 0.017500 0.015000
6 0.915000 0.628750 0.015000 0.017500
6 0.926250 0.630000 0.015000 0.015000
6 0.943750 0.628750 0.022500 0.022500
6 0.953750 0.633750 0.022500 0.022500
6 0.991250 0.611250 0.025000 0.035000
6 0.976250 0.618750 0.015000 0.017500
6 0.967500 0.633750 0.017500 0.017500
6 0.928750 0.390000 0.020000 0.012500
6 0.885000 0.427500 0.027500 0.015000
6 0.977500 0.426250 0.035000 0.015000
6 0.843750 0.428750 0.027500 0.015000
6 0.792500 0.325000 0.025000 0.010000
6 0.836250 0.326250 0.030000 0.012500
6 0.986250 0.268750 0.027500 0.012500
6 0.896250 0.275000 0.040000 0.012500
6 0.890000 0.292500 0.037500 0.020000
6 0.801250 0.266250 0.040000 0.015000
6 0.847500 0.157500 0.015000 0.012500
6 0.895000 0.925000 0.015000 0.027500
6 0.870000 0.828750 0.047500 0.020000
6 0.770000 0.752500 0.025000 0.027500
6 0.805000 0.762500 0.025000 0.025000
6 0.820000 0.761250 0.015000 0.017500
6 0.912500 0.923750 0.015000 0.025000
6 0.306250 0.080000 0.017500 0.015000
6 0.290000 0.105000 0.017500 0.017500
6 0.343750 0.087500 0.012500 0.015000
6 0.230000 0.003750 0.017500 0.017500
6 0.217500 0.020000 0.015000 0.015000
6 0.201250 0.043750 0.015000 0.017500
6 0.108750 0.172500 0.017500 0.017500
6 0.095000 0.192500 0.015000 0.017500
6 0.076250 0.211250 0.015000 0.015000
6 0.066250 0.228750 0.015000 0.017500
6 0.047500 0.252500 0.017500 0.017500
6 0.193750 0.233750 0.015000 0.015000
6 0.182500 0.252500 0.017500 0.017500
6 0.168750 0.270000 0.015000 0.017500
6 0.233750 0.258750 0.020000 0.007500
6 0.231250 0.273750 0.022500 0.007500
6 0.153750 0.290000 0.020000 0.017500
6 0.141250 0.306250 0.015000 0.015000
6 0.128750 0.326250 0.017500 0.017500
6 0.248750 0.326250 0.012500 0.015000
6 0.321250 0.327500 0.015000 0.020000
6 0.216250 0.328750 0.022500 0.007500
6 0.115000 0.342500 0.017500 0.020000
6 0.103750 0.358750 0.015000 0.017500
6 0.091250 0.377500 0.017500 0.017500
6 0.075000 0.396250 0.017500 0.017500
6 0.063750 0.411250 0.012500 0.012500
6 0.052500 0.428750 0.017500 0.015000
6 0.038750 0.446250 0.015000 0.015000
6 0.026250 0.462500 0.017500 0.017500
6 0.015000 0.481250 0.017500 0.020000
6 0.615000 0.453750 0.017500 0.020000
6 0.748750 0.463750 0.012500 0.017500
6 0.591250 0.486250 0.012500 0.017500
6 0.617500 0.517500 0.010000 0.020000
6 0.600000 0.542500 0.012500 0.020000
6 0.568750 0.537500 0.010000 0.015000
6 0.568750 0.513750 0.017500 0.007500
6 0.572500 0.492500 0.015000 0.010000
6 0.827500 0.472500 0.015000 0.020000
6 0.836250 0.507500 0.015000 0.017500
6 0.880000 0.495000 0.020000 0.012500
6 0.853750 0.531250 0.015000 0.015000
6 0.867500 0.532500 0.012500 0.015000
6 0.880000 0.518750 0.022500 0.010000
6 0.885000 0.507500 0.025000 0.010000
6 0.905000 0.501250 0.025000 0.010000
6 0.913750 0.491250 0.025000 0.010000
6 0.921250 0.482500 0.022500 0.010000
6 0.906250 0.472500 0.022500 0.010000
6 0.931250 0.475000 0.022500 0.010000
6 0.427500 0.227500 0.037500 0.015000
6 0.953750 0.817500 0.025000 0.025000
