6 0.080000 0.931250 0.017500 0.015000
6 0.070000 0.936250 0.017500 0.017500
6 0.405000 0.773750 0.025000 0.020000
6 0.427500 0.806250 0.022500 0.022500
6 0.467500 0.856250 0.027500 0.020000
6 0.478750 0.870000 0.022500 0.017500
6 0.491250 0.882500 0.025000 0.017500
6 0.497500 0.892500 0.022500 0.017500
6 0.506250 0.900000 0.022500 0.017500
6 0.515000 0.908750 0.017500 0.015000
6 0.525000 0.915000 0.017500 0.015000
6 0.623750 0.875000 0.030000 0.017500
6 0.640000 0.903750 0.022500 0.015000
6 0.656250 0.931250 0.050000 0.032500
6 0.672500 0.947500 0.047500 0.032500
6 0.688750 0.972500 0.052500 0.032500
6 0.586250 0.982500 0.020000 0.015000
6 0.595000 0.988750 0.017500 0.015000
6 0.612500 0.992500 0.030000 0.022500
6 0.431250 0.580000 0.017500 0.017500
6 0.480000 0.672500 0.035000 0.022500
6 0.478750 0.637500 0.015000 0.010000
6 0.321250 0.543750 0.035000 0.022500
6 0.278750 0.562500 0.057500 0.032500
6 0.281250 0.135000 0.020000 0.015000
