6 0.078750 0.636250 0.020000 0.015000
6 0.106250 0.670000 0.020000 0.015000
6 0.116250 0.578750 0.032500 0.027500
6 0.022500 0.557500 0.025000 0.015000
6 0.156250 0.600000 0.020000 0.017500
6 0.168750 0.607500 0.015000 0.012500
6 0.187500 0.617500 0.020000 0.012500
6 0.168750 0.635000 0.020000 0.017500
6 0.202500 0.657500 0.017500 0.012500
6 0.158750 0.672500 0.025000 0.012500
6 0.173750 0.693750 0.015000 0.015000
6 0.181250 0.698750 0.012500 0.017500
6 0.220000 0.665000 0.017500 0.015000
6 0.243750 0.675000 0.010000 0.017500
6 0.256250 0.675000 0.012500 0.017500
6 0.185000 0.717500 0.017500 0.020000
6 0.233750 0.727500 0.012500 0.017500
6 0.227500 0.747500 0.017500 0.020000
6 0.213750 0.768750 0.022500 0.022500
6 0.232500 0.782500 0.017500 0.022500
6 0.186250 0.813750 0.015000 0.017500
6 0.198750 0.792500 0.012500 0.017500
6 0.280000 0.735000 0.010000 0.015000
6 0.291250 0.741250 0.015000 0.017500
6 0.303750 0.742500 0.010000 0.012500
6 0.328750 0.745000 0.025000 0.017500
6 0.170000 0.837500 0.015000 0.015000
6 0.143750 0.807500 0.015000 0.015000
6 0.113750 0.863750 0.017500 0.017500
6 0.162500 0.855000 0.017500 0.020000
6 0.176250 0.878750 0.017500 0.020000
6 0.151250 0.870000 0.015000 0.015000
6 0.086250 0.852500 0.015000 0.017500
6 0.081250 0.868750 0.022500 0.015000
6 0.185000 0.912500 0.020000 0.015000
6 0.020000 0.797500 0.015000 0.017500
6 0.010000 0.813750 0.010000 0.020000
6 0.021250 0.825000 0.020000 0.015000
6 0.045000 0.841250 0.022500 0.017500
6 0.035000 0.816250 0.022500 0.012500
6 0.068750 0.822500 0.015000 0.017500
6 0.000000 0.846250 0.022500 0.012500
6 0.266250 0.658750 0.010000 0.012500
6 0.273750 0.642500 0.015000 0.015000
6 0.281250 0.623750 0.015000 0.015000
6 0.295000 0.610000 0.015000 0.015000
6 0.312500 0.606250 0.020000 0.022500
6 0.303750 0.593750 0.015000 0.015000
6 0.346250 0.612500 0.017500 0.017500
6 0.327500 0.642500 0.022500 0.025000
6 0.313750 0.667500 0.017500 0.022500
6 0.313750 0.573750 0.015000 0.017500
6 0.327500 0.552500 0.010000 0.012500
6 0.356250 0.557500 0.012500 0.012500
6 0.366250 0.578750 0.022500 0.022500
6 0.355000 0.597500 0.012500 0.015000
6 0.377500 0.556250 0.020000 0.020000
6 0.338750 0.533750 0.012500 0.015000
6 0.303750 0.527500 0.037500 0.020000
6 0.293750 0.550000 0.040000 0.022500
6 0.296250 0.537500 0.040000 0.022500
6 0.286250 0.561250 0.035000 0.020000
6 0.261250 0.600000 0.047500 0.022500
6 0.253750 0.608750 0.040000 0.020000
6 0.207500 0.507500 0.037500 0.022500
6 0.217500 0.495000 0.037500 0.025000
6 0.228750 0.482500 0.040000 0.025000
6 0.238750 0.471250 0.042500 0.025000
6 0.242500 0.455000 0.017500 0.012500
6 0.317500 0.501250 0.017500 0.012500
6 0.397500 0.528750 0.020000 0.010000
6 0.387500 0.537500 0.015000 0.015000
6 0.281250 0.575000 0.020000 0.015000
6 0.435000 0.516250 0.022500 0.012500
6 0.443750 0.540000 0.037500 0.020000
6 0.437500 0.552500 0.040000 0.020000
6 0.432500 0.465000 0.022500 0.022500
6 0.503750 0.507500 0.030000 0.032500
6 0.515000 0.515000 0.025000 0.030000
6 0.527500 0.520000 0.027500 0.032500
6 0.541250 0.527500 0.030000 0.035000
6 0.557500 0.531250 0.032500 0.032500
6 0.576250 0.527500 0.027500 0.030000
6 0.551250 0.553750 0.022500 0.010000
6 0.443750 0.581250 0.020000 0.015000
6 0.368750 0.626250 0.015000 0.020000
6 0.337500 0.680000 0.020000 0.010000
6 0.485000 0.580000 0.015000 0.015000
6 0.471250 0.597500 0.017500 0.015000
6 0.497500 0.583750 0.012500 0.015000
6 0.508750 0.588750 0.015000 0.017500
6 0.530000 0.581250 0.022500 0.010000
6 0.550000 0.590000 0.025000 0.015000
6 0.517500 0.605000 0.037500 0.042500
6 0.593750 0.611250 0.022500 0.010000
6 0.625000 0.590000 0.022500 0.007500
6 0.662500 0.607500 0.022500 0.012500
6 0.615000 0.551250 0.035000 0.040000
6 0.627500 0.558750 0.035000 0.035000
6 0.643750 0.566250 0.037500 0.030000
6 0.656250 0.573750 0.032500 0.035000
6 0.680000 0.560000 0.017500 0.015000
6 0.657500 0.588750 0.015000 0.017500
6 0.693750 0.592500 0.035000 0.030000
6 0.727500 0.568750 0.030000 0.035000
6 0.706250 0.600000 0.027500 0.035000
6 0.746250 0.601250 0.015000 0.015000
6 0.766250 0.601250 0.017500 0.017500
6 0.765000 0.626250 0.017500 0.020000
6 0.781250 0.632500 0.027500 0.030000
6 0.798750 0.632500 0.035000 0.042500
6 0.808750 0.640000 0.035000 0.037500
6 0.822500 0.642500 0.027500 0.032500
6 0.620000 0.643750 0.020000 0.022500
6 0.601250 0.673750 0.027500 0.030000
6 0.612500 0.680000 0.022500 0.022500
6 0.651250 0.702500 0.020000 0.020000
6 0.682500 0.718750 0.017500 0.017500
6 0.587500 0.620000 0.027500 0.017500
6 0.547500 0.600000 0.025000 0.015000
6 0.483750 0.601250 0.017500 0.017500
6 0.662500 0.665000 0.025000 0.022500
6 0.716250 0.695000 0.032500 0.035000
6 0.828750 0.710000 0.027500 0.017500
6 0.781250 0.726250 0.027500 0.035000
6 0.805000 0.721250 0.022500 0.022500
6 0.790000 0.740000 0.025000 0.027500
6 0.822500 0.722500 0.017500 0.020000
6 0.807500 0.740000 0.025000 0.025000
6 0.745000 0.675000 0.020000 0.012500
6 0.840000 0.736250 0.027500 0.027500
6 0.825000 0.757500 0.022500 0.022500
6 0.812500 0.753750 0.020000 0.022500
6 0.852500 0.745000 0.027500 0.032500
6 0.738750 0.708750 0.032500 0.035000
6 0.711250 0.723750 0.030000 0.030000
6 0.876250 0.760000 0.032500 0.032500
6 0.895000 0.795000 0.022500 0.025000
6 0.857500 0.753750 0.015000 0.012500
6 0.936250 0.803750 0.022500 0.022500
6 0.948750 0.771250 0.022500 0.012500
6 0.910000 0.687500 0.042500 0.042500
6 0.942500 0.671250 0.027500 0.025000
6 0.923750 0.696250 0.032500 0.035000
6 0.937500 0.716250 0.017500 0.017500
6 0.952500 0.716250 0.012500 0.015000
6 0.982500 0.695000 0.030000 0.035000
6 0.993750 0.711250 0.027500 0.022500
6 0.991250 0.731250 0.032500 0.027500
6 0.998750 0.501250 0.025000 0.032500
6 0.997500 0.597500 0.017500 0.017500
6 0.938750 0.552500 0.017500 0.017500
6 0.958750 0.583750 0.017500 0.020000
6 0.973750 0.588750 0.020000 0.022500
6 0.992500 0.565000 0.020000 0.020000
6 0.980000 0.560000 0.020000 0.022500
6 0.896250 0.536250 0.020000 0.015000
6 0.900000 0.556250 0.020000 0.017500
6 0.878750 0.522500 0.020000 0.020000
6 0.843750 0.496250 0.020000 0.020000
6 0.977500 0.472500 0.020000 0.022500
6 0.896250 0.465000 0.035000 0.020000
6 0.926250 0.480000 0.032500 0.020000
6 0.995000 0.446250 0.012500 0.022500
6 0.988750 0.487500 0.020000 0.020000
6 0.890000 0.397500 0.092500 0.035000
6 0.881250 0.377500 0.110000 0.045000
6 0.616250 0.335000 0.050000 0.025000
6 0.758750 0.367500 0.055000 0.027500
6 0.696250 0.423750 0.030000 0.035000
6 0.681250 0.418750 0.030000 0.032500
6 0.650000 0.400000 0.030000 0.027500
6 0.588750 0.408750 0.025000 0.027500
6 0.560000 0.355000 0.027500 0.015000
6 0.551250 0.362500 0.022500 0.015000
6 0.543750 0.371250 0.022500 0.012500
6 0.532500 0.387500 0.020000 0.015000
6 0.526250 0.396250 0.022500 0.015000
6 0.447500 0.393750 0.017500 0.020000
6 0.415000 0.407500 0.012500 0.015000
6 0.462500 0.412500 0.022500 0.025000
6 0.445000 0.438750 0.017500 0.025000
6 0.406250 0.425000 0.017500 0.020000
6 0.391250 0.451250 0.015000 0.017500
6 0.503750 0.463750 0.015000 0.017500
6 0.532500 0.490000 0.025000 0.025000
6 0.493750 0.360000 0.040000 0.050000
6 0.702500 0.375000 0.037500 0.022500
6 0.653750 0.352500 0.032500 0.020000
6 0.552500 0.302500 0.020000 0.010000
6 0.555000 0.258750 0.022500 0.025000
6 0.816250 0.222500 0.022500 0.010000
6 0.920000 0.361250 0.082500 0.040000
6 0.923750 0.346250 0.092500 0.040000
6 0.935000 0.333750 0.102500 0.037500
6 0.942500 0.317500 0.102500 0.040000
6 0.650000 0.426250 0.020000 0.020000
6 0.627500 0.428750 0.025000 0.025000
6 0.436250 0.693750 0.020000 0.022500
6 0.456250 0.696250 0.020000 0.020000
6 0.471250 0.697500 0.020000 0.022500
6 0.476250 0.710000 0.030000 0.035000
6 0.441250 0.718750 0.015000 0.015000
6 0.486250 0.745000 0.032500 0.042500
6 0.496250 0.756250 0.032500 0.032500
6 0.448750 0.742500 0.022500 0.027500
6 0.473750 0.773750 0.020000 0.015000
6 0.358750 0.757500 0.027500 0.015000
6 0.381250 0.766250 0.020000 0.010000
6 0.436250 0.800000 0.017500 0.020000
6 0.342500 0.770000 0.017500 0.017500
6 0.408750 0.810000 0.015000 0.017500
6 0.458750 0.808750 0.010000 0.017500
6 0.538750 0.802500 0.020000 0.015000
6 0.522500 0.767500 0.025000 0.030000
6 0.696250 0.281250 0.042500 0.042500
6 0.820000 0.236250 0.027500 0.015000
6 0.635000 0.788750 0.035000 0.040000
6 0.661250 0.805000 0.040000 0.042500
6 0.598750 0.833750 0.020000 0.017500
6 0.631250 0.832500 0.017500 0.015000
6 0.652500 0.840000 0.017500 0.020000
6 0.672500 0.811250 0.025000 0.027500
6 0.693750 0.815000 0.017500 0.015000
6 0.706250 0.840000 0.017500 0.017500
6 0.690000 0.862500 0.020000 0.027500
6 0.701250 0.865000 0.022500 0.030000
6 0.711250 0.872500 0.027500 0.027500
6 0.726250 0.880000 0.027500 0.025000
6 0.743750 0.877500 0.032500 0.035000
6 0.726250 0.851250 0.020000 0.022500
6 0.715000 0.847500 0.017500 0.017500
6 0.808750 0.862500 0.025000 0.027500
6 0.757500 0.838750 0.025000 0.025000
6 0.766250 0.847500 0.025000 0.030000
6 0.787500 0.858750 0.015000 0.017500
6 0.820000 0.868750 0.022500 0.022500
6 0.791250 0.885000 0.025000 0.020000
6 0.806250 0.888750 0.027500 0.025000
6 0.821250 0.892500 0.027500 0.025000
6 0.833750 0.900000 0.022500 0.020000
6 0.841250 0.908750 0.017500 0.020000
6 0.817500 0.923750 0.027500 0.027500
6 0.805000 0.916250 0.022500 0.027500
6 0.792500 0.911250 0.025000 0.025000
6 0.775000 0.906250 0.025000 0.025000
6 0.870000 0.916250 0.017500 0.015000
6 0.853750 0.937500 0.017500 0.017500
6 0.877500 0.932500 0.025000 0.025000
6 0.921250 0.915000 0.017500 0.017500
6 0.905000 0.936250 0.017500 0.017500
6 0.935000 0.917500 0.015000 0.017500
6 0.925000 0.932500 0.017500 0.017500
6 0.937500 0.935000 0.017500 0.017500
6 0.955000 0.935000 0.017500 0.012500
6 0.915000 0.948750 0.022500 0.010000
6 0.922500 0.967500 0.055000 0.030000
6 0.908750 0.978750 0.050000 0.025000
6 0.893750 0.986250 0.050000 0.025000
6 0.882500 0.995000 0.035000 0.020000
6 0.992500 0.993750 0.045000 0.017500
6 0.987500 0.978750 0.047500 0.022500
6 0.990000 0.962500 0.042500 0.020000
6 0.993750 0.950000 0.042500 0.017500
6 0.947500 0.961250 0.027500 0.020000
6 0.810000 0.990000 0.027500 0.022500
6 0.801250 0.987500 0.020000 0.020000
6 0.788750 0.982500 0.020000 0.020000
6 0.776250 0.975000 0.020000 0.020000
6 0.761250 0.997500 0.022500 0.022500
6 0.977500 0.813750 0.020000 0.025000
6 0.950000 0.831250 0.032500 0.027500
6 0.957500 0.798750 0.017500 0.015000
6 0.961250 0.840000 0.022500 0.015000
6 0.986250 0.842500 0.042500 0.037500
6 0.958750 0.748750 0.017500 0.010000
6 0.798750 0.696250 0.035000 0.017500
6 0.701250 0.915000 0.030000 0.017500
6 0.665000 0.900000 0.017500 0.012500
6 0.646250 0.890000 0.020000 0.012500
6 0.682500 0.881250 0.022500 0.012500
6 0.592500 0.870000 0.017500 0.007500
6 0.576250 0.887500 0.030000 0.030000
6 0.561250 0.883750 0.035000 0.035000
6 0.546250 0.872500 0.027500 0.025000
6 0.595000 0.903750 0.015000 0.015000
6 0.586250 0.882500 0.027500 0.015000
6 0.470000 0.885000 0.017500 0.017500
6 0.503750 0.885000 0.020000 0.017500
6 0.492500 0.902500 0.012500 0.017500
6 0.747500 0.923750 0.025000 0.015000
6 0.743750 0.935000 0.022500 0.015000
6 0.682500 0.931250 0.025000 0.032500
6 0.666250 0.915000 0.017500 0.020000
6 0.566250 0.927500 0.032500 0.032500
6 0.550000 0.921250 0.030000 0.027500
6 0.467500 0.838750 0.027500 0.027500
6 0.355000 0.917500 0.022500 0.015000
6 0.392500 0.942500 0.017500 0.020000
6 0.426250 0.953750 0.025000 0.015000
6 0.427500 0.862500 0.035000 0.032500
6 0.403750 0.850000 0.030000 0.032500
6 0.305000 0.760000 0.022500 0.022500
6 0.318750 0.762500 0.017500 0.017500
6 0.331250 0.766250 0.020000 0.015000
6 0.356250 0.777500 0.027500 0.025000
6 0.371250 0.782500 0.020000 0.020000
6 0.331250 0.790000 0.017500 0.020000
6 0.320000 0.787500 0.020000 0.020000
6 0.305000 0.785000 0.022500 0.022500
6 0.303750 0.807500 0.022500 0.022500
6 0.355000 0.805000 0.025000 0.022500
6 0.365000 0.810000 0.022500 0.022500
6 0.313750 0.813750 0.020000 0.020000
6 0.326250 0.820000 0.022500 0.025000
6 0.340000 0.826250 0.022500 0.022500
6 0.350000 0.831250 0.025000 0.022500
6 0.371250 0.822500 0.022500 0.025000
6 0.378750 0.832500 0.030000 0.027500
6 0.402500 0.800000 0.025000 0.027500
6 0.390000 0.795000 0.025000 0.025000
6 0.433750 0.826250 0.025000 0.025000
6 0.420000 0.821250 0.027500 0.025000
6 0.263750 0.917500 0.032500 0.040000
6 0.248750 0.908750 0.035000 0.045000
6 0.228750 0.907500 0.025000 0.032500
6 0.327500 0.938750 0.012500 0.015000
6 0.288750 0.927500 0.035000 0.042500
6 0.335000 0.951250 0.012500 0.015000
6 0.350000 0.960000 0.030000 0.035000
6 0.365000 0.965000 0.030000 0.035000
6 0.408750 0.991250 0.025000 0.030000
6 0.422500 0.995000 0.027500 0.032500
6 0.008750 0.873750 0.015000 0.015000
6 0.017500 0.881250 0.015000 0.015000
6 0.026250 0.883750 0.010000 0.012500
6 0.093750 0.970000 0.032500 0.035000
6 0.070000 0.952500 0.042500 0.020000
6 0.008750 0.515000 0.020000 0.020000
6 0.007500 0.228750 0.015000 0.012500
6 0.017500 0.242500 0.020000 0.017500
6 0.042500 0.255000 0.015000 0.012500
6 0.062500 0.262500 0.020000 0.015000
6 0.092500 0.290000 0.020000 0.017500
6 0.017500 0.327500 0.017500 0.017500
6 0.030000 0.331250 0.020000 0.017500
6 0.038750 0.342500 0.017500 0.017500
6 0.160000 0.345000 0.017500 0.015000
6 0.253750 0.373750 0.015000 0.015000
6 0.238750 0.386250 0.017500 0.010000
6 0.240000 0.421250 0.020000 0.012500
6 0.195000 0.432500 0.020000 0.017500
6 0.171250 0.428750 0.017500 0.017500
6 0.262500 0.435000 0.020000 0.017500
6 0.285000 0.432500 0.020000 0.015000
6 0.266250 0.467500 0.022500 0.015000
6 0.232500 0.366250 0.020000 0.017500
6 0.222500 0.360000 0.015000 0.017500
6 0.322500 0.218750 0.017500 0.015000
6 0.338750 0.251250 0.017500 0.017500
6 0.381250 0.245000 0.025000 0.017500
6 0.432500 0.222500 0.020000 0.015000
6 0.423750 0.227500 0.017500 0.012500
6 0.441250 0.240000 0.020000 0.017500
6 0.297500 0.208750 0.017500 0.015000
6 0.031250 0.051250 0.017500 0.015000
6 0.042500 0.055000 0.015000 0.012500
6 0.076250 0.073750 0.022500 0.020000
6 0.090000 0.081250 0.017500 0.020000
6 0.095000 0.105000 0.020000 0.017500
6 0.092500 0.018750 0.015000 0.010000
6 0.103750 0.036250 0.012500 0.017500
6 0.117500 0.043750 0.020000 0.020000
6 0.152500 0.045000 0.022500 0.022500
6 0.136250 0.091250 0.022500 0.015000
6 0.207500 0.098750 0.017500 0.017500
6 0.235000 0.093750 0.030000 0.025000
6 0.253750 0.101250 0.025000 0.022500
6 0.165000 0.131250 0.017500 0.012500
6 0.201250 0.061250 0.020000 0.017500
6 0.181250 0.075000 0.022500 0.015000
6 0.286250 0.115000 0.022500 0.022500
6 0.267500 0.136250 0.017500 0.015000
6 0.276250 0.142500 0.017500 0.015000
6 0.192500 0.146250 0.015000 0.015000
6 0.197500 0.163750 0.025000 0.020000
6 0.310000 0.141250 0.020000 0.015000
6 0.316250 0.150000 0.020000 0.015000
6 0.325000 0.158750 0.017500 0.017500
6 0.258750 0.183750 0.015000 0.015000
6 0.335000 0.172500 0.017500 0.020000
6 0.355000 0.183750 0.022500 0.012500
6 0.756250 0.182500 0.092500 0.045000
6 0.905000 0.203750 0.040000 0.020000
6 0.967500 0.225000 0.042500 0.022500
6 0.750000 0.106250 0.032500 0.017500
6 0.786250 0.121250 0.040000 0.022500
6 0.680000 0.071250 0.015000 0.017500
6 0.465000 0.488750 0.022500 0.022500
6 0.143750 0.931250 0.012500 0.022500
6 0.598750 0.916250 0.017500 0.020000
6 0.582500 0.937500 0.025000 0.030000
6 0.635000 0.938750 0.022500 0.027500
6 0.665000 0.938750 0.017500 0.020000
6 0.652500 0.953750 0.015000 0.017500
6 0.631250 0.960000 0.022500 0.025000
6 0.652500 0.976250 0.015000 0.017500
6 0.642500 0.971250 0.017500 0.017500
6 0.667500 0.955000 0.020000 0.025000
6 0.523750 0.858750 0.017500 0.020000
6 0.501250 0.858750 0.015000 0.022500
6 0.613750 0.820000 0.015000 0.020000
6 0.896250 0.901250 0.017500 0.020000
6 0.877500 0.900000 0.015000 0.020000
6 0.446250 0.961250 0.020000 0.017500
6 0.421250 0.962500 0.020000 0.012500
6 0.420000 0.971250 0.022500 0.010000
6 0.470000 0.978750 0.017500 0.027500
6 0.737500 0.945000 0.020000 0.015000
6 0.767500 0.892500 0.025000 0.032500
6 0.981250 0.911250 0.032500 0.035000
6 0.963750 0.910000 0.040000 0.037500
6 0.543750 0.812500 0.017500 0.015000
6 0.448750 0.831250 0.027500 0.030000
6 0.485000 0.845000 0.022500 0.020000
6 0.960000 0.495000 0.022500 0.012500
6 0.673750 0.668750 0.015000 0.020000
6 0.700000 0.622500 0.022500 0.012500
6 0.310000 0.512500 0.045000 0.027500
6 0.862500 0.500000 0.022500 0.027500
6 0.775000 0.322500 0.040000 0.037500
6 0.053750 0.545000 0.020000 0.022500
6 0.045000 0.532500 0.017500 0.015000
6 0.061250 0.622500 0.017500 0.020000
6 0.381250 0.717500 0.022500 0.010000
6 0.116250 0.597500 0.015000 0.015000
6 0.210000 0.662500 0.017500 0.017500
6 0.227500 0.677500 0.017500 0.010000
6 0.116250 0.676250 0.012500 0.012500
6 0.570000 0.230000 0.027500 0.027500
6 0.590000 0.201250 0.025000 0.027500
