6 0.656250 0.016250 0.020000 0.012500
6 0.555000 0.031250 0.025000 0.015000
6 0.646250 0.066250 0.022500 0.017500
6 0.695000 0.130000 0.015000 0.010000
6 0.730000 0.133750 0.020000 0.015000
6 0.857500 0.122500 0.025000 0.015000
6 0.918750 0.150000 0.022500 0.015000
6 0.882500 0.158750 0.020000 0.015000
6 0.813750 0.200000 0.022500 0.015000
6 0.877500 0.243750 0.017500 0.012500
6 0.905000 0.278750 0.070000 0.047500
6 0.961250 0.268750 0.020000 0.015000
6 0.962500 0.193750 0.017500 0.012500
6 0.993750 0.095000 0.032500 0.025000
6 0.426250 0.517500 0.027500 0.032500
