6 0.672500 0.416250 0.027500 0.027500
6 0.888750 0.587500 0.020000 0.012500
6 0.876250 0.595000 0.022500 0.015000
6 0.865000 0.602500 0.020000 0.012500
6 0.988750 0.651250 0.022500 0.012500
6 0.947500 0.685000 0.017500 0.015000
6 0.787500 0.635000 0.012500 0.017500
6 0.882500 0.571250 0.020000 0.007500
6 0.998750 0.643750 0.025000 0.015000
6 0.751250 0.613750 0.020000 0.015000
6 0.953750 0.675000 0.022500 0.017500
6 0.891250 0.548750 0.025000 0.010000
6 0.860000 0.615000 0.022500 0.012500
6 0.838750 0.635000 0.020000 0.010000
6 0.906250 0.522500 0.025000 0.012500
6 0.966250 0.667500 0.022500 0.012500
6 0.776250 0.627500 0.012500 0.017500
6 0.846250 0.622500 0.022500 0.017500
6 0.718750 0.563750 0.022500 0.012500
6 0.767500 0.621250 0.015000 0.020000
6 0.906250 0.537500 0.025000 0.015000
6 0.891250 0.558750 0.020000 0.007500
6 0.831250 0.648750 0.020000 0.012500
