6 0.782500 0.237500 0.035000 0.025000
6 0.628750 0.110000 0.035000 0.017500
6 0.651250 0.127500 0.032500 0.022500
6 0.641250 0.081250 0.047500 0.040000
6 0.556250 0.097500 0.015000 0.015000
6 0.576250 0.116250 0.017500 0.015000
6 0.591250 0.123750 0.022500 0.020000
6 0.718750 0.182500 0.017500 0.012500
6 0.727500 0.193750 0.022500 0.012500
6 0.737500 0.200000 0.020000 0.015000
6 0.811250 0.206250 0.030000 0.022500
6 0.761250 0.163750 0.022500 0.015000
6 0.692500 0.306250 0.027500 0.020000
6 0.825000 0.213750 0.012500 0.015000
6 0.085000 0.082500 0.022500 0.020000
6 0.751250 0.341250 0.022500 0.020000
6 0.905000 0.387500 0.012500 0.017500
6 0.965000 0.351250 0.015000 0.017500
