6 0.150000 0.570000 0.027500 0.010000
6 0.225000 0.592500 0.022500 0.010000
6 0.428750 0.596250 0.030000 0.012500
6 0.476250 0.623750 0.022500 0.010000
6 0.575000 0.608750 0.047500 0.017500
6 0.366250 0.472500 0.032500 0.012500
6 0.360000 0.486250 0.020000 0.007500
6 0.398750 0.383750 0.012500 0.015000
6 0.417500 0.390000 0.012500 0.020000
6 0.433750 0.385000 0.012500 0.017500
6 0.452500 0.396250 0.010000 0.017500
6 0.467500 0.396250 0.012500 0.017500
6 0.483750 0.396250 0.010000 0.017500
6 0.567500 0.407500 0.015000 0.020000
6 0.583750 0.416250 0.012500 0.020000
6 0.613750 0.423750 0.010000 0.017500
6 0.637500 0.418750 0.010000 0.015000
6 0.721250 0.443750 0.015000 0.025000
6 0.846250 0.515000 0.025000 0.015000
6 0.860000 0.548750 0.032500 0.017500
6 0.662500 0.571250 0.020000 0.015000
6 0.702500 0.626250 0.030000 0.012500
6 0.687500 0.637500 0.025000 0.010000
6 0.453750 0.666250 0.025000 0.010000
6 0.597500 0.696250 0.020000 0.007500
6 0.635000 0.682500 0.022500 0.007500
6 0.805000 0.701250 0.025000 0.012500
6 0.781250 0.713750 0.022500 0.010000
6 0.882500 0.656250 0.020000 0.010000
6 0.993750 0.747500 0.025000 0.010000
6 0.705000 0.101250 0.057500 0.020000
6 0.440000 0.012500 0.020000 0.015000
6 0.462500 0.008750 0.017500 0.010000
6 0.362500 0.430000 0.025000 0.010000
6 0.827500 0.057500 0.010000 0.020000
6 0.837500 0.057500 0.010000 0.025000
6 0.847500 0.057500 0.010000 0.020000
6 0.857500 0.058750 0.012500 0.022500
6 0.940000 0.053750 0.017500 0.027500
6 0.985000 0.143750 0.010000 0.020000
6 0.981250 0.157500 0.022500 0.012500
6 0.965000 0.147500 0.012500 0.020000
6 0.948750 0.138750 0.012500 0.020000
6 0.903750 0.131250 0.015000 0.020000
6 0.885000 0.226250 0.062500 0.017500
6 0.978750 0.413750 0.020000 0.020000
6 0.960000 0.355000 0.017500 0.015000
6 0.966250 0.326250 0.017500 0.010000
6 0.947500 0.387500 0.022500 0.012500
6 0.933750 0.396250 0.020000 0.015000
6 0.622500 0.071250 0.050000 0.017500
