6 0.205000 0.901250 0.015000 0.012500
6 0.096250 0.848750 0.020000 0.015000
6 0.028750 0.840000 0.022500 0.017500
6 0.695000 0.685000 0.012500 0.017500
6 0.928750 0.498750 0.017500 0.017500
6 0.936250 0.491250 0.020000 0.017500
6 0.943750 0.481250 0.017500 0.017500
6 0.352500 0.706250 0.022500 0.017500
6 0.305000 0.765000 0.010000 0.017500
6 0.001250 0.305000 0.017500 0.020000
6 0.116250 0.097500 0.015000 0.010000
6 0.016250 0.926250 0.012500 0.012500
6 0.216250 0.715000 0.017500 0.015000
6 0.256250 0.663750 0.017500 0.012500
6 0.277500 0.688750 0.012500 0.012500
6 0.212500 0.722500 0.015000 0.010000
6 0.220000 0.695000 0.012500 0.012500
6 0.388750 0.717500 0.022500 0.010000
6 0.871250 0.746250 0.015000 0.010000
6 0.917500 0.510000 0.012500 0.010000
6 0.652500 0.622500 0.062500 0.042500
6 0.708750 0.647500 0.012500 0.007500
6 0.657500 0.610000 0.045000 0.032500
6 0.340000 0.403750 0.015000 0.020000
