6 0.588750 0.160000 0.010000 0.022500
6 0.608750 0.113750 0.010000 0.020000
6 0.576250 0.135000 0.015000 0.017500
6 0.546250 0.150000 0.020000 0.010000
6 0.477500 0.208750 0.022500 0.010000
6 0.528750 0.206250 0.020000 0.010000
6 0.547500 0.216250 0.020000 0.010000
6 0.533750 0.231250 0.020000 0.010000
6 0.545000 0.137500 0.017500 0.010000
6 0.492500 0.218750 0.020000 0.007500
6 0.471250 0.218750 0.020000 0.007500
6 0.443750 0.232500 0.020000 0.012500
6 0.425000 0.241250 0.020000 0.012500
6 0.423750 0.232500 0.017500 0.010000
6 0.520000 0.116250 0.020000 0.007500
6 0.517500 0.107500 0.022500 0.012500
6 0.540000 0.093750 0.022500 0.010000
6 0.560000 0.116250 0.015000 0.020000
6 0.635000 0.502500 0.010000 0.020000
6 0.870000 0.801250 0.012500 0.020000
6 0.913750 0.905000 0.067500 0.015000
6 0.988750 0.901250 0.065000 0.020000
6 0.918750 0.950000 0.015000 0.037500
6 0.961250 0.952500 0.015000 0.067500
6 0.977500 0.952500 0.017500 0.067500
6 0.802500 0.996250 0.042500 0.012500
6 0.998750 0.955000 0.015000 0.047500
6 0.943750 0.940000 0.012500 0.040000
6 0.932500 0.936250 0.010000 0.032500
6 0.902500 0.943750 0.020000 0.050000
6 0.877500 0.946250 0.012500 0.030000
6 0.790000 0.956250 0.022500 0.010000
6 0.796250 0.966250 0.022500 0.010000
6 0.798750 0.982500 0.025000 0.015000
6 0.465000 0.593750 0.020000 0.040000
6 0.897500 0.333750 0.007500 0.015000
6 0.920000 0.232500 0.007500 0.017500
6 0.710000 0.022500 0.010000 0.017500
