6 0.006250 0.206250 0.027500 0.007500
6 0.148750 0.242500 0.022500 0.012500
6 0.246250 0.158750 0.050000 0.015000
6 0.267500 0.133750 0.022500 0.012500
6 0.273750 0.206250 0.022500 0.012500
6 0.298750 0.218750 0.085000 0.015000
6 0.438750 0.218750 0.022500 0.012500
6 0.465000 0.128750 0.020000 0.017500
6 0.593750 0.473750 0.022500 0.007500
6 0.682500 0.475000 0.030000 0.012500
6 0.703750 0.458750 0.012500 0.017500
6 0.756250 0.458750 0.010000 0.015000
6 0.701250 0.512500 0.012500 0.020000
6 0.713750 0.511250 0.012500 0.020000
6 0.728750 0.511250 0.015000 0.017500
6 0.800000 0.478750 0.027500 0.010000
6 0.907500 0.477500 0.022500 0.007500
6 0.931250 0.477500 0.022500 0.007500
6 0.907500 0.497500 0.025000 0.007500
6 0.931250 0.496250 0.022500 0.007500
6 0.973750 0.477500 0.025000 0.007500
6 0.990000 0.693750 0.025000 0.007500
6 0.910000 0.675000 0.025000 0.007500
6 0.878750 0.675000 0.020000 0.010000
6 0.850000 0.675000 0.022500 0.007500
6 0.875000 0.693750 0.032500 0.012500
6 0.920000 0.693750 0.025000 0.007500
6 0.793750 0.692500 0.022500 0.007500
6 0.750000 0.707500 0.010000 0.017500
6 0.737500 0.706250 0.012500 0.022500
6 0.711250 0.706250 0.012500 0.020000
6 0.697500 0.705000 0.012500 0.017500
6 0.676250 0.691250 0.027500 0.012500
6 0.652500 0.670000 0.025000 0.010000
6 0.618750 0.690000 0.022500 0.007500
6 0.976250 0.948750 0.025000 0.010000
6 0.947500 0.951250 0.027500 0.010000
6 0.910000 0.951250 0.027500 0.010000
6 0.622500 0.911250 0.027500 0.012500
6 0.596250 0.908750 0.027500 0.012500
6 0.540000 0.938750 0.022500 0.010000
6 0.572500 0.940000 0.025000 0.010000
6 0.625000 0.943750 0.027500 0.010000
6 0.656250 0.946250 0.025000 0.010000
6 0.686250 0.947500 0.027500 0.010000
6 0.470000 0.906250 0.025000 0.017500
6 0.456250 0.813750 0.012500 0.020000
6 0.458750 0.791250 0.012500 0.022500
6 0.475000 0.786250 0.015000 0.015000
6 0.462500 0.736250 0.015000 0.017500
6 0.463750 0.716250 0.012500 0.015000
6 0.460000 0.675000 0.010000 0.017500
6 0.462500 0.606250 0.012500 0.017500
6 0.462500 0.582500 0.015000 0.020000
6 0.461250 0.561250 0.010000 0.015000
6 0.461250 0.541250 0.012500 0.020000
6 0.461250 0.510000 0.015000 0.017500
6 0.462500 0.465000 0.010000 0.017500
6 0.462500 0.358750 0.010000 0.017500
6 0.461250 0.307500 0.015000 0.015000
6 0.446250 0.268750 0.015000 0.017500
6 0.421250 0.292500 0.012500 0.017500
6 0.397500 0.290000 0.010000 0.015000
6 0.383750 0.292500 0.015000 0.015000
6 0.396250 0.263750 0.022500 0.010000
6 0.341250 0.285000 0.010000 0.017500
6 0.326250 0.286250 0.012500 0.017500
6 0.298750 0.260000 0.025000 0.007500
6 0.283750 0.282500 0.010000 0.015000
6 0.235000 0.287500 0.017500 0.017500
6 0.218750 0.286250 0.012500 0.017500
6 0.193750 0.283750 0.012500 0.015000
6 0.178750 0.282500 0.012500 0.017500
6 0.168750 0.283750 0.017500 0.015000
6 0.180000 0.261250 0.022500 0.007500
6 0.020000 0.773750 0.025000 0.012500
6 0.125000 0.807500 0.025000 0.012500
6 0.186250 0.823750 0.025000 0.015000
6 0.218750 0.831250 0.025000 0.012500
6 0.102500 0.836250 0.022500 0.012500
6 0.131250 0.843750 0.027500 0.015000
6 0.363750 0.872500 0.030000 0.015000
6 0.393750 0.915000 0.025000 0.015000
6 0.673750 0.982500 0.025000 0.012500
6 0.628750 0.975000 0.020000 0.015000
6 0.605000 0.973750 0.020000 0.022500
6 0.577500 0.972500 0.020000 0.015000
6 0.553750 0.967500 0.012500 0.017500
6 0.540000 0.968750 0.010000 0.017500
6 0.522500 0.965000 0.017500 0.015000
6 0.507500 0.967500 0.017500 0.015000
6 0.503750 0.991250 0.025000 0.012500
6 0.428750 0.951250 0.012500 0.020000
6 0.426250 0.973750 0.017500 0.020000
6 0.467500 0.973750 0.012500 0.020000
6 0.466250 0.993750 0.012500 0.017500
6 0.452500 0.995000 0.015000 0.032500
6 0.462500 0.487500 0.010000 0.020000
