6 0.055000 0.247500 0.032500 0.010000
6 0.131250 0.263750 0.025000 0.007500
6 0.630000 0.218750 0.037500 0.012500
6 0.926250 0.628750 0.020000 0.010000
6 0.981250 0.636250 0.025000 0.012500
6 0.592500 0.615000 0.032500 0.012500
6 0.991250 0.325000 0.015000 0.017500
6 0.977500 0.326250 0.012500 0.017500
6 0.963750 0.325000 0.012500 0.015000
6 0.908750 0.295000 0.020000 0.010000
6 0.877500 0.298750 0.022500 0.010000
6 0.861250 0.332500 0.015000 0.020000
6 0.828750 0.303750 0.025000 0.010000
6 0.836250 0.335000 0.017500 0.022500
6 0.812500 0.336250 0.017500 0.022500
6 0.736250 0.338750 0.022500 0.020000
6 0.687500 0.312500 0.025000 0.010000
6 0.661250 0.317500 0.022500 0.010000
6 0.722500 0.337500 0.012500 0.017500
6 0.708750 0.338750 0.012500 0.017500
6 0.642500 0.346250 0.010000 0.017500
6 0.630000 0.348750 0.015000 0.017500
6 0.605000 0.347500 0.012500 0.015000
6 0.588750 0.348750 0.012500 0.015000
6 0.558750 0.348750 0.012500 0.015000
6 0.525000 0.427500 0.012500 0.015000
6 0.528750 0.451250 0.012500 0.017500
6 0.532500 0.485000 0.010000 0.017500
6 0.543750 0.542500 0.015000 0.020000
6 0.552500 0.628750 0.012500 0.015000
6 0.556250 0.645000 0.015000 0.020000
6 0.556250 0.666250 0.012500 0.022500
6 0.560000 0.721250 0.012500 0.020000
6 0.468750 0.696250 0.022500 0.010000
6 0.401250 0.705000 0.022500 0.007500
6 0.373750 0.706250 0.022500 0.010000
6 0.338750 0.710000 0.015000 0.015000
6 0.276250 0.716250 0.012500 0.022500
6 0.262500 0.718750 0.012500 0.020000
6 0.237500 0.720000 0.010000 0.020000
6 0.225000 0.722500 0.015000 0.022500
6 0.211250 0.723750 0.012500 0.022500
6 0.202500 0.722500 0.017500 0.017500
6 0.188750 0.722500 0.012500 0.017500
6 0.173750 0.727500 0.015000 0.020000
6 0.100000 0.737500 0.025000 0.010000
6 0.050000 0.755000 0.017500 0.012500
6 0.075000 0.772500 0.025000 0.010000
6 0.121250 0.765000 0.017500 0.022500
6 0.146250 0.765000 0.015000 0.017500
6 0.171250 0.765000 0.010000 0.020000
6 0.186250 0.760000 0.022500 0.020000
6 0.220000 0.756250 0.012500 0.020000
6 0.233750 0.755000 0.012500 0.017500
6 0.246250 0.752500 0.012500 0.017500
6 0.270000 0.750000 0.015000 0.017500
6 0.283750 0.748750 0.012500 0.017500
6 0.307500 0.745000 0.015000 0.017500
6 0.296250 0.747500 0.015000 0.022500
6 0.320000 0.745000 0.012500 0.020000
6 0.332500 0.745000 0.012500 0.017500
6 0.355000 0.741250 0.015000 0.017500
6 0.366250 0.738750 0.012500 0.017500
6 0.381250 0.738750 0.012500 0.020000
6 0.395000 0.737500 0.015000 0.017500
6 0.406250 0.737500 0.010000 0.017500
6 0.416250 0.733750 0.012500 0.017500
6 0.430000 0.731250 0.015000 0.020000
6 0.442500 0.730000 0.012500 0.020000
6 0.455000 0.731250 0.012500 0.020000
6 0.481250 0.728750 0.017500 0.017500
6 0.478750 0.750000 0.020000 0.017500
6 0.452500 0.750000 0.017500 0.015000
6 0.361250 0.760000 0.020000 0.017500
6 0.348750 0.763750 0.022500 0.017500
6 0.006250 0.926250 0.022500 0.020000
6 0.028750 0.937500 0.022500 0.020000
6 0.072500 0.960000 0.022500 0.015000
6 0.218750 0.981250 0.017500 0.015000
6 0.241250 0.955000 0.020000 0.017500
6 0.211250 0.990000 0.020000 0.015000
6 0.291250 0.983750 0.022500 0.020000
6 0.463750 0.777500 0.027500 0.010000
6 0.492500 0.776250 0.025000 0.010000
6 0.567500 0.773750 0.015000 0.022500
6 0.568750 0.791250 0.015000 0.020000
6 0.571250 0.817500 0.012500 0.022500
6 0.572500 0.845000 0.012500 0.017500
6 0.576250 0.891250 0.012500 0.020000
6 0.576250 0.910000 0.012500 0.020000
6 0.578750 0.948750 0.015000 0.022500
6 0.580000 0.970000 0.012500 0.015000
6 0.580000 0.996250 0.015000 0.017500
