6 0.331250 0.323750 0.022500 0.015000
6 0.165000 0.451250 0.012500 0.022500
6 0.087500 0.368750 0.017500 0.020000
6 0.056250 0.382500 0.017500 0.015000
6 0.065000 0.387500 0.017500 0.012500
6 0.103750 0.507500 0.037500 0.027500
6 0.113750 0.435000 0.027500 0.015000
6 0.203750 0.396250 0.022500 0.017500
6 0.527500 0.825000 0.022500 0.015000
6 0.510000 0.830000 0.017500 0.012500
6 0.725000 0.846250 0.020000 0.035000
6 0.778750 0.802500 0.020000 0.017500
6 0.751250 0.825000 0.022500 0.017500
6 0.787500 0.686250 0.017500 0.017500
6 0.283750 0.446250 0.017500 0.017500
6 0.268750 0.431250 0.015000 0.017500
6 0.356250 0.342500 0.022500 0.010000
6 0.121250 0.390000 0.017500 0.015000
6 0.110000 0.390000 0.030000 0.027500
6 0.605000 0.787500 0.035000 0.020000
