6 0.763750 0.483750 0.042500 0.025000
6 0.292500 0.743750 0.037500 0.025000
6 0.252500 0.756250 0.022500 0.045000
6 0.693750 0.022500 0.020000 0.012500
6 0.220000 0.073750 0.012500 0.022500
6 0.280000 0.311250 0.020000 0.012500
6 0.540000 0.626250 0.010000 0.017500
6 0.132500 0.460000 0.015000 0.022500
6 0.755000 0.516250 0.022500 0.012500
6 0.412500 0.361250 0.015000 0.020000
6 0.222500 0.705000 0.010000 0.017500
6 0.552500 0.623750 0.012500 0.017500
6 0.710000 0.535000 0.022500 0.012500
6 0.708750 0.537500 0.020000 0.020000
6 0.207500 0.651250 0.012500 0.020000
6 0.473750 0.818750 0.022500 0.010000
6 0.448750 0.811250 0.025000 0.012500
6 0.756250 0.513750 0.022500 0.017500
6 0.062500 0.916250 0.037500 0.020000
6 0.798750 0.245000 0.015000 0.017500
6 0.741250 0.526250 0.022500 0.012500
6 0.741250 0.526250 0.022500 0.012500
6 0.122500 0.416250 0.015000 0.020000
6 0.431250 0.432500 0.015000 0.020000
6 0.236250 0.832500 0.015000 0.015000
