6 0.575000 0.176250 0.022500 0.012500
6 0.576250 0.193750 0.022500 0.012500
6 0.576250 0.205000 0.022500 0.012500
6 0.576250 0.215000 0.022500 0.010000
6 0.575000 0.225000 0.022500 0.010000
6 0.573750 0.235000 0.022500 0.010000
6 0.575000 0.245000 0.022500 0.010000
6 0.725000 0.495000 0.012500 0.017500
6 0.776250 0.526250 0.020000 0.017500
6 0.417500 0.031250 0.022500 0.020000
6 0.566250 0.336250 0.020000 0.010000
6 0.388750 0.037500 0.037500 0.017500
6 0.571250 0.293750 0.020000 0.007500
6 0.048750 0.995000 0.015000 0.017500
6 0.571250 0.303750 0.022500 0.010000
6 0.567500 0.325000 0.020000 0.007500
