6 0.970000 0.073750 0.012500 0.022500
6 0.250000 0.837500 0.015000 0.020000
6 0.512500 0.985000 0.022500 0.012500
6 0.882500 0.460000 0.015000 0.022500
6 0.227500 0.840000 0.015000 0.022500
6 0.116250 0.057500 0.015000 0.015000
6 0.972500 0.705000 0.010000 0.017500
6 0.627500 0.610000 0.020000 0.010000
6 0.238750 0.826250 0.012500 0.017500
6 0.237500 0.827500 0.015000 0.022500
6 0.253750 0.837500 0.010000 0.025000
6 0.957500 0.651250 0.012500 0.020000
6 0.081250 0.022500 0.015000 0.017500
6 0.316250 0.235000 0.020000 0.020000
6 0.541250 0.613750 0.017500 0.012500
6 0.812500 0.916250 0.037500 0.020000
6 0.228750 0.843750 0.015000 0.022500
6 0.872500 0.416250 0.015000 0.020000
6 0.095000 0.043750 0.017500 0.020000
6 0.232500 0.185000 0.020000 0.015000
6 0.291250 0.228750 0.020000 0.017500
6 0.610000 0.452500 0.017500 0.015000
6 0.986250 0.832500 0.015000 0.015000
6 0.210000 0.912500 0.020000 0.010000
