6 0.866250 0.707500 0.035000 0.020000
6 0.772500 0.515000 0.020000 0.012500
6 0.797500 0.677500 0.020000 0.012500
6 0.877500 0.723750 0.040000 0.022500
6 0.808750 0.682500 0.020000 0.020000
6 0.818750 0.752500 0.025000 0.010000
6 0.417500 0.320000 0.022500 0.025000
6 0.015000 0.913750 0.022500 0.012500
6 0.983750 0.391250 0.022500 0.012500
6 0.816250 0.740000 0.022500 0.015000
6 0.815000 0.725000 0.025000 0.015000
6 0.606250 0.596250 0.022500 0.015000
6 0.217500 0.783750 0.017500 0.017500
6 0.778750 0.653750 0.020000 0.017500
6 0.910000 0.747500 0.030000 0.017500
6 0.278750 0.756250 0.020000 0.015000
6 0.525000 0.618750 0.020000 0.015000
6 0.742500 0.753750 0.035000 0.025000
6 0.450000 0.655000 0.022500 0.015000
6 0.272500 0.047500 0.022500 0.025000
6 0.247500 0.003750 0.022500 0.017500
