6 0.443750 0.475000 0.012500 0.020000
6 0.425000 0.496250 0.015000 0.015000
6 0.435000 0.470000 0.015000 0.022500
6 0.427500 0.528750 0.020000 0.012500
6 0.427500 0.517500 0.022500 0.012500
6 0.520000 0.482500 0.017500 0.022500
6 0.772500 0.356250 0.012500 0.025000
6 0.412500 0.438750 0.022500 0.022500
6 0.463750 0.442500 0.020000 0.020000
6 0.490000 0.443750 0.017500 0.022500
6 0.472500 0.426250 0.015000 0.020000
6 0.761250 0.036250 0.020000 0.022500
6 0.266250 0.268750 0.020000 0.010000
6 0.450000 0.445000 0.015000 0.025000
6 0.511250 0.462500 0.012500 0.020000
6 0.461250 0.430000 0.017500 0.020000
6 0.483750 0.421250 0.012500 0.022500
6 0.411250 0.482500 0.012500 0.022500
6 0.747500 0.092500 0.017500 0.022500
6 0.940000 0.371250 0.015000 0.015000
6 0.501250 0.438750 0.015000 0.020000
6 0.431250 0.487500 0.025000 0.017500
