6 0.833750 0.197500 0.012500 0.017500
6 0.925000 0.105000 0.017500 0.012500
6 0.902500 0.112500 0.020000 0.010000
6 0.707500 0.030000 0.017500 0.015000
6 0.503750 0.333750 0.010000 0.015000
6 0.417500 0.478750 0.017500 0.015000
6 0.026250 0.585000 0.015000 0.012500
6 0.013750 0.598750 0.017500 0.010000
6 0.011250 0.613750 0.012500 0.012500
6 0.606250 0.665000 0.010000 0.007500
6 0.643750 0.726250 0.010000 0.012500
6 0.495000 0.655000 0.012500 0.010000
6 0.142500 0.725000 0.015000 0.012500
6 0.083750 0.702500 0.012500 0.010000
6 0.505000 0.741250 0.015000 0.010000
6 0.137500 0.858750 0.010000 0.015000
6 0.111250 0.721250 0.012500 0.010000
6 0.375000 0.142500 0.022500 0.017500
6 0.606250 0.186250 0.012500 0.020000
6 0.743750 0.055000 0.017500 0.015000
