6 0.811250 0.048750 0.007500 0.010000
6 0.810000 0.093750 0.010000 0.012500
6 0.977500 0.085000 0.012500 0.017500
6 0.910000 0.176250 0.012500 0.015000
6 0.878750 0.303750 0.007500 0.012500
6 0.291250 0.298750 0.012500 0.005000
6 0.668750 0.386250 0.005000 0.010000
6 0.655000 0.411250 0.005000 0.010000
6 0.847500 0.356250 0.002500 0.010000
6 0.298750 0.405000 0.015000 0.007500
6 0.283750 0.513750 0.010000 0.005000
6 0.498750 0.508750 0.007500 0.015000
6 0.626250 0.476250 0.007500 0.010000
6 0.618750 0.441250 0.007500 0.007500
6 0.612500 0.460000 0.007500 0.015000
6 0.817500 0.428750 0.010000 0.012500
6 0.781250 0.537500 0.012500 0.010000
6 0.798750 0.545000 0.012500 0.012500
6 0.867500 0.551250 0.027500 0.017500
6 0.283750 0.557500 0.005000 0.007500
6 0.293750 0.560000 0.007500 0.010000
6 0.243750 0.613750 0.010000 0.005000
6 0.601250 0.530000 0.005000 0.007500
6 0.693750 0.655000 0.007500 0.015000
6 0.026250 0.890000 0.015000 0.010000
6 0.308750 0.986250 0.007500 0.005000
6 0.030000 0.995000 0.010000 0.010000
6 0.226250 0.580000 0.012500 0.012500
6 0.225000 0.622500 0.012500 0.017500
6 0.233750 0.628750 0.010000 0.012500
6 0.250000 0.588750 0.012500 0.007500
6 0.162500 0.710000 0.022500 0.020000
6 0.257500 0.327500 0.010000 0.010000
6 0.528750 0.045000 0.022500 0.015000
6 0.508750 0.992500 0.017500 0.010000
6 0.493750 0.888750 0.010000 0.027500
6 0.623750 0.945000 0.015000 0.017500
6 0.718750 0.733750 0.015000 0.010000
6 0.217500 0.601250 0.007500 0.015000
6 0.235000 0.590000 0.005000 0.010000
