6 0.198750 0.091250 0.012500 0.020000
6 0.530000 0.807500 0.020000 0.010000
6 0.410000 0.912500 0.017500 0.012500
6 0.437500 0.886250 0.017500 0.010000
6 0.442500 0.896250 0.020000 0.010000
6 0.778750 0.686250 0.007500 0.012500
6 0.790000 0.722500 0.012500 0.015000
6 0.608750 0.818750 0.017500 0.012500
6 0.038750 0.430000 0.017500 0.010000
6 0.587500 0.787500 0.012500 0.022500
6 0.982500 0.708750 0.020000 0.012500
6 0.483750 0.997500 0.015000 0.012500
6 0.432500 0.661250 0.017500 0.012500
6 0.815000 0.711250 0.010000 0.017500
6 0.628750 0.808750 0.022500 0.015000
6 0.636250 0.977500 0.017500 0.012500
6 0.485000 0.698750 0.015000 0.015000
6 0.808750 0.675000 0.010000 0.017500
6 0.860000 0.646250 0.010000 0.017500
6 0.806250 0.716250 0.007500 0.017500
6 0.360000 0.911250 0.010000 0.020000
6 0.821250 0.667500 0.007500 0.015000
6 0.841250 0.656250 0.010000 0.015000
6 0.325000 0.985000 0.010000 0.020000
6 0.831250 0.660000 0.010000 0.015000
6 0.530000 0.921250 0.027500 0.015000
6 0.348750 0.903750 0.010000 0.015000
6 0.291250 0.825000 0.010000 0.017500
6 0.852500 0.758750 0.020000 0.012500
6 0.937500 0.643750 0.017500 0.010000
6 0.442500 0.858750 0.010000 0.020000
6 0.755000 0.700000 0.010000 0.017500
6 0.736250 0.526250 0.017500 0.020000
6 0.318750 0.863750 0.012500 0.017500
6 0.743750 0.747500 0.010000 0.017500
6 0.332500 0.981250 0.012500 0.015000
6 0.511250 0.853750 0.017500 0.012500
6 0.571250 0.908750 0.020000 0.012500
6 0.651250 0.776250 0.015000 0.010000
6 0.648750 0.798750 0.020000 0.015000
6 0.766250 0.733750 0.007500 0.017500
6 0.045000 0.457500 0.015000 0.017500
6 0.482500 0.881250 0.017500 0.015000
6 0.851250 0.653750 0.010000 0.017500
6 0.426250 0.980000 0.017500 0.012500
6 0.491250 0.720000 0.015000 0.015000
6 0.828750 0.706250 0.010000 0.020000
6 0.440000 0.688750 0.017500 0.012500
6 0.783750 0.683750 0.007500 0.017500
6 0.363750 0.993750 0.017500 0.010000
6 0.598750 0.777500 0.012500 0.020000
6 0.773750 0.796250 0.017500 0.012500
6 0.442500 0.486250 0.017500 0.022500
6 0.352500 0.550000 0.012500 0.015000
6 0.797500 0.718750 0.012500 0.017500
6 0.511250 0.865000 0.017500 0.010000
6 0.583750 0.887500 0.030000 0.015000
6 0.728750 0.833750 0.022500 0.015000
6 0.007500 0.423750 0.007500 0.015000
6 0.480000 0.952500 0.017500 0.012500
6 0.738750 0.752500 0.010000 0.017500
6 0.800000 0.677500 0.010000 0.015000
6 0.816250 0.671250 0.010000 0.015000
6 0.752500 0.741250 0.010000 0.017500
6 0.508750 0.842500 0.020000 0.012500
6 0.793750 0.681250 0.010000 0.012500
6 0.258750 0.820000 0.012500 0.020000
6 0.848750 0.772500 0.025000 0.017500
6 0.631250 0.773750 0.015000 0.015000
6 0.278750 0.806250 0.015000 0.017500
6 0.367500 0.542500 0.012500 0.015000
6 0.851250 0.693750 0.007500 0.012500
6 0.896250 0.637500 0.020000 0.035000
6 0.938750 0.592500 0.042500 0.017500
6 0.915000 0.678750 0.015000 0.032500
6 0.862500 0.685000 0.010000 0.012500
6 0.842500 0.697500 0.007500 0.012500
6 0.572500 0.558750 0.015000 0.012500
6 0.528750 0.583750 0.020000 0.012500
6 0.571250 0.671250 0.035000 0.027500
6 0.593750 0.712500 0.027500 0.022500
6 0.553750 0.661250 0.047500 0.035000
6 0.732500 0.548750 0.015000 0.010000
6 0.757500 0.565000 0.012500 0.007500
6 0.475000 0.787500 0.020000 0.025000
6 0.497500 0.785000 0.020000 0.017500
6 0.580000 0.570000 0.040000 0.032500
6 0.535000 0.728750 0.022500 0.027500
6 0.480000 0.660000 0.027500 0.032500
6 0.446250 0.632500 0.017500 0.027500
6 0.435000 0.567500 0.017500 0.030000
6 0.397500 0.557500 0.027500 0.020000
