6 0.420000 0.506250 0.012500 0.012500
6 0.612500 0.267500 0.012500 0.010000
6 0.601250 0.277500 0.012500 0.012500
6 0.596250 0.285000 0.012500 0.012500
6 0.551250 0.305000 0.015000 0.007500
6 0.546250 0.295000 0.015000 0.007500
6 0.547500 0.286250 0.017500 0.007500
6 0.558750 0.270000 0.012500 0.012500
6 0.563750 0.262500 0.015000 0.015000
6 0.445000 0.300000 0.010000 0.012500
6 0.458750 0.308750 0.010000 0.015000
6 0.975000 0.595000 0.035000 0.045000
6 0.065000 0.793750 0.012500 0.012500
6 0.843750 0.848750 0.047500 0.027500
6 0.792500 0.756250 0.037500 0.042500
6 0.790000 0.738750 0.032500 0.035000
6 0.762500 0.770000 0.025000 0.030000
6 0.807500 0.761250 0.030000 0.030000
