6 0.083750 0.003750 0.012500 0.012500
6 0.128750 0.080000 0.012500 0.012500
6 0.138750 0.067500 0.015000 0.012500
6 0.148750 0.063750 0.012500 0.015000
6 0.178750 0.043750 0.012500 0.012500
6 0.155000 0.092500 0.012500 0.012500
6 0.161250 0.088750 0.012500 0.015000
6 0.150000 0.098750 0.035000 0.027500
6 0.190000 0.097500 0.017500 0.017500
6 0.187500 0.108750 0.012500 0.012500
6 0.183750 0.125000 0.040000 0.035000
6 0.683750 0.265000 0.015000 0.007500
6 0.682500 0.252500 0.017500 0.007500
6 0.670000 0.236250 0.007500 0.020000
6 0.683750 0.230000 0.007500 0.015000
6 0.660000 0.246250 0.005000 0.012500
6 0.685000 0.258750 0.022500 0.005000
6 0.752500 0.241250 0.010000 0.012500
6 0.812500 0.348750 0.015000 0.007500
6 0.815000 0.342500 0.012500 0.007500
6 0.266250 0.786250 0.007500 0.015000
6 0.407500 0.810000 0.015000 0.007500
6 0.213750 0.756250 0.007500 0.015000
6 0.220000 0.756250 0.010000 0.015000
6 0.227500 0.757500 0.007500 0.015000
6 0.267500 0.968750 0.010000 0.012500
6 0.428750 0.233750 0.012500 0.010000
6 0.446250 0.227500 0.025000 0.020000
6 0.450000 0.212500 0.022500 0.017500
6 0.378750 0.233750 0.015000 0.012500
6 0.605000 0.343750 0.012500 0.012500
6 0.618750 0.325000 0.017500 0.012500
6 0.581250 0.102500 0.010000 0.017500
6 0.122500 0.235000 0.017500 0.010000
6 0.256250 0.823750 0.007500 0.012500
6 0.652500 0.353750 0.015000 0.012500
6 0.426250 0.245000 0.015000 0.010000
6 0.815000 0.335000 0.012500 0.007500
6 0.877500 0.717500 0.015000 0.005000
6 0.817500 0.326250 0.010000 0.005000
6 0.506250 0.287500 0.017500 0.012500
6 0.471250 0.273750 0.015000 0.012500
6 0.676250 0.368750 0.015000 0.010000
6 0.838750 0.326250 0.020000 0.015000
6 0.526250 0.268750 0.017500 0.010000
6 0.582500 0.300000 0.010000 0.010000
6 0.776250 0.315000 0.017500 0.012500
6 0.443750 0.258750 0.020000 0.010000
6 0.960000 0.507500 0.012500 0.010000
6 0.585000 0.310000 0.010000 0.010000
6 0.762500 0.245000 0.007500 0.015000
6 0.861250 0.463750 0.020000 0.012500
6 0.836250 0.446250 0.020000 0.012500
6 0.272500 0.830000 0.007500 0.015000
6 0.631250 0.355000 0.017500 0.015000
6 0.212500 0.130000 0.015000 0.012500
6 0.297500 0.161250 0.010000 0.012500
6 0.455000 0.280000 0.020000 0.017500
6 0.906250 0.487500 0.020000 0.015000
6 0.798750 0.335000 0.015000 0.015000
6 0.268750 0.146250 0.015000 0.017500
6 0.325000 0.195000 0.015000 0.010000
6 0.560000 0.292500 0.027500 0.020000
6 0.547500 0.311250 0.020000 0.015000
6 0.968750 0.793750 0.020000 0.022500
6 0.796250 0.318750 0.017500 0.012500
6 0.872500 0.461250 0.015000 0.015000
6 0.802500 0.432500 0.027500 0.020000
6 0.811250 0.426250 0.012500 0.010000
6 0.250000 0.126250 0.015000 0.012500
6 0.265000 0.172500 0.012500 0.007500
6 0.220000 0.101250 0.020000 0.020000
6 0.380000 0.207500 0.015000 0.010000
6 0.380000 0.222500 0.032500 0.020000
6 0.530000 0.311250 0.017500 0.012500
6 0.216250 0.143750 0.045000 0.025000
6 0.938750 0.488750 0.015000 0.010000
6 0.232500 0.135000 0.015000 0.015000
6 0.275000 0.851250 0.010000 0.012500
6 0.026250 0.031250 0.017500 0.007500
6 0.315000 0.203750 0.017500 0.015000
6 0.476250 0.260000 0.012500 0.007500
6 0.290000 0.188750 0.022500 0.015000
6 0.942500 0.503750 0.015000 0.015000
6 0.842500 0.431250 0.015000 0.010000
6 0.407500 0.208750 0.017500 0.007500
6 0.751250 0.406250 0.017500 0.012500
6 0.403750 0.216250 0.017500 0.007500
6 0.690000 0.358750 0.020000 0.015000
6 0.770000 0.406250 0.017500 0.012500
6 0.340000 0.212500 0.017500 0.020000
6 0.718750 0.381250 0.022500 0.012500
6 0.238750 0.982500 0.015000 0.015000
