6 0.057500 0.928750 0.007500 0.015000
6 0.058750 0.857500 0.005000 0.015000
6 0.058750 0.845000 0.007500 0.012500
6 0.467500 0.607500 0.012500 0.017500
6 0.451250 0.602500 0.012500 0.017500
6 0.485000 0.438750 0.015000 0.007500
6 0.500000 0.437500 0.015000 0.007500
6 0.671250 0.046250 0.012500 0.007500
6 0.926250 0.045000 0.012500 0.005000
6 0.722500 0.585000 0.012500 0.007500
6 0.758750 0.597500 0.017500 0.010000
6 0.543750 0.416250 0.010000 0.007500
6 0.322500 0.913750 0.007500 0.012500
6 0.245000 0.521250 0.025000 0.010000
6 0.913750 0.340000 0.007500 0.022500
6 0.902500 0.386250 0.010000 0.017500
6 0.327500 0.897500 0.017500 0.025000
6 0.768750 0.540000 0.015000 0.012500
6 0.146250 0.523750 0.017500 0.010000
6 0.781250 0.536250 0.017500 0.015000
6 0.701250 0.595000 0.012500 0.020000
6 0.180000 0.535000 0.025000 0.010000
6 0.780000 0.607500 0.015000 0.012500
6 0.266250 0.535000 0.017500 0.007500
6 0.765000 0.591250 0.017500 0.010000
6 0.935000 0.420000 0.017500 0.022500
6 0.241250 0.535000 0.015000 0.012500
6 0.328750 0.878750 0.017500 0.017500
6 0.942500 0.377500 0.015000 0.017500
