6 0.047500 0.540000 0.022500 0.022500
6 0.070000 0.573750 0.022500 0.022500
6 0.115000 0.592500 0.027500 0.017500
6 0.840000 0.581250 0.012500 0.015000
6 0.963750 0.006250 0.007500 0.015000
6 0.970000 0.006250 0.010000 0.015000
6 0.977500 0.007500 0.007500 0.015000
6 0.411250 0.248750 0.007500 0.015000
6 0.797500 0.478750 0.010000 0.005000
6 0.426250 0.328750 0.010000 0.025000
6 0.176250 0.955000 0.012500 0.005000
6 0.346250 0.936250 0.017500 0.007500
6 0.427500 0.933750 0.015000 0.010000
6 0.578750 0.936250 0.012500 0.007500
6 0.623750 0.937500 0.015000 0.007500
6 0.713750 0.917500 0.017500 0.007500
6 0.561250 0.935000 0.015000 0.007500
6 0.572500 0.703750 0.007500 0.020000
6 0.581250 0.705000 0.007500 0.010000
6 0.235000 0.533750 0.007500 0.015000
6 0.245000 0.540000 0.015000 0.005000
6 0.258750 0.966250 0.017500 0.007500
6 0.685000 0.680000 0.005000 0.007500
6 0.692500 0.680000 0.005000 0.007500
6 0.853750 0.602500 0.020000 0.015000
6 0.440000 0.717500 0.022500 0.017500
6 0.368750 0.718750 0.020000 0.015000
6 0.825000 0.571250 0.020000 0.020000
6 0.846250 0.446250 0.017500 0.020000
6 0.146250 0.800000 0.017500 0.007500
6 0.346250 0.721250 0.015000 0.010000
6 0.385000 0.738750 0.017500 0.007500
6 0.415000 0.736250 0.007500 0.015000
6 0.151250 0.783750 0.020000 0.007500
6 0.713750 0.103750 0.020000 0.012500
6 0.988750 0.232500 0.015000 0.015000
