6 0.300000 0.956250 0.010000 0.015000
6 0.327500 0.957500 0.007500 0.015000
6 0.302500 0.977500 0.007500 0.015000
6 0.715000 0.380000 0.010000 0.007500
6 0.475000 0.368750 0.005000 0.007500
6 0.467500 0.367500 0.005000 0.005000
6 0.572500 0.657500 0.012500 0.010000
6 0.355000 0.002500 0.012500 0.007500
6 0.280000 0.410000 0.005000 0.015000
6 0.258750 0.105000 0.012500 0.012500
6 0.261250 0.216250 0.007500 0.012500
6 0.553750 0.085000 0.007500 0.012500
6 0.576250 0.076250 0.007500 0.015000
6 0.033750 0.486250 0.015000 0.005000
6 0.088750 0.477500 0.017500 0.007500
6 0.063750 0.485000 0.017500 0.007500
6 0.001250 0.300000 0.015000 0.007500
6 0.566250 0.081250 0.012500 0.015000
6 0.676250 0.686250 0.030000 0.032500
6 0.307500 0.326250 0.010000 0.012500
6 0.158750 0.313750 0.015000 0.007500
6 0.613750 0.933750 0.012500 0.012500
6 0.145000 0.658750 0.022500 0.012500
6 0.946250 0.446250 0.025000 0.020000
6 0.107500 0.303750 0.020000 0.010000
6 0.305000 0.643750 0.007500 0.012500
6 0.307500 0.645000 0.007500 0.017500
6 0.642500 0.693750 0.010000 0.022500
6 0.921250 0.665000 0.015000 0.007500
6 0.272500 0.085000 0.020000 0.017500
6 0.686250 0.372500 0.015000 0.012500
6 0.730000 0.385000 0.015000 0.007500
6 0.645000 0.361250 0.012500 0.015000
6 0.215000 0.653750 0.010000 0.017500
6 0.783750 0.658750 0.020000 0.012500
6 0.922500 0.047500 0.015000 0.007500
6 0.855000 0.592500 0.010000 0.010000
6 0.603750 0.883750 0.007500 0.010000
6 0.627500 0.841250 0.027500 0.025000
6 0.300000 0.642500 0.005000 0.017500
6 0.288750 0.635000 0.015000 0.020000
6 0.835000 0.601250 0.017500 0.015000
6 0.927500 0.053750 0.020000 0.005000
6 0.536250 0.658750 0.015000 0.007500
6 0.257500 0.025000 0.015000 0.025000
6 0.601250 0.901250 0.015000 0.012500
6 0.905000 0.663750 0.015000 0.010000
6 0.302500 0.781250 0.012500 0.015000
