6 0.658750 0.005000 0.020000 0.012500
6 0.637500 0.006250 0.017500 0.012500
6 0.153750 0.035000 0.012500 0.007500
6 0.021250 0.453750 0.022500 0.007500
6 0.628750 0.501250 0.012500 0.007500
6 0.323750 0.662500 0.012500 0.015000
6 0.653750 0.612500 0.012500 0.007500
6 0.033750 0.548750 0.007500 0.017500
6 0.407500 0.541250 0.015000 0.007500
6 0.480000 0.556250 0.015000 0.007500
6 0.855000 0.461250 0.020000 0.007500
6 0.992500 0.557500 0.010000 0.015000
6 0.497500 0.603750 0.017500 0.010000
6 0.698750 0.497500 0.010000 0.007500
6 0.516250 0.550000 0.012500 0.010000
6 0.411250 0.488750 0.010000 0.007500
6 0.956250 0.501250 0.010000 0.015000
6 0.802500 0.975000 0.010000 0.010000
6 0.432500 0.490000 0.007500 0.007500
6 0.802500 0.987500 0.005000 0.010000
6 0.463750 0.556250 0.012500 0.010000
6 0.445000 0.491250 0.012500 0.007500
6 0.721250 0.655000 0.012500 0.007500
6 0.581250 0.497500 0.010000 0.012500
6 0.828750 0.453750 0.020000 0.007500
6 0.400000 0.488750 0.010000 0.010000
6 0.382500 0.507500 0.017500 0.005000
6 0.686250 0.463750 0.020000 0.007500
6 0.787500 0.666250 0.052500 0.025000
6 0.935000 0.713750 0.010000 0.007500
6 0.297500 0.782500 0.012500 0.017500
6 0.642500 0.500000 0.015000 0.010000
6 0.710000 0.632500 0.050000 0.022500
6 0.613750 0.503750 0.012500 0.005000
6 0.941250 0.488750 0.012500 0.010000
6 0.757500 0.456250 0.022500 0.007500
6 0.436250 0.472500 0.012500 0.007500
6 0.612500 0.517500 0.015000 0.010000
6 0.755000 0.640000 0.012500 0.010000
6 0.728750 0.496250 0.012500 0.007500
6 0.422500 0.490000 0.012500 0.007500
6 0.701250 0.127500 0.082500 0.030000
6 0.891250 0.561250 0.007500 0.015000
6 0.561250 0.035000 0.015000 0.010000
6 0.492500 0.030000 0.015000 0.010000
6 0.022500 0.283750 0.082500 0.020000
6 0.102500 0.281250 0.080000 0.020000
6 0.185000 0.276250 0.085000 0.022500
6 0.261250 0.272500 0.085000 0.020000
6 0.342500 0.270000 0.082500 0.022500
6 0.716250 0.496250 0.012500 0.007500
6 0.686250 0.498750 0.012500 0.005000
6 0.843750 0.725000 0.010000 0.007500
6 0.647500 0.643750 0.010000 0.007500
6 0.588750 0.625000 0.010000 0.005000
6 0.455000 0.491250 0.007500 0.005000
6 0.380000 0.478750 0.010000 0.005000
6 0.806250 0.238750 0.085000 0.027500
6 0.727500 0.247500 0.080000 0.025000
6 0.648750 0.252500 0.080000 0.022500
6 0.573750 0.258750 0.082500 0.020000
6 0.496250 0.261250 0.080000 0.020000
6 0.420000 0.266250 0.080000 0.020000
6 0.387500 0.116250 0.080000 0.017500
6 0.388750 0.131250 0.077500 0.015000
6 0.466250 0.112500 0.080000 0.017500
6 0.467500 0.128750 0.080000 0.015000
6 0.543750 0.112500 0.080000 0.015000
6 0.545000 0.130000 0.082500 0.020000
6 0.622500 0.116250 0.080000 0.020000
6 0.623750 0.136250 0.082500 0.022500
6 0.486250 0.186250 0.082500 0.015000
6 0.563750 0.183750 0.077500 0.017500
6 0.642500 0.181250 0.080000 0.020000
6 0.721250 0.177500 0.077500 0.020000
6 0.801250 0.173750 0.082500 0.022500
6 0.877500 0.167500 0.080000 0.020000
6 0.396250 0.312500 0.082500 0.020000
6 0.475000 0.308750 0.080000 0.017500
6 0.552500 0.307500 0.080000 0.015000
6 0.631250 0.305000 0.080000 0.017500
6 0.705000 0.297500 0.077500 0.020000
6 0.782500 0.290000 0.077500 0.020000
6 0.860000 0.283750 0.077500 0.025000
6 0.937500 0.271250 0.075000 0.022500
6 0.955000 0.162500 0.077500 0.020000
6 0.072500 0.131250 0.082500 0.017500
6 0.073750 0.147500 0.080000 0.017500
6 0.152500 0.127500 0.082500 0.017500
6 0.153750 0.143750 0.080000 0.015000
6 0.231250 0.122500 0.080000 0.017500
6 0.233750 0.140000 0.080000 0.017500
6 0.301250 0.120000 0.057500 0.012500
6 0.301250 0.135000 0.057500 0.010000
6 0.486250 0.053750 0.020000 0.010000
6 0.111250 0.053750 0.015000 0.007500
6 0.368750 0.577500 0.017500 0.010000
6 0.358750 0.591250 0.015000 0.012500
6 0.440000 0.597500 0.017500 0.007500
6 0.563750 0.598750 0.017500 0.010000
6 0.606250 0.605000 0.015000 0.010000
6 0.966250 0.525000 0.015000 0.017500
6 0.875000 0.563750 0.007500 0.015000
6 0.858750 0.611250 0.010000 0.015000
6 0.823750 0.620000 0.010000 0.017500
6 0.291250 0.035000 0.025000 0.015000
6 0.857500 0.552500 0.015000 0.005000
6 0.191250 0.037500 0.017500 0.010000
6 0.673750 0.518750 0.015000 0.010000
6 0.892500 0.532500 0.010000 0.017500
6 0.085000 0.772500 0.025000 0.012500
6 0.277500 0.763750 0.025000 0.055000
6 0.533750 0.577500 0.020000 0.012500
6 0.026250 0.048750 0.017500 0.010000
6 0.832500 0.625000 0.007500 0.012500
6 0.218750 0.830000 0.015000 0.015000
6 0.860000 0.716250 0.012500 0.012500
6 0.447500 0.017500 0.020000 0.010000
6 0.342500 0.651250 0.020000 0.012500
6 0.395000 0.571250 0.025000 0.015000
6 0.995000 0.737500 0.027500 0.012500
6 0.547500 0.070000 0.025000 0.010000
6 0.260000 0.796250 0.012500 0.020000
6 0.455000 0.580000 0.022500 0.012500
6 0.860000 0.625000 0.007500 0.012500
6 0.343750 0.635000 0.015000 0.015000
6 0.873750 0.625000 0.007500 0.015000
6 0.935000 0.555000 0.017500 0.020000
6 0.375000 0.786250 0.012500 0.015000
6 0.818750 0.536250 0.007500 0.020000
6 0.236250 0.793750 0.012500 0.017500
6 0.850000 0.615000 0.005000 0.017500
6 0.821250 0.586250 0.007500 0.012500
6 0.995000 0.696250 0.020000 0.012500
6 0.903750 0.531250 0.012500 0.020000
6 0.085000 0.786250 0.020000 0.012500
6 0.962500 0.623750 0.005000 0.020000
6 0.235000 0.045000 0.025000 0.015000
6 0.867500 0.610000 0.007500 0.015000
6 0.841250 0.615000 0.007500 0.017500
6 0.842500 0.536250 0.015000 0.020000
6 0.882500 0.566250 0.007500 0.015000
6 0.290000 0.058750 0.017500 0.012500
6 0.138750 0.052500 0.020000 0.010000
6 0.213750 0.045000 0.017500 0.015000
6 0.877500 0.552500 0.012500 0.007500
6 0.900000 0.693750 0.012500 0.007500
6 0.917500 0.541250 0.015000 0.012500
6 0.996250 0.653750 0.007500 0.020000
6 0.588750 0.597500 0.017500 0.015000
6 0.238750 0.062500 0.025000 0.010000
6 0.160000 0.933750 0.042500 0.035000
6 0.833750 0.536250 0.010000 0.020000
6 0.248750 0.797500 0.015000 0.042500
6 0.270000 0.022500 0.015000 0.007500
6 0.898750 0.575000 0.010000 0.017500
6 0.865000 0.597500 0.017500 0.007500
6 0.967500 0.590000 0.010000 0.015000
6 0.706250 0.506250 0.020000 0.010000
6 0.247500 0.833750 0.030000 0.037500
6 0.188750 0.931250 0.017500 0.012500
6 0.686250 0.016250 0.017500 0.012500
6 0.265000 0.043750 0.020000 0.015000
6 0.251250 0.026250 0.030000 0.012500
6 0.367500 0.620000 0.027500 0.010000
6 0.492500 0.582500 0.020000 0.017500
6 0.638750 0.048750 0.022500 0.015000
6 0.291250 0.025000 0.022500 0.007500
6 0.895000 0.463750 0.020000 0.007500
6 0.866250 0.625000 0.005000 0.012500
6 0.217500 0.802500 0.012500 0.017500
6 0.742500 0.031250 0.052500 0.025000
6 0.808750 0.696250 0.020000 0.015000
6 0.993750 0.617500 0.015000 0.007500
6 0.817500 0.603750 0.010000 0.015000
6 0.828750 0.587500 0.005000 0.015000
6 0.955000 0.578750 0.015000 0.012500
6 0.175000 0.711250 0.025000 0.017500
6 0.166250 0.050000 0.025000 0.012500
6 0.875000 0.532500 0.017500 0.015000
6 0.190000 0.046250 0.022500 0.012500
6 0.826250 0.536250 0.005000 0.015000
6 0.858750 0.533750 0.010000 0.022500
6 0.101250 0.086250 0.017500 0.010000
6 0.867500 0.532500 0.010000 0.017500
6 0.880000 0.577500 0.010000 0.012500
6 0.381250 0.035000 0.020000 0.012500
6 0.375000 0.553750 0.020000 0.015000
6 0.851250 0.532500 0.010000 0.015000
6 0.877500 0.608750 0.007500 0.017500
6 0.990000 0.652500 0.010000 0.017500
6 0.940000 0.563750 0.022500 0.010000
6 0.953750 0.620000 0.007500 0.015000
