6 0.093750 0.950000 0.005000 0.012500
6 0.318750 0.795000 0.007500 0.015000
6 0.327500 0.860000 0.010000 0.012500
6 0.350000 0.832500 0.010000 0.017500
6 0.128750 0.358750 0.012500 0.012500
6 0.160000 0.407500 0.015000 0.015000
6 0.366250 0.328750 0.012500 0.017500
6 0.837500 0.266250 0.017500 0.032500
6 0.797500 0.286250 0.040000 0.015000
6 0.797500 0.263750 0.037500 0.015000
6 0.802500 0.273750 0.032500 0.012500
6 0.883750 0.490000 0.015000 0.010000
6 0.085000 0.950000 0.010000 0.015000
6 0.092500 0.283750 0.010000 0.015000
6 0.813750 0.505000 0.017500 0.007500
6 0.831250 0.502500 0.017500 0.010000
6 0.522500 0.535000 0.010000 0.017500
6 0.220000 0.628750 0.010000 0.015000
6 0.300000 0.743750 0.012500 0.020000
6 0.112500 0.322500 0.012500 0.020000
6 0.290000 0.720000 0.017500 0.017500
6 0.561250 0.530000 0.015000 0.020000
6 0.200000 0.505000 0.007500 0.020000
