6 0.105000 0.916250 0.007500 0.015000
6 0.587500 0.078750 0.015000 0.015000
6 0.335000 0.130000 0.015000 0.007500
6 0.363750 0.083750 0.015000 0.012500
6 0.345000 0.091250 0.015000 0.012500
6 0.607500 0.081250 0.010000 0.012500
6 0.878750 0.518750 0.012500 0.012500
6 0.910000 0.567500 0.015000 0.015000
6 0.652500 0.508750 0.017500 0.010000
6 0.842500 0.443750 0.010000 0.015000
6 0.580000 0.032500 0.020000 0.020000
6 0.681250 0.180000 0.015000 0.015000
6 0.080000 0.930000 0.015000 0.012500
6 0.106250 0.893750 0.010000 0.017500
6 0.090000 0.236250 0.017500 0.015000
6 0.227500 0.200000 0.017500 0.010000
6 0.187500 0.186250 0.012500 0.012500
6 0.333750 0.121250 0.017500 0.012500
6 0.127500 0.905000 0.012500 0.012500
6 0.635000 0.103750 0.025000 0.047500
6 0.155000 0.210000 0.015000 0.015000
6 0.612500 0.066250 0.017500 0.017500
6 0.970000 0.788750 0.010000 0.015000
6 0.862500 0.482500 0.012500 0.020000
6 0.633750 0.797500 0.025000 0.012500
6 0.298750 0.373750 0.017500 0.010000
6 0.171250 0.197500 0.015000 0.010000
6 0.011250 0.291250 0.017500 0.010000
6 0.647500 0.066250 0.015000 0.017500
6 0.340000 0.372500 0.022500 0.010000
6 0.592500 0.066250 0.015000 0.015000
6 0.950000 0.665000 0.007500 0.020000
6 0.603750 0.043750 0.015000 0.020000
6 0.000000 0.280000 0.025000 0.012500
6 0.123750 0.957500 0.010000 0.012500
6 0.147500 0.397500 0.020000 0.020000
6 0.370000 0.212500 0.017500 0.012500
6 0.463750 0.015000 0.015000 0.020000
