6 0.640000 0.255000 0.017500 0.007500
6 0.196250 0.438750 0.015000 0.012500
6 0.225000 0.468750 0.012500 0.012500
6 0.587500 0.828750 0.015000 0.015000
6 0.007500 0.503750 0.017500 0.012500
6 0.335000 0.880000 0.015000 0.007500
6 0.363750 0.833750 0.015000 0.012500
6 0.345000 0.841250 0.015000 0.012500
6 0.607500 0.831250 0.010000 0.012500
6 0.481250 0.575000 0.015000 0.010000
6 0.342500 0.545000 0.037500 0.025000
6 0.166250 0.453750 0.020000 0.012500
6 0.186250 0.372500 0.022500 0.015000
6 0.136250 0.323750 0.012500 0.015000
6 0.807500 0.132500 0.020000 0.015000
6 0.580000 0.782500 0.020000 0.020000
6 0.128750 0.417500 0.017500 0.015000
6 0.492500 0.612500 0.020000 0.012500
6 0.440000 0.557500 0.017500 0.022500
6 0.057500 0.395000 0.025000 0.020000
6 0.933750 0.508750 0.017500 0.020000
6 0.681250 0.930000 0.015000 0.015000
6 0.477500 0.600000 0.012500 0.010000
6 0.057500 0.365000 0.050000 0.027500
6 0.663750 0.250000 0.017500 0.007500
6 0.162500 0.418750 0.025000 0.017500
6 0.375000 0.538750 0.022500 0.015000
6 0.098750 0.398750 0.020000 0.017500
6 0.090000 0.986250 0.017500 0.015000
6 0.227500 0.950000 0.017500 0.010000
6 0.187500 0.936250 0.012500 0.012500
6 0.333750 0.871250 0.017500 0.012500
6 0.635000 0.853750 0.025000 0.047500
6 0.660000 0.275000 0.025000 0.007500
6 0.155000 0.960000 0.015000 0.015000
6 0.130000 0.433750 0.020000 0.020000
6 0.612500 0.816250 0.017500 0.017500
6 0.490000 0.637500 0.015000 0.015000
6 0.663750 0.193750 0.017500 0.005000
6 0.285000 0.487500 0.025000 0.010000
6 0.510000 0.690000 0.020000 0.017500
6 0.301250 0.508750 0.017500 0.017500
6 0.613750 0.162500 0.022500 0.007500
6 0.431250 0.573750 0.017500 0.015000
6 0.280000 0.497500 0.015000 0.010000
6 0.195000 0.366250 0.020000 0.015000
6 0.450000 0.575000 0.015000 0.015000
6 0.383750 0.525000 0.022500 0.017500
6 0.666250 0.702500 0.030000 0.037500
6 0.452500 0.557500 0.012500 0.012500
6 0.688750 0.673750 0.017500 0.020000
6 0.543750 0.732500 0.020000 0.020000
6 0.331250 0.505000 0.012500 0.012500
6 0.663750 0.180000 0.020000 0.005000
6 0.901250 0.511250 0.015000 0.012500
6 0.661250 0.265000 0.022500 0.007500
6 0.171250 0.947500 0.015000 0.010000
6 0.342500 0.521250 0.015000 0.015000
6 0.395000 0.553750 0.022500 0.012500
6 0.647500 0.816250 0.015000 0.017500
6 0.592500 0.816250 0.015000 0.015000
6 0.413750 0.542500 0.015000 0.010000
6 0.663750 0.172500 0.020000 0.002500
6 0.633750 0.685000 0.027500 0.020000
6 0.573750 0.708750 0.010000 0.025000
6 0.637500 0.232500 0.017500 0.007500
6 0.603750 0.793750 0.015000 0.020000
6 0.532500 0.745000 0.020000 0.022500
6 0.465000 0.595000 0.015000 0.012500
6 0.931250 0.542500 0.015000 0.010000
6 0.636250 0.243750 0.017500 0.012500
6 0.212500 0.481250 0.020000 0.020000
6 0.370000 0.962500 0.017500 0.012500
6 0.506250 0.618750 0.012500 0.012500
6 0.662500 0.257500 0.022500 0.007500
6 0.323750 0.515000 0.012500 0.012500
6 0.801250 0.291250 0.017500 0.020000
6 0.463750 0.765000 0.015000 0.020000
