6 0.995000 0.165000 0.017500 0.010000
6 0.985000 0.020000 0.007500 0.012500
6 0.995000 0.022500 0.007500 0.012500
6 0.261250 0.455000 0.010000 0.010000
6 0.256250 0.445000 0.007500 0.012500
6 0.258750 0.343750 0.010000 0.012500
6 0.500000 0.126250 0.015000 0.015000
6 0.540000 0.571250 0.015000 0.007500
6 0.138750 0.747500 0.012500 0.015000
6 0.241250 0.413750 0.015000 0.017500
6 0.263750 0.356250 0.012500 0.017500
6 0.163750 0.407500 0.017500 0.010000
6 0.165000 0.393750 0.017500 0.010000
6 0.265000 0.321250 0.012500 0.017500
6 0.608750 0.356250 0.010000 0.015000
6 0.000000 0.098750 0.007500 0.015000
6 0.973750 0.021250 0.007500 0.010000
6 0.233750 0.488750 0.012500 0.017500
6 0.113750 0.063750 0.017500 0.007500
6 0.598750 0.355000 0.010000 0.017500
6 0.228750 0.455000 0.010000 0.017500
6 0.192500 0.596250 0.007500 0.012500
6 0.173750 0.343750 0.012500 0.007500
6 0.157500 0.430000 0.012500 0.010000
6 0.237500 0.433750 0.012500 0.012500
6 0.162500 0.415000 0.017500 0.005000
6 0.636250 0.363750 0.007500 0.015000
6 0.263750 0.422500 0.012500 0.015000
6 0.218750 0.477500 0.015000 0.015000
6 0.282500 0.325000 0.015000 0.017500
6 0.037500 0.990000 0.015000 0.025000
6 0.246250 0.475000 0.015000 0.017500
6 0.115000 0.053750 0.012500 0.007500
6 0.246250 0.396250 0.010000 0.020000
6 0.251250 0.432500 0.010000 0.012500
6 0.173750 0.596250 0.010000 0.015000
6 0.148750 0.062500 0.015000 0.007500
6 0.167500 0.376250 0.015000 0.010000
6 0.251250 0.416250 0.010000 0.017500
6 0.251250 0.362500 0.012500 0.015000
6 0.246250 0.378750 0.010000 0.015000
6 0.111250 0.846250 0.020000 0.017500
6 0.627500 0.358750 0.010000 0.017500
6 0.277500 0.347500 0.012500 0.017500
