6 0.113750 0.282500 0.017500 0.012500
6 0.106250 0.266250 0.017500 0.010000
6 0.103750 0.400000 0.027500 0.022500
6 0.272500 0.291250 0.020000 0.010000
6 0.371250 0.278750 0.017500 0.010000
6 0.211250 0.288750 0.017500 0.015000
6 0.890000 0.240000 0.010000 0.020000
6 0.861250 0.227500 0.010000 0.020000
6 0.881250 0.240000 0.010000 0.012500
6 0.303750 0.292500 0.020000 0.012500
6 0.928750 0.270000 0.012500 0.015000
6 0.865000 0.302500 0.022500 0.010000
6 0.882500 0.296250 0.017500 0.012500
6 0.120000 0.322500 0.017500 0.015000
