6 0.005000 0.685000 0.012500 0.015000
6 0.043750 0.835000 0.012500 0.007500
6 0.076250 0.847500 0.010000 0.015000
6 0.022500 0.166250 0.012500 0.005000
6 0.021250 0.175000 0.015000 0.007500
6 0.020000 0.182500 0.017500 0.007500
6 0.143750 0.222500 0.020000 0.012500
6 0.310000 0.503750 0.020000 0.012500
6 0.362500 0.482500 0.020000 0.010000
6 0.026250 0.146250 0.017500 0.015000
6 0.033750 0.107500 0.015000 0.015000
6 0.032500 0.098750 0.017500 0.015000
6 0.022500 0.157500 0.015000 0.015000
