4 0.507500 0.496250 0.032500 0.035000
6 0.816250 0.490000 0.017500 0.010000
6 0.272500 0.315000 0.042500 0.012500
6 0.390000 0.343750 0.022500 0.010000
6 0.656250 0.797500 0.017500 0.015000
6 0.335000 0.320000 0.017500 0.015000
6 0.473750 0.358750 0.027500 0.015000
6 0.816250 0.525000 0.017500 0.020000
6 0.527500 0.335000 0.017500 0.012500
6 0.140000 0.240000 0.010000 0.020000
6 0.111250 0.227500 0.010000 0.020000
6 0.131250 0.240000 0.010000 0.012500
6 0.847500 0.530000 0.020000 0.020000
6 0.535000 0.347500 0.017500 0.012500
6 0.440000 0.360000 0.017500 0.012500
6 0.178750 0.270000 0.012500 0.015000
6 0.115000 0.302500 0.022500 0.010000
6 0.540000 0.322500 0.020000 0.012500
6 0.723750 0.448750 0.017500 0.010000
6 0.711250 0.453750 0.017500 0.010000
6 0.621250 0.398750 0.015000 0.015000
6 0.651250 0.786250 0.015000 0.010000
6 0.511250 0.367500 0.022500 0.012500
6 0.132500 0.296250 0.017500 0.012500
