6 0.052500 0.941250 0.015000 0.007500
6 0.072500 0.937500 0.020000 0.012500
6 0.086250 0.951250 0.017500 0.010000
6 0.617500 0.818750 0.037500 0.012500
6 0.846250 0.962500 0.012500 0.027500
6 0.863750 0.932500 0.015000 0.032500
6 0.876250 0.963750 0.010000 0.035000
6 0.131250 0.350000 0.010000 0.010000
6 0.863750 0.965000 0.010000 0.027500
6 0.061250 0.386250 0.010000 0.010000
6 0.035000 0.418750 0.020000 0.010000
6 0.917500 0.968750 0.015000 0.027500
6 0.916250 0.998750 0.012500 0.035000
6 0.875000 0.925000 0.010000 0.027500
6 0.175000 0.275000 0.007500 0.010000
6 0.048750 0.393750 0.012500 0.010000
6 0.487500 0.001250 0.030000 0.010000
6 0.487500 0.011250 0.027500 0.012500
6 0.486250 0.022500 0.027500 0.012500
6 0.483750 0.035000 0.025000 0.012500
6 0.432500 0.016250 0.017500 0.015000
6 0.432500 0.028750 0.017500 0.010000
6 0.431250 0.038750 0.017500 0.010000
6 0.435000 0.003750 0.020000 0.007500
6 0.162500 0.297500 0.020000 0.020000
