6 0.956250 0.855000 0.020000 0.022500
6 0.797500 0.831250 0.032500 0.020000
6 0.298750 0.772500 0.017500 0.022500
6 0.312500 0.662500 0.015000 0.015000
6 0.327500 0.691250 0.020000 0.015000
6 0.347500 0.675000 0.017500 0.015000
6 0.365000 0.660000 0.022500 0.017500
6 0.365000 0.601250 0.012500 0.015000
6 0.393750 0.636250 0.015000 0.015000
6 0.415000 0.617500 0.015000 0.017500
6 0.480000 0.500000 0.012500 0.012500
6 0.530000 0.517500 0.015000 0.012500
6 0.547500 0.501250 0.015000 0.015000
6 0.483750 0.557500 0.012500 0.012500
6 0.497500 0.545000 0.015000 0.015000
6 0.493750 0.488750 0.015000 0.010000
6 0.527500 0.481250 0.017500 0.012500
6 0.516250 0.467500 0.015000 0.015000
6 0.511250 0.531250 0.017500 0.015000
6 0.528750 0.470000 0.017500 0.017500
6 0.578750 0.473750 0.017500 0.015000
6 0.607500 0.447500 0.020000 0.015000
6 0.588750 0.445000 0.017500 0.017500
6 0.613750 0.385000 0.020000 0.017500
6 0.627500 0.371250 0.017500 0.020000
6 0.531250 0.453750 0.015000 0.012500
6 0.648750 0.411250 0.020000 0.020000
6 0.631250 0.428750 0.020000 0.015000
6 0.547500 0.440000 0.015000 0.015000
6 0.573750 0.418750 0.022500 0.017500
6 0.593750 0.401250 0.022500 0.017500
6 0.662500 0.341250 0.015000 0.015000
6 0.701250 0.366250 0.015000 0.012500
6 0.718750 0.290000 0.015000 0.015000
6 0.798750 0.270000 0.012500 0.012500
6 0.790000 0.227500 0.015000 0.015000
6 0.807500 0.216250 0.017500 0.017500
6 0.757500 0.257500 0.017500 0.015000
6 0.833750 0.251250 0.012500 0.012500
6 0.822500 0.201250 0.015000 0.015000
6 0.838750 0.186250 0.017500 0.017500
6 0.856250 0.172500 0.015000 0.015000
6 0.873750 0.156250 0.017500 0.015000
6 0.895000 0.137500 0.015000 0.015000
6 0.910000 0.123750 0.017500 0.015000
6 0.926250 0.110000 0.015000 0.012500
6 0.972500 0.071250 0.017500 0.015000
6 0.917500 0.175000 0.012500 0.017500
6 0.962500 0.138750 0.015000 0.012500
6 0.978750 0.121250 0.022500 0.017500
6 0.280000 0.700000 0.022500 0.035000
6 0.735000 0.336250 0.012500 0.012500
6 0.903750 0.332500 0.027500 0.022500
6 0.876250 0.353750 0.027500 0.022500
6 0.460000 0.516250 0.012500 0.012500
6 0.461250 0.575000 0.017500 0.015000
6 0.773750 0.243750 0.017500 0.015000
6 0.701250 0.305000 0.017500 0.012500
6 0.686250 0.322500 0.020000 0.015000
6 0.505000 0.478750 0.010000 0.010000
6 0.917500 0.936250 0.057500 0.050000
6 0.696250 0.347500 0.022500 0.017500
