6 0.352500 0.721250 0.015000 0.007500
6 0.015000 0.883750 0.015000 0.020000
6 0.516250 0.906250 0.022500 0.017500
6 0.528750 0.656250 0.017500 0.010000
6 0.562500 0.612500 0.010000 0.017500
6 0.570000 0.628750 0.012500 0.022500
6 0.742500 0.623750 0.020000 0.012500
6 0.685000 0.638750 0.015000 0.007500
6 0.707500 0.658750 0.012500 0.007500
6 0.725000 0.667500 0.020000 0.007500
6 0.738750 0.661250 0.017500 0.007500
6 0.740000 0.653750 0.015000 0.007500
6 0.738750 0.647500 0.015000 0.007500
6 0.705000 0.647500 0.007500 0.012500
6 0.740000 0.641250 0.015000 0.005000
6 0.975000 0.861250 0.047500 0.017500
6 0.853750 0.810000 0.012500 0.017500
6 0.898750 0.678750 0.015000 0.010000
6 0.920000 0.616250 0.017500 0.007500
6 0.972500 0.707500 0.015000 0.007500
6 0.943750 0.705000 0.020000 0.012500
6 0.896250 0.696250 0.025000 0.012500
6 0.925000 0.701250 0.015000 0.007500
6 0.351250 0.351250 0.012500 0.017500
6 0.153750 0.691250 0.040000 0.017500
6 0.015000 0.608750 0.007500 0.020000
6 0.126250 0.968750 0.015000 0.007500
6 0.957500 0.333750 0.015000 0.027500
6 0.962500 0.666250 0.007500 0.015000
