6 0.650000 0.902500 0.010000 0.012500
6 0.466250 0.946250 0.022500 0.055000
6 0.477500 0.945000 0.022500 0.057500
6 0.385000 0.115000 0.030000 0.010000
6 0.627500 0.660000 0.017500 0.020000
6 0.553750 0.668750 0.027500 0.017500
6 0.616250 0.663750 0.017500 0.022500
6 0.605000 0.666250 0.015000 0.022500
6 0.593750 0.667500 0.015000 0.022500
6 0.448750 0.661250 0.022500 0.030000
6 0.573750 0.683750 0.017500 0.030000
6 0.616250 0.626250 0.027500 0.022500
6 0.665000 0.596250 0.045000 0.025000
6 0.725000 0.520000 0.017500 0.040000
6 0.643750 0.657500 0.012500 0.022500
6 0.591250 0.688750 0.012500 0.022500
6 0.487500 0.667500 0.012500 0.012500
6 0.570000 0.620000 0.010000 0.012500
6 0.613750 0.613750 0.055000 0.032500
6 0.768750 0.565000 0.037500 0.025000
6 0.752500 0.555000 0.032500 0.022500
6 0.763750 0.528750 0.032500 0.017500
6 0.420000 0.696250 0.010000 0.012500
6 0.045000 0.946250 0.010000 0.010000
6 0.022500 0.957500 0.007500 0.007500
6 0.012500 0.962500 0.007500 0.007500
6 0.005000 0.963750 0.007500 0.012500
6 0.708750 0.562500 0.030000 0.020000
6 0.606250 0.547500 0.010000 0.012500
6 0.597500 0.540000 0.010000 0.007500
6 0.600000 0.548750 0.005000 0.007500
6 0.806250 0.607500 0.015000 0.010000
6 0.436250 0.943750 0.010000 0.010000
6 0.460000 0.992500 0.010000 0.012500
6 0.137500 0.850000 0.030000 0.012500
6 0.243750 0.735000 0.010000 0.012500
6 0.233750 0.738750 0.010000 0.012500
6 0.261250 0.730000 0.010000 0.015000
6 0.231250 0.755000 0.010000 0.012500
6 0.293750 0.785000 0.010000 0.015000
6 0.248750 0.750000 0.010000 0.015000
6 0.266250 0.743750 0.010000 0.012500
6 0.235000 0.788750 0.010000 0.012500
6 0.282500 0.836250 0.010000 0.015000
6 0.236250 0.768750 0.007500 0.010000
6 0.153750 0.966250 0.015000 0.010000
6 0.186250 0.882500 0.015000 0.010000
6 0.268750 0.725000 0.007500 0.017500
6 0.277500 0.756250 0.010000 0.015000
6 0.286250 0.753750 0.005000 0.015000
6 0.288750 0.768750 0.012500 0.015000
6 0.178750 0.907500 0.020000 0.010000
6 0.250000 0.781250 0.010000 0.015000
6 0.115000 0.997500 0.017500 0.010000
6 0.805000 0.638750 0.017500 0.007500
6 0.323750 0.825000 0.010000 0.010000
6 0.165000 0.991250 0.017500 0.007500
6 0.282500 0.770000 0.007500 0.010000
6 0.241250 0.785000 0.010000 0.015000
6 0.262500 0.761250 0.010000 0.012500
6 0.100000 0.963750 0.015000 0.012500
6 0.797500 0.566250 0.017500 0.010000
6 0.267500 0.777500 0.010000 0.012500
6 0.290000 0.833750 0.012500 0.017500
6 0.205000 0.876250 0.022500 0.010000
6 0.167500 0.951250 0.022500 0.012500
6 0.273750 0.740000 0.007500 0.012500
6 0.228750 0.771250 0.007500 0.015000
6 0.241250 0.802500 0.007500 0.012500
6 0.383750 0.811250 0.010000 0.015000
6 0.136250 0.893750 0.020000 0.007500
6 0.131250 0.907500 0.015000 0.007500
6 0.220000 0.773750 0.005000 0.015000
6 0.307500 0.832500 0.005000 0.012500
6 0.262500 0.793750 0.010000 0.015000
6 0.083750 0.930000 0.020000 0.007500
6 0.106250 0.971250 0.022500 0.010000
6 0.142500 0.908750 0.010000 0.012500
6 0.108750 0.981250 0.017500 0.010000
6 0.131250 0.925000 0.015000 0.012500
6 0.202500 0.866250 0.012500 0.010000
6 0.240000 0.752500 0.010000 0.010000
6 0.338750 0.820000 0.007500 0.020000
6 0.981250 0.578750 0.007500 0.017500
6 0.991250 0.575000 0.012500 0.020000
6 0.227500 0.792500 0.010000 0.015000
6 0.232500 0.807500 0.007500 0.012500
6 0.273750 0.838750 0.010000 0.015000
6 0.181250 0.983750 0.020000 0.010000
6 0.152500 0.926250 0.022500 0.007500
6 0.203750 0.915000 0.017500 0.010000
6 0.448750 0.962500 0.015000 0.007500
6 0.286250 0.787500 0.010000 0.015000
6 0.256250 0.796250 0.010000 0.012500
6 0.133750 0.935000 0.017500 0.007500
6 0.152500 0.958750 0.012500 0.007500
6 0.272500 0.758750 0.010000 0.012500
6 0.248750 0.800000 0.010000 0.012500
6 0.160000 0.985000 0.012500 0.010000
6 0.355000 0.816250 0.012500 0.015000
6 0.182500 0.915000 0.015000 0.010000
6 0.802500 0.627500 0.015000 0.007500
6 0.303750 0.781250 0.015000 0.017500
6 0.278750 0.790000 0.010000 0.012500
6 0.297500 0.832500 0.010000 0.015000
6 0.316250 0.828750 0.017500 0.012500
6 0.207500 0.922500 0.020000 0.005000
6 0.808750 0.651250 0.020000 0.010000
6 0.272500 0.793750 0.010000 0.015000
6 0.371250 0.813750 0.007500 0.017500
6 0.075000 0.913750 0.022500 0.012500
6 0.123750 0.901250 0.010000 0.007500
6 0.130000 0.917500 0.017500 0.010000
6 0.176250 0.977500 0.017500 0.010000
6 0.347500 0.818750 0.010000 0.015000
6 0.225000 0.741250 0.007500 0.015000
6 0.253750 0.731250 0.007500 0.012500
6 0.255000 0.763750 0.010000 0.015000
6 0.176250 0.896250 0.017500 0.012500
6 0.973750 0.580000 0.015000 0.022500
6 0.395000 0.807500 0.015000 0.017500
6 0.451250 0.972500 0.020000 0.012500
6 0.362500 0.813750 0.007500 0.017500
6 0.445000 0.955000 0.017500 0.007500
6 0.206250 0.932500 0.035000 0.012500
6 0.293750 0.746250 0.015000 0.015000
6 0.091250 0.937500 0.012500 0.007500
6 0.138750 0.942500 0.015000 0.007500
6 0.183750 0.875000 0.022500 0.010000
6 0.257500 0.748750 0.010000 0.012500
6 0.258750 0.777500 0.010000 0.017500
6 0.330000 0.823750 0.007500 0.017500
6 0.082500 0.922500 0.020000 0.010000
6 0.182500 0.993750 0.015000 0.007500
6 0.171250 0.958750 0.015000 0.007500
6 0.245000 0.767500 0.007500 0.015000
6 0.218750 0.972500 0.017500 0.010000
6 0.192500 0.888750 0.010000 0.012500
6 0.453750 0.980000 0.017500 0.010000
6 0.963750 0.585000 0.012500 0.015000
6 0.300000 0.763750 0.010000 0.017500
6 0.097500 0.955000 0.015000 0.010000
6 0.141250 0.951250 0.017500 0.010000
6 0.173750 0.967500 0.020000 0.010000
6 0.163750 0.943750 0.017500 0.007500
6 0.195000 0.900000 0.022500 0.002500
6 0.273750 0.772500 0.012500 0.015000
