6 0.675000 0.388750 0.005000 0.012500
6 0.907500 0.990000 0.015000 0.012500
6 0.930000 0.966250 0.012500 0.015000
6 0.945000 0.936250 0.022500 0.020000
6 0.937500 0.836250 0.015000 0.012500
6 0.937500 0.738750 0.010000 0.015000
6 0.952500 0.736250 0.010000 0.015000
6 0.752500 0.715000 0.010000 0.012500
6 0.748750 0.701250 0.010000 0.012500
6 0.762500 0.743750 0.010000 0.012500
6 0.672500 0.531250 0.012500 0.015000
6 0.943750 0.850000 0.022500 0.015000
6 0.942500 0.860000 0.022500 0.017500
6 0.928750 0.791250 0.020000 0.012500
6 0.331250 0.942500 0.012500 0.007500
6 0.072500 0.940000 0.010000 0.017500
6 0.976250 0.765000 0.022500 0.010000
6 0.991250 0.890000 0.015000 0.010000
6 0.756250 0.728750 0.015000 0.017500
6 0.965000 0.927500 0.012500 0.015000
6 0.441250 0.133750 0.015000 0.017500
6 0.897500 0.980000 0.015000 0.012500
6 0.647500 0.642500 0.012500 0.020000
6 0.347500 0.148750 0.015000 0.010000
6 0.737500 0.768750 0.017500 0.017500
6 0.953750 0.786250 0.015000 0.012500
6 0.692500 0.603750 0.012500 0.017500
6 0.666250 0.666250 0.007500 0.015000
6 0.452500 0.128750 0.012500 0.015000
6 0.921250 0.861250 0.015000 0.017500
6 0.912500 0.827500 0.010000 0.017500
6 0.682500 0.575000 0.010000 0.012500
6 0.961250 0.928750 0.017500 0.017500
6 0.431250 0.133750 0.010000 0.012500
6 0.701250 0.631250 0.010000 0.012500
6 0.666250 0.637500 0.010000 0.015000
6 0.940000 0.976250 0.012500 0.012500
6 0.952500 0.805000 0.017500 0.010000
6 0.945000 0.740000 0.010000 0.017500
6 0.351250 0.177500 0.020000 0.015000
6 0.991250 0.911250 0.015000 0.012500
6 0.667500 0.515000 0.012500 0.015000
6 0.363750 0.221250 0.020000 0.012500
6 0.922500 0.983750 0.010000 0.010000
6 0.916250 0.843750 0.007500 0.015000
6 0.937500 0.825000 0.017500 0.015000
6 0.706250 0.526250 0.017500 0.017500
6 0.657500 0.667500 0.010000 0.017500
6 0.346250 0.156250 0.025000 0.015000
6 0.707500 0.537500 0.017500 0.015000
6 0.646250 0.406250 0.012500 0.017500
6 0.946250 0.791250 0.015000 0.010000
6 0.912500 0.970000 0.010000 0.012500
6 0.907500 0.807500 0.010000 0.015000
6 0.967500 0.953750 0.015000 0.012500
6 0.977500 0.776250 0.015000 0.007500
6 0.682500 0.588750 0.015000 0.015000
6 0.927500 0.991250 0.012500 0.010000
6 0.945000 0.965000 0.012500 0.010000
6 0.965000 0.912500 0.015000 0.010000
6 0.953750 0.967500 0.010000 0.010000
6 0.800000 0.980000 0.012500 0.012500
6 0.612500 0.643750 0.012500 0.017500
6 0.710000 0.553750 0.015000 0.017500
6 0.633750 0.642500 0.010000 0.017500
6 0.420000 0.137500 0.015000 0.017500
6 0.642500 0.641250 0.010000 0.015000
6 0.603750 0.643750 0.010000 0.015000
6 0.982500 0.928750 0.012500 0.015000
6 0.673750 0.635000 0.007500 0.017500
6 0.926250 0.955000 0.012500 0.017500
6 0.983750 0.907500 0.010000 0.010000
6 0.626250 0.642500 0.010000 0.015000
6 0.957500 0.816250 0.025000 0.015000
6 0.988750 0.965000 0.037500 0.030000
6 0.915000 0.746250 0.010000 0.017500
6 0.351250 0.165000 0.017500 0.010000
6 0.968750 0.745000 0.020000 0.007500
6 0.658750 0.638750 0.007500 0.017500
