6 0.957500 0.833750 0.015000 0.012500
6 0.962500 0.831250 0.010000 0.010000
6 0.636250 0.402500 0.015000 0.027500
6 0.077500 0.978750 0.017500 0.007500
6 0.918750 0.883750 0.007500 0.015000
6 0.053750 0.806250 0.010000 0.015000
6 0.183750 0.715000 0.012500 0.020000
6 0.061250 0.927500 0.017500 0.010000
6 0.937500 0.838750 0.017500 0.020000
6 0.938750 0.880000 0.010000 0.020000
6 0.947500 0.835000 0.017500 0.015000
6 0.948750 0.877500 0.010000 0.020000
6 0.887500 0.891250 0.007500 0.017500
6 0.960000 0.912500 0.022500 0.015000
6 0.931250 0.882500 0.007500 0.015000
6 0.973750 0.831250 0.017500 0.017500
6 0.650000 0.352500 0.030000 0.025000
6 0.958750 0.877500 0.012500 0.015000
6 0.902500 0.886250 0.010000 0.015000
6 0.910000 0.885000 0.015000 0.020000
6 0.923750 0.883750 0.010000 0.015000
6 0.938750 0.926250 0.022500 0.015000
6 0.922500 0.915000 0.017500 0.012500
6 0.256250 0.981250 0.055000 0.022500
6 0.918750 0.933750 0.010000 0.015000
