6 0.983750 0.078750 0.017500 0.010000
6 0.113750 0.176250 0.012500 0.012500
6 0.078750 0.483750 0.007500 0.012500
6 0.088750 0.277500 0.007500 0.015000
6 0.031250 0.281250 0.057500 0.017500
6 0.973750 0.466250 0.080000 0.032500
6 0.897500 0.451250 0.080000 0.032500
6 0.821250 0.436250 0.080000 0.027500
6 0.742500 0.418750 0.082500 0.030000
6 0.666250 0.402500 0.082500 0.032500
6 0.587500 0.385000 0.082500 0.030000
6 0.510000 0.371250 0.080000 0.030000
6 0.432500 0.355000 0.085000 0.032500
6 0.353750 0.333750 0.082500 0.037500
6 0.276250 0.313750 0.077500 0.032500
6 0.198750 0.298750 0.080000 0.030000
6 0.078750 0.991250 0.030000 0.010000
6 0.087500 0.176250 0.007500 0.017500
6 0.083750 0.382500 0.020000 0.020000
6 0.092500 0.252500 0.010000 0.010000
6 0.083750 0.152500 0.015000 0.015000
6 0.093750 0.057500 0.020000 0.017500
6 0.101250 0.096250 0.020000 0.020000
6 0.066250 0.535000 0.020000 0.020000
6 0.090000 0.348750 0.017500 0.017500
6 0.090000 0.312500 0.017500 0.027500
6 0.081250 0.246250 0.017500 0.017500
