6 0.983750 0.987500 0.017500 0.010000
6 0.017500 0.283750 0.010000 0.020000
6 0.940000 0.777500 0.017500 0.007500
6 0.092500 0.150000 0.015000 0.010000
6 0.095000 0.160000 0.017500 0.007500
6 0.653750 0.551250 0.007500 0.015000
6 0.038750 0.192500 0.007500 0.012500
6 0.036250 0.158750 0.007500 0.015000
6 0.028750 0.026250 0.010000 0.017500
6 0.671250 0.548750 0.010000 0.012500
6 0.090000 0.397500 0.007500 0.017500
6 0.062500 0.518750 0.017500 0.022500
6 0.093750 0.966250 0.020000 0.017500
6 0.070000 0.583750 0.020000 0.017500
6 0.121250 0.745000 0.017500 0.017500
6 0.107500 0.625000 0.020000 0.020000
