6 0.088750 0.885000 0.015000 0.010000
6 0.941250 0.240000 0.007500 0.012500
6 0.966250 0.283750 0.010000 0.015000
6 0.957500 0.288750 0.010000 0.015000
6 0.933750 0.243750 0.010000 0.015000
6 0.942500 0.296250 0.012500 0.015000
6 0.920000 0.252500 0.010000 0.012500
6 0.912500 0.256250 0.012500 0.012500
6 0.903750 0.258750 0.010000 0.012500
6 0.926250 0.305000 0.012500 0.012500
6 0.865000 0.280000 0.010000 0.015000
6 0.857500 0.286250 0.010000 0.017500
6 0.877500 0.328750 0.012500 0.017500
6 0.765000 0.346250 0.010000 0.012500
6 0.731250 0.393750 0.010000 0.015000
6 0.725000 0.401250 0.012500 0.017500
6 0.683750 0.382500 0.007500 0.015000
6 0.662500 0.393750 0.012500 0.015000
6 0.755000 0.507500 0.020000 0.012500
6 0.667500 0.560000 0.015000 0.010000
6 0.545000 0.525000 0.020000 0.010000
6 0.622500 0.073750 0.030000 0.042500
6 0.573750 0.112500 0.027500 0.025000
6 0.631250 0.111250 0.010000 0.017500
6 0.640000 0.127500 0.012500 0.015000
6 0.647500 0.148750 0.017500 0.012500
6 0.631250 0.157500 0.015000 0.012500
6 0.603750 0.095000 0.027500 0.025000
6 0.577500 0.125000 0.030000 0.020000
6 0.605000 0.108750 0.027500 0.020000
6 0.585000 0.133750 0.030000 0.027500
6 0.612500 0.117500 0.027500 0.022500
6 0.630000 0.147500 0.022500 0.020000
6 0.625000 0.138750 0.022500 0.017500
6 0.618750 0.127500 0.035000 0.022500
6 0.592500 0.146250 0.032500 0.017500
6 0.316250 0.111250 0.012500 0.020000
6 0.323750 0.105000 0.010000 0.017500
6 0.308750 0.053750 0.017500 0.012500
6 0.305000 0.043750 0.015000 0.010000
6 0.301250 0.036250 0.017500 0.012500
6 0.293750 0.027500 0.017500 0.015000
6 0.287500 0.020000 0.015000 0.012500
6 0.271250 0.026250 0.017500 0.012500
6 0.255000 0.033750 0.017500 0.012500
6 0.300000 0.138750 0.017500 0.012500
6 0.322500 0.128750 0.017500 0.012500
6 0.342500 0.118750 0.022500 0.017500
6 0.367500 0.108750 0.017500 0.012500
6 0.333750 0.137500 0.017500 0.012500
6 0.236250 0.036250 0.020000 0.015000
6 0.253750 0.023750 0.022500 0.015000
6 0.232500 0.026250 0.017500 0.012500
6 0.248750 0.017500 0.020000 0.015000
6 0.228750 0.020000 0.015000 0.012500
6 0.246250 0.007500 0.020000 0.012500
6 0.227500 0.010000 0.020000 0.015000
6 0.243750 0.001250 0.017500 0.010000
6 0.217500 0.001250 0.020000 0.012500
6 0.023750 0.872500 0.020000 0.015000
6 0.735000 0.385000 0.012500 0.015000
6 0.716250 0.383750 0.012500 0.015000
6 0.722500 0.377500 0.010000 0.010000
6 0.901250 0.087500 0.015000 0.020000
6 0.910000 0.106250 0.015000 0.017500
6 0.920000 0.125000 0.012500 0.017500
6 0.931250 0.145000 0.015000 0.017500
6 0.825000 0.118750 0.017500 0.012500
6 0.820000 0.111250 0.012500 0.010000
6 0.816250 0.105000 0.015000 0.010000
6 0.880000 0.073750 0.015000 0.012500
6 0.098750 0.458750 0.017500 0.012500
6 0.100000 0.448750 0.015000 0.010000
6 0.128750 0.572500 0.015000 0.020000
6 0.050000 0.438750 0.010000 0.015000
6 0.101250 0.468750 0.015000 0.012500
6 0.068750 0.430000 0.015000 0.020000
6 0.112500 0.397500 0.030000 0.017500
6 0.085000 0.415000 0.025000 0.020000
6 0.078750 0.398750 0.030000 0.020000
6 0.106250 0.385000 0.035000 0.025000
6 0.065000 0.360000 0.020000 0.015000
6 0.053750 0.310000 0.020000 0.015000
6 0.055000 0.293750 0.012500 0.017500
6 0.062500 0.290000 0.012500 0.015000
6 0.048750 0.298750 0.010000 0.015000
6 0.042500 0.302500 0.012500 0.017500
6 0.458750 0.085000 0.015000 0.017500
6 0.417500 0.188750 0.017500 0.015000
6 0.211250 0.220000 0.015000 0.015000
6 0.215000 0.227500 0.015000 0.012500
6 0.223750 0.233750 0.015000 0.010000
6 0.227500 0.241250 0.015000 0.012500
6 0.071250 0.323750 0.035000 0.025000
6 0.010000 0.241250 0.017500 0.030000
6 0.040000 0.233750 0.025000 0.032500
6 0.047500 0.118750 0.032500 0.027500
6 0.060000 0.137500 0.025000 0.015000
6 0.090000 0.333750 0.035000 0.027500
6 0.056250 0.127500 0.032500 0.017500
6 0.027500 0.138750 0.032500 0.015000
6 0.037500 0.151250 0.027500 0.020000
6 0.101250 0.367500 0.025000 0.017500
6 0.056250 0.378750 0.022500 0.020000
6 0.071250 0.478750 0.012500 0.012500
6 0.105000 0.485000 0.012500 0.015000
6 0.080000 0.363750 0.022500 0.020000
6 0.593750 0.027500 0.025000 0.032500
6 0.206250 0.212500 0.012500 0.012500
6 0.045000 0.286250 0.035000 0.030000
6 0.127500 0.321250 0.025000 0.027500
6 0.743750 0.351250 0.017500 0.025000
6 0.845000 0.801250 0.015000 0.017500
