6 0.323750 0.616250 0.012500 0.012500
6 0.492500 0.600000 0.017500 0.010000
6 0.467500 0.621250 0.015000 0.010000
6 0.481250 0.583750 0.015000 0.012500
6 0.477500 0.573750 0.015000 0.010000
6 0.486250 0.591250 0.015000 0.010000
6 0.945000 0.991250 0.012500 0.017500
6 0.275000 0.155000 0.030000 0.050000
6 0.571250 0.001250 0.010000 0.015000
6 0.506250 0.040000 0.012500 0.017500
6 0.437500 0.023750 0.020000 0.015000
6 0.522500 0.013750 0.012500 0.025000
6 0.521250 0.067500 0.025000 0.015000
6 0.577500 0.966250 0.015000 0.020000
6 0.587500 0.957500 0.017500 0.020000
6 0.595000 0.952500 0.020000 0.022500
6 0.601250 0.937500 0.015000 0.020000
6 0.615000 0.935000 0.027500 0.025000
6 0.626250 0.931250 0.017500 0.022500
6 0.656250 0.912500 0.020000 0.027500
6 0.585000 0.936250 0.012500 0.015000
6 0.813750 0.532500 0.025000 0.020000
6 0.920000 0.560000 0.027500 0.040000
6 0.907500 0.571250 0.027500 0.040000
6 0.657500 0.475000 0.020000 0.020000
6 0.687500 0.457500 0.020000 0.020000
6 0.791250 0.441250 0.032500 0.022500
6 0.820000 0.415000 0.032500 0.020000
6 0.830000 0.420000 0.025000 0.015000
6 0.810000 0.397500 0.012500 0.020000
6 0.337500 0.525000 0.022500 0.032500
6 0.482500 0.613750 0.017500 0.012500
6 0.026250 0.907500 0.055000 0.032500
6 0.470000 0.731250 0.042500 0.030000
6 0.511250 0.715000 0.000000 0.000000
6 0.370000 0.760000 0.017500 0.057500
6 0.425000 0.752500 0.022500 0.017500
6 0.438750 0.781250 0.027500 0.022500
6 0.443750 0.790000 0.022500 0.017500
6 0.510000 0.738750 0.020000 0.020000
6 0.062500 0.695000 0.025000 0.035000
6 0.046250 0.786250 0.062500 0.042500
6 0.076250 0.687500 0.030000 0.037500
6 0.688750 0.543750 0.057500 0.037500
6 0.668750 0.515000 0.025000 0.007500
6 0.778750 0.433750 0.020000 0.010000
6 0.706250 0.448750 0.022500 0.025000
6 0.657500 0.497500 0.017500 0.010000
