6 0.678750 0.683750 0.015000 0.010000
6 0.440000 0.876250 0.015000 0.012500
6 0.452500 0.858750 0.017500 0.012500
6 0.161250 0.565000 0.010000 0.017500
6 0.138750 0.546250 0.017500 0.012500
6 0.071250 0.580000 0.015000 0.010000
6 0.271250 0.476250 0.010000 0.012500
6 0.073750 0.535000 0.010000 0.015000
6 0.056250 0.542500 0.007500 0.015000
6 0.057500 0.998750 0.060000 0.032500
6 0.281250 0.987500 0.010000 0.017500
6 0.880000 0.583750 0.017500 0.012500
6 0.812500 0.563750 0.010000 0.007500
6 0.821250 0.578750 0.020000 0.010000
6 0.850000 0.558750 0.020000 0.035000
6 0.815000 0.333750 0.020000 0.035000
6 0.865000 0.430000 0.032500 0.055000
6 0.898750 0.471250 0.015000 0.035000
6 0.718750 0.445000 0.017500 0.012500
6 0.761250 0.422500 0.017500 0.012500
6 0.782500 0.411250 0.012500 0.007500
6 0.833750 0.272500 0.030000 0.062500
6 0.826250 0.190000 0.025000 0.015000
6 0.775000 0.226250 0.012500 0.010000
6 0.080000 0.530000 0.015000 0.012500
6 0.062500 0.482500 0.007500 0.020000
6 0.031250 0.447500 0.012500 0.010000
6 0.047500 0.513750 0.010000 0.005000
6 0.075000 0.477500 0.005000 0.017500
6 0.010000 0.358750 0.017500 0.012500
6 0.045000 0.376250 0.022500 0.010000
6 0.253750 0.143750 0.015000 0.022500
6 0.708750 0.670000 0.017500 0.012500
6 0.490000 0.320000 0.017500 0.012500
6 0.536250 0.297500 0.015000 0.012500
6 0.382500 0.300000 0.012500 0.007500
6 0.338750 0.303750 0.012500 0.017500
6 0.205000 0.042500 0.015000 0.020000
6 0.185000 0.003750 0.015000 0.022500
6 0.292500 0.211250 0.015000 0.020000
6 0.308750 0.243750 0.010000 0.012500
6 0.983750 0.962500 0.050000 0.025000
6 0.973750 0.978750 0.047500 0.032500
6 0.436250 0.345000 0.022500 0.012500
6 0.390000 0.275000 0.022500 0.012500
6 0.442500 0.241250 0.020000 0.010000
6 0.827500 0.565000 0.015000 0.020000
6 0.845000 0.545000 0.010000 0.007500
6 0.708750 0.655000 0.015000 0.010000
6 0.728750 0.661250 0.020000 0.015000
6 0.735000 0.686250 0.047500 0.030000
6 0.740000 0.696250 0.052500 0.027500
6 0.642500 0.683750 0.010000 0.007500
6 0.578750 0.763750 0.032500 0.022500
6 0.765000 0.842500 0.010000 0.012500
6 0.742500 0.826250 0.012500 0.017500
6 0.183750 0.822500 0.052500 0.055000
6 0.087500 0.821250 0.025000 0.035000
6 0.098750 0.815000 0.032500 0.050000
6 0.115000 0.872500 0.027500 0.047500
6 0.127500 0.868750 0.035000 0.065000
6 0.236250 0.785000 0.030000 0.055000
6 0.221250 0.915000 0.067500 0.037500
6 0.348750 0.886250 0.070000 0.030000
6 0.433750 0.847500 0.062500 0.040000
6 0.490000 0.781250 0.072500 0.042500
6 0.292500 0.605000 0.012500 0.010000
6 0.243750 0.996250 0.057500 0.057500
6 0.618750 0.745000 0.045000 0.017500
6 0.058750 0.765000 0.032500 0.047500
6 0.812500 0.663750 0.037500 0.030000
6 0.526250 0.803750 0.042500 0.020000
6 0.800000 0.648750 0.035000 0.022500
6 0.870000 0.623750 0.055000 0.017500
6 0.061250 0.743750 0.025000 0.047500
6 0.908750 0.428750 0.037500 0.032500
6 0.586250 0.777500 0.062500 0.025000
6 0.821250 0.322500 0.032500 0.070000
6 0.296250 0.981250 0.035000 0.045000
6 0.867500 0.613750 0.047500 0.022500
6 0.917500 0.517500 0.022500 0.037500
6 0.251250 0.791250 0.017500 0.062500
6 0.047500 0.783750 0.017500 0.027500
6 0.661250 0.737500 0.050000 0.022500
