6 0.046250 0.016250 0.065000 0.035000
6 0.213750 0.010000 0.022500 0.032500
6 0.581250 0.726250 0.027500 0.015000
6 0.945000 0.680000 0.012500 0.017500
6 0.973750 0.667500 0.012500 0.017500
6 0.401250 0.957500 0.012500 0.017500
6 0.392500 0.961250 0.010000 0.015000
6 0.385000 0.967500 0.012500 0.017500
6 0.376250 0.971250 0.010000 0.012500
6 0.367500 0.975000 0.010000 0.015000
6 0.360000 0.980000 0.012500 0.015000
6 0.352500 0.986250 0.010000 0.012500
6 0.342500 0.988750 0.012500 0.017500
6 0.336250 0.992500 0.010000 0.012500
6 0.216250 0.998750 0.007500 0.012500
6 0.306250 0.941250 0.012500 0.017500
6 0.315000 0.937500 0.012500 0.017500
6 0.321250 0.935000 0.010000 0.015000
6 0.330000 0.932500 0.010000 0.012500
6 0.337500 0.928750 0.010000 0.015000
6 0.346250 0.925000 0.010000 0.012500
6 0.353750 0.918750 0.007500 0.010000
6 0.361250 0.916250 0.010000 0.010000
6 0.367500 0.912500 0.010000 0.012500
6 0.377500 0.908750 0.010000 0.010000
6 0.385000 0.905000 0.010000 0.010000
6 0.398750 0.895000 0.010000 0.015000
6 0.408750 0.892500 0.010000 0.010000
6 0.215000 0.900000 0.020000 0.015000
6 0.267500 0.882500 0.015000 0.010000
6 0.426250 0.741250 0.017500 0.010000
6 0.553750 0.677500 0.017500 0.010000
6 0.626250 0.631250 0.015000 0.010000
6 0.683750 0.615000 0.017500 0.010000
6 0.532500 0.591250 0.015000 0.012500
6 0.532500 0.530000 0.010000 0.015000
6 0.363750 0.657500 0.015000 0.012500
6 0.778750 0.768750 0.012500 0.015000
6 0.767500 0.776250 0.012500 0.012500
6 0.758750 0.778750 0.012500 0.012500
6 0.573750 0.832500 0.017500 0.007500
6 0.660000 0.761250 0.010000 0.012500
6 0.166250 0.922500 0.017500 0.012500
6 0.048750 0.986250 0.015000 0.010000
6 0.056250 0.055000 0.035000 0.025000
6 0.067500 0.043750 0.030000 0.020000
6 0.100000 0.032500 0.012500 0.012500
6 0.092500 0.056250 0.010000 0.012500
6 0.116250 0.055000 0.032500 0.022500
6 0.151250 0.076250 0.020000 0.015000
6 0.152500 0.103750 0.042500 0.030000
6 0.183750 0.122500 0.027500 0.025000
6 0.231250 0.152500 0.037500 0.022500
6 0.213750 0.102500 0.035000 0.030000
6 0.246250 0.122500 0.052500 0.030000
6 0.301250 0.147500 0.035000 0.030000
6 0.285000 0.176250 0.035000 0.020000
6 0.332500 0.167500 0.030000 0.020000
6 0.363750 0.186250 0.030000 0.022500
6 0.327500 0.205000 0.042500 0.025000
6 0.351250 0.217500 0.027500 0.022500
6 0.390000 0.235000 0.035000 0.025000
6 0.585000 0.347500 0.045000 0.027500
6 0.670000 0.388750 0.015000 0.010000
6 0.657500 0.406250 0.012500 0.007500
6 0.398750 0.427500 0.007500 0.015000
6 0.455000 0.418750 0.010000 0.012500
6 0.431250 0.405000 0.010000 0.015000
6 0.423750 0.398750 0.012500 0.012500
6 0.417500 0.395000 0.010000 0.010000
6 0.468750 0.428750 0.010000 0.012500
6 0.427500 0.442500 0.012500 0.012500
6 0.436250 0.447500 0.010000 0.012500
6 0.358750 0.407500 0.012500 0.007500
6 0.428750 0.472500 0.015000 0.010000
6 0.326250 0.433750 0.035000 0.025000
6 0.227500 0.058750 0.010000 0.007500
6 0.070000 0.290000 0.037500 0.027500
6 0.103750 0.310000 0.035000 0.022500
6 0.141250 0.313750 0.020000 0.010000
6 0.133750 0.330000 0.012500 0.012500
6 0.141250 0.336250 0.012500 0.012500
6 0.162500 0.350000 0.010000 0.010000
6 0.140000 0.362500 0.010000 0.015000
6 0.148750 0.366250 0.010000 0.012500
6 0.153750 0.372500 0.015000 0.017500
6 0.127500 0.292500 0.007500 0.007500
6 0.068750 0.390000 0.020000 0.012500
6 0.095000 0.393750 0.025000 0.017500
6 0.093750 0.377500 0.050000 0.040000
6 0.118750 0.405000 0.012500 0.010000
6 0.117500 0.416250 0.020000 0.010000
6 0.128750 0.383750 0.012500 0.012500
6 0.123750 0.370000 0.017500 0.012500
6 0.132500 0.360000 0.012500 0.012500
6 0.205000 0.421250 0.022500 0.017500
6 0.195000 0.428750 0.015000 0.015000
6 0.216250 0.413750 0.012500 0.012500
6 0.147500 0.341250 0.010000 0.015000
6 0.222500 0.388750 0.037500 0.022500
6 0.257500 0.401250 0.032500 0.022500
6 0.346250 0.462500 0.047500 0.032500
6 0.382500 0.466250 0.042500 0.027500
6 0.352500 0.450000 0.020000 0.017500
6 0.006250 0.267500 0.027500 0.025000
6 0.652500 0.858750 0.035000 0.020000
6 0.660000 0.868750 0.017500 0.012500
6 0.442500 0.236250 0.065000 0.037500
6 0.787500 0.058750 0.055000 0.015000
