6 0.005000 0.535000 0.012500 0.015000
6 0.085000 0.633750 0.020000 0.017500
6 0.056250 0.613750 0.012500 0.010000
6 0.032500 0.595000 0.015000 0.010000
6 0.183750 0.707500 0.015000 0.012500
6 0.267500 0.790000 0.012500 0.010000
6 0.272500 0.776250 0.010000 0.007500
6 0.330000 0.840000 0.015000 0.012500
6 0.472500 0.878750 0.010000 0.012500
6 0.458750 0.867500 0.012500 0.015000
6 0.643750 0.680000 0.012500 0.015000
6 0.637500 0.685000 0.012500 0.015000
6 0.708750 0.715000 0.017500 0.017500
6 0.732500 0.742500 0.012500 0.015000
6 0.705000 0.763750 0.012500 0.015000
6 0.745000 0.771250 0.012500 0.012500
6 0.770000 0.763750 0.012500 0.012500
6 0.732500 0.788750 0.010000 0.015000
6 0.743750 0.802500 0.012500 0.015000
6 0.763750 0.797500 0.012500 0.015000
6 0.770000 0.792500 0.012500 0.012500
6 0.777500 0.785000 0.010000 0.010000
6 0.782500 0.778750 0.010000 0.012500
6 0.775000 0.816250 0.012500 0.015000
6 0.755000 0.817500 0.012500 0.012500
6 0.746250 0.822500 0.012500 0.015000
6 0.756250 0.838750 0.012500 0.015000
6 0.747500 0.843750 0.010000 0.012500
6 0.740000 0.828750 0.015000 0.017500
6 0.685000 0.847500 0.012500 0.015000
6 0.635000 0.982500 0.017500 0.007500
6 0.621250 0.991250 0.012500 0.005000
6 0.698750 0.992500 0.010000 0.012500
6 0.781250 0.981250 0.010000 0.015000
6 0.797500 0.981250 0.010000 0.015000
6 0.806250 0.977500 0.010000 0.012500
6 0.828750 0.977500 0.015000 0.017500
6 0.817500 0.992500 0.012500 0.010000
6 0.808750 0.997500 0.015000 0.017500
6 0.113750 0.357500 0.017500 0.015000
6 0.181250 0.312500 0.012500 0.007500
6 0.186250 0.391250 0.012500 0.015000
6 0.941250 0.025000 0.027500 0.020000
6 0.901250 0.046250 0.017500 0.037500
6 0.882500 0.060000 0.017500 0.050000
6 0.891250 0.022500 0.032500 0.020000
6 0.863750 0.052500 0.017500 0.040000
6 0.868750 0.087500 0.022500 0.040000
6 0.996250 0.022500 0.027500 0.015000
6 0.968750 0.026250 0.030000 0.015000
6 0.963750 0.076250 0.035000 0.022500
6 0.927500 0.093750 0.032500 0.022500
6 0.906250 0.088750 0.035000 0.025000
6 0.888750 0.113750 0.037500 0.025000
6 0.902500 0.122500 0.037500 0.025000
6 0.850000 0.137500 0.030000 0.035000
6 0.788750 0.003750 0.025000 0.020000
6 0.208750 0.037500 0.012500 0.020000
6 0.528750 0.178750 0.015000 0.017500
6 0.795000 0.793750 0.010000 0.012500
6 0.783750 0.796250 0.010000 0.020000
6 0.717500 0.753750 0.012500 0.017500
6 0.713750 0.760000 0.012500 0.017500
6 0.697500 0.865000 0.012500 0.012500
6 0.762500 0.942500 0.012500 0.015000
6 0.768750 0.936250 0.012500 0.017500
6 0.610000 0.997500 0.017500 0.007500
6 0.490000 0.971250 0.022500 0.022500
6 0.367500 0.857500 0.022500 0.025000
6 0.641250 0.976250 0.020000 0.010000
6 0.225000 0.738750 0.025000 0.025000
6 0.207500 0.745000 0.025000 0.020000
6 0.533750 0.536250 0.017500 0.015000
6 0.532500 0.527500 0.025000 0.015000
6 0.526250 0.518750 0.017500 0.010000
6 0.526250 0.503750 0.035000 0.027500
6 0.515000 0.487500 0.022500 0.020000
6 0.725000 0.385000 0.012500 0.015000
6 0.771250 0.295000 0.072500 0.037500
6 0.816250 0.383750 0.047500 0.040000
6 0.737500 0.448750 0.042500 0.040000
6 0.662500 0.510000 0.055000 0.040000
6 0.936250 0.292500 0.045000 0.037500
6 0.700000 0.481250 0.045000 0.037500
6 0.906250 0.242500 0.067500 0.042500
6 0.970000 0.222500 0.070000 0.057500
6 0.623750 0.541250 0.045000 0.040000
6 0.857500 0.353750 0.045000 0.037500
6 0.778750 0.415000 0.045000 0.050000
6 0.836250 0.268750 0.072500 0.047500
