6 0.495000 0.030000 0.010000 0.012500
6 0.482500 0.017500 0.010000 0.012500
6 0.477500 0.022500 0.015000 0.015000
6 0.452500 0.003750 0.012500 0.012500
6 0.467500 0.007500 0.010000 0.010000
6 0.457500 0.037500 0.012500 0.010000
6 0.448750 0.021250 0.010000 0.010000
6 0.438750 0.008750 0.012500 0.015000
6 0.432500 0.015000 0.012500 0.015000
6 0.437500 0.035000 0.010000 0.010000
6 0.416250 0.076250 0.010000 0.012500
6 0.421250 0.067500 0.015000 0.012500
6 0.408750 0.058750 0.012500 0.012500
6 0.402500 0.065000 0.012500 0.012500
6 0.413750 0.030000 0.010000 0.012500
6 0.408750 0.035000 0.010000 0.010000
6 0.402500 0.041250 0.012500 0.015000
6 0.426250 0.061250 0.010000 0.010000
6 0.432500 0.055000 0.012500 0.010000
6 0.798750 0.931250 0.030000 0.012500
6 0.937500 0.853750 0.025000 0.015000
6 0.378750 0.060000 0.012500 0.015000
6 0.390000 0.073750 0.015000 0.015000
6 0.917500 0.411250 0.007500 0.015000
6 0.866250 0.412500 0.010000 0.017500
6 0.772500 0.377500 0.015000 0.007500
6 0.767500 0.396250 0.012500 0.007500
6 0.772500 0.388750 0.015000 0.010000
6 0.691250 0.282500 0.015000 0.007500
6 0.655000 0.287500 0.017500 0.007500
6 0.543750 0.320000 0.010000 0.015000
6 0.377500 0.203750 0.012500 0.015000
6 0.901250 0.876250 0.017500 0.010000
6 0.865000 0.892500 0.020000 0.010000
6 0.840000 0.807500 0.010000 0.015000
6 0.831250 0.811250 0.010000 0.017500
6 0.821250 0.812500 0.010000 0.020000
6 0.782500 0.711250 0.015000 0.007500
6 0.786250 0.728750 0.015000 0.005000
6 0.781250 0.738750 0.020000 0.012500
6 0.747500 0.732500 0.010000 0.015000
6 0.738750 0.738750 0.007500 0.015000
6 0.728750 0.741250 0.007500 0.010000
6 0.723750 0.721250 0.010000 0.015000
6 0.711250 0.721250 0.007500 0.012500
6 0.717500 0.743750 0.007500 0.015000
6 0.700000 0.746250 0.010000 0.015000
6 0.670000 0.733750 0.010000 0.012500
6 0.658750 0.738750 0.010000 0.017500
6 0.617500 0.748750 0.010000 0.012500
6 0.608750 0.751250 0.010000 0.015000
6 0.587500 0.763750 0.012500 0.010000
6 0.621250 0.925000 0.017500 0.007500
6 0.533750 0.912500 0.017500 0.007500
6 0.498750 0.930000 0.015000 0.007500
6 0.465000 0.918750 0.017500 0.007500
6 0.381250 0.916250 0.015000 0.005000
6 0.351250 0.972500 0.015000 0.012500
6 0.406250 0.968750 0.017500 0.007500
6 0.356250 0.935000 0.020000 0.007500
6 0.471250 0.991250 0.020000 0.007500
6 0.385000 0.988750 0.012500 0.010000
6 0.251250 0.952500 0.017500 0.007500
6 0.242500 0.940000 0.017500 0.007500
6 0.200000 0.947500 0.020000 0.010000
6 0.056250 0.923750 0.012500 0.007500
6 0.573750 0.333750 0.020000 0.015000
6 0.625000 0.341250 0.045000 0.020000
6 0.693750 0.730000 0.010000 0.025000
6 0.785000 0.722500 0.012500 0.010000
6 0.281250 0.736250 0.035000 0.022500
6 0.291250 0.003750 0.022500 0.020000
6 0.298750 0.011250 0.025000 0.022500
6 0.302500 0.020000 0.025000 0.020000
6 0.313750 0.032500 0.022500 0.020000
6 0.321250 0.038750 0.017500 0.015000
6 0.325000 0.050000 0.020000 0.015000
6 0.328750 0.056250 0.020000 0.017500
6 0.335000 0.062500 0.017500 0.015000
6 0.341250 0.070000 0.022500 0.017500
6 0.352500 0.082500 0.022500 0.020000
6 0.358750 0.088750 0.020000 0.020000
6 0.367500 0.101250 0.022500 0.017500
6 0.373750 0.110000 0.022500 0.022500
6 0.378750 0.116250 0.020000 0.020000
6 0.391250 0.120000 0.022500 0.022500
6 0.396250 0.127500 0.020000 0.020000
6 0.398750 0.138750 0.017500 0.017500
6 0.410000 0.141250 0.017500 0.017500
6 0.415000 0.148750 0.020000 0.017500
6 0.417500 0.157500 0.025000 0.022500
6 0.425000 0.167500 0.027500 0.022500
6 0.437500 0.182500 0.022500 0.022500
6 0.443750 0.190000 0.025000 0.025000
6 0.450000 0.201250 0.022500 0.022500
6 0.460000 0.211250 0.020000 0.020000
6 0.468750 0.217500 0.020000 0.020000
6 0.475000 0.223750 0.020000 0.025000
6 0.396250 0.000000 0.015000 0.015000
6 0.402500 0.006250 0.020000 0.015000
6 0.376250 0.001250 0.020000 0.017500
6 0.380000 0.006250 0.015000 0.015000
6 0.385000 0.011250 0.015000 0.015000
6 0.353750 0.001250 0.015000 0.015000
6 0.358750 0.007500 0.015000 0.015000
6 0.363750 0.012500 0.017500 0.017500
6 0.367500 0.017500 0.017500 0.015000
6 0.368750 0.017500 0.015000 0.015000
6 0.375000 0.021250 0.012500 0.012500
6 0.378750 0.027500 0.015000 0.012500
6 0.385000 0.055000 0.012500 0.012500
6 0.420000 0.025000 0.015000 0.017500
6 0.426250 0.020000 0.017500 0.017500
6 0.396250 0.045000 0.015000 0.017500
6 0.442500 0.028750 0.015000 0.017500
6 0.417500 0.047500 0.012500 0.015000
6 0.425000 0.042500 0.015000 0.015000
6 0.430000 0.038750 0.012500 0.015000
6 0.467500 0.048750 0.015000 0.015000
6 0.473750 0.043750 0.015000 0.015000
6 0.481250 0.038750 0.017500 0.015000
6 0.446250 0.047500 0.015000 0.017500
6 0.451250 0.042500 0.015000 0.020000
6 0.486250 0.035000 0.012500 0.015000
6 0.493750 0.013750 0.027500 0.027500
6 0.502500 0.006250 0.027500 0.032500
6 0.628750 0.001250 0.030000 0.045000
6 0.616250 0.005000 0.027500 0.045000
6 0.603750 0.003750 0.017500 0.027500
6 0.621250 0.035000 0.027500 0.040000
6 0.661250 0.037500 0.030000 0.045000
6 0.653750 0.048750 0.032500 0.045000
6 0.583750 0.010000 0.017500 0.020000
6 0.591250 0.001250 0.015000 0.017500
6 0.572500 0.012500 0.015000 0.022500
6 0.565000 0.016250 0.017500 0.022500
6 0.557500 0.021250 0.015000 0.022500
6 0.548750 0.025000 0.017500 0.022500
6 0.543750 0.033750 0.015000 0.022500
6 0.538750 0.043750 0.012500 0.017500
6 0.512500 0.056250 0.012500 0.022500
6 0.507500 0.062500 0.012500 0.020000
6 0.500000 0.066250 0.010000 0.020000
6 0.492500 0.068750 0.010000 0.020000
6 0.487500 0.077500 0.012500 0.020000
6 0.211250 0.796250 0.057500 0.032500
6 0.365000 0.845000 0.022500 0.017500
6 0.232500 0.983750 0.065000 0.032500
6 0.480000 0.081250 0.010000 0.017500
6 0.473750 0.085000 0.010000 0.020000
6 0.467500 0.088750 0.010000 0.020000
6 0.460000 0.091250 0.012500 0.020000
6 0.453750 0.096250 0.012500 0.017500
6 0.448750 0.100000 0.010000 0.017500
6 0.602500 0.022500 0.020000 0.025000
6 0.595000 0.028750 0.020000 0.025000
6 0.586250 0.033750 0.015000 0.022500
6 0.577500 0.038750 0.017500 0.025000
6 0.570000 0.043750 0.015000 0.022500
6 0.562500 0.050000 0.017500 0.025000
6 0.553750 0.055000 0.015000 0.022500
6 0.547500 0.062500 0.015000 0.020000
6 0.538750 0.066250 0.015000 0.022500
6 0.527500 0.068750 0.020000 0.032500
6 0.521250 0.080000 0.015000 0.025000
6 0.512500 0.086250 0.015000 0.027500
6 0.503750 0.088750 0.015000 0.025000
6 0.497500 0.098750 0.015000 0.025000
6 0.488750 0.103750 0.017500 0.027500
6 0.481250 0.107500 0.017500 0.027500
6 0.472500 0.112500 0.015000 0.025000
6 0.465000 0.115000 0.015000 0.022500
6 0.455000 0.117500 0.012500 0.020000
6 0.616250 0.048750 0.025000 0.027500
6 0.598750 0.061250 0.025000 0.025000
6 0.586250 0.066250 0.025000 0.025000
6 0.576250 0.073750 0.025000 0.025000
6 0.566250 0.080000 0.027500 0.025000
6 0.556250 0.085000 0.025000 0.022500
6 0.546250 0.092500 0.025000 0.025000
6 0.538750 0.101250 0.027500 0.025000
6 0.527500 0.106250 0.025000 0.027500
6 0.518750 0.113750 0.025000 0.025000
6 0.510000 0.121250 0.025000 0.025000
6 0.500000 0.128750 0.022500 0.027500
6 0.491250 0.133750 0.022500 0.025000
6 0.480000 0.133750 0.015000 0.017500
6 0.470000 0.130000 0.012500 0.020000
6 0.463750 0.135000 0.012500 0.020000
6 0.480000 0.145000 0.015000 0.017500
6 0.488750 0.166250 0.022500 0.025000
6 0.496250 0.160000 0.022500 0.025000
6 0.641250 0.065000 0.020000 0.027500
6 0.632500 0.072500 0.022500 0.025000
6 0.623750 0.077500 0.020000 0.025000
6 0.612500 0.083750 0.020000 0.025000
6 0.603750 0.088750 0.020000 0.025000
6 0.595000 0.095000 0.020000 0.025000
6 0.586250 0.101250 0.020000 0.025000
6 0.576250 0.107500 0.017500 0.025000
6 0.567500 0.113750 0.017500 0.027500
6 0.558750 0.117500 0.017500 0.025000
6 0.550000 0.125000 0.020000 0.025000
6 0.541250 0.131250 0.020000 0.022500
6 0.533750 0.136250 0.020000 0.022500
6 0.523750 0.142500 0.020000 0.025000
6 0.516250 0.147500 0.020000 0.025000
6 0.506250 0.153750 0.020000 0.025000
6 0.705000 0.072500 0.030000 0.047500
6 0.693750 0.076250 0.027500 0.045000
6 0.682500 0.082500 0.027500 0.045000
6 0.676250 0.101250 0.022500 0.030000
6 0.667500 0.106250 0.025000 0.027500
6 0.657500 0.113750 0.022500 0.027500
6 0.687500 0.121250 0.040000 0.027500
6 0.658750 0.147500 0.030000 0.027500
6 0.658750 0.135000 0.020000 0.017500
6 0.640000 0.125000 0.025000 0.025000
6 0.628750 0.131250 0.022500 0.027500
6 0.617500 0.137500 0.025000 0.025000
6 0.606250 0.146250 0.022500 0.025000
6 0.596250 0.155000 0.027500 0.030000
6 0.587500 0.160000 0.022500 0.027500
6 0.577500 0.167500 0.022500 0.025000
6 0.568750 0.175000 0.025000 0.027500
6 0.558750 0.181250 0.022500 0.022500
6 0.550000 0.188750 0.025000 0.025000
6 0.541250 0.196250 0.025000 0.027500
6 0.533750 0.203750 0.027500 0.027500
6 0.522500 0.210000 0.017500 0.020000
6 0.560000 0.208750 0.040000 0.032500
6 0.631250 0.190000 0.025000 0.017500
6 0.605000 0.203750 0.035000 0.025000
6 0.620000 0.218750 0.020000 0.017500
6 0.452500 0.307500 0.030000 0.022500
6 0.847500 0.003750 0.022500 0.017500
6 0.802500 0.051250 0.032500 0.027500
6 0.742500 0.087500 0.030000 0.025000
6 0.921250 0.015000 0.045000 0.035000
6 0.868750 0.047500 0.037500 0.030000
6 0.810000 0.006250 0.037500 0.040000
6 0.793750 0.013750 0.040000 0.042500
6 0.382500 0.967500 0.017500 0.010000
6 0.022500 0.467500 0.052500 0.020000
6 0.016250 0.482500 0.050000 0.020000
6 0.462500 0.031250 0.015000 0.015000
6 0.607500 0.053750 0.025000 0.025000
6 0.527500 0.072500 0.012500 0.022500
6 0.686250 0.121250 0.032500 0.022500
