6 0.051250 0.508750 0.015000 0.012500
6 0.043750 0.490000 0.015000 0.012500
6 0.008750 0.453750 0.017500 0.012500
6 0.111250 0.440000 0.012500 0.012500
6 0.122500 0.423750 0.012500 0.010000
6 0.136250 0.407500 0.010000 0.010000
6 0.143750 0.396250 0.012500 0.012500
6 0.157500 0.380000 0.015000 0.010000
6 0.160000 0.371250 0.012500 0.010000
6 0.128750 0.412500 0.015000 0.012500
6 0.237500 0.255000 0.010000 0.010000
6 0.168750 0.191250 0.012500 0.012500
6 0.135000 0.177500 0.012500 0.012500
6 0.130000 0.171250 0.012500 0.012500
6 0.121250 0.166250 0.012500 0.015000
6 0.112500 0.162500 0.015000 0.017500
6 0.105000 0.155000 0.012500 0.015000
6 0.096250 0.148750 0.012500 0.015000
6 0.090000 0.141250 0.015000 0.015000
6 0.083750 0.136250 0.012500 0.010000
6 0.075000 0.130000 0.012500 0.010000
6 0.073750 0.103750 0.012500 0.015000
6 0.083750 0.102500 0.010000 0.015000
6 0.091250 0.100000 0.007500 0.012500
6 0.100000 0.096250 0.012500 0.017500
6 0.107500 0.090000 0.012500 0.015000
6 0.115000 0.087500 0.010000 0.012500
6 0.122500 0.083750 0.007500 0.012500
6 0.115000 0.105000 0.010000 0.010000
6 0.126250 0.125000 0.010000 0.012500
6 0.135000 0.141250 0.012500 0.015000
6 0.152500 0.137500 0.010000 0.012500
6 0.146250 0.146250 0.007500 0.007500
6 0.145000 0.153750 0.010000 0.010000
6 0.157500 0.157500 0.007500 0.010000
6 0.163750 0.151250 0.010000 0.010000
6 0.170000 0.146250 0.007500 0.007500
6 0.177500 0.142500 0.012500 0.012500
6 0.158750 0.132500 0.007500 0.007500
6 0.166250 0.128750 0.012500 0.012500
6 0.186250 0.136250 0.010000 0.012500
6 0.178750 0.120000 0.010000 0.012500
6 0.186250 0.115000 0.010000 0.010000
6 0.193750 0.111250 0.007500 0.015000
6 0.202500 0.108750 0.007500 0.010000
6 0.210000 0.103750 0.010000 0.015000
6 0.495000 0.780000 0.010000 0.012500
6 0.482500 0.767500 0.010000 0.012500
6 0.477500 0.772500 0.015000 0.015000
6 0.480000 0.748750 0.012500 0.015000
6 0.482500 0.723750 0.010000 0.012500
6 0.470000 0.735000 0.010000 0.010000
6 0.465000 0.740000 0.010000 0.010000
6 0.457500 0.743750 0.012500 0.015000
6 0.452500 0.753750 0.012500 0.012500
6 0.467500 0.757500 0.010000 0.010000
6 0.457500 0.787500 0.012500 0.010000
6 0.448750 0.771250 0.010000 0.010000
6 0.438750 0.758750 0.012500 0.015000
6 0.432500 0.765000 0.012500 0.015000
6 0.437500 0.785000 0.010000 0.010000
6 0.416250 0.826250 0.010000 0.012500
6 0.421250 0.817500 0.015000 0.012500
6 0.408750 0.808750 0.012500 0.012500
6 0.402500 0.815000 0.012500 0.012500
6 0.413750 0.780000 0.010000 0.012500
6 0.408750 0.785000 0.010000 0.010000
6 0.402500 0.791250 0.012500 0.015000
6 0.426250 0.811250 0.010000 0.010000
6 0.432500 0.805000 0.012500 0.010000
6 0.516250 0.655000 0.012500 0.007500
6 0.511250 0.650000 0.010000 0.012500
6 0.507500 0.642500 0.012500 0.012500
6 0.502500 0.637500 0.010000 0.007500
6 0.500000 0.631250 0.015000 0.010000
6 0.492500 0.626250 0.010000 0.012500
6 0.487500 0.618750 0.012500 0.012500
6 0.486250 0.611250 0.010000 0.010000
6 0.497500 0.601250 0.010000 0.010000
6 0.502500 0.608750 0.015000 0.015000
6 0.506250 0.615000 0.010000 0.012500
6 0.511250 0.620000 0.010000 0.010000
6 0.515000 0.625000 0.012500 0.012500
6 0.518750 0.632500 0.012500 0.012500
6 0.525000 0.638750 0.010000 0.010000
6 0.518750 0.603750 0.012500 0.015000
6 0.520000 0.592500 0.010000 0.010000
6 0.522500 0.578750 0.015000 0.015000
6 0.523750 0.610000 0.012500 0.010000
6 0.528750 0.615000 0.012500 0.010000
6 0.532500 0.621250 0.010000 0.010000
6 0.538750 0.625000 0.010000 0.007500
6 0.545000 0.631250 0.010000 0.007500
6 0.555000 0.622500 0.012500 0.007500
6 0.552500 0.616250 0.012500 0.007500
6 0.543750 0.611250 0.015000 0.012500
6 0.543750 0.602500 0.012500 0.007500
6 0.535000 0.598750 0.012500 0.010000
6 0.531250 0.592500 0.012500 0.010000
6 0.567500 0.612500 0.015000 0.012500
6 0.581250 0.603750 0.015000 0.010000
6 0.565000 0.606250 0.012500 0.007500
6 0.560000 0.601250 0.015000 0.010000
6 0.555000 0.593750 0.010000 0.007500
6 0.563750 0.575000 0.010000 0.007500
6 0.566250 0.581250 0.015000 0.012500
6 0.542500 0.581250 0.015000 0.012500
6 0.548750 0.587500 0.017500 0.012500
6 0.316250 0.321250 0.010000 0.012500
6 0.346250 0.351250 0.012500 0.012500
6 0.353750 0.346250 0.010000 0.015000
6 0.360000 0.343750 0.010000 0.010000
6 0.366250 0.340000 0.010000 0.012500
6 0.373750 0.336250 0.012500 0.012500
6 0.381250 0.332500 0.012500 0.012500
6 0.342500 0.322500 0.012500 0.010000
6 0.330000 0.312500 0.010000 0.010000
6 0.335000 0.307500 0.012500 0.010000
6 0.343750 0.313750 0.012500 0.007500
6 0.353750 0.310000 0.012500 0.010000
6 0.400000 0.321250 0.010000 0.012500
6 0.406250 0.316250 0.010000 0.015000
6 0.415000 0.312500 0.012500 0.015000
6 0.388750 0.311250 0.010000 0.012500
6 0.402500 0.290000 0.007500 0.010000
6 0.412500 0.300000 0.005000 0.005000
6 0.422500 0.310000 0.010000 0.010000
6 0.428750 0.306250 0.010000 0.012500
6 0.407500 0.285000 0.007500 0.010000
6 0.418750 0.295000 0.010000 0.010000
6 0.423750 0.288750 0.010000 0.010000
6 0.435000 0.301250 0.012500 0.015000
6 0.430000 0.285000 0.010000 0.010000
6 0.442500 0.297500 0.007500 0.010000
6 0.426250 0.272500 0.010000 0.012500
6 0.448750 0.292500 0.012500 0.012500
6 0.428750 0.263750 0.010000 0.010000
6 0.442500 0.275000 0.010000 0.010000
6 0.453750 0.286250 0.010000 0.010000
6 0.440000 0.261250 0.010000 0.012500
6 0.450000 0.271250 0.012500 0.010000
6 0.442500 0.253750 0.010000 0.010000
6 0.455000 0.266250 0.015000 0.015000
6 0.471250 0.277500 0.012500 0.012500
6 0.463750 0.283750 0.012500 0.012500
6 0.452500 0.253750 0.010000 0.010000
6 0.463750 0.261250 0.012500 0.010000
6 0.478750 0.272500 0.012500 0.010000
6 0.483750 0.268750 0.015000 0.012500
6 0.471250 0.256250 0.012500 0.010000
6 0.458750 0.247500 0.010000 0.010000
6 0.490000 0.262500 0.012500 0.012500
6 0.496250 0.257500 0.012500 0.012500
6 0.477500 0.251250 0.015000 0.012500
6 0.463750 0.240000 0.015000 0.015000
6 0.501250 0.251250 0.012500 0.012500
6 0.483750 0.247500 0.010000 0.012500
6 0.487500 0.240000 0.012500 0.012500
6 0.471250 0.236250 0.012500 0.012500
6 0.473750 0.226250 0.015000 0.010000
6 0.451250 0.228750 0.010000 0.007500
6 0.472500 0.213750 0.012500 0.010000
6 0.483750 0.216250 0.012500 0.012500
6 0.506250 0.243750 0.010000 0.010000
6 0.507500 0.236250 0.010000 0.012500
6 0.496250 0.225000 0.010000 0.012500
6 0.502500 0.218750 0.010000 0.010000
6 0.515000 0.230000 0.012500 0.012500
6 0.518750 0.222500 0.010000 0.010000
6 0.506250 0.212500 0.012500 0.012500
6 0.493750 0.201250 0.012500 0.012500
6 0.481250 0.190000 0.010000 0.010000
6 0.488750 0.185000 0.012500 0.012500
6 0.493750 0.178750 0.012500 0.012500
6 0.500000 0.196250 0.007500 0.010000
6 0.510000 0.205000 0.010000 0.010000
6 0.523750 0.216250 0.010000 0.012500
6 0.530000 0.211250 0.012500 0.012500
6 0.503750 0.188750 0.012500 0.012500
6 0.516250 0.200000 0.010000 0.012500
6 0.510000 0.182500 0.012500 0.010000
6 0.522500 0.195000 0.010000 0.012500
6 0.536250 0.206250 0.012500 0.012500
6 0.541250 0.200000 0.012500 0.012500
6 0.527500 0.187500 0.015000 0.012500
6 0.547500 0.193750 0.012500 0.010000
6 0.535000 0.181250 0.015000 0.012500
6 0.511250 0.161250 0.010000 0.010000
6 0.546250 0.181250 0.010000 0.010000
6 0.521250 0.160000 0.010000 0.010000
6 0.532500 0.171250 0.012500 0.012500
6 0.547500 0.173750 0.010000 0.012500
6 0.533750 0.161250 0.010000 0.010000
6 0.525000 0.152500 0.010000 0.010000
6 0.535000 0.150000 0.012500 0.010000
6 0.547500 0.162500 0.012500 0.012500
6 0.555000 0.158750 0.010000 0.010000
6 0.543750 0.148750 0.012500 0.010000
6 0.531250 0.136250 0.010000 0.010000
6 0.538750 0.122500 0.012500 0.015000
6 0.546250 0.140000 0.012500 0.012500
6 0.585000 0.141250 0.015000 0.015000
6 0.552500 0.133750 0.010000 0.010000
6 0.556250 0.125000 0.010000 0.007500
6 0.545000 0.113750 0.015000 0.012500
6 0.561250 0.118750 0.012500 0.012500
6 0.560000 0.152500 0.015000 0.012500
6 0.588750 0.135000 0.015000 0.012500
6 0.562500 0.176250 0.012500 0.012500
6 0.567500 0.170000 0.010000 0.012500
6 0.572500 0.163750 0.012500 0.012500
6 0.576250 0.156250 0.012500 0.010000
6 0.562500 0.145000 0.010000 0.010000
6 0.567500 0.137500 0.012500 0.010000
6 0.578750 0.116250 0.010000 0.010000
6 0.591250 0.127500 0.012500 0.012500
6 0.593750 0.117500 0.012500 0.012500
6 0.597500 0.110000 0.012500 0.012500
6 0.586250 0.098750 0.012500 0.012500
6 0.581250 0.105000 0.010000 0.010000
6 0.566250 0.102500 0.010000 0.010000
6 0.573750 0.087500 0.012500 0.010000
6 0.558750 0.085000 0.010000 0.007500
6 0.598750 0.100000 0.012500 0.012500
6 0.586250 0.088750 0.012500 0.012500
6 0.575000 0.078750 0.010000 0.012500
6 0.581250 0.072500 0.010000 0.010000
6 0.606250 0.093750 0.012500 0.010000
6 0.592500 0.083750 0.010000 0.007500
6 0.611250 0.088750 0.015000 0.015000
6 0.597500 0.076250 0.012500 0.012500
6 0.578750 0.060000 0.015000 0.012500
6 0.610000 0.075000 0.015000 0.010000
6 0.583750 0.052500 0.015000 0.012500
6 0.612500 0.067500 0.012500 0.010000
6 0.617500 0.062500 0.012500 0.015000
6 0.613750 0.046250 0.012500 0.012500
6 0.617500 0.037500 0.012500 0.010000
6 0.608750 0.012500 0.010000 0.010000
6 0.622500 0.032500 0.010000 0.010000
6 0.627500 0.015000 0.007500 0.007500
6 0.616250 0.006250 0.010000 0.010000
6 0.623750 0.002500 0.010000 0.010000
6 0.503750 0.468750 0.022500 0.025000
6 0.378750 0.810000 0.012500 0.015000
6 0.390000 0.823750 0.015000 0.015000
6 0.862500 0.635000 0.020000 0.025000
6 0.840000 0.656250 0.017500 0.020000
6 0.856250 0.671250 0.012500 0.015000
6 0.868750 0.683750 0.017500 0.015000
6 0.883750 0.698750 0.015000 0.017500
6 0.898750 0.716250 0.012500 0.015000
6 0.781250 0.670000 0.020000 0.027500
6 0.796250 0.668750 0.015000 0.022500
6 0.873750 0.636250 0.042500 0.037500
6 0.926250 0.700000 0.040000 0.025000
6 0.577500 0.001250 0.012500 0.010000
6 0.572500 0.007500 0.012500 0.010000
6 0.567500 0.015000 0.015000 0.015000
6 0.552500 0.003750 0.012500 0.010000
6 0.563750 0.022500 0.012500 0.010000
6 0.558750 0.027500 0.015000 0.010000
6 0.553750 0.033750 0.012500 0.010000
6 0.548750 0.041250 0.012500 0.012500
6 0.527500 0.045000 0.012500 0.010000
6 0.543750 0.048750 0.015000 0.012500
6 0.530000 0.036250 0.015000 0.012500
6 0.536250 0.031250 0.012500 0.010000
6 0.537500 0.052500 0.015000 0.012500
6 0.521250 0.051250 0.012500 0.010000
6 0.532500 0.060000 0.015000 0.012500
6 0.531250 0.067500 0.012500 0.010000
6 0.527500 0.073750 0.012500 0.010000
6 0.521250 0.078750 0.012500 0.010000
6 0.518750 0.086250 0.015000 0.010000
6 0.512500 0.092500 0.015000 0.010000
6 0.507500 0.100000 0.015000 0.012500
6 0.502500 0.106250 0.015000 0.010000
6 0.498750 0.113750 0.015000 0.012500
6 0.492500 0.122500 0.015000 0.012500
6 0.488750 0.130000 0.012500 0.010000
6 0.481250 0.133750 0.020000 0.015000
6 0.503750 0.076250 0.015000 0.012500
6 0.497500 0.082500 0.017500 0.012500
6 0.488750 0.096250 0.015000 0.012500
6 0.476250 0.116250 0.012500 0.012500
6 0.481250 0.108750 0.012500 0.010000
6 0.515000 0.057500 0.017500 0.012500
6 0.511250 0.062500 0.017500 0.012500
6 0.508750 0.071250 0.015000 0.010000
6 0.490000 0.090000 0.015000 0.012500
6 0.483750 0.102500 0.015000 0.010000
6 0.466250 0.123750 0.015000 0.010000
6 0.463750 0.130000 0.012500 0.007500
6 0.460000 0.138750 0.010000 0.007500
6 0.465000 0.153750 0.012500 0.012500
6 0.471250 0.148750 0.015000 0.012500
6 0.475000 0.141250 0.012500 0.010000
6 0.450000 0.148750 0.012500 0.012500
6 0.461250 0.160000 0.015000 0.012500
6 0.445000 0.156250 0.015000 0.012500
6 0.456250 0.165000 0.015000 0.012500
6 0.441250 0.165000 0.010000 0.007500
6 0.455000 0.175000 0.015000 0.010000
6 0.433750 0.172500 0.012500 0.012500
6 0.448750 0.181250 0.015000 0.010000
6 0.443750 0.187500 0.012500 0.007500
6 0.438750 0.195000 0.017500 0.012500
6 0.411250 0.203750 0.012500 0.010000
6 0.433750 0.201250 0.012500 0.010000
6 0.428750 0.208750 0.012500 0.012500
6 0.427500 0.215000 0.012500 0.010000
6 0.417500 0.218750 0.010000 0.010000
6 0.416250 0.227500 0.012500 0.010000
6 0.402500 0.216250 0.015000 0.012500
6 0.405000 0.210000 0.017500 0.012500
6 0.418750 0.190000 0.012500 0.007500
6 0.416250 0.197500 0.012500 0.010000
6 0.397500 0.225000 0.012500 0.010000
6 0.408750 0.232500 0.010000 0.010000
6 0.406250 0.241250 0.015000 0.010000
6 0.402500 0.250000 0.012500 0.012500
6 0.395000 0.255000 0.015000 0.015000
6 0.388750 0.268750 0.012500 0.012500
6 0.382500 0.275000 0.015000 0.012500
6 0.370000 0.265000 0.015000 0.012500
6 0.363750 0.270000 0.010000 0.010000
6 0.375000 0.280000 0.012500 0.012500
6 0.372500 0.287500 0.015000 0.012500
6 0.358750 0.306250 0.012500 0.010000
6 0.308750 0.325000 0.015000 0.012500
6 0.322500 0.317500 0.015000 0.012500
6 0.342500 0.303750 0.012500 0.010000
6 0.348750 0.296250 0.012500 0.010000
6 0.362500 0.298750 0.012500 0.010000
6 0.358750 0.276250 0.012500 0.010000
6 0.356250 0.283750 0.010000 0.010000
6 0.351250 0.288750 0.010000 0.010000
6 0.377500 0.953750 0.012500 0.015000
6 0.283750 0.557500 0.030000 0.032500
6 0.280000 0.568750 0.030000 0.030000
6 0.271250 0.577500 0.027500 0.027500
6 0.262500 0.586250 0.032500 0.037500
6 0.246250 0.598750 0.030000 0.027500
6 0.236250 0.607500 0.030000 0.030000
6 0.230000 0.613750 0.020000 0.020000
6 0.023750 0.460000 0.012500 0.015000
6 0.231250 0.630000 0.027500 0.022500
6 0.223750 0.636250 0.017500 0.025000
6 0.213750 0.642500 0.027500 0.027500
6 0.221250 0.665000 0.025000 0.022500
6 0.231250 0.667500 0.015000 0.012500
6 0.231250 0.676250 0.027500 0.022500
6 0.236250 0.686250 0.017500 0.017500
6 0.240000 0.693750 0.020000 0.017500
6 0.248750 0.705000 0.020000 0.017500
6 0.253750 0.711250 0.017500 0.015000
6 0.261250 0.716250 0.025000 0.017500
6 0.276250 0.728750 0.025000 0.022500
6 0.277500 0.740000 0.020000 0.017500
6 0.283750 0.746250 0.025000 0.022500
6 0.291250 0.753750 0.022500 0.020000
6 0.298750 0.761250 0.025000 0.022500
6 0.302500 0.770000 0.025000 0.020000
6 0.313750 0.782500 0.022500 0.020000
6 0.321250 0.788750 0.017500 0.015000
6 0.325000 0.800000 0.020000 0.015000
6 0.328750 0.806250 0.020000 0.017500
6 0.335000 0.812500 0.017500 0.015000
6 0.341250 0.820000 0.022500 0.017500
6 0.352500 0.832500 0.022500 0.020000
6 0.358750 0.838750 0.020000 0.020000
6 0.367500 0.851250 0.022500 0.017500
6 0.373750 0.860000 0.022500 0.022500
6 0.378750 0.866250 0.020000 0.020000
6 0.391250 0.870000 0.022500 0.022500
6 0.396250 0.877500 0.020000 0.020000
6 0.398750 0.888750 0.017500 0.017500
6 0.410000 0.891250 0.017500 0.017500
6 0.415000 0.898750 0.020000 0.017500
6 0.417500 0.907500 0.025000 0.022500
6 0.425000 0.917500 0.027500 0.022500
6 0.437500 0.932500 0.022500 0.022500
6 0.443750 0.940000 0.025000 0.025000
6 0.450000 0.951250 0.022500 0.022500
6 0.460000 0.961250 0.020000 0.020000
6 0.468750 0.967500 0.020000 0.020000
6 0.475000 0.973750 0.020000 0.025000
6 0.296250 0.552500 0.027500 0.030000
6 0.305000 0.543750 0.027500 0.025000
6 0.310000 0.536250 0.022500 0.025000
6 0.315000 0.525000 0.030000 0.035000
6 0.325000 0.518750 0.025000 0.027500
6 0.336250 0.511250 0.030000 0.027500
6 0.342500 0.501250 0.037500 0.035000
6 0.347500 0.491250 0.025000 0.025000
6 0.370000 0.478750 0.022500 0.025000
6 0.378750 0.503750 0.025000 0.025000
6 0.402500 0.483750 0.027500 0.022500
6 0.382500 0.472500 0.017500 0.022500
6 0.392500 0.468750 0.022500 0.025000
6 0.397500 0.456250 0.027500 0.032500
6 0.411250 0.451250 0.022500 0.027500
6 0.422500 0.445000 0.022500 0.027500
6 0.433750 0.441250 0.020000 0.025000
6 0.441250 0.435000 0.030000 0.032500
6 0.452500 0.427500 0.022500 0.030000
6 0.461250 0.421250 0.030000 0.035000
6 0.472500 0.415000 0.025000 0.030000
6 0.485000 0.407500 0.027500 0.032500
6 0.513750 0.412500 0.027500 0.022500
6 0.521250 0.422500 0.030000 0.022500
6 0.527500 0.431250 0.027500 0.022500
6 0.506250 0.401250 0.027500 0.025000
6 0.513750 0.381250 0.017500 0.022500
6 0.527500 0.371250 0.020000 0.020000
6 0.543750 0.390000 0.020000 0.022500
6 0.530000 0.402500 0.022500 0.022500
6 0.555000 0.406250 0.020000 0.022500
6 0.561250 0.413750 0.020000 0.025000
6 0.573750 0.412500 0.017500 0.020000
6 0.578750 0.418750 0.017500 0.017500
6 0.586250 0.422500 0.017500 0.017500
6 0.578750 0.437500 0.022500 0.022500
6 0.590000 0.428750 0.015000 0.015000
6 0.597500 0.435000 0.017500 0.020000
6 0.610000 0.448750 0.022500 0.025000
6 0.616250 0.451250 0.015000 0.015000
6 0.551250 0.453750 0.022500 0.020000
6 0.558750 0.461250 0.025000 0.022500
6 0.563750 0.473750 0.035000 0.032500
6 0.565000 0.485000 0.022500 0.025000
6 0.585000 0.472500 0.017500 0.020000
6 0.583750 0.485000 0.022500 0.020000
6 0.568750 0.495000 0.015000 0.015000
6 0.573750 0.502500 0.017500 0.020000
6 0.592500 0.492500 0.020000 0.022500
6 0.581250 0.507500 0.022500 0.020000
6 0.573750 0.521250 0.017500 0.017500
6 0.611250 0.491250 0.022500 0.022500
6 0.591250 0.540000 0.032500 0.030000
6 0.581250 0.545000 0.027500 0.027500
6 0.603750 0.560000 0.020000 0.020000
6 0.667500 0.522500 0.035000 0.030000
6 0.658750 0.530000 0.037500 0.027500
6 0.653750 0.541250 0.032500 0.025000
6 0.647500 0.551250 0.032500 0.030000
6 0.641250 0.561250 0.032500 0.027500
6 0.617500 0.575000 0.030000 0.027500
6 0.611250 0.583750 0.032500 0.030000
6 0.697500 0.558750 0.032500 0.027500
6 0.688750 0.566250 0.035000 0.030000
6 0.682500 0.576250 0.037500 0.032500
6 0.670000 0.582500 0.035000 0.030000
6 0.700000 0.605000 0.037500 0.030000
6 0.718750 0.601250 0.025000 0.020000
6 0.716250 0.586250 0.022500 0.020000
6 0.723750 0.578750 0.027500 0.025000
6 0.768750 0.563750 0.042500 0.032500
6 0.801250 0.607500 0.035000 0.025000
6 0.781250 0.601250 0.020000 0.015000
6 0.653750 0.590000 0.020000 0.020000
6 0.676250 0.606250 0.030000 0.025000
6 0.698750 0.625000 0.030000 0.025000
6 0.690000 0.631250 0.027500 0.020000
6 0.667500 0.616250 0.032500 0.027500
6 0.642500 0.596250 0.032500 0.032500
6 0.636250 0.606250 0.030000 0.027500
6 0.665000 0.627500 0.045000 0.035000
6 0.525000 0.495000 0.027500 0.032500
6 0.541250 0.516250 0.015000 0.017500
6 0.490000 0.483750 0.030000 0.035000
6 0.473750 0.491250 0.025000 0.032500
6 0.461250 0.497500 0.030000 0.027500
6 0.455000 0.506250 0.035000 0.035000
6 0.445000 0.511250 0.030000 0.030000
6 0.433750 0.517500 0.022500 0.022500
6 0.431250 0.536250 0.035000 0.037500
6 0.417500 0.542500 0.032500 0.037500
6 0.411250 0.517500 0.020000 0.017500
6 0.403750 0.547500 0.025000 0.032500
6 0.398750 0.560000 0.032500 0.037500
6 0.383750 0.557500 0.025000 0.027500
6 0.398750 0.572500 0.010000 0.012500
6 0.385000 0.575000 0.017500 0.017500
6 0.406250 0.591250 0.017500 0.020000
6 0.387500 0.597500 0.015000 0.015000
6 0.395000 0.592500 0.015000 0.017500
6 0.362500 0.573750 0.027500 0.030000
6 0.352500 0.580000 0.022500 0.022500
6 0.346250 0.593750 0.025000 0.025000
6 0.333750 0.607500 0.025000 0.030000
6 0.328750 0.616250 0.032500 0.037500
6 0.316250 0.615000 0.027500 0.030000
6 0.300000 0.626250 0.020000 0.025000
6 0.290000 0.630000 0.020000 0.020000
6 0.283750 0.637500 0.020000 0.025000
6 0.277500 0.642500 0.017500 0.022500
6 0.270000 0.647500 0.017500 0.017500
6 0.266250 0.656250 0.017500 0.020000
6 0.280000 0.672500 0.020000 0.020000
6 0.291250 0.687500 0.015000 0.017500
6 0.296250 0.681250 0.012500 0.015000
6 0.308750 0.685000 0.025000 0.022500
6 0.326250 0.698750 0.017500 0.015000
6 0.305000 0.703750 0.015000 0.017500
6 0.337500 0.687500 0.017500 0.017500
6 0.342500 0.678750 0.020000 0.022500
6 0.305000 0.648750 0.020000 0.020000
6 0.313750 0.643750 0.015000 0.020000
6 0.320000 0.638750 0.015000 0.017500
6 0.325000 0.663750 0.020000 0.025000
6 0.331250 0.655000 0.022500 0.022500
6 0.333750 0.640000 0.025000 0.030000
6 0.350000 0.661250 0.020000 0.025000
6 0.348750 0.643750 0.020000 0.025000
6 0.368750 0.652500 0.025000 0.025000
6 0.363750 0.661250 0.015000 0.017500
6 0.353750 0.630000 0.015000 0.017500
6 0.358750 0.622500 0.020000 0.020000
6 0.366250 0.617500 0.020000 0.025000
6 0.373750 0.611250 0.017500 0.022500
6 0.383750 0.640000 0.020000 0.022500
6 0.396250 0.625000 0.025000 0.030000
6 0.388750 0.631250 0.020000 0.022500
6 0.427500 0.615000 0.017500 0.017500
6 0.428750 0.605000 0.017500 0.017500
6 0.435000 0.602500 0.015000 0.015000
6 0.447500 0.597500 0.017500 0.020000
6 0.452500 0.591250 0.017500 0.017500
6 0.422500 0.572500 0.020000 0.022500
6 0.433750 0.571250 0.020000 0.022500
6 0.292500 0.662500 0.027500 0.027500
6 0.452500 0.537500 0.020000 0.020000
6 0.448750 0.562500 0.015000 0.015000
6 0.458750 0.557500 0.015000 0.017500
6 0.465000 0.553750 0.015000 0.017500
6 0.473750 0.551250 0.012500 0.015000
6 0.485000 0.546250 0.015000 0.020000
6 0.493750 0.542500 0.017500 0.017500
6 0.465000 0.532500 0.022500 0.022500
6 0.473750 0.530000 0.020000 0.022500
6 0.490000 0.527500 0.032500 0.037500
6 0.498750 0.523750 0.030000 0.040000
6 0.507500 0.520000 0.027500 0.040000
6 0.510000 0.502500 0.012500 0.017500
6 0.518750 0.501250 0.012500 0.017500
6 0.525000 0.496250 0.027500 0.032500
6 0.527500 0.522500 0.015000 0.022500
6 0.527500 0.541250 0.020000 0.015000
6 0.512500 0.551250 0.017500 0.017500
6 0.500000 0.560000 0.015000 0.017500
6 0.491250 0.561250 0.015000 0.017500
6 0.476250 0.567500 0.017500 0.017500
6 0.468750 0.572500 0.015000 0.017500
6 0.463750 0.578750 0.020000 0.022500
6 0.546250 0.556250 0.017500 0.015000
6 0.551250 0.562500 0.017500 0.015000
6 0.557500 0.568750 0.020000 0.017500
6 0.528750 0.642500 0.015000 0.015000
6 0.462500 0.631250 0.017500 0.015000
6 0.470000 0.646250 0.017500 0.017500
6 0.480000 0.656250 0.015000 0.015000
6 0.486250 0.662500 0.017500 0.015000
6 0.456250 0.647500 0.020000 0.017500
6 0.440000 0.660000 0.017500 0.017500
6 0.456250 0.657500 0.017500 0.015000
6 0.447500 0.643750 0.017500 0.017500
6 0.433750 0.656250 0.015000 0.017500
6 0.422500 0.666250 0.015000 0.015000
6 0.416250 0.680000 0.017500 0.015000
6 0.428750 0.671250 0.015000 0.015000
6 0.432500 0.676250 0.015000 0.015000
6 0.436250 0.683750 0.017500 0.017500
6 0.420000 0.687500 0.017500 0.015000
6 0.423750 0.693750 0.017500 0.015000
6 0.430000 0.698750 0.017500 0.017500
6 0.402500 0.690000 0.015000 0.015000
6 0.405000 0.697500 0.015000 0.015000
6 0.410000 0.703750 0.012500 0.012500
6 0.416250 0.710000 0.015000 0.015000
6 0.433750 0.705000 0.017500 0.015000
6 0.441250 0.708750 0.017500 0.015000
6 0.428750 0.720000 0.015000 0.015000
6 0.435000 0.723750 0.015000 0.015000
6 0.442500 0.687500 0.015000 0.012500
6 0.448750 0.692500 0.015000 0.015000
6 0.453750 0.698750 0.017500 0.017500
6 0.456250 0.676250 0.017500 0.015000
6 0.466250 0.688750 0.015000 0.012500
6 0.471250 0.693750 0.015000 0.012500
6 0.468750 0.666250 0.017500 0.015000
6 0.473750 0.671250 0.017500 0.015000
6 0.481250 0.677500 0.017500 0.015000
6 0.483750 0.683750 0.017500 0.015000
6 0.495000 0.675000 0.017500 0.015000
6 0.372500 0.702500 0.017500 0.015000
6 0.376250 0.708750 0.015000 0.015000
6 0.388750 0.717500 0.017500 0.015000
6 0.393750 0.723750 0.017500 0.015000
6 0.398750 0.730000 0.017500 0.017500
6 0.408750 0.738750 0.017500 0.015000
6 0.415000 0.745000 0.017500 0.015000
6 0.376250 0.728750 0.017500 0.015000
6 0.381250 0.733750 0.015000 0.015000
6 0.387500 0.737500 0.017500 0.015000
6 0.391250 0.745000 0.017500 0.015000
6 0.396250 0.750000 0.015000 0.015000
6 0.402500 0.756250 0.020000 0.015000
6 0.348750 0.722500 0.015000 0.015000
6 0.353750 0.730000 0.012500 0.015000
6 0.358750 0.735000 0.017500 0.015000
6 0.365000 0.740000 0.015000 0.015000
6 0.376250 0.751250 0.020000 0.017500
6 0.380000 0.756250 0.015000 0.015000
6 0.385000 0.761250 0.015000 0.015000
6 0.337500 0.735000 0.017500 0.017500
6 0.342500 0.741250 0.017500 0.017500
6 0.347500 0.746250 0.015000 0.017500
6 0.353750 0.751250 0.015000 0.015000
6 0.358750 0.757500 0.015000 0.015000
6 0.363750 0.762500 0.017500 0.017500
6 0.367500 0.767500 0.017500 0.015000
6 0.368750 0.767500 0.015000 0.015000
6 0.375000 0.771250 0.012500 0.012500
6 0.378750 0.777500 0.015000 0.012500
6 0.385000 0.805000 0.012500 0.012500
6 0.420000 0.775000 0.015000 0.017500
6 0.426250 0.770000 0.017500 0.017500
6 0.396250 0.795000 0.015000 0.017500
6 0.442500 0.778750 0.015000 0.017500
6 0.417500 0.797500 0.012500 0.015000
6 0.425000 0.792500 0.015000 0.015000
6 0.430000 0.788750 0.012500 0.015000
6 0.467500 0.798750 0.015000 0.015000
6 0.473750 0.793750 0.015000 0.015000
6 0.481250 0.788750 0.017500 0.015000
6 0.446250 0.797500 0.015000 0.017500
6 0.451250 0.792500 0.015000 0.020000
6 0.486250 0.785000 0.012500 0.015000
6 0.493750 0.763750 0.027500 0.027500
6 0.502500 0.756250 0.027500 0.032500
6 0.510000 0.747500 0.025000 0.030000
6 0.518750 0.740000 0.025000 0.032500
6 0.528750 0.732500 0.027500 0.032500
6 0.535000 0.723750 0.030000 0.035000
6 0.546250 0.717500 0.027500 0.032500
6 0.555000 0.710000 0.025000 0.030000
6 0.563750 0.703750 0.025000 0.032500
6 0.572500 0.695000 0.030000 0.032500
6 0.581250 0.690000 0.027500 0.030000
6 0.593750 0.685000 0.022500 0.025000
6 0.601250 0.678750 0.020000 0.025000
6 0.610000 0.670000 0.022500 0.027500
6 0.617500 0.662500 0.022500 0.030000
6 0.626250 0.658750 0.020000 0.030000
6 0.635000 0.652500 0.027500 0.035000
6 0.537500 0.681250 0.017500 0.025000
6 0.545000 0.673750 0.017500 0.022500
6 0.552500 0.668750 0.017500 0.025000
6 0.561250 0.663750 0.017500 0.025000
6 0.568750 0.657500 0.017500 0.025000
6 0.576250 0.653750 0.020000 0.025000
6 0.488750 0.713750 0.025000 0.032500
6 0.510000 0.700000 0.015000 0.020000
6 0.591250 0.642500 0.022500 0.030000
6 0.602500 0.638750 0.025000 0.032500
6 0.611250 0.632500 0.017500 0.025000
6 0.622500 0.631250 0.017500 0.020000
6 0.640000 0.491250 0.017500 0.017500
6 0.635000 0.498750 0.017500 0.017500
6 0.631250 0.506250 0.017500 0.017500
6 0.638750 0.742500 0.032500 0.045000
6 0.628750 0.751250 0.030000 0.045000
6 0.616250 0.755000 0.027500 0.045000
6 0.603750 0.753750 0.017500 0.027500
6 0.621250 0.785000 0.027500 0.040000
6 0.661250 0.787500 0.030000 0.045000
6 0.653750 0.798750 0.032500 0.045000
6 0.583750 0.760000 0.017500 0.020000
6 0.591250 0.751250 0.015000 0.017500
6 0.572500 0.762500 0.015000 0.022500
6 0.565000 0.766250 0.017500 0.022500
6 0.557500 0.771250 0.015000 0.022500
6 0.548750 0.775000 0.017500 0.022500
6 0.543750 0.783750 0.015000 0.022500
6 0.538750 0.793750 0.012500 0.017500
6 0.512500 0.806250 0.012500 0.022500
6 0.507500 0.812500 0.012500 0.020000
6 0.500000 0.816250 0.010000 0.020000
6 0.492500 0.818750 0.010000 0.020000
6 0.487500 0.827500 0.012500 0.020000
6 0.480000 0.831250 0.010000 0.017500
6 0.473750 0.835000 0.010000 0.020000
6 0.467500 0.838750 0.010000 0.020000
6 0.460000 0.841250 0.012500 0.020000
6 0.453750 0.846250 0.012500 0.017500
6 0.448750 0.850000 0.010000 0.017500
6 0.602500 0.772500 0.020000 0.025000
6 0.595000 0.778750 0.020000 0.025000
6 0.586250 0.783750 0.015000 0.022500
6 0.577500 0.788750 0.017500 0.025000
6 0.570000 0.793750 0.015000 0.022500
6 0.562500 0.800000 0.017500 0.025000
6 0.553750 0.805000 0.015000 0.022500
6 0.547500 0.812500 0.015000 0.020000
6 0.538750 0.816250 0.015000 0.022500
6 0.527500 0.818750 0.020000 0.032500
6 0.521250 0.830000 0.015000 0.025000
6 0.512500 0.836250 0.015000 0.027500
6 0.503750 0.838750 0.015000 0.025000
6 0.497500 0.848750 0.015000 0.025000
6 0.488750 0.853750 0.017500 0.027500
6 0.481250 0.857500 0.017500 0.027500
6 0.472500 0.862500 0.015000 0.025000
6 0.465000 0.865000 0.015000 0.022500
6 0.455000 0.867500 0.012500 0.020000
6 0.616250 0.798750 0.025000 0.027500
6 0.598750 0.811250 0.025000 0.025000
6 0.586250 0.816250 0.025000 0.025000
6 0.576250 0.823750 0.025000 0.025000
6 0.566250 0.830000 0.027500 0.025000
6 0.556250 0.835000 0.025000 0.022500
6 0.546250 0.842500 0.025000 0.025000
6 0.538750 0.851250 0.027500 0.025000
6 0.527500 0.856250 0.025000 0.027500
6 0.518750 0.863750 0.025000 0.025000
6 0.510000 0.871250 0.025000 0.025000
6 0.500000 0.878750 0.022500 0.027500
6 0.491250 0.883750 0.022500 0.025000
6 0.480000 0.883750 0.015000 0.017500
6 0.470000 0.880000 0.012500 0.020000
6 0.463750 0.885000 0.012500 0.020000
6 0.480000 0.895000 0.015000 0.017500
6 0.488750 0.916250 0.022500 0.025000
6 0.496250 0.910000 0.022500 0.025000
6 0.641250 0.815000 0.020000 0.027500
6 0.632500 0.822500 0.022500 0.025000
6 0.623750 0.827500 0.020000 0.025000
6 0.612500 0.833750 0.020000 0.025000
6 0.603750 0.838750 0.020000 0.025000
6 0.595000 0.845000 0.020000 0.025000
6 0.586250 0.851250 0.020000 0.025000
6 0.576250 0.857500 0.017500 0.025000
6 0.567500 0.863750 0.017500 0.027500
6 0.558750 0.867500 0.017500 0.025000
6 0.550000 0.875000 0.020000 0.025000
6 0.541250 0.881250 0.020000 0.022500
6 0.533750 0.886250 0.020000 0.022500
6 0.523750 0.892500 0.020000 0.025000
6 0.516250 0.897500 0.020000 0.025000
6 0.506250 0.903750 0.020000 0.025000
6 0.705000 0.822500 0.030000 0.047500
6 0.693750 0.826250 0.027500 0.045000
6 0.682500 0.832500 0.027500 0.045000
6 0.676250 0.851250 0.022500 0.030000
6 0.667500 0.856250 0.025000 0.027500
6 0.657500 0.863750 0.022500 0.027500
6 0.687500 0.871250 0.040000 0.027500
6 0.658750 0.897500 0.030000 0.027500
6 0.658750 0.885000 0.020000 0.017500
6 0.640000 0.875000 0.025000 0.025000
6 0.628750 0.881250 0.022500 0.027500
6 0.617500 0.887500 0.025000 0.025000
6 0.606250 0.896250 0.022500 0.025000
6 0.596250 0.905000 0.027500 0.030000
6 0.587500 0.910000 0.022500 0.027500
6 0.577500 0.917500 0.022500 0.025000
6 0.568750 0.925000 0.025000 0.027500
6 0.558750 0.931250 0.022500 0.022500
6 0.550000 0.938750 0.025000 0.025000
6 0.541250 0.946250 0.025000 0.027500
6 0.533750 0.953750 0.027500 0.027500
6 0.522500 0.960000 0.017500 0.020000
6 0.560000 0.958750 0.040000 0.032500
6 0.631250 0.940000 0.025000 0.017500
6 0.605000 0.953750 0.035000 0.025000
6 0.620000 0.968750 0.020000 0.017500
6 0.803750 0.686250 0.030000 0.020000
6 0.807500 0.697500 0.035000 0.020000
6 0.817500 0.703750 0.032500 0.017500
6 0.826250 0.715000 0.027500 0.022500
6 0.831250 0.723750 0.025000 0.022500
6 0.837500 0.733750 0.022500 0.022500
6 0.843750 0.743750 0.032500 0.017500
6 0.847500 0.753750 0.022500 0.017500
6 0.802500 0.801250 0.032500 0.027500
6 0.742500 0.837500 0.030000 0.025000
6 0.921250 0.765000 0.045000 0.035000
6 0.868750 0.797500 0.037500 0.030000
6 0.790000 0.706250 0.042500 0.045000
6 0.776250 0.713750 0.035000 0.042500
6 0.817500 0.747500 0.037500 0.045000
6 0.810000 0.756250 0.037500 0.040000
6 0.793750 0.763750 0.040000 0.042500
6 0.885000 0.648750 0.040000 0.035000
6 0.902500 0.680000 0.030000 0.027500
6 0.898750 0.667500 0.032500 0.030000
6 0.916250 0.686250 0.040000 0.037500
6 0.906250 0.712500 0.017500 0.020000
6 0.892500 0.696250 0.017500 0.017500
6 0.880000 0.682500 0.015000 0.015000
6 0.866250 0.668750 0.020000 0.020000
6 0.561250 0.000000 0.015000 0.012500
6 0.553750 0.100000 0.012500 0.010000
6 0.548750 0.106250 0.012500 0.012500
6 0.572500 0.131250 0.012500 0.015000
6 0.575000 0.123750 0.015000 0.015000
6 0.593750 0.038750 0.015000 0.015000
6 0.602500 0.026250 0.012500 0.012500
6 0.601250 0.035000 0.012500 0.010000
6 0.600000 0.055000 0.012500 0.012500
6 0.596250 0.065000 0.015000 0.012500
6 0.606250 0.050000 0.015000 0.012500
6 0.621250 0.021250 0.015000 0.012500
6 0.563750 0.070000 0.012500 0.010000
6 0.562500 0.077500 0.015000 0.015000
6 0.570000 0.093750 0.012500 0.010000
6 0.522500 0.172500 0.012500 0.010000
6 0.515000 0.176250 0.010000 0.010000
6 0.561250 0.186250 0.012500 0.012500
6 0.486250 0.226250 0.015000 0.012500
6 0.458750 0.225000 0.012500 0.012500
6 0.441250 0.243750 0.015000 0.012500
6 0.436250 0.281250 0.010000 0.010000
6 0.485000 0.206250 0.012500 0.012500
6 0.388750 0.328750 0.012500 0.012500
6 0.605000 0.020000 0.015000 0.010000
6 0.267500 0.725000 0.020000 0.020000
6 0.396250 0.685000 0.012500 0.012500
6 0.458750 0.703750 0.015000 0.017500
6 0.461250 0.682500 0.017500 0.015000
6 0.462500 0.781250 0.015000 0.015000
6 0.607500 0.803750 0.025000 0.025000
6 0.527500 0.822500 0.012500 0.022500
6 0.686250 0.871250 0.032500 0.022500
