6 0.930000 0.638750 0.022500 0.020000
6 0.946250 0.622500 0.025000 0.020000
6 0.951250 0.643750 0.020000 0.022500
6 0.962500 0.641250 0.017500 0.022500
6 0.002500 0.298750 0.015000 0.010000
6 0.831250 0.850000 0.007500 0.015000
6 0.748750 0.732500 0.015000 0.017500
6 0.726250 0.722500 0.015000 0.010000
6 0.743750 0.752500 0.012500 0.015000
6 0.735000 0.740000 0.012500 0.010000
6 0.626250 0.835000 0.010000 0.015000
6 0.662500 0.540000 0.017500 0.017500
6 0.675000 0.522500 0.010000 0.015000
6 0.807500 0.548750 0.015000 0.015000
6 0.812500 0.541250 0.010000 0.010000
6 0.661250 0.506250 0.017500 0.015000
6 0.728750 0.502500 0.012500 0.015000
6 0.715000 0.486250 0.012500 0.015000
6 0.716250 0.461250 0.012500 0.015000
6 0.731250 0.452500 0.007500 0.017500
6 0.687500 0.463750 0.017500 0.020000
6 0.748750 0.442500 0.015000 0.012500
6 0.765000 0.435000 0.015000 0.007500
6 0.745000 0.435000 0.012500 0.012500
6 0.740000 0.430000 0.012500 0.015000
6 0.728750 0.426250 0.012500 0.012500
6 0.695000 0.421250 0.010000 0.012500
6 0.793750 0.422500 0.017500 0.010000
6 0.777500 0.416250 0.015000 0.010000
6 0.763750 0.403750 0.012500 0.015000
6 0.773750 0.386250 0.015000 0.020000
6 0.777500 0.400000 0.012500 0.020000
6 0.792500 0.391250 0.007500 0.017500
6 0.777500 0.368750 0.007500 0.010000
6 0.770000 0.365000 0.010000 0.015000
6 0.787500 0.372500 0.007500 0.015000
6 0.801250 0.407500 0.017500 0.010000
6 0.813750 0.411250 0.017500 0.010000
6 0.828750 0.400000 0.012500 0.017500
6 0.823750 0.393750 0.010000 0.010000
6 0.813750 0.395000 0.010000 0.012500
6 0.796250 0.375000 0.010000 0.017500
6 0.805000 0.376250 0.012500 0.015000
6 0.812500 0.376250 0.012500 0.012500
6 0.820000 0.376250 0.007500 0.010000
6 0.827500 0.377500 0.010000 0.012500
6 0.833750 0.380000 0.005000 0.015000
6 0.153750 0.963750 0.062500 0.020000
6 0.178750 0.948750 0.060000 0.020000
6 0.322500 0.971250 0.020000 0.047500
6 0.312500 0.975000 0.017500 0.045000
6 0.676250 0.932500 0.030000 0.012500
6 0.677500 0.941250 0.030000 0.012500
6 0.677500 0.951250 0.030000 0.015000
6 0.678750 0.960000 0.032500 0.015000
6 0.770000 0.936250 0.012500 0.025000
6 0.780000 0.910000 0.012500 0.017500
6 0.762500 0.852500 0.012500 0.017500
6 0.830000 0.803750 0.020000 0.012500
6 0.833750 0.812500 0.020000 0.012500
6 0.840000 0.821250 0.017500 0.012500
6 0.842500 0.827500 0.015000 0.012500
6 0.843750 0.837500 0.022500 0.015000
6 0.850000 0.845000 0.022500 0.015000
6 0.585000 0.785000 0.037500 0.022500
6 0.592500 0.810000 0.032500 0.020000
6 0.797500 0.853750 0.010000 0.015000
6 0.821250 0.791250 0.015000 0.007500
6 0.997500 0.738750 0.017500 0.010000
6 0.723750 0.605000 0.022500 0.020000
6 0.713750 0.593750 0.025000 0.020000
6 0.738750 0.620000 0.030000 0.030000
6 0.748750 0.612500 0.025000 0.025000
6 0.761250 0.606250 0.027500 0.030000
6 0.775000 0.603750 0.020000 0.020000
6 0.778750 0.591250 0.022500 0.022500
6 0.788750 0.582500 0.022500 0.025000
6 0.681250 0.448750 0.022500 0.032500
6 0.676250 0.488750 0.012500 0.020000
6 0.817500 0.530000 0.010000 0.010000
6 0.713750 0.502500 0.015000 0.015000
6 0.727500 0.516250 0.012500 0.012500
6 0.747500 0.526250 0.027500 0.030000
6 0.738750 0.532500 0.012500 0.015000
6 0.965000 0.537500 0.015000 0.025000
6 0.997500 0.535000 0.045000 0.017500
6 0.986250 0.621250 0.015000 0.025000
6 0.981250 0.556250 0.025000 0.015000
6 0.948750 0.570000 0.037500 0.030000
6 0.977500 0.578750 0.020000 0.017500
6 0.925000 0.596250 0.020000 0.020000
6 0.948750 0.590000 0.020000 0.017500
6 0.952500 0.597500 0.032500 0.022500
6 0.983750 0.590000 0.020000 0.012500
6 0.998750 0.596250 0.027500 0.015000
6 0.966250 0.606250 0.037500 0.025000
6 0.981250 0.635000 0.015000 0.025000
6 0.970000 0.635000 0.010000 0.020000
6 0.460000 0.011250 0.022500 0.047500
