6 0.012500 0.473750 0.010000 0.015000
6 0.013750 0.408750 0.010000 0.015000
6 0.032500 0.368750 0.015000 0.010000
6 0.013750 0.376250 0.015000 0.010000
6 0.017500 0.365000 0.012500 0.007500
6 0.007500 0.390000 0.010000 0.015000
6 0.012500 0.162500 0.010000 0.007500
6 0.037500 0.152500 0.012500 0.010000
6 0.125000 0.102500 0.017500 0.010000
6 0.116250 0.080000 0.007500 0.012500
6 0.163750 0.075000 0.015000 0.010000
6 0.181250 0.066250 0.015000 0.010000
6 0.206250 0.055000 0.012500 0.007500
6 0.222500 0.048750 0.017500 0.010000
6 0.305000 0.018750 0.017500 0.007500
6 0.333750 0.005000 0.015000 0.007500
6 0.306250 0.008750 0.017500 0.007500
6 0.287500 0.015000 0.015000 0.007500
6 0.418750 0.010000 0.007500 0.012500
6 0.428750 0.030000 0.010000 0.012500
6 0.552500 0.116250 0.015000 0.007500
6 0.563750 0.132500 0.012500 0.007500
6 0.465000 0.136250 0.010000 0.017500
6 0.456250 0.156250 0.015000 0.010000
6 0.456250 0.173750 0.015000 0.010000
6 0.440000 0.181250 0.015000 0.010000
6 0.440000 0.162500 0.015000 0.010000
6 0.422500 0.170000 0.015000 0.012500
6 0.405000 0.178750 0.015000 0.010000
6 0.390000 0.185000 0.015000 0.010000
6 0.373750 0.192500 0.012500 0.010000
6 0.358750 0.201250 0.012500 0.010000
6 0.380000 0.208750 0.012500 0.007500
6 0.363750 0.217500 0.012500 0.007500
6 0.332500 0.210000 0.015000 0.010000
6 0.347500 0.225000 0.012500 0.010000
6 0.311250 0.240000 0.017500 0.010000
6 0.330000 0.232500 0.015000 0.010000
6 0.295000 0.248750 0.015000 0.012500
6 0.277500 0.256250 0.012500 0.010000
6 0.248750 0.248750 0.012500 0.010000
6 0.227500 0.257500 0.015000 0.010000
6 0.211250 0.263750 0.007500 0.007500
6 0.192500 0.272500 0.015000 0.010000
6 0.156250 0.287500 0.015000 0.010000
6 0.137500 0.296250 0.015000 0.010000
6 0.058750 0.610000 0.007500 0.017500
6 0.046250 0.607500 0.015000 0.007500
6 0.048750 0.616250 0.015000 0.007500
6 0.343750 0.580000 0.010000 0.012500
6 0.473750 0.603750 0.012500 0.010000
6 0.463750 0.606250 0.010000 0.012500
6 0.566250 0.581250 0.015000 0.012500
6 0.637500 0.662500 0.012500 0.010000
6 0.631250 0.643750 0.015000 0.007500
6 0.630000 0.620000 0.012500 0.017500
6 0.618750 0.586250 0.010000 0.017500
6 0.605000 0.530000 0.007500 0.012500
6 0.595000 0.498750 0.010000 0.015000
6 0.582500 0.468750 0.010000 0.015000
6 0.577500 0.453750 0.010000 0.015000
6 0.556250 0.397500 0.010000 0.012500
6 0.427500 0.397500 0.010000 0.012500
6 0.505000 0.243750 0.010000 0.017500
6 0.590000 0.323750 0.010000 0.017500
6 0.581250 0.325000 0.005000 0.010000
6 0.551250 0.336250 0.010000 0.015000
6 0.537500 0.331250 0.010000 0.017500
6 0.470000 0.380000 0.017500 0.010000
6 0.653750 0.290000 0.007500 0.015000
6 0.672500 0.285000 0.007500 0.015000
6 0.688750 0.307500 0.015000 0.010000
6 0.663750 0.286250 0.007500 0.015000
6 0.727500 0.272500 0.015000 0.010000
6 0.766250 0.267500 0.017500 0.007500
6 0.815000 0.221250 0.010000 0.012500
6 0.822500 0.217500 0.010000 0.015000
6 0.865000 0.197500 0.010000 0.017500
6 0.873750 0.195000 0.010000 0.015000
6 0.881250 0.191250 0.010000 0.015000
6 0.896250 0.185000 0.010000 0.012500
6 0.913750 0.180000 0.010000 0.007500
6 0.947500 0.165000 0.010000 0.007500
6 0.966250 0.133750 0.007500 0.012500
6 0.948750 0.080000 0.005000 0.012500
6 0.680000 0.053750 0.012500 0.007500
6 0.697500 0.047500 0.012500 0.007500
6 0.718750 0.040000 0.015000 0.010000
6 0.801250 0.003750 0.010000 0.007500
6 0.997500 0.903750 0.007500 0.015000
6 0.981250 0.911250 0.007500 0.012500
6 0.956250 0.918750 0.010000 0.015000
6 0.946250 0.923750 0.010000 0.015000
6 0.956250 0.972500 0.005000 0.012500
6 0.916250 0.936250 0.007500 0.010000
6 0.768750 0.956250 0.010000 0.017500
6 0.755000 0.911250 0.010000 0.017500
6 0.768750 0.922500 0.012500 0.012500
6 0.733750 0.850000 0.010000 0.015000
6 0.276250 0.973750 0.012500 0.012500
6 0.150000 0.850000 0.007500 0.015000
6 0.801250 0.995000 0.020000 0.017500
6 0.880000 0.962500 0.025000 0.015000
6 0.988750 0.931250 0.022500 0.012500
6 0.965000 0.660000 0.020000 0.015000
6 0.892500 0.691250 0.015000 0.017500
6 0.876250 0.696250 0.012500 0.012500
6 0.870000 0.722500 0.015000 0.012500
6 0.863750 0.701250 0.015000 0.012500
6 0.733750 0.815000 0.012500 0.012500
6 0.751250 0.851250 0.015000 0.012500
6 0.682500 0.783750 0.012500 0.010000
6 0.741250 0.872500 0.012500 0.020000
6 0.763750 0.883750 0.012500 0.010000
6 0.360000 0.656250 0.017500 0.017500
6 0.321250 0.671250 0.017500 0.012500
6 0.175000 0.932500 0.010000 0.015000
6 0.905000 0.940000 0.010000 0.017500
6 0.792500 0.231250 0.037500 0.022500
6 0.707500 0.297500 0.015000 0.010000
6 0.615000 0.345000 0.022500 0.017500
6 0.595000 0.351250 0.022500 0.017500
6 0.496250 0.371250 0.022500 0.017500
6 0.043750 0.600000 0.020000 0.012500
6 0.071250 0.660000 0.015000 0.020000
6 0.917500 0.528750 0.015000 0.015000
6 0.907500 0.532500 0.012500 0.015000
6 0.922500 0.541250 0.012500 0.012500
6 0.912500 0.545000 0.010000 0.010000
6 0.911250 0.416250 0.017500 0.012500
6 0.925000 0.431250 0.015000 0.010000
6 0.820000 0.452500 0.017500 0.010000
6 0.816250 0.483750 0.012500 0.017500
6 0.840000 0.445000 0.015000 0.010000
6 0.857500 0.438750 0.017500 0.010000
6 0.882500 0.428750 0.020000 0.012500
6 0.711250 0.501250 0.015000 0.012500
6 0.696250 0.506250 0.020000 0.010000
6 0.765000 0.477500 0.020000 0.012500
6 0.778750 0.472500 0.012500 0.012500
6 0.581250 0.557500 0.017500 0.007500
6 0.590000 0.483750 0.012500 0.012500
6 0.566250 0.562500 0.015000 0.007500
6 0.568750 0.435000 0.010000 0.012500
6 0.792500 0.467500 0.020000 0.012500
6 0.566250 0.322500 0.012500 0.012500
6 0.961250 0.158750 0.017500 0.012500
6 0.688750 0.278750 0.012500 0.012500
6 0.677500 0.280000 0.015000 0.020000
6 0.762500 0.017500 0.012500 0.010000
6 0.260000 0.030000 0.020000 0.012500
6 0.435000 0.051250 0.010000 0.017500
6 0.243750 0.035000 0.017500 0.010000
6 0.145000 0.100000 0.025000 0.012500
6 0.105000 0.057500 0.015000 0.017500
6 0.590000 0.120000 0.010000 0.012500
6 0.601250 0.121250 0.007500 0.012500
6 0.790000 0.265000 0.017500 0.010000
6 0.755000 0.278750 0.017500 0.012500
6 0.721250 0.293750 0.017500 0.010000
6 0.531250 0.356250 0.012500 0.010000
6 0.426250 0.625000 0.015000 0.010000
6 0.792500 0.250000 0.012500 0.007500
6 0.006250 0.460000 0.012500 0.017500
6 0.025000 0.515000 0.012500 0.020000
6 0.005000 0.355000 0.012500 0.020000
6 0.011250 0.351250 0.012500 0.017500
6 0.017500 0.348750 0.012500 0.017500
6 0.023750 0.346250 0.012500 0.017500
6 0.030000 0.343750 0.010000 0.015000
6 0.036250 0.342500 0.012500 0.015000
6 0.677500 0.512500 0.020000 0.012500
6 0.550000 0.568750 0.020000 0.012500
6 0.623750 0.602500 0.012500 0.017500
6 0.722500 0.491250 0.012500 0.015000
6 0.732500 0.490000 0.012500 0.017500
6 0.741250 0.485000 0.015000 0.017500
6 0.753750 0.480000 0.012500 0.015000
6 0.858750 0.465000 0.022500 0.017500
6 0.827500 0.482500 0.015000 0.020000
6 0.835000 0.480000 0.012500 0.017500
6 0.840000 0.477500 0.012500 0.017500
6 0.017500 0.195000 0.037500 0.055000
6 0.146250 0.081250 0.017500 0.012500
6 0.012500 0.141250 0.020000 0.012500
6 0.085000 0.107500 0.020000 0.012500
6 0.751250 0.022500 0.017500 0.012500
6 0.152500 0.891250 0.007500 0.015000
6 0.147500 0.878750 0.012500 0.017500
6 0.163750 0.931250 0.012500 0.017500
6 0.168750 0.950000 0.015000 0.025000
6 0.175000 0.970000 0.010000 0.017500
6 0.208750 0.721250 0.020000 0.015000
6 0.225000 0.711250 0.020000 0.015000
6 0.250000 0.698750 0.020000 0.015000
6 0.271250 0.688750 0.025000 0.015000
6 0.291250 0.681250 0.017500 0.012500
6 0.305000 0.676250 0.017500 0.012500
6 0.320000 0.672500 0.020000 0.012500
6 0.341250 0.665000 0.020000 0.010000
6 0.362500 0.655000 0.022500 0.015000
6 0.352500 0.597500 0.015000 0.017500
6 0.358750 0.612500 0.015000 0.017500
6 0.365000 0.623750 0.015000 0.017500
6 0.376250 0.637500 0.012500 0.017500
6 0.401250 0.641250 0.020000 0.012500
6 0.322500 0.687500 0.015000 0.015000
6 0.980000 0.655000 0.022500 0.017500
6 0.758750 0.772500 0.015000 0.010000
6 0.738750 0.758750 0.017500 0.012500
6 0.657500 0.710000 0.017500 0.010000
6 0.625000 0.722500 0.015000 0.010000
6 0.610000 0.728750 0.012500 0.010000
6 0.598750 0.731250 0.017500 0.010000
6 0.535000 0.708750 0.017500 0.010000
