6 0.142500 0.755000 0.012500 0.017500
6 0.153750 0.778750 0.012500 0.022500
6 0.145000 0.717500 0.010000 0.017500
6 0.160000 0.721250 0.012500 0.015000
6 0.153750 0.702500 0.012500 0.020000
6 0.172500 0.756250 0.012500 0.017500
6 0.177500 0.775000 0.012500 0.017500
6 0.327500 0.662500 0.020000 0.015000
6 0.128750 0.641250 0.012500 0.017500
6 0.321250 0.635000 0.012500 0.017500
6 0.341250 0.631250 0.012500 0.017500
6 0.338750 0.691250 0.020000 0.012500
6 0.211250 0.810000 0.015000 0.012500
6 0.290000 0.788750 0.020000 0.012500
6 0.195000 0.803750 0.015000 0.020000
6 0.161250 0.802500 0.010000 0.015000
6 0.268750 0.793750 0.020000 0.012500
6 0.251250 0.798750 0.017500 0.010000
6 0.402500 0.857500 0.012500 0.020000
6 0.340000 0.777500 0.027500 0.010000
6 0.402500 0.761250 0.017500 0.010000
6 0.505000 0.732500 0.020000 0.010000
6 0.422500 0.753750 0.017500 0.012500
6 0.698750 0.633750 0.017500 0.017500
6 0.751250 0.557500 0.015000 0.022500
6 0.710000 0.601250 0.017500 0.015000
6 0.732500 0.500000 0.010000 0.015000
6 0.742500 0.528750 0.010000 0.012500
6 0.718750 0.613750 0.020000 0.012500
6 0.721250 0.627500 0.017500 0.010000
6 0.747500 0.655000 0.010000 0.017500
6 0.688750 0.537500 0.022500 0.015000
6 0.766250 0.635000 0.017500 0.025000
6 0.726250 0.516250 0.010000 0.012500
6 0.690000 0.546250 0.017500 0.012500
6 0.828750 0.688750 0.017500 0.017500
6 0.765000 0.695000 0.010000 0.012500
6 0.802500 0.726250 0.012500 0.017500
6 0.841250 0.725000 0.020000 0.015000
6 0.671250 0.491250 0.020000 0.015000
6 0.721250 0.468750 0.015000 0.020000
6 0.651250 0.432500 0.017500 0.010000
6 0.685000 0.391250 0.012500 0.017500
6 0.676250 0.502500 0.017500 0.012500
6 0.678750 0.511250 0.017500 0.010000
6 0.681250 0.521250 0.017500 0.010000
6 0.685000 0.528750 0.017500 0.012500
6 0.676250 0.338750 0.012500 0.015000
6 0.636250 0.390000 0.017500 0.010000
6 0.640000 0.396250 0.017500 0.007500
6 0.643750 0.406250 0.017500 0.012500
6 0.645000 0.415000 0.022500 0.010000
6 0.650000 0.425000 0.022500 0.010000
6 0.650000 0.300000 0.017500 0.017500
6 0.706250 0.360000 0.015000 0.010000
6 0.708750 0.368750 0.015000 0.010000
6 0.711250 0.376250 0.020000 0.010000
6 0.713750 0.383750 0.017500 0.010000
6 0.731250 0.346250 0.010000 0.015000
6 0.608750 0.261250 0.017500 0.030000
6 0.458750 0.038750 0.017500 0.012500
6 0.520000 0.053750 0.017500 0.010000
6 0.488750 0.057500 0.017500 0.010000
6 0.522500 0.063750 0.015000 0.012500
6 0.446250 0.066250 0.017500 0.010000
6 0.525000 0.072500 0.015000 0.010000
6 0.528750 0.082500 0.017500 0.010000
6 0.450000 0.072500 0.017500 0.010000
6 0.453750 0.078750 0.017500 0.012500
6 0.492500 0.067500 0.015000 0.010000
6 0.446250 0.051250 0.020000 0.012500
6 0.460000 0.093750 0.020000 0.012500
6 0.465000 0.111250 0.020000 0.010000
6 0.536250 0.098750 0.025000 0.015000
6 0.497500 0.082500 0.015000 0.012500
6 0.493750 0.073750 0.017500 0.012500
6 0.501250 0.092500 0.015000 0.012500
6 0.503750 0.100000 0.017500 0.012500
6 0.510000 0.123750 0.017500 0.012500
6 0.545000 0.125000 0.020000 0.012500
6 0.530000 0.157500 0.017500 0.012500
6 0.506250 0.107500 0.017500 0.010000
6 0.546250 0.170000 0.012500 0.020000
6 0.556250 0.170000 0.012500 0.020000
6 0.613750 0.107500 0.022500 0.010000
6 0.618750 0.116250 0.017500 0.010000
6 0.538750 0.116250 0.017500 0.012500
6 0.556250 0.196250 0.025000 0.015000
6 0.408750 0.390000 0.022500 0.012500
6 0.325000 0.418750 0.017500 0.012500
6 0.108750 0.092500 0.017500 0.015000
6 0.272500 0.230000 0.017500 0.012500
6 0.223750 0.242500 0.012500 0.015000
6 0.216250 0.343750 0.010000 0.012500
6 0.028750 0.361250 0.012500 0.017500
6 0.011250 0.381250 0.015000 0.015000
6 0.040000 0.471250 0.010000 0.020000
6 0.085000 0.501250 0.027500 0.012500
6 0.013750 0.538750 0.020000 0.012500
6 0.285000 0.532500 0.015000 0.022500
6 0.515000 0.412500 0.012500 0.020000
6 0.122500 0.622500 0.010000 0.012500
6 0.076250 0.553750 0.012500 0.020000
6 0.323750 0.577500 0.010000 0.015000
6 0.517500 0.452500 0.012500 0.017500
6 0.287500 0.432500 0.020000 0.012500
6 0.330000 0.593750 0.012500 0.015000
6 0.337500 0.610000 0.015000 0.017500
6 0.360000 0.601250 0.020000 0.010000
6 0.388750 0.603750 0.012500 0.017500
6 0.351250 0.575000 0.017500 0.010000
6 0.353750 0.583750 0.017500 0.012500
6 0.361250 0.610000 0.020000 0.012500
6 0.347500 0.561250 0.017500 0.007500
6 0.413750 0.611250 0.015000 0.012500
6 0.341250 0.537500 0.017500 0.012500
6 0.346250 0.551250 0.017500 0.012500
6 0.330000 0.516250 0.020000 0.010000
6 0.336250 0.521250 0.015000 0.007500
6 0.321250 0.510000 0.022500 0.012500
6 0.436250 0.608750 0.022500 0.012500
6 0.345000 0.455000 0.017500 0.025000
6 0.390000 0.417500 0.022500 0.012500
6 0.271250 0.437500 0.015000 0.010000
6 0.312500 0.447500 0.020000 0.012500
6 0.393750 0.438750 0.020000 0.032500
6 0.325000 0.462500 0.015000 0.030000
6 0.276250 0.513750 0.012500 0.015000
6 0.420000 0.477500 0.010000 0.015000
6 0.387500 0.446250 0.012500 0.020000
6 0.337500 0.463750 0.015000 0.020000
6 0.512500 0.432500 0.010000 0.015000
6 0.535000 0.472500 0.012500 0.015000
6 0.381250 0.478750 0.017500 0.010000
6 0.266250 0.501250 0.015000 0.017500
6 0.463750 0.386250 0.015000 0.012500
6 0.411250 0.478750 0.012500 0.020000
6 0.360000 0.402500 0.015000 0.010000
6 0.597500 0.060000 0.022500 0.012500
6 0.496250 0.132500 0.015000 0.015000
6 0.358750 0.195000 0.010000 0.015000
6 0.318750 0.011250 0.022500 0.012500
6 0.195000 0.258750 0.022500 0.015000
6 0.132500 0.277500 0.015000 0.010000
6 0.215000 0.243750 0.007500 0.015000
6 0.080000 0.582500 0.020000 0.015000
6 0.082500 0.590000 0.017500 0.010000
6 0.083750 0.598750 0.017500 0.010000
6 0.086250 0.605000 0.015000 0.010000
6 0.090000 0.612500 0.017500 0.010000
6 0.302500 0.582500 0.010000 0.017500
6 0.228750 0.805000 0.020000 0.012500
6 0.147500 0.687500 0.012500 0.012500
6 0.813750 0.765000 0.012500 0.020000
6 0.832500 0.772500 0.015000 0.022500
6 0.742500 0.706250 0.020000 0.007500
6 0.743750 0.716250 0.020000 0.010000
6 0.748750 0.726250 0.020000 0.012500
6 0.836250 0.832500 0.012500 0.020000
6 0.818750 0.828750 0.012500 0.017500
6 0.796250 0.820000 0.020000 0.015000
6 0.766250 0.767500 0.015000 0.022500
6 0.631250 0.692500 0.017500 0.010000
6 0.683750 0.701250 0.027500 0.012500
6 0.538750 0.723750 0.015000 0.010000
6 0.845000 0.742500 0.015000 0.012500
6 0.855000 0.751250 0.017500 0.020000
6 0.906250 0.787500 0.022500 0.012500
6 0.966250 0.736250 0.022500 0.012500
6 0.966250 0.758750 0.020000 0.017500
6 0.935000 0.780000 0.020000 0.012500
6 0.826250 0.882500 0.015000 0.015000
6 0.857500 0.831250 0.012500 0.025000
6 0.872500 0.801250 0.025000 0.012500
6 0.806250 0.850000 0.012500 0.012500
6 0.881250 0.928750 0.015000 0.025000
6 0.810000 0.898750 0.020000 0.012500
6 0.798750 0.876250 0.020000 0.012500
6 0.818750 0.915000 0.015000 0.010000
6 0.790000 0.860000 0.022500 0.010000
6 0.927500 0.973750 0.020000 0.012500
6 0.866250 0.911250 0.015000 0.017500
6 0.821250 0.923750 0.012500 0.007500
6 0.841250 0.912500 0.015000 0.015000
6 0.831250 0.952500 0.012500 0.007500
6 0.845000 0.995000 0.020000 0.010000
6 0.832500 0.971250 0.017500 0.010000
6 0.837500 0.980000 0.015000 0.010000
6 0.823750 0.931250 0.015000 0.007500
6 0.926250 0.985000 0.017500 0.010000
6 0.910000 0.922500 0.017500 0.010000
6 0.725000 0.353750 0.015000 0.020000
6 0.486250 0.050000 0.022500 0.015000
6 0.556250 0.210000 0.022500 0.015000
6 0.332500 0.210000 0.030000 0.015000
6 0.008750 0.878750 0.025000 0.015000
6 0.030000 0.871250 0.017500 0.012500
6 0.048750 0.865000 0.020000 0.012500
6 0.067500 0.857500 0.017500 0.012500
6 0.085000 0.850000 0.017500 0.010000
6 0.101250 0.843750 0.020000 0.012500
6 0.127500 0.836250 0.022500 0.012500
6 0.145000 0.828750 0.020000 0.012500
6 0.093750 0.627500 0.020000 0.015000
6 0.696250 0.556250 0.017500 0.010000
6 0.697500 0.563750 0.017500 0.012500
6 0.762500 0.586250 0.012500 0.020000
6 0.701250 0.657500 0.017500 0.020000
6 0.653750 0.443750 0.017500 0.010000
6 0.751250 0.743750 0.017500 0.012500
6 0.582500 0.811250 0.012500 0.020000
6 0.592500 0.835000 0.012500 0.017500
6 0.597500 0.851250 0.012500 0.017500
6 0.393750 0.836250 0.012500 0.022500
6 0.356250 0.765000 0.017500 0.010000
6 0.740000 0.617500 0.012500 0.015000
