6 0.978750 0.832500 0.010000 0.010000
6 0.976250 0.848750 0.012500 0.012500
6 0.961250 0.837500 0.015000 0.015000
6 0.958750 0.852500 0.015000 0.015000
6 0.942500 0.868750 0.012500 0.017500
6 0.926250 0.890000 0.015000 0.012500
6 0.906250 0.908750 0.015000 0.015000
6 0.885000 0.867500 0.015000 0.017500
6 0.920000 0.856250 0.017500 0.007500
6 0.920000 0.848750 0.017500 0.007500
6 0.927500 0.840000 0.015000 0.007500
6 0.932500 0.832500 0.017500 0.007500
6 0.965000 0.782500 0.017500 0.007500
6 0.961250 0.790000 0.020000 0.007500
6 0.956250 0.797500 0.017500 0.007500
6 0.950000 0.805000 0.017500 0.007500
6 0.992500 0.730000 0.015000 0.015000
6 0.970000 0.772500 0.017500 0.010000
6 0.968750 0.705000 0.012500 0.012500
6 0.965000 0.711250 0.012500 0.010000
6 0.893750 0.777500 0.020000 0.012500
6 0.888750 0.785000 0.017500 0.012500
6 0.941250 0.745000 0.015000 0.012500
6 0.961250 0.717500 0.015000 0.010000
6 0.957500 0.726250 0.015000 0.010000
6 0.952500 0.733750 0.012500 0.012500
6 0.947500 0.738750 0.015000 0.010000
6 0.151250 0.040000 0.015000 0.020000
6 0.020000 0.140000 0.030000 0.017500
6 0.041250 0.150000 0.020000 0.012500
6 0.001250 0.191250 0.015000 0.020000
6 0.191250 0.222500 0.015000 0.012500
6 0.211250 0.231250 0.017500 0.012500
6 0.152500 0.201250 0.017500 0.012500
6 0.180000 0.195000 0.015000 0.012500
6 0.192500 0.203750 0.012500 0.010000
6 0.206250 0.211250 0.015000 0.010000
6 0.221250 0.212500 0.015000 0.007500
6 0.006250 0.242500 0.015000 0.020000
6 0.027500 0.255000 0.012500 0.020000
6 0.016250 0.276250 0.015000 0.020000
6 0.056250 0.128750 0.017500 0.015000
6 0.236250 0.000000 0.015000 0.022500
6 0.110000 0.096250 0.015000 0.022500
6 0.138750 0.000000 0.017500 0.020000
6 0.246250 0.001250 0.015000 0.017500
6 0.252500 0.005000 0.015000 0.015000
6 0.261250 0.011250 0.012500 0.015000
6 0.267500 0.016250 0.015000 0.020000
6 0.516250 0.000000 0.015000 0.015000
6 0.533750 0.008750 0.017500 0.017500
6 0.548750 0.016250 0.015000 0.015000
6 0.262500 0.118750 0.017500 0.012500
6 0.173750 0.047500 0.020000 0.022500
6 0.018750 0.140000 0.030000 0.020000
6 0.036250 0.121250 0.022500 0.012500
6 0.000000 0.187500 0.012500 0.020000
6 0.073750 0.123750 0.017500 0.017500
6 0.115000 0.156250 0.015000 0.017500
6 0.130000 0.170000 0.020000 0.015000
6 0.120000 0.182500 0.020000 0.012500
6 0.105000 0.175000 0.017500 0.010000
6 0.146250 0.177500 0.020000 0.015000
6 0.137500 0.195000 0.020000 0.015000
6 0.166250 0.186250 0.017500 0.015000
6 0.170000 0.211250 0.022500 0.017500
6 0.041250 0.151250 0.020000 0.015000
6 0.016250 0.410000 0.025000 0.010000
6 0.056250 0.416250 0.017500 0.010000
6 0.076250 0.417500 0.025000 0.012500
6 0.073750 0.437500 0.025000 0.010000
6 0.107500 0.431250 0.022500 0.010000
6 0.147500 0.435000 0.022500 0.010000
6 0.098750 0.418750 0.017500 0.010000
6 0.115000 0.420000 0.017500 0.010000
6 0.132500 0.422500 0.020000 0.010000
6 0.152500 0.425000 0.020000 0.010000
6 0.175000 0.427500 0.020000 0.012500
6 0.188750 0.425000 0.010000 0.015000
6 0.207500 0.427500 0.007500 0.012500
6 0.222500 0.432500 0.010000 0.017500
6 0.231250 0.430000 0.007500 0.012500
6 0.238750 0.430000 0.010000 0.015000
6 0.246250 0.431250 0.007500 0.015000
6 0.252500 0.431250 0.007500 0.015000
6 0.260000 0.432500 0.010000 0.017500
6 0.268750 0.435000 0.010000 0.017500
6 0.280000 0.436250 0.010000 0.012500
6 0.290000 0.453750 0.020000 0.010000
6 0.013750 0.303750 0.020000 0.025000
6 0.003750 0.302500 0.010000 0.017500
6 0.301250 0.436250 0.010000 0.017500
6 0.353750 0.443750 0.020000 0.010000
6 0.427500 0.447500 0.017500 0.010000
6 0.408750 0.447500 0.017500 0.010000
6 0.361250 0.317500 0.015000 0.010000
6 0.381250 0.330000 0.017500 0.012500
6 0.398750 0.341250 0.017500 0.012500
6 0.412500 0.350000 0.015000 0.012500
6 0.433750 0.366250 0.017500 0.015000
6 0.452500 0.376250 0.017500 0.015000
6 0.471250 0.387500 0.017500 0.015000
6 0.487500 0.396250 0.020000 0.017500
6 0.281250 0.253750 0.017500 0.015000
6 0.297500 0.263750 0.017500 0.012500
6 0.312500 0.272500 0.015000 0.010000
6 0.243750 0.250000 0.015000 0.012500
6 0.257500 0.258750 0.020000 0.015000
6 0.273750 0.268750 0.020000 0.017500
6 0.290000 0.277500 0.020000 0.015000
6 0.040000 0.163750 0.015000 0.010000
6 0.095000 0.083750 0.015000 0.020000
6 0.458750 0.000000 0.015000 0.012500
6 0.466250 0.003750 0.015000 0.010000
6 0.476250 0.010000 0.020000 0.015000
6 0.492500 0.018750 0.020000 0.015000
6 0.500000 0.025000 0.020000 0.017500
6 0.511250 0.031250 0.017500 0.015000
6 0.518750 0.035000 0.020000 0.015000
6 0.528750 0.040000 0.015000 0.015000
6 0.540000 0.043750 0.017500 0.015000
6 0.546250 0.050000 0.017500 0.017500
6 0.555000 0.053750 0.017500 0.015000
6 0.563750 0.057500 0.020000 0.017500
6 0.576250 0.063750 0.017500 0.012500
6 0.583750 0.068750 0.015000 0.012500
6 0.593750 0.073750 0.020000 0.012500
6 0.603750 0.078750 0.017500 0.015000
6 0.611250 0.081250 0.015000 0.012500
6 0.618750 0.087500 0.015000 0.012500
6 0.636250 0.095000 0.017500 0.012500
6 0.642500 0.101250 0.017500 0.015000
6 0.651250 0.106250 0.020000 0.012500
6 0.657500 0.112500 0.017500 0.015000
6 0.675000 0.122500 0.020000 0.015000
6 0.713750 0.110000 0.020000 0.015000
6 0.711250 0.117500 0.017500 0.012500
6 0.805000 0.031250 0.015000 0.017500
6 0.841250 0.181250 0.015000 0.020000
6 0.850000 0.183750 0.015000 0.020000
6 0.855000 0.188750 0.015000 0.020000
6 0.865000 0.191250 0.015000 0.017500
6 0.876250 0.196250 0.010000 0.020000
6 0.883750 0.200000 0.010000 0.017500
6 0.893750 0.203750 0.010000 0.020000
6 0.902500 0.207500 0.010000 0.015000
6 0.910000 0.213750 0.012500 0.020000
6 0.918750 0.217500 0.012500 0.020000
6 0.940000 0.227500 0.010000 0.015000
6 0.951250 0.235000 0.010000 0.015000
6 0.297500 0.915000 0.012500 0.020000
6 0.313750 0.913750 0.012500 0.017500
6 0.322500 0.911250 0.010000 0.017500
6 0.258750 0.932500 0.020000 0.010000
6 0.163750 0.927500 0.020000 0.012500
6 0.157500 0.938750 0.015000 0.010000
6 0.138750 0.933750 0.017500 0.010000
6 0.135000 0.921250 0.020000 0.010000
6 0.123750 0.901250 0.010000 0.017500
6 0.116250 0.930000 0.017500 0.010000
6 0.076250 0.916250 0.012500 0.007500
6 0.050000 0.921250 0.020000 0.010000
6 0.066250 0.922500 0.012500 0.010000
6 0.073750 0.930000 0.017500 0.007500
6 0.093750 0.932500 0.007500 0.005000
6 0.102500 0.917500 0.010000 0.007500
6 0.107500 0.938750 0.010000 0.007500
6 0.050000 0.930000 0.012500 0.007500
6 0.026250 0.925000 0.020000 0.012500
6 0.012500 0.917500 0.020000 0.010000
6 0.931250 0.786250 0.022500 0.012500
6 0.908750 0.671250 0.015000 0.020000
6 0.866250 0.648750 0.017500 0.012500
6 0.863750 0.657500 0.020000 0.012500
6 0.857500 0.676250 0.017500 0.010000
6 0.873750 0.671250 0.012500 0.022500
6 0.706250 0.563750 0.020000 0.015000
6 0.758750 0.556250 0.020000 0.012500
6 0.791250 0.573750 0.015000 0.017500
6 0.810000 0.575000 0.017500 0.010000
6 0.827500 0.582500 0.017500 0.012500
6 0.738750 0.550000 0.020000 0.010000
6 0.720000 0.541250 0.017500 0.010000
6 0.682500 0.528750 0.017500 0.012500
6 0.660000 0.520000 0.020000 0.012500
6 0.625000 0.508750 0.020000 0.012500
6 0.641250 0.512500 0.017500 0.010000
6 0.998750 0.278750 0.015000 0.012500
6 0.982500 0.271250 0.017500 0.012500
6 0.966250 0.262500 0.020000 0.015000
6 0.166250 0.712500 0.017500 0.017500
6 0.170000 0.731250 0.007500 0.012500
6 0.202500 0.720000 0.022500 0.010000
6 0.210000 0.731250 0.015000 0.007500
6 0.102500 0.623750 0.025000 0.010000
6 0.103750 0.631250 0.022500 0.010000
6 0.105000 0.641250 0.020000 0.010000
6 0.122500 0.632500 0.017500 0.007500
6 0.123750 0.641250 0.015000 0.010000
6 0.133750 0.625000 0.022500 0.010000
6 0.142500 0.635000 0.022500 0.012500
6 0.141250 0.642500 0.017500 0.007500
6 0.115000 0.606250 0.022500 0.012500
6 0.125000 0.600000 0.017500 0.010000
6 0.508750 0.635000 0.012500 0.022500
6 0.507500 0.651250 0.010000 0.020000
6 0.507500 0.675000 0.015000 0.022500
6 0.508750 0.692500 0.012500 0.020000
6 0.507500 0.715000 0.012500 0.020000
6 0.518750 0.715000 0.010000 0.020000
6 0.507500 0.737500 0.012500 0.017500
6 0.506250 0.757500 0.007500 0.017500
6 0.507500 0.778750 0.010000 0.015000
6 0.507500 0.798750 0.012500 0.022500
6 0.505000 0.818750 0.012500 0.020000
6 0.506250 0.837500 0.012500 0.020000
6 0.872500 0.840000 0.017500 0.015000
6 0.868750 0.848750 0.020000 0.017500
6 0.866250 0.867500 0.015000 0.015000
6 0.916250 0.675000 0.007500 0.017500
6 0.925000 0.676250 0.007500 0.012500
6 0.947500 0.687500 0.007500 0.010000
6 0.966250 0.682500 0.012500 0.010000
6 0.967500 0.693750 0.010000 0.007500
6 0.935000 0.686250 0.007500 0.015000
6 0.955000 0.668750 0.012500 0.010000
6 0.856250 0.675000 0.017500 0.007500
6 0.843750 0.925000 0.015000 0.007500
6 0.866250 0.932500 0.017500 0.015000
6 0.865000 0.985000 0.015000 0.015000
6 0.738750 0.996250 0.017500 0.020000
6 0.692500 0.962500 0.007500 0.012500
6 0.708750 0.965000 0.012500 0.015000
6 0.715000 0.970000 0.012500 0.015000
6 0.723750 0.975000 0.010000 0.015000
6 0.728750 0.980000 0.010000 0.012500
6 0.733750 0.987500 0.012500 0.015000
6 0.606250 0.926250 0.010000 0.012500
6 0.613750 0.925000 0.007500 0.012500
6 0.622500 0.925000 0.007500 0.012500
6 0.631250 0.922500 0.007500 0.012500
6 0.637500 0.921250 0.007500 0.012500
6 0.652500 0.918750 0.007500 0.015000
6 0.663750 0.917500 0.005000 0.010000
6 0.671250 0.916250 0.010000 0.012500
6 0.680000 0.915000 0.005000 0.012500
6 0.690000 0.913750 0.005000 0.012500
6 0.706250 0.910000 0.005000 0.010000
6 0.232500 0.968750 0.022500 0.010000
6 0.232500 0.976250 0.020000 0.010000
6 0.232500 0.986250 0.020000 0.010000
6 0.282500 0.972500 0.020000 0.010000
6 0.281250 0.981250 0.020000 0.012500
6 0.281250 0.988750 0.020000 0.010000
6 0.283750 0.998750 0.017500 0.010000
6 0.690000 0.185000 0.010000 0.012500
6 0.658750 0.258750 0.012500 0.015000
6 0.798750 0.533750 0.012500 0.017500
6 0.832500 0.462500 0.012500 0.015000
6 0.842500 0.438750 0.010000 0.010000
6 0.105000 0.133750 0.007500 0.015000
6 0.255000 0.123750 0.017500 0.012500
6 0.228750 0.093750 0.015000 0.012500
6 0.188750 0.192500 0.022500 0.017500
6 0.233750 0.215000 0.022500 0.015000
6 0.322500 0.267500 0.010000 0.005000
6 0.378750 0.303750 0.015000 0.012500
6 0.783750 0.156250 0.010000 0.012500
6 0.805000 0.165000 0.010000 0.010000
6 0.823750 0.175000 0.015000 0.010000
6 0.832500 0.176250 0.012500 0.012500
6 0.651250 0.262500 0.007500 0.010000
6 0.663750 0.250000 0.010000 0.012500
6 0.671250 0.242500 0.010000 0.015000
6 0.675000 0.236250 0.007500 0.012500
6 0.678750 0.228750 0.010000 0.015000
6 0.682500 0.218750 0.010000 0.010000
6 0.686250 0.211250 0.010000 0.012500
6 0.697500 0.186250 0.010000 0.015000
6 0.710000 0.185000 0.007500 0.010000
6 0.722500 0.171250 0.007500 0.007500
6 0.985000 0.261250 0.015000 0.007500
6 0.967500 0.251250 0.007500 0.007500
6 0.877500 0.768750 0.012500 0.010000
6 0.966250 0.637500 0.012500 0.010000
