6 0.725000 0.048750 0.020000 0.020000
6 0.708750 0.075000 0.017500 0.012500
6 0.700000 0.091250 0.015000 0.015000
6 0.735000 0.046250 0.015000 0.015000
6 0.745000 0.042500 0.015000 0.012500
6 0.753750 0.041250 0.015000 0.015000
6 0.765000 0.041250 0.017500 0.015000
6 0.773750 0.038750 0.015000 0.015000
6 0.782500 0.035000 0.012500 0.012500
6 0.795000 0.031250 0.015000 0.015000
6 0.805000 0.032500 0.017500 0.015000
6 0.813750 0.028750 0.017500 0.015000
6 0.823750 0.028750 0.012500 0.015000
6 0.832500 0.026250 0.015000 0.015000
6 0.842500 0.023750 0.015000 0.015000
6 0.851250 0.022500 0.015000 0.015000
6 0.860000 0.020000 0.012500 0.017500
6 0.868750 0.017500 0.012500 0.012500
6 0.880000 0.016250 0.015000 0.015000
6 0.888750 0.013750 0.012500 0.012500
6 0.897500 0.010000 0.012500 0.015000
6 0.908750 0.008750 0.012500 0.015000
6 0.920000 0.007500 0.012500 0.017500
6 0.927500 0.005000 0.012500 0.015000
6 0.938750 0.005000 0.012500 0.015000
6 0.947500 0.005000 0.017500 0.020000
6 0.957500 0.001250 0.015000 0.017500
6 0.845000 0.047500 0.022500 0.010000
6 0.870000 0.042500 0.020000 0.010000
6 0.866250 0.032500 0.022500 0.010000
6 0.838750 0.041250 0.017500 0.010000
6 0.906250 0.041250 0.017500 0.012500
6 0.978750 0.017500 0.022500 0.010000
6 0.973750 0.035000 0.017500 0.010000
6 0.983750 0.041250 0.020000 0.012500
6 0.867500 0.296250 0.017500 0.017500
6 0.866250 0.308750 0.012500 0.015000
6 0.891250 0.307500 0.017500 0.012500
6 0.891250 0.332500 0.012500 0.015000
6 0.828750 0.295000 0.020000 0.017500
6 0.822500 0.288750 0.017500 0.017500
6 0.811250 0.277500 0.017500 0.015000
6 0.960000 0.416250 0.017500 0.017500
6 0.992500 0.450000 0.015000 0.015000
6 0.941250 0.557500 0.010000 0.017500
6 0.933750 0.562500 0.010000 0.017500
6 0.926250 0.567500 0.010000 0.017500
6 0.917500 0.573750 0.010000 0.017500
6 0.847500 0.377500 0.020000 0.015000
6 0.838750 0.393750 0.017500 0.015000
6 0.832500 0.401250 0.017500 0.015000
6 0.816250 0.422500 0.022500 0.017500
6 0.811250 0.430000 0.017500 0.015000
6 0.808750 0.436250 0.020000 0.015000
6 0.802500 0.443750 0.020000 0.015000
6 0.793750 0.458750 0.017500 0.012500
6 0.788750 0.466250 0.020000 0.015000
6 0.688750 0.405000 0.017500 0.015000
6 0.656250 0.381250 0.012500 0.012500
6 0.661250 0.387500 0.010000 0.010000
6 0.661250 0.400000 0.012500 0.012500
6 0.795000 0.450000 0.017500 0.015000
6 0.540000 0.288750 0.015000 0.020000
6 0.393750 0.390000 0.015000 0.017500
6 0.401250 0.395000 0.015000 0.015000
6 0.358750 0.420000 0.015000 0.020000
6 0.367500 0.426250 0.017500 0.020000
6 0.382500 0.440000 0.015000 0.020000
6 0.390000 0.447500 0.017500 0.022500
6 0.406250 0.443750 0.015000 0.015000
6 0.428750 0.448750 0.015000 0.012500
6 0.421250 0.455000 0.012500 0.017500
6 0.401250 0.422500 0.022500 0.017500
6 0.416250 0.435000 0.020000 0.010000
6 0.422500 0.418750 0.015000 0.015000
6 0.428750 0.423750 0.012500 0.012500
6 0.398750 0.367500 0.015000 0.015000
6 0.415000 0.350000 0.015000 0.017500
6 0.428750 0.338750 0.015000 0.015000
6 0.438750 0.325000 0.015000 0.017500
6 0.442500 0.305000 0.015000 0.015000
6 0.460000 0.302500 0.015000 0.015000
6 0.421250 0.311250 0.012500 0.015000
6 0.403750 0.330000 0.015000 0.020000
6 0.388750 0.342500 0.012500 0.015000
6 0.376250 0.358750 0.012500 0.017500
6 0.363750 0.371250 0.015000 0.015000
6 0.346250 0.377500 0.017500 0.015000
6 0.435000 0.297500 0.015000 0.017500
6 0.446250 0.282500 0.015000 0.015000
6 0.442500 0.268750 0.017500 0.015000
6 0.433750 0.262500 0.017500 0.017500
6 0.430000 0.253750 0.015000 0.015000
6 0.406250 0.266250 0.012500 0.012500
6 0.401250 0.260000 0.017500 0.017500
6 0.395000 0.253750 0.015000 0.012500
6 0.508750 0.255000 0.017500 0.015000
6 0.513750 0.213750 0.015000 0.017500
6 0.501250 0.227500 0.012500 0.012500
6 0.530000 0.201250 0.017500 0.017500
6 0.562500 0.167500 0.017500 0.017500
6 0.576250 0.153750 0.015000 0.017500
6 0.347500 0.153750 0.017500 0.017500
6 0.401250 0.233750 0.017500 0.017500
6 0.335000 0.430000 0.015000 0.015000
6 0.310000 0.457500 0.015000 0.017500
6 0.316250 0.412500 0.017500 0.015000
6 0.301250 0.427500 0.015000 0.015000
6 0.322500 0.443750 0.015000 0.015000
6 0.276250 0.476250 0.017500 0.020000
6 0.003750 0.570000 0.015000 0.015000
6 0.020000 0.556250 0.017500 0.015000
6 0.065000 0.511250 0.015000 0.015000
6 0.008750 0.140000 0.020000 0.012500
6 0.012500 0.188750 0.015000 0.017500
6 0.003750 0.203750 0.017500 0.022500
6 0.012500 0.207500 0.012500 0.017500
6 0.007500 0.185000 0.012500 0.015000
6 0.166250 0.020000 0.017500 0.012500
6 0.150000 0.015000 0.020000 0.015000
6 0.133750 0.007500 0.017500 0.012500
6 0.113750 0.001250 0.020000 0.015000
6 0.331250 0.140000 0.015000 0.017500
6 0.342500 0.125000 0.017500 0.015000
6 0.317500 0.125000 0.017500 0.017500
6 0.288750 0.100000 0.020000 0.020000
6 0.366250 0.172500 0.022500 0.017500
6 0.305000 0.112500 0.015000 0.017500
6 0.643750 0.086250 0.020000 0.017500
6 0.688750 0.113750 0.017500 0.015000
6 0.650000 0.075000 0.017500 0.012500
6 0.700000 0.136250 0.020000 0.017500
6 0.718750 0.171250 0.017500 0.020000
6 0.688750 0.072500 0.020000 0.012500
6 0.741250 0.062500 0.020000 0.012500
6 0.798750 0.048750 0.020000 0.012500
6 0.628750 0.132500 0.015000 0.017500
6 0.658750 0.067500 0.015000 0.015000
6 0.540000 0.012500 0.017500 0.015000
6 0.596250 0.166250 0.015000 0.012500
6 0.683750 0.060000 0.017500 0.017500
6 0.766250 0.055000 0.015000 0.010000
6 0.665000 0.063750 0.012500 0.020000
6 0.713750 0.052500 0.012500 0.012500
6 0.533750 0.007500 0.012500 0.012500
6 0.527500 0.001250 0.010000 0.012500
6 0.702500 0.053750 0.015000 0.017500
6 0.006250 0.603750 0.015000 0.012500
6 0.055000 0.781250 0.015000 0.017500
6 0.091250 0.931250 0.015000 0.020000
6 0.100000 0.933750 0.015000 0.020000
6 0.105000 0.938750 0.015000 0.020000
6 0.115000 0.941250 0.015000 0.017500
6 0.126250 0.946250 0.010000 0.020000
6 0.133750 0.950000 0.010000 0.017500
6 0.143750 0.953750 0.010000 0.020000
6 0.152500 0.957500 0.010000 0.015000
6 0.160000 0.963750 0.012500 0.020000
6 0.168750 0.967500 0.012500 0.020000
6 0.190000 0.977500 0.010000 0.015000
6 0.201250 0.985000 0.010000 0.015000
6 0.197500 0.582500 0.017500 0.020000
6 0.952500 0.902500 0.012500 0.012500
6 0.971250 0.886250 0.015000 0.012500
6 0.987500 0.876250 0.012500 0.015000
6 0.976250 0.900000 0.015000 0.015000
6 0.960000 0.912500 0.012500 0.012500
6 0.956250 0.875000 0.017500 0.015000
6 0.962500 0.867500 0.015000 0.010000
6 0.967500 0.860000 0.012500 0.010000
6 0.973750 0.856250 0.010000 0.007500
6 0.980000 0.851250 0.015000 0.012500
6 0.890000 0.927500 0.015000 0.015000
6 0.868750 0.977500 0.015000 0.015000
6 0.818750 0.993750 0.015000 0.017500
6 0.840000 0.976250 0.015000 0.017500
6 0.860000 0.957500 0.012500 0.015000
6 0.795000 0.061250 0.020000 0.007500
6 0.923750 0.023750 0.015000 0.005000
6 0.665000 0.746250 0.017500 0.017500
6 0.637500 0.741250 0.015000 0.017500
6 0.630000 0.758750 0.015000 0.017500
6 0.618750 0.778750 0.017500 0.022500
6 0.568750 0.878750 0.017500 0.022500
6 0.953750 0.197500 0.012500 0.022500
6 0.941250 0.226250 0.010000 0.015000
6 0.925000 0.262500 0.012500 0.015000
6 0.947500 0.243750 0.015000 0.010000
6 0.852500 0.962500 0.010000 0.015000
6 0.405000 0.241250 0.012500 0.010000
6 0.050000 0.196250 0.012500 0.010000
6 0.032500 0.203750 0.007500 0.007500
6 0.037500 0.197500 0.007500 0.005000
6 0.165000 0.201250 0.005000 0.010000
6 0.171250 0.195000 0.007500 0.012500
6 0.178750 0.186250 0.007500 0.015000
6 0.187500 0.178750 0.007500 0.010000
6 0.195000 0.170000 0.007500 0.012500
6 0.201250 0.160000 0.007500 0.010000
6 0.293750 0.075000 0.010000 0.017500
6 0.305000 0.043750 0.007500 0.010000
6 0.312500 0.035000 0.010000 0.007500
6 0.297500 0.051250 0.007500 0.007500
6 0.320000 0.031250 0.010000 0.010000
6 0.033750 0.906250 0.010000 0.012500
6 0.055000 0.915000 0.010000 0.010000
6 0.073750 0.925000 0.015000 0.010000
6 0.082500 0.926250 0.012500 0.012500
4 0.595000 0.230000 0.037500 0.032500
