6 0.161875 0.470000 0.023750 0.010000
6 0.516250 0.451875 0.017500 0.008750
6 0.621875 0.457500 0.013750 0.007500
6 0.552500 0.736875 0.017500 0.008750
6 0.515000 0.278750 0.015000 0.017500
6 0.503750 0.283750 0.012500 0.015000
6 0.568125 0.320625 0.011250 0.008750
6 0.549375 0.331250 0.016250 0.007500
6 0.553125 0.338125 0.016250 0.006250
6 0.556875 0.343750 0.013750 0.005000
6 0.189375 0.048125 0.016250 0.008750
6 0.225000 0.035625 0.015000 0.008750
6 0.245000 0.031250 0.015000 0.010000
6 0.346250 0.081250 0.012500 0.017500
6 0.264375 0.022500 0.021250 0.007500
6 0.383125 0.468125 0.021250 0.006250
6 0.958125 0.430000 0.016250 0.010000
6 0.944375 0.640625 0.011250 0.013750
6 0.947500 0.751250 0.017500 0.015000
