6 0.126250 0.009375 0.015000 0.011250
6 0.128750 0.028750 0.015000 0.007500
6 0.123125 0.170000 0.018750 0.010000
6 0.333125 0.285625 0.016250 0.006250
6 0.335625 0.292500 0.016250 0.005000
6 0.331875 0.299375 0.013750 0.006250
6 0.333750 0.308750 0.017500 0.007500
6 0.390000 0.308125 0.017500 0.013750
6 0.041875 0.288750 0.016250 0.007500
6 0.042500 0.298125 0.015000 0.006250
6 0.050000 0.470625 0.007500 0.013750
6 0.185625 0.525625 0.008750 0.016250
6 0.050000 0.544375 0.017500 0.008750
6 0.645625 0.870625 0.021250 0.008750
6 0.800625 0.873125 0.016250 0.008750
6 0.908125 0.773125 0.006250 0.016250
6 0.942500 0.809375 0.010000 0.016250
6 0.968125 0.810625 0.008750 0.018750
6 0.982500 0.806250 0.010000 0.015000
