6 0.198750 0.381250 0.012500 0.017500
6 0.988750 0.695000 0.012500 0.005000
6 0.488750 0.496250 0.017500 0.007500
6 0.546250 0.680000 0.017500 0.005000
6 0.245000 0.935000 0.010000 0.017500
6 0.745000 0.651250 0.025000 0.012500
6 0.576250 0.227500 0.020000 0.015000
6 0.617500 0.561250 0.022500 0.010000
6 0.507500 0.901250 0.020000 0.027500
6 0.513750 0.616250 0.017500 0.027500
6 0.251250 0.900000 0.007500 0.015000
6 0.540000 0.413750 0.007500 0.017500
6 0.226250 0.071250 0.010000 0.017500
6 0.227500 0.911250 0.005000 0.017500
6 0.566250 0.157500 0.007500 0.020000
6 0.262500 0.797500 0.017500 0.012500
