6 0.230000 0.510000 0.017500 0.032500
6 0.145000 0.920000 0.045000 0.017500
6 0.031250 0.977500 0.025000 0.010000
6 0.241250 0.635000 0.015000 0.017500
6 0.947500 0.562500 0.020000 0.017500
6 0.017500 0.061250 0.020000 0.020000
6 0.245000 0.715000 0.010000 0.015000
6 0.606250 0.952500 0.020000 0.037500
6 0.805000 0.548750 0.017500 0.010000
6 0.072500 0.962500 0.012500 0.007500
6 0.038750 0.068750 0.010000 0.017500
6 0.065000 0.970000 0.020000 0.007500
6 0.642500 0.355000 0.012500 0.020000
6 0.020000 0.936250 0.022500 0.007500
6 0.286250 0.907500 0.025000 0.022500
6 0.240000 0.671250 0.010000 0.012500
6 0.238750 0.698750 0.012500 0.020000
6 0.031250 0.966250 0.022500 0.017500
6 0.245000 0.730000 0.007500 0.015000
