6 0.308750 0.620000 0.027500 0.015000
6 0.316250 0.607500 0.037500 0.017500
6 0.716250 0.640000 0.020000 0.007500
6 0.846250 0.656250 0.007500 0.015000
6 0.840000 0.657500 0.007500 0.017500
6 0.830000 0.657500 0.010000 0.017500
6 0.467500 0.602500 0.022500 0.020000
6 0.542500 0.330000 0.015000 0.017500
6 0.547500 0.903750 0.025000 0.012500
6 0.197500 0.562500 0.020000 0.017500
6 0.055000 0.548750 0.017500 0.010000
6 0.852500 0.947500 0.035000 0.037500
6 0.323750 0.633750 0.030000 0.012500
6 0.397500 0.605000 0.017500 0.027500
6 0.347500 0.710000 0.022500 0.030000
6 0.383750 0.443750 0.017500 0.012500
6 0.407500 0.578750 0.020000 0.025000
6 0.807500 0.055000 0.022500 0.017500
6 0.318750 0.740000 0.022500 0.025000
