6 0.553125 0.461875 0.023750 0.011250
6 0.595000 0.449375 0.007500 0.008750
6 0.613750 0.441250 0.007500 0.007500
6 0.770625 0.588750 0.011250 0.007500
6 0.793750 0.648750 0.010000 0.005000
6 0.853125 0.666875 0.008750 0.006250
6 0.799375 0.668750 0.013750 0.007500
6 0.830000 0.578750 0.007500 0.005000
6 0.861250 0.583750 0.012500 0.007500
6 0.813750 0.591250 0.010000 0.007500
6 0.756250 0.600000 0.007500 0.005000
6 0.782500 0.596875 0.007500 0.006250
6 0.793750 0.595625 0.007500 0.006250
6 0.805625 0.591875 0.008750 0.006250
6 0.812500 0.582500 0.007500 0.005000
6 0.842500 0.586875 0.007500 0.003750
6 0.755625 0.589375 0.006250 0.006250
6 0.694375 0.586875 0.008750 0.003750
6 0.165000 0.829375 0.010000 0.006250
6 0.168125 0.818750 0.011250 0.007500
