6 0.963750 0.115000 0.012500 0.017500
4 0.322500 0.548750 0.037500 0.040000
6 0.890000 0.127500 0.025000 0.020000
6 0.996250 0.181250 0.015000 0.012500
6 0.961250 0.066250 0.015000 0.015000
6 0.978750 0.031250 0.015000 0.012500
6 0.987500 0.015000 0.017500 0.017500
6 0.642500 0.027500 0.025000 0.015000
6 0.171250 0.033750 0.017500 0.015000
6 0.971250 0.050000 0.012500 0.015000
6 0.637500 0.047500 0.017500 0.012500
6 0.857500 0.113750 0.020000 0.015000
6 0.685000 0.053750 0.017500 0.012500
6 0.942500 0.096250 0.020000 0.022500
