6 0.635000 0.593750 0.020000 0.010000
6 0.565000 0.022500 0.020000 0.012500
6 0.570000 0.038750 0.020000 0.012500
6 0.576250 0.070000 0.020000 0.012500
6 0.585000 0.121250 0.022500 0.010000
6 0.633750 0.601250 0.025000 0.010000
6 0.633750 0.613750 0.020000 0.010000
6 0.573750 0.047500 0.017500 0.010000
6 0.582500 0.102500 0.022500 0.010000
6 0.582500 0.136250 0.022500 0.007500
6 0.623750 0.532500 0.007500 0.022500
6 0.610000 0.313750 0.010000 0.015000
6 0.586250 0.143750 0.022500 0.010000
6 0.601250 0.271250 0.015000 0.007500
6 0.586250 0.127500 0.025000 0.012500
6 0.612500 0.395000 0.015000 0.025000
6 0.620000 0.466250 0.025000 0.015000
