6 0.007500 0.181875 0.005000 0.013750
6 0.013125 0.193125 0.003750 0.013750
6 0.020000 0.180625 0.005000 0.011250
6 0.043125 0.194375 0.003750 0.011250
6 0.051250 0.184375 0.005000 0.011250
6 0.057500 0.185000 0.005000 0.015000
6 0.068750 0.188750 0.005000 0.015000
6 0.072500 0.220625 0.005000 0.013750
6 0.080625 0.220000 0.003750 0.012500
6 0.086875 0.220000 0.003750 0.012500
6 0.103125 0.226875 0.003750 0.011250
6 0.340000 0.265000 0.010000 0.005000
6 0.351250 0.261250 0.012500 0.005000
6 0.382500 0.265000 0.012500 0.005000
6 0.393125 0.245000 0.011250 0.007500
6 0.408750 0.250000 0.012500 0.005000
6 0.491250 0.252500 0.010000 0.005000
6 0.470000 0.298125 0.005000 0.011250
6 0.441250 0.275625 0.012500 0.003750
6 0.441250 0.278750 0.010000 0.005000
6 0.440625 0.289375 0.011250 0.003750
6 0.441875 0.321250 0.013750 0.005000
6 0.441875 0.325000 0.011250 0.005000
6 0.961250 0.185000 0.005000 0.015000
6 0.385625 0.018750 0.003750 0.010000
