6 0.062500 0.471250 0.012500 0.015000
6 0.070000 0.462500 0.012500 0.015000
6 0.076250 0.451250 0.012500 0.012500
6 0.082500 0.441250 0.012500 0.020000
6 0.023750 0.356250 0.022500 0.012500
6 0.362500 0.063750 0.020000 0.012500
6 0.042500 0.267500 0.015000 0.015000
6 0.057500 0.326250 0.027500 0.025000
6 0.728750 0.081250 0.060000 0.042500
6 0.440000 0.360000 0.007500 0.012500
6 0.198750 0.210000 0.015000 0.012500
6 0.482500 0.411250 0.015000 0.015000
6 0.498750 0.430000 0.015000 0.017500
6 0.143750 0.236250 0.015000 0.012500
6 0.693750 0.528750 0.012500 0.015000
6 0.120000 0.252500 0.007500 0.015000
6 0.347500 0.252500 0.012500 0.017500
6 0.398750 0.308750 0.010000 0.012500
6 0.320000 0.200000 0.017500 0.010000
6 0.566250 0.127500 0.022500 0.017500
6 0.380000 0.291250 0.010000 0.015000
6 0.362500 0.270000 0.010000 0.012500
6 0.130000 0.245000 0.012500 0.012500
6 0.416250 0.331250 0.010000 0.012500
6 0.282500 0.227500 0.015000 0.015000
6 0.301250 0.212500 0.012500 0.012500
6 0.161250 0.438750 0.007500 0.007500
6 0.426250 0.346250 0.007500 0.010000
6 0.211250 0.201250 0.017500 0.010000
