6 0.476250 0.813750 0.020000 0.012500
6 0.978750 0.452500 0.017500 0.015000
6 0.960000 0.467500 0.020000 0.015000
6 0.983750 0.461250 0.017500 0.015000
6 0.990000 0.468750 0.017500 0.015000
6 0.977500 0.488750 0.017500 0.015000
6 0.983750 0.497500 0.017500 0.015000
6 0.842500 0.831250 0.060000 0.042500
6 0.312500 0.960000 0.015000 0.012500
6 0.257500 0.986250 0.015000 0.012500
6 0.433750 0.950000 0.017500 0.010000
6 0.680000 0.877500 0.022500 0.017500
6 0.243750 0.995000 0.012500 0.012500
6 0.396250 0.977500 0.015000 0.015000
6 0.415000 0.962500 0.012500 0.012500
6 0.325000 0.951250 0.017500 0.010000
