6 0.006250 0.026250 0.022500 0.017500
6 0.115000 0.006250 0.020000 0.015000
6 0.242500 0.298750 0.020000 0.017500
6 0.253750 0.313750 0.020000 0.017500
6 0.247500 0.307500 0.020000 0.015000
6 0.260000 0.321250 0.017500 0.015000
6 0.266250 0.328750 0.015000 0.015000
6 0.271250 0.333750 0.015000 0.012500
6 0.278750 0.341250 0.017500 0.017500
6 0.286250 0.351250 0.020000 0.015000
6 0.290000 0.358750 0.020000 0.017500
6 0.297500 0.365000 0.017500 0.015000
6 0.310000 0.378750 0.017500 0.015000
6 0.313750 0.388750 0.020000 0.017500
6 0.321250 0.393750 0.020000 0.017500
6 0.328750 0.400000 0.020000 0.017500
6 0.333750 0.407500 0.015000 0.015000
6 0.340000 0.416250 0.020000 0.017500
6 0.345000 0.423750 0.020000 0.017500
6 0.358750 0.437500 0.020000 0.017500
6 0.366250 0.446250 0.017500 0.015000
6 0.372500 0.453750 0.017500 0.015000
6 0.381250 0.461250 0.017500 0.015000
6 0.385000 0.468750 0.015000 0.015000
6 0.392500 0.476250 0.017500 0.015000
6 0.350000 0.508750 0.020000 0.017500
6 0.338750 0.493750 0.020000 0.015000
6 0.326250 0.477500 0.020000 0.017500
6 0.318750 0.468750 0.017500 0.015000
6 0.305000 0.456250 0.020000 0.015000
6 0.297500 0.448750 0.017500 0.015000
6 0.290000 0.441250 0.020000 0.017500
6 0.280000 0.426250 0.017500 0.015000
6 0.272500 0.417500 0.015000 0.012500
6 0.266250 0.410000 0.017500 0.015000
6 0.103750 0.271250 0.057500 0.045000
6 0.127500 0.298750 0.050000 0.047500
6 0.896250 0.340000 0.057500 0.065000
6 0.042500 0.312500 0.072500 0.045000
6 0.642500 0.165000 0.065000 0.035000
6 0.068750 0.360000 0.082500 0.035000
