6 0.576250 0.825000 0.015000 0.010000
6 0.145000 0.852500 0.017500 0.007500
6 0.146250 0.843750 0.015000 0.007500
6 0.388750 0.911250 0.015000 0.007500
6 0.407500 0.905000 0.015000 0.010000
6 0.702500 0.960000 0.017500 0.010000
6 0.368750 0.916250 0.017500 0.007500
6 0.076250 0.985000 0.012500 0.010000
6 0.086250 0.981250 0.020000 0.012500
3 0.830000 0.398750 0.022500 0.022500
3 0.753750 0.447500 0.022500 0.025000
3 0.731250 0.458750 0.022500 0.027500
6 0.748750 0.660000 0.020000 0.017500
6 0.552500 0.785000 0.017500 0.017500
6 0.703750 0.693750 0.012500 0.015000
6 0.695000 0.698750 0.017500 0.015000
6 0.561250 0.780000 0.012500 0.012500
6 0.458750 0.851250 0.020000 0.010000
3 0.697500 0.543750 0.022500 0.025000
3 0.685000 0.553750 0.017500 0.022500
3 0.731250 0.522500 0.020000 0.022500
3 0.838750 0.453750 0.022500 0.022500
6 0.401250 0.618750 0.010000 0.012500
6 0.408750 0.615000 0.012500 0.012500
6 0.282500 0.942500 0.017500 0.007500
6 0.265000 0.946250 0.017500 0.007500
6 0.248750 0.951250 0.015000 0.007500
3 0.672500 0.552500 0.017500 0.025000
3 0.823750 0.465000 0.025000 0.017500
3 0.831250 0.458750 0.025000 0.022500
3 0.838750 0.393750 0.022500 0.017500
3 0.813750 0.415000 0.025000 0.030000
3 0.788750 0.422500 0.025000 0.027500
3 0.780000 0.432500 0.025000 0.030000
3 0.770000 0.436250 0.027500 0.032500
3 0.758750 0.443750 0.020000 0.025000
3 0.742500 0.453750 0.025000 0.030000
3 0.721250 0.463750 0.027500 0.027500
3 0.713750 0.472500 0.025000 0.027500
3 0.701250 0.477500 0.020000 0.022500
3 0.666250 0.492500 0.017500 0.027500
3 0.652500 0.495000 0.025000 0.025000
3 0.631250 0.508750 0.020000 0.025000
3 0.622500 0.511250 0.027500 0.030000
3 0.520000 0.532500 0.020000 0.027500
3 0.507500 0.535000 0.025000 0.027500
3 0.552500 0.552500 0.022500 0.025000
3 0.507500 0.570000 0.025000 0.027500
3 0.492500 0.580000 0.015000 0.025000
3 0.482500 0.586250 0.020000 0.027500
3 0.660000 0.565000 0.017500 0.025000
3 0.651250 0.570000 0.020000 0.020000
3 0.710000 0.537500 0.017500 0.022500
3 0.720000 0.531250 0.020000 0.022500
3 0.772500 0.491250 0.027500 0.027500
3 0.753750 0.502500 0.022500 0.027500
3 0.790000 0.485000 0.022500 0.022500
3 0.815000 0.470000 0.022500 0.022500
6 0.726250 0.741250 0.015000 0.007500
6 0.735000 0.731250 0.012500 0.007500
6 0.063750 0.990000 0.015000 0.010000
6 0.576250 0.856250 0.020000 0.015000
6 0.747500 0.742500 0.015000 0.010000
6 0.361250 0.632500 0.012500 0.017500
6 0.202500 0.950000 0.017500 0.010000
6 0.641250 0.913750 0.012500 0.010000
6 0.777500 0.942500 0.017500 0.012500
6 0.371250 0.788750 0.012500 0.015000
6 0.626250 0.828750 0.022500 0.010000
6 0.342500 0.735000 0.007500 0.012500
6 0.625000 0.942500 0.017500 0.015000
6 0.751250 0.721250 0.017500 0.007500
6 0.763750 0.712500 0.017500 0.007500
6 0.791250 0.685000 0.017500 0.007500
6 0.155000 0.965000 0.020000 0.015000
6 0.390000 0.621250 0.007500 0.010000
6 0.823750 0.660000 0.017500 0.007500
6 0.396250 0.677500 0.012500 0.012500
6 0.626250 0.925000 0.017500 0.010000
6 0.380000 0.625000 0.010000 0.012500
6 0.821250 0.685000 0.012500 0.012500
6 0.365000 0.723750 0.012500 0.012500
6 0.771250 0.703750 0.020000 0.007500
6 0.782500 0.716250 0.015000 0.012500
6 0.813750 0.668750 0.017500 0.005000
6 0.641250 0.978750 0.022500 0.010000
6 0.683750 0.981250 0.015000 0.010000
6 0.807500 0.882500 0.017500 0.012500
6 0.373750 0.675000 0.010000 0.015000
6 0.176250 0.957500 0.020000 0.015000
6 0.158750 0.875000 0.017500 0.010000
6 0.223750 0.790000 0.015000 0.012500
6 0.382500 0.786250 0.012500 0.012500
6 0.048750 0.992500 0.015000 0.007500
6 0.162500 0.823750 0.015000 0.012500
6 0.815000 0.931250 0.015000 0.007500
6 0.532500 0.876250 0.017500 0.007500
6 0.517500 0.852500 0.022500 0.010000
6 0.500000 0.858750 0.017500 0.007500
6 0.706250 0.942500 0.015000 0.010000
6 0.685000 0.932500 0.012500 0.010000
6 0.655000 0.962500 0.017500 0.012500
6 0.508750 0.882500 0.022500 0.010000
6 0.535000 0.846250 0.017500 0.010000
6 0.351250 0.732500 0.017500 0.015000
6 0.691250 0.778750 0.017500 0.015000
6 0.662500 0.801250 0.015000 0.017500
6 0.833750 0.650000 0.017500 0.010000
6 0.490000 0.891250 0.017500 0.010000
6 0.331250 0.796250 0.012500 0.015000
6 0.708750 0.873750 0.017500 0.012500
6 0.173750 0.818750 0.017500 0.015000
6 0.675000 0.896250 0.017500 0.012500
6 0.763750 0.730000 0.015000 0.010000
6 0.547500 0.837500 0.020000 0.010000
6 0.705000 0.968750 0.015000 0.007500
6 0.735000 0.940000 0.017500 0.010000
6 0.232500 0.786250 0.017500 0.015000
6 0.563750 0.830000 0.020000 0.010000
6 0.705000 0.921250 0.012500 0.010000
6 0.552500 0.868750 0.020000 0.015000
6 0.103750 0.978750 0.017500 0.012500
6 0.667500 0.942500 0.012500 0.010000
6 0.208750 0.798750 0.012500 0.012500
6 0.750000 0.921250 0.017500 0.017500
6 0.191250 0.953750 0.017500 0.010000
6 0.712500 0.765000 0.015000 0.012500
6 0.113750 0.973750 0.017500 0.010000
6 0.151250 0.828750 0.017500 0.015000
6 0.138750 0.967500 0.017500 0.012500
6 0.215000 0.795000 0.015000 0.015000
6 0.596250 0.845000 0.017500 0.012500
6 0.488750 0.865000 0.017500 0.007500
6 0.585000 0.787500 0.010000 0.012500
6 0.802500 0.700000 0.012500 0.012500
6 0.803750 0.678750 0.015000 0.007500
6 0.723750 0.973750 0.022500 0.010000
6 0.745000 0.945000 0.020000 0.007500
6 0.588750 0.818750 0.020000 0.010000
6 0.655000 0.905000 0.017500 0.012500
6 0.442500 0.607500 0.012500 0.012500
6 0.343750 0.795000 0.015000 0.015000
6 0.722500 0.996250 0.035000 0.020000
6 0.583750 0.996250 0.017500 0.010000
6 0.162500 0.961250 0.015000 0.012500
6 0.240000 0.780000 0.015000 0.012500
6 0.696250 0.886250 0.017500 0.012500
6 0.363750 0.790000 0.015000 0.015000
6 0.716250 0.858750 0.017500 0.015000
6 0.852500 0.633750 0.022500 0.005000
6 0.657500 0.763750 0.017500 0.017500
6 0.845000 0.641250 0.015000 0.005000
