6 0.761250 0.598750 0.022500 0.012500
6 0.415000 0.893750 0.020000 0.015000
6 0.560000 0.703750 0.025000 0.010000
6 0.173750 0.953750 0.020000 0.010000
6 0.195000 0.972500 0.022500 0.010000
6 0.435000 0.887500 0.020000 0.010000
6 0.265000 0.726250 0.017500 0.007500
6 0.133750 0.973750 0.017500 0.010000
6 0.581250 0.913750 0.017500 0.007500
6 0.478750 0.892500 0.020000 0.012500
6 0.768750 0.626250 0.027500 0.012500
6 0.601250 0.632500 0.032500 0.025000
6 0.018750 0.912500 0.015000 0.010000
6 0.008750 0.780000 0.017500 0.010000
6 0.476250 0.725000 0.020000 0.007500
6 0.085000 0.918750 0.015000 0.012500
6 0.188750 0.736250 0.017500 0.005000
6 0.560000 0.905000 0.020000 0.007500
6 0.097500 0.831250 0.017500 0.010000
6 0.123750 0.826250 0.020000 0.010000
6 0.268750 0.800000 0.020000 0.010000
6 0.796250 0.563750 0.020000 0.010000
6 0.116250 0.736250 0.020000 0.007500
6 0.333750 0.713750 0.015000 0.007500
6 0.530000 0.683750 0.022500 0.007500
6 0.127500 0.961250 0.022500 0.010000
6 0.513750 0.912500 0.017500 0.012500
6 0.596250 0.910000 0.017500 0.012500
6 0.051250 0.907500 0.017500 0.012500
6 0.570000 0.920000 0.015000 0.010000
6 0.076250 0.753750 0.017500 0.010000
6 0.405000 0.758750 0.025000 0.010000
6 0.108750 0.941250 0.015000 0.015000
6 0.578750 0.896250 0.020000 0.007500
6 0.058750 0.840000 0.017500 0.007500
6 0.626250 0.667500 0.020000 0.012500
6 0.031250 0.908750 0.020000 0.010000
6 0.130000 0.967500 0.020000 0.010000
6 0.142500 0.822500 0.020000 0.007500
6 0.211250 0.760000 0.027500 0.010000
6 0.122500 0.953750 0.020000 0.010000
6 0.177500 0.980000 0.022500 0.012500
6 0.016250 0.852500 0.025000 0.010000
6 0.037500 0.845000 0.022500 0.012500
6 0.156250 0.985000 0.020000 0.010000
6 0.251250 0.801250 0.015000 0.007500
6 0.680000 0.657500 0.022500 0.010000
6 0.070000 0.910000 0.015000 0.015000
6 0.097500 0.926250 0.020000 0.015000
6 0.498750 0.902500 0.017500 0.012500
6 0.721250 0.602500 0.015000 0.007500
6 0.003750 0.920000 0.020000 0.015000
6 0.458750 0.888750 0.022500 0.012500
6 0.597500 0.891250 0.020000 0.012500
6 0.261250 0.715000 0.027500 0.007500
6 0.952500 0.532500 0.022500 0.010000
6 0.137500 0.982500 0.017500 0.010000
6 0.935000 0.547500 0.020000 0.007500
6 0.168750 0.943750 0.022500 0.012500
