6 0.916250 0.967500 0.010000 0.020000
6 0.781250 0.897500 0.010000 0.020000
6 0.822500 0.907500 0.010000 0.020000
6 0.710000 0.945000 0.022500 0.007500
6 0.601250 0.920000 0.012500 0.020000
6 0.645000 0.887500 0.020000 0.010000
6 0.577500 0.908750 0.010000 0.022500
6 0.556250 0.855000 0.015000 0.017500
6 0.576250 0.785000 0.017500 0.020000
6 0.728750 0.742500 0.020000 0.012500
6 0.660000 0.987500 0.015000 0.012500
6 0.633750 0.946250 0.007500 0.015000
6 0.105000 0.987500 0.010000 0.015000
6 0.906250 0.888750 0.007500 0.017500
