6 0.873750 0.871250 0.017500 0.017500
6 0.392500 0.950000 0.012500 0.012500
6 0.430000 0.916250 0.022500 0.015000
6 0.466250 0.886250 0.015000 0.015000
6 0.540000 0.850000 0.017500 0.015000
6 0.566250 0.801250 0.020000 0.020000
6 0.600000 0.795000 0.017500 0.017500
6 0.635000 0.766250 0.017500 0.015000
6 0.745000 0.706250 0.015000 0.025000
6 0.705000 0.706250 0.017500 0.017500
6 0.708750 0.688750 0.020000 0.020000
6 0.763750 0.661250 0.015000 0.012500
6 0.802500 0.635000 0.022500 0.017500
6 0.888750 0.566250 0.017500 0.012500
6 0.958750 0.508750 0.022500 0.017500
6 0.553750 0.396250 0.022500 0.017500
6 0.751250 0.478750 0.012500 0.025000
6 0.755000 0.450000 0.020000 0.015000
6 0.777500 0.470000 0.020000 0.017500
6 0.772500 0.416250 0.012500 0.020000
6 0.747500 0.391250 0.015000 0.015000
6 0.762500 0.353750 0.015000 0.012500
6 0.961250 0.490000 0.022500 0.017500
6 0.910000 0.080000 0.020000 0.010000
6 0.903750 0.061250 0.020000 0.017500
6 0.096250 0.931250 0.017500 0.007500
6 0.106250 0.772500 0.012500 0.022500
6 0.021250 0.707500 0.022500 0.025000
6 0.845000 0.413750 0.040000 0.032500
6 0.840000 0.397500 0.030000 0.020000
6 0.833750 0.385000 0.027500 0.025000
6 0.813750 0.361250 0.025000 0.022500
6 0.840000 0.280000 0.022500 0.030000
