6 0.586250 0.331250 0.015000 0.020000
6 0.626250 0.388750 0.012500 0.015000
6 0.573125 0.462500 0.016250 0.022500
6 0.341875 0.395625 0.026250 0.011250
6 0.411875 0.295000 0.021250 0.010000
6 0.423125 0.272500 0.023750 0.012500
6 0.443750 0.239375 0.020000 0.008750
6 0.606250 0.618125 0.012500 0.016250
6 0.573125 0.626875 0.016250 0.021250
6 0.581875 0.695000 0.021250 0.015000
6 0.399375 0.547500 0.011250 0.020000
6 0.361875 0.768125 0.016250 0.021250
6 0.323750 0.836250 0.015000 0.022500
