6 0.755000 0.486250 0.022500 0.022500
6 0.882500 0.285000 0.017500 0.020000
6 0.940000 0.287500 0.017500 0.022500
6 0.758750 0.113750 0.015000 0.020000
6 0.800000 0.103750 0.022500 0.012500
6 0.501250 0.106250 0.015000 0.022500
6 0.318750 0.245000 0.015000 0.022500
6 0.298750 0.435000 0.020000 0.022500
6 0.305000 0.410000 0.020000 0.027500
6 0.288750 0.412500 0.012500 0.017500
6 0.042500 0.632500 0.025000 0.020000
6 0.006250 0.408750 0.020000 0.007500
6 0.208750 0.548750 0.015000 0.007500
6 0.148750 0.720000 0.022500 0.010000
