6 0.358750 0.484375 0.010000 0.016250
6 0.396250 0.471250 0.012500 0.007500
6 0.375000 0.480000 0.010000 0.017500
6 0.326875 0.493750 0.008750 0.015000
6 0.370625 0.511250 0.013750 0.010000
6 0.260000 0.537500 0.012500 0.007500
6 0.326250 0.522500 0.012500 0.007500
6 0.300000 0.521875 0.012500 0.006250
6 0.304375 0.497500 0.008750 0.012500
6 0.286875 0.502500 0.008750 0.015000
6 0.278750 0.506250 0.010000 0.012500
6 0.270625 0.506875 0.008750 0.013750
6 0.261250 0.509375 0.007500 0.013750
6 0.253125 0.511875 0.011250 0.016250
6 0.245625 0.515625 0.008750 0.013750
6 0.211875 0.798750 0.013750 0.010000
6 0.261250 0.834375 0.010000 0.016250
6 0.277500 0.830625 0.007500 0.013750
6 0.230000 0.840625 0.010000 0.013750
6 0.288750 0.831875 0.007500 0.016250
6 0.199375 0.876250 0.006250 0.015000
6 0.235000 0.876875 0.007500 0.013750
6 0.276875 0.868750 0.008750 0.012500
6 0.141250 0.922500 0.010000 0.017500
6 0.150000 0.920625 0.007500 0.018750
6 0.158125 0.916250 0.008750 0.015000
6 0.170000 0.918125 0.010000 0.018750
6 0.943125 0.759375 0.008750 0.016250
6 0.988125 0.911250 0.008750 0.015000
6 0.939375 0.810000 0.008750 0.015000
6 0.960625 0.815000 0.006250 0.017500
6 0.946250 0.840000 0.010000 0.015000
6 0.951875 0.863750 0.008750 0.015000
6 0.825625 0.710625 0.008750 0.016250
6 0.864375 0.698125 0.011250 0.016250
6 0.887500 0.692500 0.007500 0.012500
6 0.897500 0.643750 0.010000 0.017500
6 0.884375 0.634375 0.008750 0.016250
6 0.910000 0.643125 0.010000 0.013750
6 0.904375 0.628125 0.008750 0.016250
6 0.875625 0.604375 0.008750 0.013750
6 0.899375 0.611250 0.006250 0.010000
6 0.869375 0.582500 0.008750 0.015000
6 0.874375 0.530000 0.008750 0.017500
6 0.823750 0.455000 0.012500 0.017500
6 0.671875 0.032500 0.013750 0.010000
6 0.615000 0.028125 0.010000 0.013750
6 0.636875 0.080625 0.008750 0.016250
6 0.719375 0.021250 0.013750 0.010000
6 0.700000 0.051875 0.007500 0.016250
6 0.695625 0.033125 0.011250 0.013750
6 0.735625 0.074375 0.013750 0.008750
6 0.740000 0.092500 0.015000 0.010000
6 0.744375 0.099375 0.011250 0.008750
6 0.746875 0.107500 0.013750 0.010000
6 0.750625 0.114375 0.011250 0.011250
6 0.756250 0.143125 0.015000 0.011250
6 0.763750 0.168125 0.015000 0.011250
6 0.148125 0.316875 0.021250 0.013750
6 0.149375 0.325625 0.013750 0.008750
6 0.206875 0.308125 0.013750 0.008750
6 0.205000 0.290000 0.010000 0.007500
6 0.228750 0.193750 0.010000 0.017500
6 0.236875 0.223750 0.008750 0.017500
6 0.222500 0.275000 0.012500 0.007500
6 0.215625 0.253125 0.016250 0.006250
6 0.223125 0.176250 0.008750 0.015000
6 0.218125 0.160000 0.011250 0.015000
6 0.196875 0.180625 0.013750 0.011250
6 0.201875 0.201250 0.013750 0.007500
6 0.203125 0.208125 0.016250 0.008750
6 0.207500 0.127500 0.010000 0.015000
6 0.213125 0.143125 0.011250 0.016250
6 0.203125 0.108125 0.011250 0.016250
6 0.101875 0.118750 0.013750 0.010000
6 0.123125 0.079375 0.013750 0.011250
6 0.012500 0.114375 0.015000 0.011250
6 0.015000 0.143750 0.017500 0.010000
6 0.240000 0.045000 0.012500 0.010000
6 0.254375 0.041250 0.011250 0.012500
6 0.270000 0.038750 0.015000 0.010000
6 0.293125 0.029375 0.013750 0.011250
6 0.343750 0.013750 0.015000 0.012500
6 0.360625 0.008750 0.011250 0.010000
6 0.435000 0.068125 0.007500 0.016250
6 0.461250 0.070625 0.010000 0.016250
6 0.443125 0.093125 0.008750 0.016250
6 0.466875 0.095000 0.008750 0.015000
6 0.461875 0.156250 0.011250 0.015000
6 0.485000 0.154375 0.010000 0.013750
6 0.491250 0.171250 0.010000 0.017500
6 0.544375 0.051250 0.011250 0.015000
6 0.511250 0.058750 0.012500 0.015000
6 0.495000 0.064375 0.010000 0.013750
6 0.543125 0.095625 0.011250 0.013750
6 0.527500 0.096875 0.007500 0.013750
6 0.519375 0.098125 0.008750 0.013750
6 0.505625 0.101250 0.008750 0.015000
6 0.491250 0.107500 0.007500 0.015000
6 0.540625 0.200000 0.016250 0.010000
6 0.555625 0.215625 0.016250 0.008750
