6 0.202500 0.841250 0.017500 0.015000
6 0.157500 0.568750 0.017500 0.022500
6 0.092500 0.552500 0.022500 0.017500
6 0.127500 0.332500 0.017500 0.017500
6 0.121250 0.346250 0.020000 0.017500
6 0.112500 0.327500 0.015000 0.015000
6 0.113750 0.356250 0.025000 0.015000
6 0.926250 0.230000 0.020000 0.020000
6 0.302500 0.021250 0.015000 0.012500
6 0.957500 0.081250 0.015000 0.022500
6 0.937500 0.928750 0.047500 0.065000
6 0.938750 0.626250 0.040000 0.035000
6 0.970000 0.651250 0.010000 0.017500
6 0.048750 0.348750 0.022500 0.017500
