6 0.048750 0.907500 0.022500 0.022500
6 0.101250 0.802500 0.017500 0.020000
6 0.057500 0.772500 0.015000 0.015000
6 0.045000 0.760000 0.015000 0.015000
6 0.027500 0.758750 0.015000 0.012500
6 0.330000 0.571250 0.010000 0.015000
6 0.331250 0.526250 0.015000 0.020000
6 0.380000 0.455000 0.017500 0.017500
6 0.488750 0.296250 0.012500 0.015000
6 0.528750 0.275000 0.017500 0.020000
6 0.510000 0.268750 0.020000 0.017500
6 0.548750 0.191250 0.020000 0.022500
6 0.605000 0.095000 0.017500 0.020000
6 0.146250 0.195000 0.012500 0.017500
6 0.630000 0.015000 0.015000 0.020000
6 0.533750 0.000000 0.035000 0.032500
6 0.393750 0.485000 0.017500 0.017500
6 0.456250 0.571250 0.020000 0.015000
6 0.427500 0.546250 0.020000 0.017500
6 0.012500 0.827500 0.017500 0.017500
6 0.563750 0.548750 0.020000 0.017500
6 0.658750 0.673750 0.042500 0.025000
6 0.686250 0.627500 0.040000 0.032500
