6 0.454375 0.098750 0.008750 0.017500
6 0.451250 0.120625 0.007500 0.021250
6 0.536875 0.058125 0.016250 0.011250
6 0.528750 0.068750 0.020000 0.015000
6 0.519375 0.082500 0.018750 0.012500
6 0.511875 0.095625 0.018750 0.011250
6 0.506250 0.103125 0.017500 0.011250
6 0.496875 0.130000 0.021250 0.012500
6 0.486250 0.150625 0.017500 0.013750
6 0.481250 0.158750 0.017500 0.015000
6 0.476250 0.165000 0.017500 0.015000
6 0.474375 0.173750 0.018750 0.012500
6 0.219375 0.366875 0.018750 0.006250
6 0.103125 0.735000 0.018750 0.017500
