6 0.681250 0.248750 0.015000 0.007500
6 0.676250 0.271250 0.017500 0.010000
6 0.705000 0.267500 0.017500 0.010000
6 0.666250 0.317500 0.012500 0.012500
6 0.676250 0.321250 0.010000 0.007500
6 0.720000 0.330000 0.012500 0.010000
6 0.683750 0.331250 0.015000 0.010000
6 0.671250 0.385000 0.010000 0.010000
6 0.681250 0.378750 0.007500 0.015000
6 0.695000 0.383750 0.012500 0.012500
6 0.923750 0.231250 0.012500 0.015000
6 0.936250 0.221250 0.010000 0.015000
6 0.096250 0.627500 0.020000 0.015000
6 0.178750 0.563750 0.017500 0.015000
6 0.212500 0.535000 0.017500 0.010000
6 0.235000 0.516250 0.012500 0.012500
6 0.270000 0.487500 0.015000 0.010000
6 0.288750 0.472500 0.017500 0.012500
6 0.306250 0.458750 0.015000 0.010000
6 0.967500 0.021250 0.015000 0.012500
6 0.647500 0.291250 0.020000 0.015000
6 0.941250 0.216250 0.012500 0.012500
6 0.951250 0.211250 0.015000 0.017500
6 0.658750 0.308750 0.020000 0.015000
6 0.723750 0.362500 0.020000 0.020000
6 0.555000 0.861250 0.022500 0.025000
