6 0.656250 0.797500 0.015000 0.007500
6 0.352500 0.350000 0.020000 0.012500
6 0.328750 0.322500 0.020000 0.012500
6 0.981250 0.050000 0.012500 0.017500
6 0.897500 0.123750 0.015000 0.010000
6 0.715000 0.730000 0.020000 0.030000
6 0.875000 0.128750 0.017500 0.012500
6 0.070000 0.138750 0.062500 0.087500
6 0.301250 0.323750 0.015000 0.017500
6 0.176250 0.141250 0.012500 0.017500
6 0.926250 0.110000 0.015000 0.012500
6 0.952500 0.060000 0.010000 0.017500
6 0.917500 0.117500 0.017500 0.012500
6 0.168750 0.073750 0.022500 0.015000
6 0.202500 0.321250 0.042500 0.067500
6 0.331250 0.357500 0.020000 0.012500
6 0.298750 0.541250 0.055000 0.067500
6 0.682500 0.822500 0.017500 0.012500
6 0.748750 0.802500 0.017500 0.010000
6 0.956250 0.083750 0.020000 0.012500
6 0.348750 0.317500 0.017500 0.012500
6 0.972500 0.055000 0.010000 0.017500
6 0.963750 0.057500 0.010000 0.020000
6 0.900000 0.162500 0.020000 0.010000
6 0.802500 0.767500 0.020000 0.010000
