6 0.112500 0.550000 0.012500 0.012500
6 0.176250 0.487500 0.015000 0.012500
6 0.126250 0.890000 0.017500 0.015000
6 0.035000 0.791250 0.012500 0.012500
6 0.082500 0.765000 0.017500 0.017500
6 0.037500 0.716250 0.015000 0.017500
6 0.755000 0.915000 0.007500 0.015000
6 0.633750 0.957500 0.007500 0.017500
6 0.622500 0.958750 0.007500 0.012500
6 0.611250 0.958750 0.007500 0.015000
6 0.601250 0.961250 0.007500 0.017500
6 0.592500 0.961250 0.010000 0.015000
6 0.583750 0.962500 0.007500 0.015000
6 0.575000 0.961250 0.010000 0.017500
6 0.566250 0.961250 0.010000 0.017500
6 0.555000 0.962500 0.010000 0.015000
6 0.541250 0.963750 0.015000 0.012500
6 0.530000 0.966250 0.012500 0.015000
6 0.420000 0.970000 0.020000 0.012500
6 0.005000 0.593750 0.027500 0.020000
6 0.008750 0.717500 0.022500 0.032500
6 0.630000 0.432500 0.022500 0.027500
