6 0.166250 0.743750 0.012500 0.015000
6 0.175000 0.763750 0.005000 0.015000
6 0.232500 0.907500 0.012500 0.020000
6 0.465000 0.978750 0.012500 0.020000
6 0.486250 0.886250 0.015000 0.010000
6 0.501250 0.881250 0.015000 0.010000
6 0.610000 0.850000 0.017500 0.010000
6 0.417500 0.776250 0.012500 0.020000
6 0.636250 0.815000 0.012500 0.017500
6 0.653750 0.751250 0.010000 0.020000
6 0.645000 0.783750 0.007500 0.015000
6 0.320000 0.566250 0.012500 0.022500
6 0.303750 0.546250 0.010000 0.012500
6 0.617500 0.512500 0.017500 0.015000
6 0.365000 0.241250 0.017500 0.012500
6 0.455000 0.430000 0.010000 0.015000
6 0.761250 0.126250 0.012500 0.015000
6 0.766250 0.135000 0.017500 0.017500
6 0.778750 0.142500 0.017500 0.012500
6 0.802500 0.080000 0.012500 0.012500
6 0.807500 0.090000 0.012500 0.012500
6 0.231250 0.460000 0.012500 0.015000
6 0.455000 0.956250 0.017500 0.022500
6 0.001250 0.972500 0.017500 0.022500
6 0.082500 0.987500 0.012500 0.012500
6 0.218750 0.872500 0.010000 0.015000
6 0.201250 0.838750 0.010000 0.020000
6 0.778750 0.060000 0.017500 0.015000
6 0.786250 0.065000 0.017500 0.015000
6 0.793750 0.075000 0.017500 0.017500
6 0.820000 0.105000 0.015000 0.015000
