6 0.592500 0.116250 0.015000 0.012500
6 0.578750 0.146250 0.010000 0.015000
6 0.476250 0.071250 0.012500 0.010000
6 0.483750 0.078750 0.012500 0.010000
6 0.491250 0.086250 0.017500 0.010000
6 0.520000 0.036250 0.012500 0.012500
6 0.526250 0.042500 0.012500 0.010000
6 0.540000 0.056250 0.007500 0.007500
6 0.545000 0.063750 0.012500 0.010000
6 0.508750 0.065000 0.015000 0.015000
6 0.525000 0.080000 0.012500 0.012500
6 0.538750 0.098750 0.012500 0.012500
6 0.552500 0.115000 0.010000 0.012500
6 0.547500 0.151250 0.015000 0.007500
6 0.483750 0.107500 0.010000 0.007500
6 0.005000 0.915000 0.007500 0.015000
6 0.481250 0.991250 0.017500 0.012500
6 0.877500 0.876250 0.012500 0.015000
6 0.882500 0.885000 0.017500 0.017500
6 0.895000 0.892500 0.017500 0.012500
6 0.918750 0.830000 0.012500 0.012500
6 0.923750 0.840000 0.012500 0.012500
6 0.532500 0.050000 0.012500 0.015000
6 0.557500 0.082500 0.017500 0.015000
6 0.565000 0.087500 0.017500 0.017500
6 0.585000 0.110000 0.017500 0.015000
6 0.895000 0.810000 0.017500 0.015000
6 0.902500 0.815000 0.017500 0.015000
6 0.910000 0.825000 0.017500 0.017500
6 0.936250 0.855000 0.015000 0.015000
