6 0.543750 0.107500 0.025000 0.012500
6 0.562500 0.103750 0.010000 0.017500
6 0.572500 0.023750 0.015000 0.015000
6 0.588750 0.003750 0.017500 0.017500
6 0.571250 0.081250 0.012500 0.017500
6 0.592500 0.050000 0.012500 0.017500
6 0.602500 0.032500 0.015000 0.020000
6 0.613750 0.020000 0.017500 0.015000
6 0.683750 0.010000 0.015000 0.020000
6 0.608750 0.122500 0.012500 0.017500
6 0.555000 0.181250 0.012500 0.020000
6 0.545000 0.246250 0.012500 0.020000
6 0.561250 0.277500 0.010000 0.015000
6 0.547500 0.305000 0.012500 0.022500
6 0.562500 0.372500 0.015000 0.025000
6 0.577500 0.423750 0.015000 0.020000
6 0.631250 0.081250 0.012500 0.015000
6 0.676250 0.130000 0.010000 0.017500
6 0.685000 0.121250 0.007500 0.015000
6 0.707500 0.127500 0.020000 0.010000
6 0.708750 0.137500 0.017500 0.007500
6 0.701250 0.153750 0.017500 0.007500
6 0.710000 0.116250 0.017500 0.010000
6 0.818750 0.390000 0.010000 0.022500
6 0.861250 0.482500 0.017500 0.020000
6 0.923750 0.460000 0.015000 0.020000
6 0.911250 0.467500 0.010000 0.017500
6 0.903750 0.532500 0.015000 0.015000
6 0.915000 0.547500 0.017500 0.012500
6 0.893750 0.522500 0.012500 0.010000
6 0.887500 0.512500 0.010000 0.015000
