6 0.126250 0.140000 0.017500 0.015000
6 0.035000 0.041250 0.012500 0.012500
6 0.082500 0.015000 0.017500 0.017500
6 0.320000 0.298750 0.012500 0.015000
6 0.306250 0.270000 0.012500 0.020000
6 0.352500 0.282500 0.015000 0.017500
6 0.406250 0.368750 0.010000 0.017500
6 0.398750 0.252500 0.007500 0.017500
6 0.755000 0.165000 0.007500 0.015000
6 0.633750 0.207500 0.007500 0.017500
6 0.622500 0.208750 0.007500 0.012500
6 0.611250 0.208750 0.007500 0.015000
6 0.601250 0.211250 0.007500 0.017500
6 0.592500 0.211250 0.010000 0.015000
6 0.583750 0.212500 0.007500 0.015000
6 0.575000 0.211250 0.010000 0.017500
6 0.566250 0.211250 0.010000 0.017500
6 0.555000 0.212500 0.010000 0.015000
6 0.541250 0.213750 0.015000 0.012500
6 0.530000 0.216250 0.012500 0.015000
6 0.502500 0.457500 0.010000 0.015000
6 0.538750 0.497500 0.010000 0.012500
6 0.567500 0.535000 0.015000 0.017500
6 0.612500 0.616250 0.020000 0.017500
6 0.601250 0.571250 0.010000 0.015000
6 0.442500 0.417500 0.015000 0.012500
6 0.555000 0.555000 0.025000 0.020000
6 0.780000 0.855000 0.017500 0.017500
6 0.810000 0.893750 0.012500 0.015000
6 0.857500 0.953750 0.017500 0.020000
6 0.867500 0.972500 0.017500 0.022500
6 0.831250 0.923750 0.015000 0.022500
6 0.948750 0.987500 0.012500 0.012500
6 0.420000 0.220000 0.020000 0.012500
