6 0.341250 0.722500 0.015000 0.010000
6 0.478750 0.803750 0.017500 0.017500
6 0.456250 0.720000 0.042500 0.020000
6 0.421250 0.770000 0.020000 0.015000
6 0.355000 0.761250 0.020000 0.015000
6 0.421250 0.871250 0.017500 0.017500
6 0.318750 0.797500 0.022500 0.020000
6 0.313750 0.832500 0.017500 0.015000
6 0.333750 0.848750 0.022500 0.017500
6 0.342500 0.856250 0.015000 0.015000
6 0.350000 0.863750 0.017500 0.015000
6 0.360000 0.870000 0.022500 0.020000
6 0.367500 0.875000 0.020000 0.015000
6 0.373750 0.883750 0.020000 0.012500
6 0.382500 0.890000 0.020000 0.020000
6 0.391250 0.896250 0.020000 0.017500
6 0.397500 0.907500 0.017500 0.015000
6 0.406250 0.913750 0.015000 0.010000
6 0.412500 0.920000 0.015000 0.012500
6 0.380000 0.921250 0.017500 0.017500
6 0.313750 0.908750 0.022500 0.017500
6 0.327500 0.918750 0.015000 0.012500
6 0.333750 0.925000 0.012500 0.012500
6 0.342500 0.932500 0.017500 0.015000
6 0.352500 0.938750 0.020000 0.017500
6 0.361250 0.945000 0.020000 0.015000
6 0.370000 0.953750 0.020000 0.015000
6 0.212500 0.865000 0.022500 0.017500
6 0.196250 0.963750 0.017500 0.012500
6 0.217500 0.985000 0.020000 0.015000
6 0.031250 0.986250 0.017500 0.015000
6 0.011250 0.772500 0.057500 0.032500
6 0.485000 0.970000 0.015000 0.012500
6 0.238750 0.891250 0.020000 0.015000
6 0.048750 0.997500 0.015000 0.007500
6 0.101250 0.938750 0.020000 0.007500
6 0.207500 0.930000 0.020000 0.012500
6 0.245000 0.776250 0.017500 0.010000
6 0.341250 0.816250 0.012500 0.012500
6 0.040000 0.992500 0.015000 0.010000
6 0.113750 0.885000 0.017500 0.010000
6 0.512500 0.933750 0.015000 0.012500
6 0.491250 0.978750 0.020000 0.022500
6 0.116250 0.956250 0.015000 0.010000
6 0.146250 0.876250 0.017500 0.010000
6 0.185000 0.910000 0.017500 0.012500
6 0.273750 0.923750 0.015000 0.012500
6 0.207500 0.820000 0.017500 0.012500
6 0.236250 0.768750 0.015000 0.012500
6 0.350000 0.726250 0.015000 0.012500
6 0.530000 0.943750 0.017500 0.017500
6 0.257500 0.908750 0.017500 0.017500
6 0.236250 0.848750 0.017500 0.015000
6 0.106250 0.985000 0.017500 0.012500
6 0.100000 0.870000 0.017500 0.012500
6 0.106250 0.876250 0.017500 0.012500
6 0.195000 0.815000 0.017500 0.012500
6 0.285000 0.887500 0.015000 0.012500
6 0.111250 0.993750 0.012500 0.012500
6 0.166250 0.932500 0.020000 0.010000
6 0.251250 0.901250 0.017500 0.010000
6 0.268750 0.986250 0.015000 0.015000
6 0.176250 0.830000 0.020000 0.010000
6 0.293750 0.892500 0.015000 0.010000
6 0.283750 0.811250 0.015000 0.012500
6 0.465000 0.958750 0.022500 0.017500
6 0.203750 0.971250 0.015000 0.012500
6 0.290000 0.937500 0.022500 0.012500
6 0.350000 0.821250 0.015000 0.012500
6 0.378750 0.840000 0.017500 0.017500
6 0.137500 0.978750 0.017500 0.012500
6 0.093750 0.933750 0.015000 0.010000
6 0.280000 0.878750 0.017500 0.017500
6 0.537500 0.692500 0.017500 0.012500
6 0.051250 0.927500 0.020000 0.010000
6 0.207500 0.978750 0.020000 0.015000
6 0.227500 0.993750 0.020000 0.012500
6 0.165000 0.825000 0.017500 0.010000
6 0.221250 0.836250 0.015000 0.015000
6 0.333750 0.810000 0.017500 0.012500
6 0.087500 0.926250 0.015000 0.010000
6 0.081250 0.918750 0.017500 0.010000
6 0.170000 0.896250 0.017500 0.010000
6 0.320000 0.963750 0.020000 0.010000
6 0.373750 0.773750 0.017500 0.012500
6 0.120000 0.963750 0.020000 0.012500
6 0.131250 0.896250 0.017500 0.012500
6 0.153750 0.883750 0.012500 0.010000
6 0.181250 0.948750 0.017500 0.012500
6 0.262500 0.975000 0.022500 0.015000
6 0.187500 0.807500 0.017500 0.010000
6 0.541250 0.892500 0.015000 0.015000
6 0.495000 0.817500 0.012500 0.015000
6 0.078750 0.956250 0.017500 0.012500
6 0.065000 0.905000 0.015000 0.010000
6 0.173750 0.941250 0.022500 0.012500
6 0.303750 0.950000 0.017500 0.010000
6 0.091250 0.971250 0.015000 0.012500
6 0.145000 0.986250 0.022500 0.012500
6 0.227500 0.841250 0.017500 0.010000
6 0.415000 0.807500 0.015000 0.012500
6 0.111250 0.946250 0.022500 0.012500
6 0.315000 0.957500 0.015000 0.012500
6 0.196250 0.851250 0.017500 0.010000
6 0.357500 0.827500 0.015000 0.017500
6 0.446250 0.891250 0.017500 0.012500
6 0.226250 0.946250 0.022500 0.015000
6 0.188750 0.845000 0.017500 0.010000
6 0.402500 0.858750 0.015000 0.015000
6 0.432500 0.961250 0.017500 0.012500
6 0.160000 0.888750 0.017500 0.010000
6 0.201250 0.923750 0.015000 0.010000
6 0.278750 0.993750 0.017500 0.010000
6 0.245000 0.962500 0.017500 0.012500
6 0.271250 0.872500 0.017500 0.015000
6 0.407500 0.800000 0.017500 0.017500
6 0.675000 0.873750 0.020000 0.025000
6 0.071250 0.947500 0.022500 0.015000
6 0.138750 0.868750 0.017500 0.010000
6 0.228750 0.882500 0.020000 0.012500
6 0.518750 0.997500 0.017500 0.012500
6 0.086250 0.962500 0.015000 0.012500
6 0.177500 0.902500 0.015000 0.012500
6 0.182500 0.837500 0.017500 0.010000
6 0.303750 0.898750 0.017500 0.015000
6 0.250000 0.785000 0.017500 0.012500
6 0.358750 0.733750 0.015000 0.017500
6 0.071250 0.915000 0.015000 0.012500
6 0.125000 0.891250 0.015000 0.010000
6 0.123750 0.853750 0.020000 0.012500
6 0.261250 0.867500 0.017500 0.012500
6 0.346250 0.756250 0.017500 0.012500
6 0.402500 0.700000 0.027500 0.012500
6 0.336250 0.978750 0.022500 0.015000
6 0.325000 0.805000 0.012500 0.010000
6 0.513750 0.767500 0.025000 0.010000
6 0.397500 0.795000 0.012500 0.012500
6 0.267500 0.916250 0.017500 0.017500
6 0.436250 0.882500 0.015000 0.015000
6 0.512500 0.828750 0.015000 0.017500
6 0.338750 0.748750 0.017500 0.017500
6 0.151250 0.921250 0.017500 0.012500
6 0.158750 0.927500 0.017500 0.010000
6 0.245000 0.853750 0.017500 0.015000
6 0.295000 0.818750 0.017500 0.015000
6 0.558750 0.857500 0.017500 0.015000
6 0.317500 0.742500 0.017500 0.015000
6 0.483750 0.858750 0.015000 0.015000
6 0.097500 0.977500 0.017500 0.010000
6 0.212500 0.827500 0.015000 0.012500
6 0.191250 0.916250 0.017500 0.012500
6 0.448750 0.978750 0.017500 0.012500
6 0.037500 0.910000 0.022500 0.010000
6 0.130000 0.861250 0.020000 0.012500
6 0.217500 0.940000 0.017500 0.012500
6 0.250000 0.968750 0.012500 0.010000
6 0.273750 0.765000 0.022500 0.015000
6 0.291250 0.777500 0.015000 0.015000
6 0.440000 0.782500 0.017500 0.015000
6 0.425000 0.708750 0.027500 0.010000
6 0.152500 0.993750 0.022500 0.012500
6 0.138750 0.902500 0.015000 0.010000
6 0.255000 0.860000 0.015000 0.012500
6 0.377500 0.742500 0.012500 0.012500
6 0.467500 0.846250 0.015000 0.020000
6 0.083750 0.700000 0.015000 0.007500
6 0.046250 0.821250 0.020000 0.012500
6 0.507500 0.991250 0.017500 0.015000
6 0.028750 0.977500 0.015000 0.010000
6 0.282500 0.930000 0.017500 0.010000
6 0.222500 0.873750 0.020000 0.012500
6 0.426250 0.811250 0.022500 0.015000
6 0.297500 0.943750 0.022500 0.010000
6 0.325000 0.845000 0.020000 0.015000
6 0.446250 0.835000 0.015000 0.015000
6 0.190000 0.955000 0.020000 0.015000
6 0.388750 0.788750 0.015000 0.017500
6 0.131250 0.970000 0.022500 0.010000
6 0.205000 0.860000 0.017500 0.010000
6 0.395000 0.851250 0.012500 0.015000
