6 0.518750 0.793750 0.032500 0.020000
6 0.477500 0.808750 0.015000 0.012500
6 0.558750 0.883750 0.017500 0.015000
6 0.442500 0.863750 0.025000 0.012500
6 0.433750 0.733750 0.015000 0.015000
6 0.535000 0.691250 0.015000 0.015000
6 0.515000 0.652500 0.017500 0.020000
6 0.522500 0.660000 0.022500 0.015000
6 0.523750 0.673750 0.022500 0.017500
6 0.405000 0.675000 0.022500 0.017500
6 0.410000 0.652500 0.020000 0.015000
6 0.421250 0.681250 0.035000 0.027500
6 0.391250 0.732500 0.020000 0.015000
6 0.383750 0.721250 0.025000 0.017500
6 0.377500 0.713750 0.022500 0.015000
6 0.353750 0.686250 0.017500 0.012500
6 0.367500 0.695000 0.020000 0.017500
6 0.562500 0.692500 0.050000 0.042500
6 0.572500 0.682500 0.047500 0.040000
6 0.378750 0.638750 0.022500 0.020000
6 0.436250 0.588750 0.020000 0.017500
6 0.452500 0.593750 0.017500 0.012500
6 0.347500 0.592500 0.020000 0.012500
6 0.542500 0.585000 0.020000 0.012500
6 0.560000 0.571250 0.022500 0.012500
6 0.560000 0.507500 0.017500 0.010000
6 0.515000 0.433750 0.017500 0.017500
6 0.525000 0.438750 0.017500 0.015000
6 0.510000 0.425000 0.017500 0.012500
6 0.501250 0.418750 0.020000 0.015000
6 0.560000 0.050000 0.017500 0.017500
6 0.617500 0.172500 0.020000 0.012500
6 0.427500 0.542500 0.025000 0.015000
6 0.448750 0.521250 0.025000 0.012500
6 0.450000 0.415000 0.017500 0.017500
6 0.116250 0.615000 0.017500 0.012500
6 0.468750 0.131250 0.022500 0.020000
6 0.457500 0.510000 0.010000 0.012500
6 0.421250 0.360000 0.017500 0.025000
6 0.127500 0.376250 0.015000 0.007500
