6 0.655000 0.952500 0.022500 0.015000
6 0.492500 0.977500 0.020000 0.015000
6 0.915000 0.797500 0.015000 0.017500
6 0.472500 0.795000 0.017500 0.015000
6 0.445000 0.776250 0.017500 0.012500
6 0.458750 0.773750 0.012500 0.012500
6 0.512500 0.823750 0.022500 0.015000
6 0.217500 0.933750 0.015000 0.015000
6 0.272500 0.923750 0.012500 0.012500
6 0.032500 0.656250 0.015000 0.015000
6 0.025000 0.566250 0.020000 0.012500
6 0.031250 0.557500 0.020000 0.012500
6 0.023750 0.530000 0.015000 0.012500
6 0.031250 0.520000 0.012500 0.012500
6 0.006250 0.548750 0.015000 0.012500
6 0.025000 0.541250 0.015000 0.015000
6 0.242500 0.473750 0.020000 0.015000
6 0.305000 0.460000 0.017500 0.012500
6 0.341250 0.503750 0.015000 0.012500
6 0.053750 0.660000 0.015000 0.015000
6 0.981250 0.211250 0.012500 0.015000
6 0.737500 0.008750 0.017500 0.015000
