6 0.967500 0.933750 0.015000 0.015000
6 0.383750 0.836250 0.020000 0.017500
6 0.417500 0.807500 0.025000 0.012500
6 0.411250 0.816250 0.025000 0.015000
6 0.497500 0.793750 0.020000 0.012500
6 0.486250 0.800000 0.022500 0.017500
6 0.460000 0.800000 0.017500 0.012500
6 0.516250 0.753750 0.017500 0.020000
6 0.540000 0.767500 0.012500 0.012500
6 0.547500 0.772500 0.012500 0.012500
6 0.526250 0.756250 0.015000 0.012500
6 0.518750 0.632500 0.020000 0.012500
6 0.730000 0.602500 0.012500 0.010000
6 0.782500 0.656250 0.015000 0.015000
6 0.775000 0.566250 0.020000 0.012500
6 0.781250 0.557500 0.020000 0.012500
6 0.773750 0.530000 0.015000 0.012500
6 0.781250 0.520000 0.012500 0.012500
6 0.756250 0.548750 0.015000 0.012500
6 0.733750 0.563750 0.015000 0.012500
6 0.775000 0.541250 0.015000 0.015000
6 0.992500 0.473750 0.020000 0.015000
6 0.803750 0.660000 0.015000 0.015000
