6 0.930000 0.101250 0.020000 0.020000
6 0.957500 0.081250 0.017500 0.010000
6 0.835000 0.133750 0.020000 0.022500
6 0.800000 0.056250 0.012500 0.020000
6 0.831250 0.206250 0.012500 0.017500
6 0.856250 0.236250 0.015000 0.015000
6 0.846250 0.217500 0.015000 0.020000
6 0.642500 0.566250 0.035000 0.032500
6 0.708750 0.501250 0.015000 0.015000
6 0.413750 0.797500 0.017500 0.015000
6 0.361250 0.837500 0.015000 0.012500
6 0.310000 0.846250 0.022500 0.015000
6 0.266250 0.876250 0.022500 0.012500
6 0.236250 0.846250 0.020000 0.015000
6 0.147500 0.913750 0.025000 0.012500
6 0.022500 0.628750 0.017500 0.007500
6 0.760000 0.468750 0.020000 0.017500
6 0.165000 0.708750 0.010000 0.020000
6 0.363750 0.110000 0.017500 0.007500
