6 0.531250 0.021250 0.012500 0.017500
6 0.407500 0.247500 0.012500 0.010000
6 0.128750 0.245000 0.055000 0.022500
6 0.796250 0.852500 0.015000 0.017500
6 0.300000 0.537500 0.012500 0.012500
6 0.127500 0.362500 0.032500 0.035000
6 0.200000 0.307500 0.030000 0.015000
6 0.775000 0.921250 0.020000 0.015000
6 0.215000 0.313750 0.025000 0.012500
6 0.460000 0.323750 0.037500 0.040000
6 0.523750 0.446250 0.012500 0.012500
6 0.562500 0.452500 0.015000 0.017500
6 0.360000 0.283750 0.020000 0.017500
6 0.297500 0.307500 0.017500 0.022500
