6 0.088750 0.422500 0.012500 0.020000
6 0.121250 0.526250 0.022500 0.017500
6 0.127500 0.517500 0.022500 0.015000
6 0.141250 0.511250 0.020000 0.015000
6 0.150000 0.506250 0.020000 0.017500
6 0.158750 0.500000 0.025000 0.020000
6 0.181250 0.476250 0.017500 0.017500
6 0.181250 0.653750 0.015000 0.017500
6 0.196250 0.673750 0.017500 0.022500
6 0.212500 0.695000 0.012500 0.020000
6 0.233750 0.723750 0.015000 0.020000
6 0.247500 0.738750 0.015000 0.017500
6 0.271250 0.773750 0.015000 0.017500
6 0.325000 0.845000 0.012500 0.017500
6 0.361250 0.893750 0.015000 0.015000
6 0.543750 0.587500 0.012500 0.017500
6 0.792500 0.601250 0.017500 0.015000
6 0.751250 0.542500 0.015000 0.017500
6 0.702500 0.472500 0.012500 0.022500
6 0.670000 0.358750 0.015000 0.020000
6 0.666250 0.342500 0.015000 0.015000
6 0.642500 0.317500 0.012500 0.027500
6 0.833750 0.668750 0.015000 0.022500
6 0.850000 0.768750 0.012500 0.020000
6 0.866250 0.785000 0.020000 0.022500
6 0.925000 0.875000 0.022500 0.027500
6 0.897500 0.837500 0.020000 0.025000
6 0.755000 0.611250 0.020000 0.022500
6 0.683750 0.507500 0.017500 0.022500
6 0.165000 0.488750 0.022500 0.025000
6 0.372500 0.378750 0.025000 0.020000
6 0.740000 0.525000 0.017500 0.015000
6 0.511250 0.000000 0.015000 0.020000
6 0.687500 0.428750 0.010000 0.020000
6 0.727500 0.508750 0.015000 0.017500
6 0.078750 0.556250 0.022500 0.017500
6 0.161250 0.637500 0.017500 0.020000
6 0.157500 0.517500 0.025000 0.015000
6 0.675000 0.382500 0.010000 0.020000
6 0.286250 0.793750 0.015000 0.020000
6 0.807500 0.617500 0.015000 0.015000
6 0.420000 0.350000 0.022500 0.015000
6 0.717500 0.490000 0.022500 0.017500
6 0.651250 0.470000 0.012500 0.022500
6 0.693750 0.453750 0.015000 0.025000
6 0.527500 0.273750 0.022500 0.017500
6 0.352500 0.877500 0.015000 0.015000
