6 0.551250 0.618750 0.020000 0.012500
6 0.540000 0.625000 0.020000 0.015000
6 0.532500 0.632500 0.017500 0.012500
6 0.528750 0.642500 0.017500 0.010000
6 0.528750 0.652500 0.022500 0.010000
6 0.552500 0.643750 0.020000 0.015000
6 0.555000 0.657500 0.012500 0.015000
6 0.577500 0.662500 0.012500 0.012500
6 0.156250 0.790000 0.010000 0.010000
6 0.188750 0.790000 0.022500 0.010000
6 0.362500 0.926250 0.010000 0.010000
6 0.283750 0.478750 0.017500 0.007500
6 0.088750 0.415000 0.022500 0.010000
6 0.332500 0.486250 0.015000 0.005000
6 0.116250 0.795000 0.005000 0.012500
6 0.450000 0.481250 0.022500 0.005000
6 0.116250 0.448750 0.012500 0.007500
6 0.146250 0.411250 0.095000 0.027500
6 0.203750 0.463750 0.020000 0.007500
6 0.243750 0.442500 0.015000 0.007500
6 0.318750 0.616250 0.015000 0.005000
6 0.021250 0.432500 0.020000 0.010000
6 0.460000 0.593750 0.015000 0.017500
6 0.596250 0.493750 0.055000 0.017500
6 0.516250 0.518750 0.020000 0.007500
6 0.573750 0.590000 0.037500 0.015000
6 0.922500 0.597500 0.027500 0.010000
6 0.282500 0.426250 0.015000 0.010000
6 0.631250 0.513750 0.020000 0.007500
6 0.442500 0.587500 0.007500 0.015000
6 0.820000 0.547500 0.020000 0.010000
6 0.012500 0.396250 0.015000 0.007500
6 0.263750 0.487500 0.022500 0.005000
6 0.186250 0.477500 0.037500 0.017500
