6 0.816250 0.308750 0.020000 0.012500
6 0.980000 0.746250 0.015000 0.017500
6 0.036250 0.545000 0.017500 0.025000
6 0.113750 0.473750 0.022500 0.010000
6 0.411250 0.425000 0.020000 0.010000
6 0.742500 0.700000 0.015000 0.007500
6 0.815000 0.341250 0.017500 0.010000
6 0.868750 0.253750 0.017500 0.007500
6 0.712500 0.675000 0.035000 0.027500
6 0.808750 0.170000 0.022500 0.010000
6 0.161250 0.710000 0.010000 0.022500
6 0.815000 0.745000 0.012500 0.010000
6 0.130000 0.707500 0.012500 0.020000
6 0.597500 0.761250 0.012500 0.012500
6 0.146250 0.710000 0.020000 0.027500
6 0.115000 0.740000 0.032500 0.010000
6 0.950000 0.846250 0.020000 0.007500
6 0.860000 0.806250 0.012500 0.017500
6 0.876250 0.295000 0.015000 0.007500
6 0.842500 0.770000 0.012500 0.012500
6 0.887500 0.280000 0.012500 0.010000
6 0.968750 0.821250 0.007500 0.015000
