6 0.185000 0.551250 0.027500 0.010000
6 0.369375 0.545000 0.031250 0.007500
6 0.530625 0.460625 0.061250 0.008750
6 0.501250 0.438750 0.025000 0.005000
6 0.504375 0.393125 0.028750 0.006250
6 0.505000 0.410000 0.022500 0.005000
6 0.553125 0.408750 0.018750 0.007500
6 0.544375 0.430000 0.018750 0.007500
6 0.580625 0.408125 0.023750 0.008750
6 0.573125 0.393125 0.031250 0.008750
6 0.462500 0.370000 0.007500 0.010000
6 0.359375 0.609375 0.028750 0.008750
6 0.418125 0.628750 0.048750 0.007500
6 0.410000 0.652500 0.035000 0.010000
