6 0.587500 0.115000 0.010000 0.017500
6 0.576250 0.162500 0.010000 0.027500
6 0.568750 0.187500 0.012500 0.025000
6 0.930000 0.355000 0.012500 0.020000
6 0.962500 0.273750 0.012500 0.020000
6 0.981250 0.095000 0.020000 0.010000
6 0.982500 0.083750 0.025000 0.010000
6 0.973750 0.125000 0.017500 0.007500
6 0.971250 0.142500 0.017500 0.020000
6 0.990000 0.131250 0.007500 0.012500
6 0.996250 0.195000 0.012500 0.012500
6 0.990000 0.212500 0.010000 0.015000
6 0.460000 0.453750 0.012500 0.015000
6 0.146250 0.522500 0.012500 0.017500
6 0.137500 0.536250 0.015000 0.022500
6 0.497500 0.797500 0.017500 0.012500
6 0.661250 0.855000 0.020000 0.012500
6 0.768750 0.917500 0.020000 0.007500
6 0.016250 0.856250 0.020000 0.010000
6 0.893750 0.490000 0.020000 0.015000
6 0.947500 0.205000 0.017500 0.022500
6 0.653750 0.877500 0.025000 0.015000
6 0.136250 0.912500 0.022500 0.015000
6 0.761250 0.893750 0.025000 0.010000
6 0.022500 0.846250 0.022500 0.012500
6 0.166250 0.478750 0.012500 0.017500
6 0.490000 0.560000 0.022500 0.015000
6 0.976250 0.107500 0.022500 0.010000
6 0.468750 0.435000 0.015000 0.022500
6 0.975000 0.116250 0.022500 0.007500
6 0.027500 0.836250 0.017500 0.012500
6 0.057500 0.906250 0.017500 0.020000
6 0.633750 0.340000 0.025000 0.027500
6 0.940000 0.223750 0.020000 0.025000
