3 0.678125 0.833125 0.036250 0.036250
4 0.641250 0.473750 0.012500 0.012500
4 0.625625 0.480000 0.011250 0.010000
4 0.631875 0.491250 0.008750 0.010000
4 0.655000 0.498125 0.010000 0.011250
4 0.650000 0.508750 0.005000 0.007500
4 0.641875 0.514375 0.006250 0.006250
4 0.645000 0.521875 0.005000 0.006250
4 0.654375 0.517500 0.006250 0.007500
4 0.665625 0.518750 0.008750 0.010000
4 0.611250 0.503750 0.020000 0.020000
4 0.624375 0.528125 0.021250 0.021250
4 0.585625 0.510000 0.016250 0.017500
4 0.565000 0.521250 0.017500 0.017500
4 0.600625 0.540000 0.016250 0.017500
4 0.580000 0.551250 0.017500 0.017500
4 0.541875 0.532500 0.018750 0.017500
4 0.519375 0.537500 0.008750 0.007500
4 0.523750 0.547500 0.007500 0.007500
4 0.558125 0.561875 0.016250 0.016250
4 0.537500 0.571875 0.017500 0.016250
4 0.607500 0.591250 0.012500 0.012500
4 0.593750 0.597500 0.012500 0.012500
4 0.503750 0.578750 0.007500 0.007500
4 0.506875 0.586250 0.006250 0.007500
4 0.512500 0.595625 0.007500 0.008750
4 0.458125 0.565000 0.011250 0.010000
4 0.479375 0.569375 0.011250 0.011250
4 0.463125 0.577500 0.011250 0.010000
4 0.469375 0.590625 0.011250 0.008750
4 0.485625 0.582500 0.011250 0.010000
4 0.475625 0.603750 0.011250 0.012500
4 0.492500 0.595000 0.010000 0.010000
4 0.428125 0.580625 0.011250 0.011250
4 0.433750 0.591875 0.007500 0.006250
4 0.440625 0.524375 0.018750 0.016250
4 0.461875 0.514375 0.016250 0.016250
4 0.482500 0.503125 0.017500 0.016250
4 0.499375 0.495625 0.011250 0.011250
4 0.533125 0.476875 0.013750 0.013750
4 0.386250 0.546250 0.027500 0.027500
4 0.438125 0.470000 0.036250 0.035000
4 0.618125 0.433125 0.026250 0.026250
4 0.588125 0.448125 0.026250 0.026250
4 0.501250 0.438125 0.035000 0.033750
4 0.573125 0.413750 0.028750 0.027500
4 0.554375 0.378750 0.026250 0.025000
4 0.536875 0.342500 0.028750 0.027500
4 0.518750 0.316875 0.022500 0.021250
4 0.506875 0.294375 0.018750 0.016250
4 0.469375 0.374375 0.036250 0.036250
4 0.406875 0.408125 0.036250 0.036250
4 0.440625 0.316875 0.031250 0.028750
4 0.377500 0.349375 0.032500 0.031250
4 0.309375 0.381250 0.036250 0.037500
4 0.280625 0.324375 0.036250 0.036250
4 0.411875 0.260625 0.031250 0.031250
4 0.348750 0.292500 0.032500 0.030000
4 0.449375 0.661250 0.008750 0.007500
3 0.661250 0.320000 0.015000 0.025000
