6 0.366250 0.400000 0.022500 0.002500
6 0.322500 0.925000 0.022500 0.012500
6 0.172500 0.460000 0.025000 0.010000
6 0.451250 0.243750 0.015000 0.015000
6 0.433750 0.373750 0.015000 0.010000
6 0.208750 0.448750 0.015000 0.007500
6 0.178750 0.662500 0.025000 0.027500
6 0.897500 0.588750 0.015000 0.015000
6 0.128750 0.531250 0.020000 0.020000
6 0.417500 0.273750 0.007500 0.015000
6 0.460000 0.291250 0.010000 0.005000
6 0.463750 0.300000 0.017500 0.012500
6 0.045000 0.501250 0.022500 0.012500
6 0.428750 0.295000 0.010000 0.017500
6 0.968750 0.487500 0.015000 0.025000
6 0.435000 0.226250 0.017500 0.005000
6 0.392500 0.395000 0.022500 0.010000
6 0.827500 0.165000 0.025000 0.015000
6 0.456250 0.283750 0.012500 0.007500
6 0.517500 0.715000 0.015000 0.012500
6 0.116250 0.101250 0.015000 0.017500
6 0.140000 0.571250 0.010000 0.010000
6 0.411250 0.232500 0.012500 0.005000
6 0.176250 0.266250 0.015000 0.017500
6 0.165000 0.231250 0.012500 0.030000
6 0.045000 0.682500 0.017500 0.020000
6 0.136250 0.555000 0.015000 0.012500
6 0.455000 0.266250 0.015000 0.007500
6 0.470000 0.307500 0.015000 0.007500
6 0.135000 0.476250 0.022500 0.012500
6 0.210000 0.343750 0.017500 0.025000
6 0.427500 0.750000 0.037500 0.002500
6 0.392500 0.815000 0.017500 0.025000
6 0.050000 0.820000 0.017500 0.025000
6 0.001250 0.848750 0.015000 0.010000
6 0.016250 0.922500 0.017500 0.012500
6 0.323750 0.422500 0.042500 0.017500
6 0.978750 0.911250 0.012500 0.007500
