6 0.568750 0.805000 0.020000 0.015000
6 0.463750 0.805000 0.027500 0.020000
6 0.372500 0.805000 0.025000 0.012500
6 0.070000 0.363750 0.022500 0.007500
6 0.441250 0.420000 0.022500 0.015000
6 0.570000 0.770000 0.022500 0.012500
6 0.433750 0.288750 0.020000 0.025000
6 0.496250 0.795000 0.020000 0.012500
6 0.637500 0.775000 0.015000 0.022500
6 0.123750 0.330000 0.027500 0.015000
6 0.586250 0.686250 0.025000 0.032500
6 0.568750 0.642500 0.012500 0.020000
6 0.518750 0.510000 0.027500 0.020000
6 0.565000 0.747500 0.022500 0.012500
