6 0.322500 0.352500 0.022500 0.012500
6 0.622500 0.882500 0.020000 0.010000
6 0.461250 0.623750 0.022500 0.012500
6 0.585000 0.577500 0.027500 0.007500
6 0.407500 0.582500 0.017500 0.012500
6 0.060000 0.458750 0.015000 0.020000
6 0.407500 0.611250 0.025000 0.020000
6 0.238750 0.926250 0.012500 0.025000
6 0.070000 0.486250 0.020000 0.022500
6 0.178750 0.090000 0.025000 0.027500
6 0.897500 0.016250 0.015000 0.015000
6 0.327500 0.636250 0.025000 0.015000
6 0.072500 0.666250 0.025000 0.015000
6 0.373750 0.595000 0.017500 0.007500
6 0.517500 0.142500 0.015000 0.012500
6 0.026250 0.688750 0.040000 0.020000
6 0.350000 0.592500 0.017500 0.015000
6 0.045000 0.110000 0.017500 0.020000
6 0.051250 0.432500 0.012500 0.012500
6 0.087500 0.543750 0.015000 0.020000
6 0.380000 0.491250 0.017500 0.022500
6 0.427500 0.177500 0.037500 0.002500
6 0.392500 0.242500 0.017500 0.025000
6 0.050000 0.247500 0.017500 0.025000
6 0.001250 0.276250 0.015000 0.010000
6 0.643750 0.881250 0.042500 0.012500
6 0.016250 0.350000 0.017500 0.012500
6 0.683750 0.880000 0.027500 0.022500
6 0.726250 0.866250 0.027500 0.030000
6 0.978750 0.338750 0.012500 0.007500
6 0.495000 0.455000 0.027500 0.027500
6 0.637500 0.830000 0.027500 0.025000
