6 0.617500 0.417500 0.022500 0.010000
6 0.568750 0.481250 0.022500 0.012500
6 0.625000 0.798750 0.017500 0.010000
6 0.628750 0.803750 0.017500 0.010000
6 0.631250 0.816250 0.017500 0.007500
6 0.647500 0.852500 0.015000 0.007500
6 0.652500 0.863750 0.017500 0.010000
6 0.657500 0.872500 0.017500 0.007500
6 0.658750 0.882500 0.017500 0.010000
6 0.617500 0.777500 0.020000 0.007500
6 0.096250 0.663750 0.015000 0.020000
6 0.360000 0.443750 0.020000 0.012500
6 0.137500 0.657500 0.015000 0.010000
6 0.147500 0.651250 0.010000 0.020000
6 0.150000 0.723750 0.015000 0.012500
6 0.200000 0.548750 0.020000 0.012500
6 0.573750 0.078750 0.012500 0.005000
6 0.428750 0.126250 0.022500 0.022500
6 0.121250 0.736250 0.020000 0.012500
6 0.217500 0.702500 0.015000 0.020000
6 0.252500 0.618750 0.017500 0.020000
6 0.532500 0.597500 0.012500 0.020000
6 0.601250 0.071250 0.015000 0.007500
6 0.113750 0.577500 0.017500 0.012500
6 0.145000 0.566250 0.020000 0.015000
6 0.136250 0.585000 0.020000 0.012500
6 0.192500 0.635000 0.017500 0.017500
6 0.447500 0.125000 0.020000 0.015000
6 0.231250 0.625000 0.012500 0.010000
6 0.172500 0.556250 0.020000 0.012500
6 0.310000 0.632500 0.027500 0.005000
6 0.235000 0.108750 0.022500 0.027500
6 0.325000 0.330000 0.017500 0.020000
