6 0.341250 0.207500 0.012500 0.017500
6 0.353750 0.203750 0.010000 0.020000
6 0.363750 0.195000 0.007500 0.020000
6 0.148750 0.213750 0.017500 0.010000
6 0.385000 0.677500 0.012500 0.017500
6 0.395000 0.675000 0.010000 0.017500
6 0.240000 0.743750 0.017500 0.010000
6 0.746250 0.625000 0.012500 0.017500
6 0.585000 0.276250 0.012500 0.020000
6 0.340000 0.046250 0.020000 0.012500
6 0.791250 0.756250 0.020000 0.027500
6 0.375000 0.032500 0.027500 0.012500
6 0.848750 0.832500 0.017500 0.027500
6 0.806250 0.723750 0.015000 0.015000
6 0.838750 0.803750 0.012500 0.010000
6 0.671250 0.482500 0.017500 0.022500
6 0.722500 0.617500 0.025000 0.015000
6 0.775000 0.701250 0.012500 0.022500
6 0.763750 0.595000 0.012500 0.020000
6 0.701250 0.511250 0.017500 0.027500
6 0.722500 0.483750 0.015000 0.022500
6 0.762500 0.666250 0.020000 0.027500
6 0.383750 0.660000 0.022500 0.010000
6 0.718750 0.592500 0.017500 0.017500
6 0.166250 0.206250 0.020000 0.015000
6 0.883750 0.946250 0.022500 0.020000
6 0.841250 0.645000 0.020000 0.012500
6 0.865000 0.635000 0.020000 0.012500
6 0.108750 0.227500 0.020000 0.012500
6 0.131250 0.220000 0.017500 0.007500
6 0.801250 0.805000 0.015000 0.017500
6 0.407500 0.070000 0.025000 0.015000
