6 0.438750 0.352500 0.022500 0.012500
6 0.738750 0.882500 0.020000 0.010000
6 0.577500 0.623750 0.022500 0.012500
6 0.701250 0.577500 0.027500 0.007500
6 0.011250 0.036250 0.015000 0.020000
6 0.523750 0.582500 0.017500 0.012500
6 0.176250 0.458750 0.015000 0.020000
6 0.523750 0.611250 0.025000 0.020000
6 0.355000 0.926250 0.012500 0.025000
6 0.081250 0.240000 0.040000 0.052500
6 0.186250 0.486250 0.020000 0.022500
6 0.295000 0.090000 0.025000 0.027500
6 0.057500 0.162500 0.017500 0.027500
6 0.066250 0.730000 0.022500 0.015000
6 0.443750 0.636250 0.025000 0.015000
6 0.188750 0.666250 0.025000 0.015000
6 0.106250 0.710000 0.055000 0.020000
6 0.490000 0.595000 0.017500 0.007500
6 0.633750 0.142500 0.015000 0.012500
6 0.142500 0.688750 0.040000 0.020000
6 0.466250 0.592500 0.017500 0.015000
6 0.161250 0.110000 0.017500 0.020000
6 0.167500 0.432500 0.012500 0.012500
6 0.062500 0.137500 0.020000 0.020000
6 0.031250 0.737500 0.027500 0.017500
6 0.203750 0.543750 0.015000 0.020000
6 0.496250 0.491250 0.017500 0.022500
6 0.543750 0.177500 0.037500 0.002500
6 0.508750 0.242500 0.017500 0.025000
6 0.166250 0.247500 0.017500 0.025000
6 0.117500 0.276250 0.015000 0.010000
6 0.760000 0.881250 0.042500 0.012500
6 0.132500 0.350000 0.017500 0.012500
6 0.800000 0.880000 0.027500 0.022500
6 0.842500 0.866250 0.027500 0.030000
6 0.611250 0.455000 0.027500 0.027500
6 0.753750 0.830000 0.027500 0.025000
