6 0.637500 0.012500 0.020000 0.012500
6 0.991250 0.110000 0.012500 0.025000
6 0.253750 0.863750 0.017500 0.007500
6 0.308750 0.905000 0.010000 0.017500
6 0.921250 0.553750 0.020000 0.010000
6 0.933750 0.438750 0.020000 0.010000
6 0.296250 0.953750 0.007500 0.020000
6 0.476250 0.751250 0.007500 0.015000
6 0.400000 0.985000 0.005000 0.020000
6 0.316250 0.976250 0.007500 0.017500
6 0.677500 0.026250 0.022500 0.010000
6 0.305000 0.977500 0.007500 0.020000
6 0.390000 0.961250 0.007500 0.017500
6 0.255000 0.918750 0.022500 0.010000
6 0.441250 0.973750 0.020000 0.010000
6 0.441250 0.953750 0.017500 0.005000
6 0.361250 0.915000 0.010000 0.017500
6 0.956250 0.217500 0.020000 0.010000
6 0.938750 0.395000 0.017500 0.007500
6 0.860000 0.962500 0.012500 0.010000
6 0.995000 0.638750 0.012500 0.022500
6 0.382500 0.915000 0.007500 0.015000
6 0.401250 0.916250 0.007500 0.012500
6 0.956250 0.198750 0.017500 0.010000
6 0.613750 0.187500 0.027500 0.012500
6 0.643750 0.190000 0.020000 0.010000
6 0.388750 0.986250 0.007500 0.015000
6 0.346250 0.981250 0.007500 0.017500
6 0.357500 0.983750 0.012500 0.022500
6 0.882500 0.812500 0.007500 0.022500
6 0.250000 0.982500 0.020000 0.007500
6 0.110000 0.850000 0.015000 0.007500
6 0.295000 0.905000 0.007500 0.020000
6 0.865000 0.843750 0.020000 0.027500
6 0.002500 0.841250 0.017500 0.007500
6 0.918750 0.041250 0.030000 0.015000
6 0.377500 0.985000 0.007500 0.015000
6 0.391250 0.916250 0.005000 0.017500
6 0.253750 0.933750 0.020000 0.010000
6 0.353750 0.877500 0.020000 0.010000
6 0.438750 0.983750 0.020000 0.007500
6 0.068750 0.847500 0.017500 0.007500
6 0.181250 0.150000 0.027500 0.012500
6 0.457500 0.948750 0.007500 0.020000
6 0.206250 0.153750 0.022500 0.010000
6 0.317500 0.957500 0.012500 0.017500
6 0.253750 0.953750 0.020000 0.007500
6 0.936250 0.415000 0.007500 0.010000
6 0.442500 0.925000 0.017500 0.007500
6 0.372500 0.913750 0.007500 0.017500
6 0.098750 0.141250 0.022500 0.010000
6 0.955000 0.472500 0.012500 0.017500
6 0.853750 0.983750 0.015000 0.017500
6 0.948750 0.266250 0.020000 0.007500
6 0.128750 0.145000 0.022500 0.007500
6 0.377500 0.962500 0.007500 0.017500
6 0.137500 0.853750 0.022500 0.010000
6 0.347500 0.958750 0.010000 0.020000
6 0.026250 0.846250 0.017500 0.007500
6 0.253750 0.963750 0.020000 0.010000
6 0.472500 0.772500 0.007500 0.017500
6 0.318750 0.907500 0.002500 0.015000
6 0.530000 0.890000 0.017500 0.010000
6 0.982500 0.641250 0.015000 0.030000
6 0.357500 0.961250 0.007500 0.015000
6 0.940000 0.451250 0.020000 0.010000
6 0.046250 0.846250 0.020000 0.007500
6 0.257500 0.907500 0.020000 0.007500
6 0.441250 0.962500 0.020000 0.007500
6 0.426250 0.855000 0.035000 0.010000
6 0.466250 0.856250 0.007500 0.017500
6 0.923750 0.028750 0.020000 0.007500
6 0.251250 0.945000 0.025000 0.010000
6 0.336250 0.980000 0.010000 0.017500
6 0.877500 0.838750 0.005000 0.017500
6 0.988750 0.750000 0.017500 0.032500
6 0.475000 0.733750 0.010000 0.015000
6 0.251250 0.157500 0.030000 0.007500
6 0.327500 0.165000 0.025000 0.010000
6 0.441250 0.933750 0.015000 0.005000
6 0.368750 0.961250 0.007500 0.015000
