6 0.777500 0.032500 0.022500 0.012500
6 0.637500 0.185000 0.012500 0.007500
6 0.950000 0.302500 0.007500 0.017500
6 0.813750 0.046250 0.017500 0.007500
6 0.868750 0.702500 0.015000 0.010000
6 0.648750 0.826250 0.017500 0.005000
6 0.873750 0.046250 0.022500 0.010000
6 0.372500 0.466250 0.020000 0.007500
6 0.801250 0.242500 0.010000 0.015000
6 0.928750 0.302500 0.007500 0.022500
6 0.597500 0.636250 0.020000 0.007500
6 0.267500 0.605000 0.020000 0.010000
6 0.560000 0.631250 0.020000 0.007500
6 0.907500 0.653750 0.030000 0.012500
6 0.968750 0.307500 0.007500 0.020000
6 0.796250 0.267500 0.007500 0.017500
6 0.007500 0.048750 0.015000 0.050000
6 0.855000 0.671250 0.022500 0.007500
6 0.980000 0.660000 0.020000 0.010000
6 0.021250 0.172500 0.007500 0.017500
6 0.310000 0.460000 0.022500 0.010000
6 0.958750 0.307500 0.005000 0.015000
6 0.246250 0.602500 0.017500 0.010000
6 0.945000 0.653750 0.020000 0.017500
6 0.908750 0.301250 0.007500 0.017500
6 0.918750 0.301250 0.007500 0.017500
6 0.758750 0.042500 0.022500 0.007500
6 0.483750 0.628750 0.022500 0.012500
6 0.886250 0.700000 0.020000 0.010000
6 0.837500 0.025000 0.025000 0.010000
6 0.107500 0.625000 0.020000 0.002500
6 0.653750 0.032500 0.022500 0.010000
6 0.011250 0.122500 0.020000 0.027500
6 0.608750 0.657500 0.025000 0.012500
6 0.188750 0.453750 0.020000 0.010000
6 0.828750 0.036250 0.020000 0.007500
6 0.292500 0.473750 0.025000 0.010000
6 0.675000 0.018750 0.022500 0.010000
6 0.725000 0.025000 0.020000 0.007500
6 0.898750 0.300000 0.007500 0.017500
6 0.980000 0.303750 0.007500 0.020000
6 0.512500 0.647500 0.025000 0.012500
6 0.115000 0.608750 0.027500 0.010000
6 0.162500 0.451250 0.025000 0.010000
6 0.212500 0.451250 0.017500 0.012500
6 0.358750 0.635000 0.027500 0.010000
6 0.765000 0.668750 0.015000 0.007500
6 0.257500 0.455000 0.022500 0.010000
6 0.772500 0.581250 0.012500 0.017500
6 0.940000 0.303750 0.010000 0.020000
6 0.406250 0.618750 0.020000 0.010000
6 0.282500 0.457500 0.020000 0.010000
