6 0.755000 0.007500 0.012500 0.007500
6 0.032500 0.713750 0.007500 0.010000
6 0.101250 0.683750 0.012500 0.017500
6 0.986250 0.525000 0.015000 0.010000
6 0.766250 0.648750 0.017500 0.005000
6 0.490000 0.288750 0.020000 0.007500
6 0.080000 0.152500 0.007500 0.020000
6 0.063750 0.326250 0.012500 0.010000
6 0.918750 0.065000 0.010000 0.015000
6 0.715000 0.458750 0.020000 0.007500
6 0.385000 0.427500 0.020000 0.010000
6 0.677500 0.453750 0.020000 0.007500
6 0.913750 0.090000 0.007500 0.017500
6 0.085000 0.677500 0.015000 0.022500
6 0.972500 0.493750 0.022500 0.007500
6 0.427500 0.282500 0.022500 0.010000
6 0.093750 0.445000 0.015000 0.017500
6 0.363750 0.425000 0.017500 0.010000
6 0.061250 0.411250 0.010000 0.020000
6 0.056250 0.516250 0.010000 0.022500
6 0.046250 0.490000 0.017500 0.017500
6 0.601250 0.451250 0.022500 0.012500
6 0.225000 0.447500 0.020000 0.002500
6 0.726250 0.480000 0.025000 0.012500
6 0.060000 0.478750 0.007500 0.032500
6 0.306250 0.276250 0.020000 0.010000
6 0.057500 0.610000 0.020000 0.027500
6 0.410000 0.296250 0.025000 0.010000
6 0.630000 0.470000 0.025000 0.012500
6 0.232500 0.431250 0.027500 0.010000
6 0.280000 0.273750 0.025000 0.010000
6 0.330000 0.273750 0.017500 0.012500
6 0.476250 0.457500 0.027500 0.010000
6 0.882500 0.491250 0.015000 0.007500
6 0.375000 0.277500 0.022500 0.010000
6 0.890000 0.403750 0.012500 0.017500
6 0.523750 0.441250 0.020000 0.010000
6 0.400000 0.280000 0.020000 0.010000
