6 0.713750 0.317500 0.010000 0.015000
6 0.707500 0.292500 0.005000 0.010000
6 0.436250 0.478750 0.007500 0.012500
6 0.181250 0.118750 0.017500 0.035000
6 0.688750 0.588750 0.007500 0.020000
6 0.920000 0.916250 0.007500 0.027500
6 0.853750 0.072500 0.025000 0.010000
6 0.656250 0.996250 0.010000 0.020000
6 0.153750 0.382500 0.010000 0.022500
6 0.932500 0.966250 0.007500 0.020000
6 0.845000 0.903750 0.007500 0.017500
6 0.835000 0.948750 0.007500 0.020000
6 0.955000 0.923750 0.012500 0.027500
6 0.693750 0.876250 0.007500 0.020000
6 0.103750 0.987500 0.012500 0.017500
6 0.690000 0.973750 0.007500 0.012500
6 0.872500 0.998750 0.010000 0.020000
6 0.986250 0.921250 0.022500 0.010000
6 0.948750 0.528750 0.032500 0.010000
6 0.890000 0.911250 0.007500 0.022500
6 0.867500 0.908750 0.007500 0.020000
6 0.901250 0.958750 0.010000 0.017500
6 0.943750 0.922500 0.007500 0.020000
6 0.856250 0.906250 0.007500 0.020000
6 0.692500 0.952500 0.015000 0.017500
6 0.987500 0.972500 0.010000 0.017500
6 0.718750 0.487500 0.012500 0.017500
6 0.685000 0.643750 0.012500 0.030000
6 0.693750 0.851250 0.015000 0.012500
6 0.900000 0.915000 0.007500 0.022500
6 0.821250 0.948750 0.010000 0.017500
6 0.843750 0.535000 0.030000 0.005000
6 0.921250 0.963750 0.007500 0.017500
6 0.538750 0.493750 0.027500 0.005000
6 0.105000 0.962500 0.017500 0.025000
6 0.117500 0.815000 0.010000 0.020000
6 0.698750 0.447500 0.012500 0.030000
6 0.700000 0.402500 0.010000 0.007500
6 0.975000 0.971250 0.010000 0.017500
6 0.762500 0.681250 0.007500 0.020000
6 0.182500 0.013750 0.010000 0.022500
6 0.115000 0.872500 0.015000 0.012500
6 0.878750 0.911250 0.010000 0.022500
6 0.728750 0.412500 0.012500 0.017500
6 0.672500 0.770000 0.010000 0.020000
6 0.790000 0.680000 0.007500 0.032500
6 0.707500 0.346250 0.010000 0.020000
6 0.866250 0.955000 0.007500 0.020000
6 0.753750 0.678750 0.005000 0.020000
6 0.686250 0.538750 0.027500 0.010000
6 0.845000 0.952500 0.007500 0.020000
6 0.922500 0.008750 0.017500 0.007500
6 0.193750 0.256250 0.020000 0.025000
6 0.155000 0.408750 0.012500 0.022500
6 0.955000 0.968750 0.010000 0.022500
6 0.125000 0.916250 0.012500 0.020000
6 0.986250 0.932500 0.022500 0.007500
6 0.825000 0.902500 0.007500 0.017500
6 0.910000 0.960000 0.007500 0.017500
6 0.191250 0.053750 0.012500 0.027500
6 0.056250 0.490000 0.032500 0.017500
6 0.458750 0.493750 0.015000 0.010000
6 0.942500 0.967500 0.007500 0.020000
6 0.835000 0.903750 0.007500 0.020000
6 0.107500 0.487500 0.027500 0.015000
6 0.117500 0.851250 0.012500 0.020000
6 0.877500 0.956250 0.010000 0.020000
6 0.723750 0.457500 0.007500 0.015000
6 0.850000 0.996250 0.007500 0.022500
6 0.933750 0.925000 0.012500 0.020000
6 0.910000 0.915000 0.010000 0.022500
6 0.856250 0.955000 0.007500 0.020000
6 0.691250 0.921250 0.010000 0.027500
6 0.512500 0.496250 0.022500 0.012500
6 0.770000 0.511250 0.032500 0.015000
6 0.215000 0.023750 0.007500 0.015000
