6 0.945000 0.073750 0.035000 0.015000
6 0.860000 0.105000 0.020000 0.020000
6 0.850000 0.065000 0.015000 0.020000
6 0.806250 0.013750 0.012500 0.012500
6 0.862500 0.045000 0.022500 0.040000
6 0.838750 0.017500 0.015000 0.022500
6 0.848750 0.220000 0.015000 0.020000
6 0.230000 0.316250 0.075000 0.022500
6 0.371250 0.715000 0.017500 0.017500
6 0.533750 0.690000 0.015000 0.020000
6 0.575000 0.748750 0.017500 0.022500
6 0.601250 0.831250 0.020000 0.025000
6 0.997500 0.381250 0.042500 0.025000
6 0.877500 0.351250 0.012500 0.017500
6 0.565000 0.800000 0.015000 0.025000
6 0.897500 0.296250 0.027500 0.020000
6 0.398750 0.818750 0.015000 0.017500
6 0.947500 0.531250 0.015000 0.012500
6 0.840000 0.175000 0.010000 0.015000
6 0.390000 0.791250 0.012500 0.022500
6 0.557500 0.776250 0.017500 0.017500
6 0.975000 0.000000 0.015000 0.027500
6 0.840000 0.035000 0.012500 0.015000
6 0.856250 0.313750 0.030000 0.017500
6 0.946250 0.033750 0.055000 0.025000
6 0.961250 0.620000 0.015000 0.012500
6 0.921250 0.381250 0.015000 0.015000
6 0.573750 0.826250 0.015000 0.022500
6 0.961250 0.218750 0.080000 0.025000
6 0.955000 0.591250 0.012500 0.012500
6 0.816250 0.063750 0.012500 0.017500
6 0.588750 0.887500 0.022500 0.017500
6 0.456250 0.252500 0.045000 0.012500
6 0.822500 0.086250 0.015000 0.017500
6 0.952500 0.233750 0.042500 0.020000
6 0.938750 0.002500 0.017500 0.030000
6 0.871250 0.357500 0.010000 0.015000
6 0.860000 0.262500 0.010000 0.012500
6 0.885000 0.211250 0.020000 0.017500
6 0.387500 0.762500 0.020000 0.025000
6 0.957500 0.248750 0.045000 0.022500
6 0.866250 0.136250 0.020000 0.017500
6 0.566250 0.712500 0.020000 0.027500
6 0.916250 0.532500 0.015000 0.017500
6 0.990000 0.723750 0.017500 0.017500
6 0.846250 0.200000 0.010000 0.015000
6 0.585000 0.305000 0.080000 0.047500
6 0.797500 0.726250 0.030000 0.015000
6 0.845000 0.357500 0.010000 0.027500
6 0.810000 0.041250 0.012500 0.017500
6 0.583750 0.773750 0.015000 0.020000
6 0.551250 0.745000 0.017500 0.025000
6 0.822500 0.740000 0.012500 0.022500
6 0.920000 0.006250 0.017500 0.032500
6 0.980000 0.671250 0.020000 0.020000
6 0.936250 0.473750 0.020000 0.012500
6 0.958750 0.000000 0.012500 0.027500
6 0.938750 0.456250 0.015000 0.015000
6 0.895000 0.447500 0.015000 0.027500
6 0.961250 0.200000 0.060000 0.032500
6 0.926250 0.621250 0.012500 0.012500
6 0.923750 0.408750 0.015000 0.017500
6 0.807500 0.805000 0.015000 0.015000
6 0.857500 0.241250 0.020000 0.017500
6 0.962500 0.265000 0.052500 0.020000
6 0.927500 0.637500 0.012500 0.012500
6 0.395000 0.332500 0.080000 0.012500
6 0.860000 0.278750 0.017500 0.012500
6 0.857500 0.360000 0.015000 0.012500
6 0.891250 0.245000 0.015000 0.015000
6 0.926250 0.562500 0.015000 0.022500
6 0.896250 0.272500 0.010000 0.017500
6 0.853750 0.167500 0.007500 0.017500
6 0.876250 0.165000 0.027500 0.020000
6 0.968750 0.636250 0.017500 0.015000
6 0.957500 0.606250 0.010000 0.012500
6 0.943750 0.097500 0.055000 0.017500
6 0.948750 0.562500 0.015000 0.012500
6 0.908750 0.492500 0.015000 0.017500
6 0.965000 0.280000 0.042500 0.020000
6 0.846250 0.721250 0.020000 0.007500
6 0.937500 0.677500 0.015000 0.010000
6 0.807500 0.023750 0.012500 0.017500
6 0.560000 0.680000 0.022500 0.027500
6 0.401250 0.316250 0.082500 0.017500
6 0.908750 0.330000 0.020000 0.022500
6 0.877500 0.187500 0.020000 0.017500
6 0.941250 0.492500 0.007500 0.015000
6 0.380000 0.733750 0.017500 0.025000
6 0.991250 0.000000 0.015000 0.030000
6 0.946250 0.048750 0.050000 0.017500
6 0.932500 0.660000 0.015000 0.015000
6 0.865000 0.296250 0.010000 0.015000
6 0.912500 0.357500 0.020000 0.022500
6 0.962500 0.296250 0.047500 0.027500
6 0.585000 0.857500 0.017500 0.025000
6 0.925000 0.600000 0.010000 0.015000
6 0.890000 0.422500 0.012500 0.015000
6 0.827500 0.363750 0.012500 0.017500
6 0.568750 0.251250 0.010000 0.017500
