6 0.045000 0.397500 0.047500 0.012500
6 0.166250 0.407500 0.077500 0.015000
6 0.795000 0.285000 0.012500 0.042500
6 0.743750 0.278750 0.010000 0.042500
6 0.707500 0.282500 0.012500 0.045000
6 0.625000 0.281250 0.015000 0.045000
6 0.685000 0.277500 0.020000 0.045000
6 0.463750 0.276250 0.012500 0.047500
6 0.442500 0.273750 0.015000 0.045000
6 0.440000 0.168750 0.085000 0.017500
6 0.298750 0.183750 0.015000 0.022500
6 0.266250 0.053750 0.032500 0.010000
6 0.236250 0.062500 0.010000 0.020000
6 0.005000 0.036250 0.015000 0.027500
6 0.071250 0.035000 0.015000 0.027500
6 0.483750 0.401250 0.087500 0.020000
6 0.567500 0.418750 0.025000 0.012500
6 0.682500 0.401250 0.025000 0.015000
6 0.655000 0.478750 0.022500 0.012500
6 0.853750 0.503750 0.030000 0.017500
6 0.931250 0.473750 0.040000 0.017500
6 0.945000 0.762500 0.035000 0.015000
6 0.860000 0.793750 0.020000 0.020000
6 0.850000 0.753750 0.015000 0.020000
6 0.803750 0.687500 0.015000 0.020000
6 0.806250 0.702500 0.012500 0.012500
6 0.862500 0.733750 0.022500 0.040000
6 0.838750 0.706250 0.015000 0.022500
6 0.848750 0.908750 0.015000 0.020000
6 0.368750 0.235000 0.027500 0.020000
6 0.822500 0.616250 0.015000 0.020000
6 0.486250 0.632500 0.012500 0.017500
6 0.498750 0.632500 0.015000 0.017500
6 0.771250 0.483750 0.025000 0.012500
6 0.536250 0.113750 0.027500 0.077500
6 0.040000 0.027500 0.010000 0.027500
6 0.897500 0.985000 0.027500 0.020000
6 0.686250 0.111250 0.035000 0.087500
6 0.073750 0.191250 0.030000 0.012500
6 0.951250 0.417500 0.030000 0.017500
6 0.487500 0.273750 0.017500 0.042500
6 0.598750 0.588750 0.010000 0.017500
6 0.141250 0.476250 0.027500 0.010000
6 0.417500 0.256250 0.020000 0.035000
6 0.840000 0.863750 0.010000 0.015000
6 0.793750 0.650000 0.015000 0.015000
6 0.975000 0.688750 0.015000 0.027500
6 0.840000 0.723750 0.012500 0.015000
6 0.556250 0.278750 0.015000 0.040000
6 0.572500 0.430000 0.020000 0.012500
6 0.728750 0.403750 0.022500 0.010000
6 0.850000 0.287500 0.015000 0.060000
6 0.946250 0.722500 0.055000 0.025000
6 0.821250 0.476250 0.027500 0.017500
6 0.625000 0.588750 0.010000 0.017500
6 0.961250 0.907500 0.080000 0.025000
6 0.816250 0.752500 0.012500 0.017500
6 0.572500 0.400000 0.020000 0.012500
6 0.456250 0.941250 0.045000 0.012500
6 0.822500 0.463750 0.025000 0.015000
6 0.875000 0.398750 0.022500 0.010000
6 0.822500 0.775000 0.015000 0.017500
6 0.367500 0.405000 0.020000 0.012500
6 0.491250 0.415000 0.017500 0.010000
6 0.952500 0.922500 0.042500 0.020000
6 0.938750 0.691250 0.017500 0.030000
6 0.311250 0.431250 0.025000 0.012500
6 0.510000 0.631250 0.010000 0.017500
6 0.860000 0.951250 0.010000 0.012500
6 0.725000 0.276250 0.017500 0.070000
6 0.885000 0.900000 0.020000 0.017500
6 0.152500 0.491250 0.017500 0.010000
6 0.957500 0.937500 0.045000 0.022500
6 0.866250 0.825000 0.020000 0.017500
6 0.106250 0.098750 0.017500 0.035000
6 0.810000 0.286250 0.012500 0.062500
6 0.846250 0.888750 0.010000 0.015000
6 0.585000 0.993750 0.080000 0.047500
6 0.958750 0.431250 0.020000 0.010000
6 0.810000 0.730000 0.012500 0.017500
6 0.825000 0.396250 0.032500 0.012500
6 0.560000 0.485000 0.027500 0.015000
6 0.920000 0.695000 0.017500 0.032500
6 0.536250 0.582500 0.017500 0.025000
6 0.473750 0.632500 0.010000 0.020000
6 0.958750 0.688750 0.012500 0.027500
6 0.838750 0.687500 0.015000 0.012500
6 0.442500 0.653750 0.012500 0.020000
6 0.713750 0.107500 0.025000 0.075000
6 0.322500 0.277500 0.015000 0.040000
6 0.961250 0.888750 0.060000 0.032500
6 0.122500 0.421250 0.020000 0.007500
6 0.943750 0.492500 0.020000 0.010000
6 0.841250 0.426250 0.025000 0.010000
6 0.391250 0.433750 0.032500 0.007500
6 0.857500 0.930000 0.020000 0.017500
6 0.962500 0.953750 0.052500 0.020000
6 0.552500 0.656250 0.017500 0.010000
6 0.895000 0.457500 0.025000 0.015000
6 0.455000 0.653750 0.010000 0.022500
6 0.860000 0.967500 0.017500 0.012500
6 0.020000 0.035000 0.010000 0.030000
6 0.891250 0.933750 0.015000 0.015000
6 0.733750 0.463750 0.025000 0.010000
6 0.378750 0.266250 0.010000 0.057500
6 0.052500 0.035000 0.012500 0.032500
6 0.896250 0.961250 0.010000 0.017500
6 0.853750 0.856250 0.007500 0.017500
6 0.310000 0.420000 0.022500 0.012500
6 0.876250 0.853750 0.027500 0.020000
6 0.255000 0.421250 0.027500 0.010000
6 0.612500 0.590000 0.010000 0.020000
6 0.943750 0.786250 0.055000 0.017500
6 0.465000 0.430000 0.020000 0.012500
6 0.965000 0.968750 0.042500 0.020000
6 0.807500 0.712500 0.012500 0.017500
6 0.758750 0.278750 0.015000 0.042500
6 0.877500 0.876250 0.020000 0.017500
6 0.593750 0.461250 0.027500 0.010000
6 0.991250 0.688750 0.015000 0.030000
6 0.526250 0.648750 0.022500 0.012500
6 0.081250 0.473750 0.020000 0.012500
6 0.946250 0.737500 0.050000 0.017500
6 0.865000 0.985000 0.010000 0.015000
6 0.722500 0.427500 0.020000 0.007500
6 0.398750 0.278750 0.017500 0.045000
6 0.392500 0.420000 0.030000 0.010000
6 0.962500 0.985000 0.047500 0.027500
6 0.798750 0.670000 0.017500 0.022500
6 0.342500 0.266250 0.010000 0.057500
6 0.578750 0.278750 0.015000 0.057500
6 0.568750 0.940000 0.010000 0.017500
6 0.191250 0.420000 0.020000 0.012500
6 0.871250 0.412500 0.022500 0.012500
