6 0.788750 0.720000 0.027500 0.015000
6 0.786250 0.708750 0.027500 0.010000
6 0.781250 0.698750 0.027500 0.012500
6 0.776250 0.687500 0.027500 0.010000
6 0.798750 0.682500 0.027500 0.010000
6 0.767500 0.677500 0.025000 0.012500
6 0.762500 0.667500 0.027500 0.012500
6 0.760000 0.657500 0.025000 0.012500
6 0.756250 0.647500 0.025000 0.012500
6 0.786250 0.651250 0.022500 0.015000
6 0.782500 0.640000 0.022500 0.010000
6 0.750000 0.640000 0.027500 0.015000
6 0.953750 0.396250 0.022500 0.050000
6 0.918750 0.390000 0.060000 0.027500
6 0.918750 0.373750 0.057500 0.027500
6 0.921250 0.361250 0.052500 0.027500
6 0.927500 0.348750 0.060000 0.025000
6 0.943750 0.338750 0.055000 0.025000
6 0.746250 0.117500 0.030000 0.047500
6 0.748750 0.336250 0.025000 0.015000
6 0.755000 0.345000 0.025000 0.012500
6 0.761250 0.355000 0.017500 0.010000
6 0.161250 0.933750 0.032500 0.020000
6 0.156250 0.913750 0.027500 0.020000
6 0.173750 0.927500 0.032500 0.022500
6 0.097500 0.883750 0.045000 0.035000
6 0.756250 0.206250 0.025000 0.020000
6 0.652500 0.250000 0.012500 0.020000
6 0.640000 0.252500 0.015000 0.017500
6 0.573750 0.038750 0.025000 0.015000
6 0.598750 0.078750 0.017500 0.012500
6 0.813750 0.863750 0.025000 0.010000
6 0.598750 0.965000 0.022500 0.012500
6 0.557500 0.941250 0.027500 0.012500
6 0.918750 0.968750 0.022500 0.020000
6 0.220000 0.997500 0.022500 0.020000
6 0.237500 0.990000 0.015000 0.017500
6 0.192500 0.956250 0.015000 0.015000
6 0.265000 0.996250 0.020000 0.020000
6 0.197500 0.813750 0.025000 0.022500
6 0.217500 0.975000 0.022500 0.017500
