6 0.732500 0.343750 0.060000 0.012500
6 0.650000 0.341250 0.075000 0.015000
6 0.310000 0.596250 0.022500 0.012500
6 0.695000 0.651250 0.022500 0.012500
6 0.500000 0.141250 0.025000 0.012500
6 0.358750 0.157500 0.022500 0.012500
6 0.212500 0.148750 0.025000 0.010000
6 0.212500 0.160000 0.022500 0.007500
6 0.211250 0.168750 0.022500 0.010000
6 0.213750 0.178750 0.022500 0.007500
6 0.002500 0.000000 0.022500 0.015000
6 0.012500 0.006250 0.017500 0.012500
6 0.778750 0.378750 0.025000 0.007500
6 0.776250 0.393750 0.025000 0.007500
6 0.775000 0.401250 0.022500 0.007500
6 0.776250 0.410000 0.022500 0.010000
6 0.723750 0.386250 0.012500 0.020000
6 0.725000 0.405000 0.012500 0.017500
6 0.732500 0.385000 0.010000 0.017500
6 0.797500 0.396250 0.025000 0.037500
6 0.738750 0.412500 0.022500 0.040000
6 0.827500 0.391250 0.042500 0.025000
6 0.882500 0.410000 0.052500 0.015000
6 0.948750 0.420000 0.047500 0.020000
6 0.901250 0.421250 0.050000 0.015000
6 0.853750 0.426250 0.047500 0.017500
6 0.875000 0.385000 0.042500 0.017500
6 0.921250 0.385000 0.042500 0.015000
6 0.966250 0.382500 0.037500 0.012500
6 0.902500 0.395000 0.045000 0.012500
6 0.947500 0.393750 0.042500 0.017500
6 0.856250 0.398750 0.047500 0.017500
6 0.838750 0.416250 0.042500 0.017500
6 0.906250 0.363750 0.022500 0.010000
6 0.441250 0.305000 0.080000 0.017500
6 0.550000 0.307500 0.077500 0.015000
6 0.326250 0.291250 0.017500 0.017500
6 0.480000 0.117500 0.085000 0.020000
6 0.458750 0.286250 0.027500 0.012500
6 0.592500 0.066250 0.055000 0.087500
6 0.387500 0.046250 0.050000 0.057500
6 0.572500 0.601250 0.022500 0.010000
6 0.358750 0.337500 0.027500 0.010000
6 0.753750 0.408750 0.020000 0.040000
6 0.710000 0.637500 0.025000 0.010000
6 0.677500 0.201250 0.012500 0.027500
6 0.907500 0.605000 0.022500 0.012500
6 0.786250 0.571250 0.052500 0.012500
6 0.678750 0.176250 0.012500 0.030000
6 0.770000 0.603750 0.027500 0.012500
6 0.691250 0.180000 0.012500 0.027500
6 0.212500 0.632500 0.027500 0.010000
6 0.916250 0.591250 0.030000 0.010000
6 0.336250 0.631250 0.030000 0.012500
6 0.677500 0.602500 0.017500 0.012500
6 0.593750 0.342500 0.020000 0.012500
6 0.458750 0.340000 0.022500 0.012500
6 0.060000 0.630000 0.020000 0.010000
6 0.816250 0.635000 0.037500 0.007500
6 0.672500 0.591250 0.030000 0.012500
6 0.202500 0.653750 0.025000 0.012500
6 0.983750 0.342500 0.030000 0.015000
6 0.588750 0.188750 0.017500 0.077500
6 0.688750 0.045000 0.017500 0.070000
6 0.536250 0.340000 0.020000 0.012500
6 0.032500 0.327500 0.025000 0.010000
6 0.845000 0.591250 0.025000 0.012500
6 0.570000 0.190000 0.015000 0.075000
6 0.322500 0.341250 0.032500 0.010000
6 0.593750 0.585000 0.027500 0.010000
6 0.818750 0.343750 0.035000 0.015000
6 0.241250 0.328750 0.025000 0.012500
6 0.127500 0.330000 0.025000 0.012500
6 0.386250 0.593750 0.022500 0.007500
6 0.060000 0.647500 0.017500 0.010000
6 0.628750 0.160000 0.012500 0.030000
6 0.002500 0.322500 0.027500 0.010000
6 0.147500 0.571250 0.025000 0.012500
6 0.458750 0.582500 0.027500 0.015000
6 0.277500 0.336250 0.022500 0.010000
6 0.091250 0.593750 0.025000 0.012500
6 0.470000 0.600000 0.027500 0.012500
6 0.908750 0.637500 0.030000 0.010000
6 0.181250 0.327500 0.022500 0.012500
6 0.537500 0.651250 0.027500 0.015000
6 0.885000 0.342500 0.022500 0.012500
6 0.692500 0.155000 0.010000 0.030000
