6 0.603750 0.480000 0.012500 0.027500
6 0.041250 0.537500 0.012500 0.007500
6 0.046250 0.456250 0.010000 0.007500
6 0.018750 0.506250 0.022500 0.012500
6 0.451250 0.650000 0.007500 0.010000
6 0.442500 0.648750 0.010000 0.012500
6 0.527500 0.280000 0.015000 0.007500
6 0.468750 0.273750 0.020000 0.007500
6 0.447500 0.272500 0.017500 0.010000
6 0.402500 0.268750 0.015000 0.007500
6 0.336250 0.266250 0.020000 0.007500
6 0.033750 0.268750 0.017500 0.010000
6 0.032500 0.258750 0.017500 0.010000
6 0.556250 0.593750 0.010000 0.022500
6 0.283750 0.123750 0.022500 0.010000
6 0.375000 0.391250 0.017500 0.012500
6 0.102500 0.432500 0.010000 0.022500
6 0.548750 0.730000 0.010000 0.022500
6 0.406250 0.808750 0.020000 0.012500
6 0.383750 0.805000 0.020000 0.010000
6 0.345000 0.803750 0.017500 0.010000
6 0.516250 0.311250 0.010000 0.022500
6 0.258750 0.415000 0.022500 0.010000
6 0.265000 0.638750 0.010000 0.020000
6 0.588750 0.080000 0.010000 0.022500
6 0.402500 0.647500 0.007500 0.022500
6 0.336250 0.266250 0.025000 0.010000
6 0.530000 0.312500 0.012500 0.020000
6 0.033750 0.270000 0.017500 0.010000
6 0.173750 0.141250 0.017500 0.010000
6 0.428750 0.396250 0.015000 0.010000
6 0.052500 0.473750 0.010000 0.022500
6 0.012500 0.173750 0.022500 0.007500
6 0.052500 0.205000 0.020000 0.007500
6 0.286250 0.386250 0.025000 0.012500
6 0.932500 0.078750 0.022500 0.020000
6 0.131250 0.630000 0.007500 0.020000
6 0.563750 0.365000 0.012500 0.015000
6 0.175000 0.408750 0.025000 0.012500
6 0.440000 0.347500 0.012500 0.022500
6 0.933750 0.251250 0.012500 0.022500
6 0.058750 0.341250 0.012500 0.017500
6 0.007500 0.258750 0.022500 0.012500
6 0.203750 0.633750 0.010000 0.017500
6 0.091250 0.561250 0.012500 0.022500
6 0.007500 0.201250 0.020000 0.007500
6 0.538750 0.832500 0.017500 0.022500
6 0.942500 0.060000 0.025000 0.012500
6 0.008750 0.181250 0.022500 0.007500
6 0.325000 0.802500 0.022500 0.010000
6 0.221250 0.635000 0.007500 0.025000
6 0.331250 0.128750 0.025000 0.010000
6 0.578750 0.375000 0.007500 0.025000
6 0.200000 0.143750 0.025000 0.010000
6 0.200000 0.426250 0.030000 0.012500
6 0.612500 0.353750 0.012500 0.017500
6 0.566250 0.510000 0.012500 0.025000
6 0.086250 0.713750 0.022500 0.010000
6 0.160000 0.633750 0.012500 0.020000
6 0.303750 0.801250 0.017500 0.012500
6 0.448750 0.271250 0.017500 0.010000
6 0.006250 0.191250 0.022500 0.007500
6 0.422500 0.648750 0.007500 0.020000
6 0.513750 0.862500 0.015000 0.020000
6 0.090000 0.676250 0.017500 0.010000
6 0.095000 0.600000 0.022500 0.012500
6 0.461250 0.307500 0.012500 0.022500
6 0.973750 0.107500 0.017500 0.015000
6 0.997500 0.096250 0.025000 0.020000
6 0.582500 0.678750 0.017500 0.025000
6 0.055000 0.196250 0.020000 0.010000
6 0.141250 0.631250 0.010000 0.015000
6 0.528750 0.971250 0.010000 0.022500
6 0.275000 0.642500 0.012500 0.020000
6 0.388750 0.393750 0.017500 0.012500
6 0.477500 0.810000 0.035000 0.015000
6 0.007500 0.211250 0.020000 0.007500
6 0.541250 0.971250 0.010000 0.022500
6 0.148750 0.142500 0.025000 0.007500
6 0.401250 0.267500 0.020000 0.007500
6 0.528750 0.278750 0.017500 0.010000
6 0.185000 0.376250 0.017500 0.010000
6 0.012500 0.155000 0.015000 0.007500
6 0.056250 0.158750 0.022500 0.010000
6 0.026250 0.345000 0.025000 0.007500
6 0.425000 0.808750 0.020000 0.012500
6 0.267500 0.798750 0.015000 0.012500
6 0.538750 0.332500 0.017500 0.010000
6 0.252500 0.382500 0.020000 0.010000
6 0.450000 0.306250 0.010000 0.015000
6 0.062500 0.283750 0.012500 0.017500
6 0.030000 0.288750 0.020000 0.007500
6 0.151250 0.632500 0.007500 0.020000
6 0.443750 0.810000 0.017500 0.010000
6 0.431250 0.376250 0.025000 0.015000
6 0.991250 0.120000 0.017500 0.012500
6 0.117500 0.407500 0.022500 0.012500
6 0.573750 0.451250 0.020000 0.030000
6 0.587500 0.417500 0.012500 0.020000
6 0.565000 0.345000 0.010000 0.020000
6 0.537500 0.598750 0.015000 0.022500
6 0.121250 0.193750 0.010000 0.017500
6 0.953750 0.092500 0.022500 0.017500
6 0.011250 0.163750 0.017500 0.007500
6 0.617500 0.065000 0.017500 0.017500
6 0.106250 0.336250 0.010000 0.020000
6 0.212500 0.256250 0.020000 0.012500
6 0.055000 0.432500 0.010000 0.017500
6 0.087500 0.695000 0.027500 0.010000
6 0.212500 0.633750 0.007500 0.015000
6 0.171250 0.632500 0.007500 0.017500
6 0.240000 0.143750 0.020000 0.007500
6 0.468750 0.273750 0.017500 0.010000
6 0.101250 0.073750 0.007500 0.012500
6 0.192500 0.255000 0.017500 0.010000
6 0.228750 0.380000 0.017500 0.007500
6 0.550000 0.493750 0.020000 0.045000
6 0.301250 0.125000 0.022500 0.010000
6 0.285000 0.168750 0.007500 0.020000
6 0.285000 0.800000 0.017500 0.010000
6 0.232500 0.647500 0.017500 0.010000
6 0.486250 0.660000 0.020000 0.010000
6 0.597500 0.188750 0.012500 0.022500
6 0.526250 0.746250 0.017500 0.037500
6 0.363750 0.805000 0.020000 0.010000
6 0.412500 0.646250 0.010000 0.017500
6 0.306250 0.650000 0.020000 0.010000
6 0.090000 0.685000 0.022500 0.010000
6 0.541250 0.792500 0.012500 0.022500
