6 0.947500 0.045000 0.032500 0.015000
6 0.916250 0.626250 0.020000 0.012500
6 0.037500 0.450000 0.017500 0.012500
6 0.390000 0.973750 0.020000 0.007500
6 0.390000 0.963750 0.015000 0.007500
6 0.076250 0.731250 0.015000 0.025000
6 0.355000 0.757500 0.025000 0.017500
6 0.186250 0.920000 0.015000 0.007500
6 0.810000 0.592500 0.025000 0.015000
6 0.183750 0.946250 0.017500 0.010000
6 0.288750 0.897500 0.020000 0.007500
6 0.451250 0.948750 0.020000 0.007500
6 0.287500 0.968750 0.017500 0.010000
6 0.453750 0.886250 0.020000 0.007500
6 0.393750 0.702500 0.022500 0.012500
6 0.500000 0.777500 0.017500 0.020000
6 0.270000 0.906250 0.017500 0.007500
6 0.395000 0.867500 0.020000 0.007500
6 0.785000 0.966250 0.017500 0.015000
6 0.170000 0.893750 0.015000 0.007500
6 0.165000 0.946250 0.020000 0.007500
6 0.392500 0.895000 0.017500 0.007500
6 0.268750 0.932500 0.020000 0.007500
6 0.333750 0.873750 0.020000 0.007500
6 0.297500 0.631250 0.020000 0.015000
6 0.121250 0.928750 0.022500 0.007500
6 0.185000 0.936250 0.022500 0.007500
6 0.921250 0.991250 0.020000 0.012500
6 0.435000 0.403750 0.015000 0.017500
6 0.582500 0.921250 0.012500 0.012500
6 0.121250 0.920000 0.020000 0.010000
6 0.452500 0.922500 0.017500 0.007500
6 0.475000 0.443750 0.017500 0.017500
6 0.450000 0.956250 0.020000 0.007500
6 0.516250 0.507500 0.015000 0.020000
6 0.468750 0.837500 0.020000 0.012500
6 0.225000 0.947500 0.017500 0.007500
6 0.226250 0.938750 0.020000 0.010000
6 0.430000 0.947500 0.020000 0.010000
6 0.171250 0.866250 0.020000 0.007500
6 0.928750 0.968750 0.025000 0.010000
6 0.057500 0.451250 0.022500 0.015000
6 0.257500 0.600000 0.022500 0.015000
6 0.287500 0.951250 0.017500 0.010000
6 0.521250 0.791250 0.020000 0.012500
6 0.168750 0.857500 0.015000 0.010000
6 0.227500 0.921250 0.020000 0.007500
6 0.266250 0.941250 0.017500 0.007500
6 0.738750 0.562500 0.017500 0.010000
6 0.220000 0.658750 0.025000 0.017500
6 0.123750 0.900000 0.022500 0.012500
6 0.163750 0.937500 0.020000 0.010000
6 0.226250 0.956250 0.020000 0.007500
6 0.128750 0.855000 0.020000 0.010000
6 0.270000 0.923750 0.015000 0.007500
6 0.866250 0.992500 0.022500 0.010000
6 0.291250 0.916250 0.015000 0.007500
6 0.371250 0.883750 0.020000 0.007500
6 0.433750 0.886250 0.020000 0.007500
6 0.433750 0.895000 0.020000 0.010000
6 0.451250 0.938750 0.017500 0.007500
6 0.540000 0.806250 0.022500 0.017500
6 0.510000 0.976250 0.017500 0.007500
6 0.536250 0.526250 0.017500 0.017500
6 0.040000 0.495000 0.025000 0.017500
6 0.241250 0.587500 0.020000 0.010000
6 0.368750 0.973750 0.020000 0.010000
6 0.392500 0.903750 0.017500 0.007500
6 0.512500 0.957500 0.017500 0.007500
6 0.123750 0.891250 0.025000 0.007500
6 0.165000 0.927500 0.020000 0.007500
6 0.432500 0.870000 0.020000 0.007500
6 0.128750 0.863750 0.022500 0.007500
6 0.335000 0.882500 0.022500 0.010000
6 0.373750 0.866250 0.017500 0.010000
6 0.431250 0.912500 0.020000 0.005000
6 0.831250 0.945000 0.020000 0.017500
6 0.871250 0.913750 0.015000 0.017500
6 0.202500 0.556250 0.020000 0.015000
6 0.281250 0.613750 0.017500 0.017500
6 0.321250 0.646250 0.015000 0.020000
6 0.127500 0.872500 0.020000 0.007500
6 0.186250 0.911250 0.017500 0.005000
6 0.268750 0.916250 0.020000 0.007500
6 0.185000 0.955000 0.020000 0.007500
6 0.298750 0.713750 0.022500 0.025000
6 0.290000 0.907500 0.015000 0.010000
6 0.265000 0.968750 0.015000 0.010000
6 0.227500 0.930000 0.020000 0.007500
6 0.271250 0.887500 0.015000 0.007500
6 0.561250 0.876250 0.017500 0.017500
6 0.122500 0.937500 0.020000 0.007500
6 0.427500 0.965000 0.025000 0.010000
