6 0.896250 0.426250 0.015000 0.007500
6 0.938750 0.438750 0.015000 0.007500
6 0.941250 0.582500 0.017500 0.010000
6 0.853750 0.616250 0.007500 0.017500
6 0.821250 0.646250 0.017500 0.007500
6 0.796250 0.666250 0.007500 0.015000
6 0.783750 0.781250 0.007500 0.015000
6 0.952500 0.711250 0.017500 0.010000
6 0.888750 0.747500 0.017500 0.007500
6 0.933750 0.782500 0.007500 0.017500
6 0.916250 0.780000 0.007500 0.015000
6 0.842500 0.801250 0.017500 0.007500
6 0.901250 0.800000 0.017500 0.005000
6 0.751250 0.988750 0.007500 0.015000
6 0.732500 0.921250 0.010000 0.015000
6 0.846250 0.742500 0.015000 0.007500
6 0.891250 0.728750 0.015000 0.007500
6 0.880000 0.711250 0.010000 0.012500
6 0.921250 0.648750 0.010000 0.015000
6 0.817500 0.675000 0.015000 0.007500
6 0.793750 0.685000 0.005000 0.010000
6 0.961250 0.582500 0.015000 0.007500
6 0.793750 0.543750 0.005000 0.015000
6 0.861250 0.713750 0.007500 0.010000
6 0.847500 0.713750 0.017500 0.007500
6 0.752500 0.360000 0.017500 0.007500
6 0.475000 0.100000 0.012500 0.022500
6 0.440000 0.112500 0.010000 0.020000
6 0.462500 0.150000 0.007500 0.022500
6 0.347500 0.148750 0.010000 0.020000
6 0.345000 0.218750 0.007500 0.015000
6 0.405000 0.331250 0.010000 0.020000
6 0.387500 0.327500 0.010000 0.020000
6 0.422500 0.342500 0.012500 0.020000
6 0.416250 0.525000 0.012500 0.017500
6 0.401250 0.511250 0.012500 0.017500
6 0.517500 0.535000 0.012500 0.017500
6 0.491250 0.555000 0.015000 0.015000
6 0.547500 0.532500 0.010000 0.015000
6 0.528750 0.578750 0.017500 0.010000
6 0.203750 0.620000 0.020000 0.007500
6 0.460000 0.805000 0.010000 0.015000
6 0.461250 0.788750 0.007500 0.015000
6 0.422500 0.498750 0.010000 0.017500
6 0.757500 0.188750 0.012500 0.027500
6 0.440000 0.150000 0.010000 0.017500
6 0.425000 0.152500 0.007500 0.012500
6 0.902500 0.130000 0.020000 0.007500
6 0.903750 0.140000 0.017500 0.007500
6 0.901250 0.148750 0.020000 0.007500
6 0.898750 0.157500 0.015000 0.007500
6 0.781250 0.446250 0.007500 0.020000
6 0.782500 0.468750 0.007500 0.020000
6 0.801250 0.763750 0.017500 0.010000
6 0.947500 0.748750 0.020000 0.010000
6 0.845000 0.751250 0.015000 0.007500
6 0.957500 0.648750 0.007500 0.017500
6 0.846250 0.723750 0.017500 0.007500
6 0.336250 0.308750 0.022500 0.022500
6 0.796250 0.516250 0.015000 0.025000
6 0.848750 0.676250 0.005000 0.015000
6 0.868750 0.675000 0.010000 0.017500
6 0.426250 0.001250 0.007500 0.017500
6 0.901250 0.611250 0.007500 0.017500
6 0.475000 0.711250 0.007500 0.017500
6 0.947500 0.736250 0.020000 0.007500
6 0.816250 0.683750 0.017500 0.007500
6 0.937500 0.667500 0.010000 0.020000
6 0.985000 0.736250 0.020000 0.010000
6 0.801250 0.751250 0.015000 0.005000
6 0.901250 0.666250 0.005000 0.017500
6 0.961250 0.026250 0.007500 0.012500
6 0.681250 0.976250 0.020000 0.010000
6 0.385000 0.491250 0.042500 0.075000
6 0.893750 0.668750 0.005000 0.022500
6 0.903750 0.583750 0.015000 0.007500
6 0.860000 0.676250 0.005000 0.017500
6 0.785000 0.513750 0.007500 0.017500
6 0.966250 0.648750 0.007500 0.015000
6 0.940000 0.028750 0.007500 0.010000
6 0.791250 0.218750 0.005000 0.027500
6 0.653750 0.991250 0.022500 0.012500
6 0.938750 0.647500 0.007500 0.012500
6 0.338750 0.233750 0.012500 0.022500
6 0.793750 0.091250 0.007500 0.017500
6 0.816250 0.692500 0.012500 0.005000
6 0.978750 0.647500 0.010000 0.020000
6 0.387500 0.733750 0.012500 0.032500
6 0.581250 0.970000 0.022500 0.010000
6 0.920000 0.668750 0.010000 0.017500
6 0.981250 0.748750 0.020000 0.007500
6 0.347500 0.193750 0.012500 0.022500
6 0.816250 0.783750 0.007500 0.017500
6 0.927500 0.606250 0.007500 0.022500
6 0.732500 0.001250 0.007500 0.017500
6 0.852500 0.656250 0.007500 0.022500
6 0.808750 0.726250 0.020000 0.010000
6 0.886250 0.650000 0.010000 0.017500
6 0.557500 0.982500 0.022500 0.007500
6 0.457500 0.965000 0.012500 0.022500
6 0.902500 0.647500 0.010000 0.015000
6 0.835000 0.781250 0.007500 0.022500
6 0.372500 0.582500 0.032500 0.040000
6 0.462500 0.018750 0.010000 0.017500
6 0.790000 0.703750 0.007500 0.022500
6 0.920000 0.583750 0.015000 0.010000
6 0.811250 0.716250 0.017500 0.007500
6 0.892500 0.701250 0.020000 0.007500
6 0.848750 0.703750 0.017500 0.010000
6 0.422500 0.087500 0.015000 0.027500
6 0.953750 0.026250 0.002500 0.017500
6 0.970000 0.780000 0.007500 0.017500
6 0.861250 0.653750 0.005000 0.017500
6 0.965000 0.668750 0.005000 0.017500
6 0.375000 0.815000 0.010000 0.020000
6 0.382500 0.862500 0.010000 0.020000
6 0.811250 0.700000 0.017500 0.007500
6 0.386250 0.546250 0.037500 0.040000
6 0.740000 0.002500 0.012500 0.030000
6 0.380000 0.760000 0.007500 0.020000
6 0.807500 0.743750 0.020000 0.005000
6 0.956250 0.668750 0.007500 0.017500
6 0.928750 0.728750 0.020000 0.007500
6 0.930000 0.711250 0.020000 0.010000
6 0.951250 0.698750 0.020000 0.010000
