6 0.783750 0.031250 0.007500 0.015000
6 0.933750 0.032500 0.007500 0.017500
6 0.916250 0.030000 0.007500 0.015000
6 0.842500 0.051250 0.017500 0.007500
6 0.901250 0.050000 0.017500 0.005000
6 0.702500 0.503750 0.012500 0.022500
6 0.683750 0.691250 0.007500 0.017500
6 0.751250 0.238750 0.007500 0.015000
6 0.732500 0.171250 0.010000 0.015000
6 0.440000 0.366250 0.010000 0.015000
6 0.293750 0.645000 0.007500 0.020000
6 0.457500 0.402500 0.017500 0.010000
6 0.552500 0.437500 0.010000 0.020000
6 0.470000 0.471250 0.007500 0.015000
6 0.460000 0.055000 0.010000 0.015000
6 0.461250 0.038750 0.007500 0.015000
6 0.505000 0.386250 0.007500 0.020000
6 0.801250 0.013750 0.017500 0.010000
6 0.431250 0.373750 0.010000 0.020000
6 0.845000 0.001250 0.015000 0.007500
6 0.307500 0.618750 0.010000 0.020000
6 0.243750 0.418750 0.020000 0.027500
6 0.473750 0.450000 0.012500 0.020000
6 0.801250 0.001250 0.015000 0.005000
6 0.685000 0.672500 0.015000 0.017500
6 0.531250 0.408750 0.025000 0.017500
6 0.538750 0.390000 0.007500 0.017500
6 0.681250 0.226250 0.020000 0.010000
6 0.476250 0.402500 0.007500 0.020000
6 0.440000 0.285000 0.010000 0.020000
6 0.455000 0.432500 0.017500 0.010000
6 0.543750 0.475000 0.010000 0.005000
6 0.281250 0.647500 0.010000 0.022500
6 0.521250 0.471250 0.007500 0.010000
6 0.653750 0.241250 0.022500 0.012500
6 0.581250 0.220000 0.022500 0.010000
6 0.316250 0.531250 0.022500 0.032500
6 0.542500 0.435000 0.007500 0.020000
6 0.455000 0.422500 0.022500 0.007500
6 0.165000 0.437500 0.027500 0.007500
6 0.816250 0.033750 0.007500 0.017500
6 0.557500 0.232500 0.022500 0.007500
6 0.518750 0.383750 0.010000 0.017500
6 0.452500 0.452500 0.022500 0.007500
6 0.217500 0.470000 0.017500 0.010000
6 0.457500 0.215000 0.012500 0.022500
6 0.130000 0.755000 0.022500 0.007500
6 0.835000 0.031250 0.007500 0.022500
6 0.017500 0.758750 0.022500 0.010000
6 0.476250 0.426250 0.007500 0.017500
6 0.970000 0.030000 0.007500 0.017500
6 0.375000 0.065000 0.010000 0.020000
6 0.382500 0.112500 0.010000 0.020000
6 0.433750 0.346250 0.007500 0.017500
6 0.380000 0.010000 0.007500 0.020000
6 0.245000 0.560000 0.020000 0.020000
6 0.511250 0.430000 0.010000 0.020000
6 0.687500 0.630000 0.010000 0.015000
6 0.237500 0.523750 0.007500 0.015000
