6 0.887500 0.333750 0.017500 0.007500
6 0.765000 0.386250 0.025000 0.010000
6 0.731250 0.378750 0.007500 0.010000
6 0.746250 0.380000 0.012500 0.015000
6 0.935000 0.281250 0.010000 0.020000
6 0.208750 0.400000 0.025000 0.010000
6 0.343750 0.407500 0.017500 0.012500
6 0.547500 0.420000 0.017500 0.007500
6 0.121250 0.473750 0.017500 0.007500
6 0.142500 0.487500 0.020000 0.010000
6 0.141250 0.497500 0.020000 0.010000
6 0.143750 0.507500 0.020000 0.007500
6 0.136250 0.542500 0.020000 0.007500
6 0.135000 0.566250 0.022500 0.007500
6 0.081250 0.611250 0.017500 0.012500
6 0.080000 0.631250 0.017500 0.012500
6 0.077500 0.652500 0.020000 0.012500
6 0.133750 0.605000 0.020000 0.007500
6 0.112500 0.625000 0.017500 0.007500
6 0.131250 0.626250 0.020000 0.007500
6 0.131250 0.646250 0.022500 0.010000
6 0.165000 0.668750 0.020000 0.010000
6 0.223750 0.505000 0.007500 0.017500
6 0.246250 0.506250 0.007500 0.015000
6 0.196250 0.503750 0.012500 0.015000
6 0.293750 0.507500 0.017500 0.007500
6 0.160000 0.970000 0.020000 0.007500
6 0.106250 0.988750 0.020000 0.007500
6 0.485000 0.325000 0.015000 0.010000
6 0.273750 0.388750 0.020000 0.007500
6 0.162500 0.395000 0.020000 0.010000
6 0.906250 0.357500 0.010000 0.022500
6 0.113750 0.417500 0.022500 0.007500
6 0.285000 0.406250 0.020000 0.010000
6 0.237500 0.365000 0.020000 0.010000
6 0.916250 0.558750 0.015000 0.022500
6 0.860000 0.765000 0.012500 0.022500
6 0.455000 0.358750 0.025000 0.010000
6 0.858750 0.441250 0.025000 0.010000
6 0.918750 0.533750 0.012500 0.020000
6 0.925000 0.028750 0.012500 0.025000
6 0.545000 0.440000 0.020000 0.010000
6 0.005000 0.913750 0.015000 0.022500
6 0.912500 0.655000 0.012500 0.022500
6 0.735000 0.406250 0.020000 0.012500
6 0.635000 0.441250 0.022500 0.010000
6 0.102500 0.246250 0.022500 0.012500
6 0.140000 0.322500 0.015000 0.022500
6 0.181250 0.380000 0.025000 0.012500
6 0.346250 0.382500 0.020000 0.007500
6 0.091250 0.415000 0.017500 0.007500
6 0.266250 0.991250 0.022500 0.010000
6 0.928750 0.592500 0.017500 0.005000
6 0.730000 0.447500 0.025000 0.012500
6 0.063750 0.256250 0.012500 0.015000
6 0.446250 0.991250 0.020000 0.007500
6 0.132500 0.250000 0.012500 0.015000
6 0.146250 0.281250 0.010000 0.020000
6 0.150000 0.418750 0.020000 0.005000
6 0.142500 0.301250 0.012500 0.020000
6 0.961250 0.445000 0.025000 0.012500
6 0.680000 0.443750 0.022500 0.012500
6 0.352500 0.433750 0.020000 0.010000
6 0.075000 0.392500 0.025000 0.007500
6 0.048750 0.983750 0.022500 0.010000
6 0.906250 0.261250 0.012500 0.027500
6 0.058750 0.288750 0.012500 0.020000
6 0.035000 0.692500 0.010000 0.017500
6 0.215000 0.363750 0.022500 0.010000
6 0.236250 0.378750 0.022500 0.010000
6 0.405000 0.413750 0.057500 0.015000
6 0.798750 0.410000 0.025000 0.012500
6 0.906250 0.230000 0.010000 0.020000
6 0.976250 0.601250 0.017500 0.007500
6 0.825000 0.385000 0.007500 0.017500
6 0.482500 0.377500 0.025000 0.007500
6 0.865000 0.416250 0.022500 0.010000
