6 0.997500 0.565000 0.015000 0.010000
6 0.910000 0.556250 0.015000 0.010000
6 0.981250 0.710000 0.015000 0.007500
6 0.983750 0.717500 0.020000 0.005000
6 0.980000 0.722500 0.015000 0.010000
6 0.980000 0.728750 0.015000 0.007500
6 0.577500 0.312500 0.010000 0.017500
6 0.785000 0.620000 0.025000 0.010000
6 0.985000 0.701250 0.022500 0.010000
6 0.070000 0.430000 0.012500 0.025000
6 0.385000 0.596250 0.022500 0.010000
6 0.930000 0.745000 0.027500 0.007500
6 0.988750 0.647500 0.020000 0.015000
6 0.572500 0.682500 0.010000 0.015000
6 0.567500 0.736250 0.012500 0.020000
6 0.966250 0.135000 0.022500 0.007500
6 0.930000 0.752500 0.030000 0.007500
6 0.155000 0.541250 0.032500 0.017500
6 0.088750 0.280000 0.010000 0.020000
6 0.937500 0.558750 0.020000 0.007500
6 0.967500 0.801250 0.030000 0.010000
6 0.625000 0.581250 0.025000 0.015000
6 0.268750 0.512500 0.017500 0.007500
6 0.968750 0.773750 0.025000 0.007500
6 0.975000 0.756250 0.025000 0.007500
6 0.565000 0.316250 0.010000 0.022500
6 0.926250 0.413750 0.022500 0.005000
6 0.128750 0.068750 0.012500 0.025000
6 0.976250 0.746250 0.027500 0.007500
6 0.761250 0.810000 0.010000 0.020000
6 0.540000 0.716250 0.010000 0.017500
6 0.542500 0.675000 0.012500 0.017500
6 0.933750 0.736250 0.025000 0.010000
6 0.092500 0.146250 0.012500 0.022500
6 0.562500 0.370000 0.007500 0.020000
6 0.102500 0.097500 0.015000 0.022500
6 0.386250 0.518750 0.022500 0.010000
6 0.943750 0.676250 0.022500 0.010000
6 0.808750 0.262500 0.020000 0.007500
6 0.930000 0.761250 0.027500 0.010000
6 0.967500 0.595000 0.025000 0.012500
6 0.975000 0.737500 0.027500 0.007500
6 0.705000 0.531250 0.017500 0.015000
6 0.975000 0.765000 0.025000 0.010000
6 0.572500 0.791250 0.022500 0.020000
6 0.570000 0.707500 0.010000 0.017500
6 0.188750 0.216250 0.020000 0.007500
6 0.528750 0.631250 0.017500 0.010000
6 0.683750 0.537500 0.020000 0.007500
6 0.410000 0.592500 0.025000 0.007500
6 0.732500 0.265000 0.027500 0.007500
6 0.938750 0.717500 0.022500 0.012500
6 0.595000 0.026250 0.012500 0.025000
6 0.555000 0.441250 0.010000 0.020000
6 0.498750 0.523750 0.020000 0.010000
6 0.245000 0.511250 0.017500 0.007500
6 0.077500 0.381250 0.012500 0.020000
6 0.361250 0.595000 0.022500 0.012500
6 0.292500 0.512500 0.020000 0.010000
6 0.221250 0.510000 0.020000 0.010000
6 0.733750 0.253750 0.025000 0.012500
6 0.581250 0.181250 0.012500 0.020000
6 0.492500 0.236250 0.022500 0.010000
6 0.082500 0.302500 0.010000 0.017500
6 0.967500 0.792500 0.025000 0.007500
6 0.082500 0.446250 0.015000 0.022500
6 0.243750 0.207500 0.007500 0.017500
6 0.968750 0.782500 0.025000 0.007500
6 0.090000 0.180000 0.015000 0.025000
6 0.347500 0.538750 0.022500 0.010000
6 0.643750 0.523750 0.020000 0.007500
6 0.107500 0.023750 0.010000 0.022500
6 0.473750 0.522500 0.020000 0.007500
6 0.573750 0.660000 0.015000 0.020000
6 0.556250 0.470000 0.012500 0.020000
6 0.543750 0.655000 0.010000 0.017500
6 0.541250 0.573750 0.025000 0.012500
6 0.141250 0.583750 0.020000 0.010000
6 0.930000 0.773750 0.027500 0.007500
6 0.450000 0.520000 0.020000 0.010000
6 0.973750 0.563750 0.020000 0.010000
