6 0.116250 0.626250 0.010000 0.017500
6 0.351250 0.696250 0.017500 0.007500
6 0.606250 0.148750 0.022500 0.007500
6 0.526250 0.143750 0.020000 0.007500
6 0.966250 0.885000 0.022500 0.007500
6 0.172500 0.030000 0.015000 0.025000
6 0.511250 0.158750 0.027500 0.010000
6 0.638750 0.276250 0.010000 0.025000
6 0.977500 0.460000 0.025000 0.010000
6 0.653750 0.088750 0.010000 0.015000
6 0.128750 0.818750 0.012500 0.025000
6 0.122500 0.583750 0.015000 0.025000
6 0.133750 0.635000 0.015000 0.022500
6 0.175000 0.010000 0.010000 0.022500
6 0.608750 0.658750 0.015000 0.020000
6 0.092500 0.896250 0.012500 0.022500
6 0.102500 0.847500 0.015000 0.022500
6 0.147500 0.417500 0.015000 0.025000
6 0.655000 0.037500 0.015000 0.025000
6 0.108750 0.722500 0.012500 0.022500
6 0.632500 0.363750 0.010000 0.022500
6 0.631250 0.395000 0.015000 0.022500
6 0.245000 0.137500 0.025000 0.015000
6 0.188750 0.966250 0.020000 0.007500
6 0.595000 0.776250 0.012500 0.025000
6 0.608750 0.632500 0.015000 0.025000
6 0.942500 0.323750 0.022500 0.007500
6 0.625000 0.482500 0.007500 0.020000
6 0.581250 0.931250 0.012500 0.020000
6 0.492500 0.986250 0.022500 0.010000
6 0.243750 0.957500 0.007500 0.017500
6 0.137500 0.448750 0.010000 0.022500
6 0.090000 0.930000 0.015000 0.025000
6 0.107500 0.773750 0.010000 0.022500
6 0.622500 0.513750 0.015000 0.022500
