6 0.213750 0.016250 0.010000 0.017500
6 0.132500 0.018750 0.010000 0.017500
6 0.316250 0.700000 0.012500 0.012500
6 0.371250 0.730000 0.012500 0.012500
6 0.360000 0.741250 0.012500 0.015000
6 0.007500 0.272500 0.015000 0.017500
6 0.011250 0.282500 0.012500 0.015000
6 0.023750 0.291250 0.017500 0.015000
6 0.031250 0.300000 0.017500 0.015000
6 0.032500 0.308750 0.012500 0.015000
6 0.042500 0.285000 0.012500 0.015000
6 0.016250 0.255000 0.010000 0.010000
6 0.048750 0.257500 0.015000 0.015000
6 0.020000 0.260000 0.012500 0.010000
6 0.030000 0.245000 0.012500 0.012500
6 0.038750 0.252500 0.012500 0.015000
6 0.035000 0.280000 0.012500 0.012500
6 0.055000 0.221250 0.010000 0.012500
6 0.073750 0.191250 0.010000 0.012500
6 0.066250 0.183750 0.007500 0.010000
6 0.107500 0.130000 0.012500 0.012500
6 0.086250 0.133750 0.012500 0.012500
6 0.142500 0.043750 0.012500 0.017500
6 0.153750 0.062500 0.010000 0.017500
6 0.223750 0.228750 0.010000 0.015000
6 0.362500 0.768750 0.015000 0.015000
6 0.381250 0.756250 0.012500 0.015000
6 0.400000 0.740000 0.010000 0.015000
6 0.360000 0.700000 0.010000 0.012500
6 0.355000 0.747500 0.012500 0.012500
6 0.000000 0.317500 0.010000 0.015000
6 0.115000 0.143750 0.010000 0.022500
6 0.352500 0.703750 0.007500 0.010000
6 0.328750 0.722500 0.010000 0.010000
6 0.010000 0.328750 0.012500 0.012500
6 0.341250 0.747500 0.007500 0.012500
6 0.960000 0.415000 0.007500 0.012500
6 0.330000 0.688750 0.012500 0.012500
6 0.137500 0.246250 0.017500 0.010000
6 0.338750 0.716250 0.015000 0.010000
6 0.248750 0.226250 0.012500 0.020000
6 0.346250 0.708750 0.010000 0.015000
6 0.366250 0.733750 0.010000 0.012500
6 0.100000 0.192500 0.012500 0.017500
6 0.226250 0.210000 0.012500 0.012500
