6 0.252500 0.297500 0.025000 0.017500
6 0.896250 0.671250 0.020000 0.015000
6 0.946250 0.740000 0.042500 0.025000
6 0.962500 0.912500 0.020000 0.015000
6 0.978750 0.917500 0.020000 0.017500
6 0.992500 0.925000 0.017500 0.015000
6 0.378750 0.517500 0.032500 0.017500
6 0.171250 0.001250 0.015000 0.017500
6 0.705000 0.042500 0.012500 0.012500
6 0.942500 0.698750 0.015000 0.015000
6 0.271250 0.901250 0.012500 0.010000
6 0.306250 0.527500 0.015000 0.015000
6 0.673750 0.845000 0.015000 0.017500
6 0.068750 0.221250 0.017500 0.015000
6 0.347500 0.197500 0.010000 0.015000
6 0.982500 0.575000 0.017500 0.017500
6 0.960000 0.545000 0.015000 0.015000
6 0.730000 0.080000 0.015000 0.017500
6 0.910000 0.480000 0.020000 0.010000
6 0.253750 0.922500 0.010000 0.020000
6 0.246250 0.935000 0.017500 0.012500
6 0.651250 0.857500 0.007500 0.020000
6 0.023750 0.148750 0.017500 0.015000
6 0.071250 0.156250 0.025000 0.022500
6 0.858750 0.650000 0.022500 0.017500
6 0.936250 0.057500 0.017500 0.017500
6 0.905000 0.548750 0.020000 0.015000
6 0.690000 0.797500 0.010000 0.020000
6 0.691250 0.136250 0.022500 0.017500
6 0.586250 0.525000 0.017500 0.012500
6 0.305000 0.330000 0.015000 0.015000
6 0.996250 0.521250 0.017500 0.025000
6 0.237500 0.945000 0.015000 0.015000
6 0.266250 0.843750 0.027500 0.015000
6 0.643750 0.833750 0.017500 0.022500
6 0.875000 0.231250 0.012500 0.007500
6 0.950000 0.172500 0.015000 0.010000
6 0.138750 0.152500 0.020000 0.027500
6 0.295000 0.861250 0.012500 0.022500
6 0.630000 0.848750 0.012500 0.015000
6 0.963750 0.710000 0.017500 0.010000
6 0.835000 0.637500 0.020000 0.012500
6 0.153750 0.241250 0.025000 0.022500
6 0.978750 0.511250 0.015000 0.022500
6 0.383750 0.826250 0.025000 0.017500
6 0.715000 0.802500 0.007500 0.020000
6 0.985000 0.892500 0.025000 0.015000
6 0.881250 0.223750 0.017500 0.012500
6 0.953750 0.046250 0.012500 0.012500
6 0.761250 0.045000 0.017500 0.015000
6 0.930000 0.446250 0.020000 0.017500
6 0.023750 0.220000 0.025000 0.022500
6 0.591250 0.493750 0.010000 0.015000
6 0.925000 0.410000 0.027500 0.017500
6 0.960000 0.670000 0.020000 0.012500
6 0.696250 0.063750 0.012500 0.010000
6 0.652500 0.130000 0.015000 0.015000
6 0.957500 0.205000 0.010000 0.015000
6 0.683750 0.166250 0.017500 0.007500
6 0.477500 0.428750 0.015000 0.015000
6 0.772500 0.600000 0.025000 0.017500
6 0.008750 0.138750 0.025000 0.017500
6 0.978750 0.372500 0.015000 0.015000
6 0.898750 0.465000 0.020000 0.010000
6 0.663750 0.533750 0.017500 0.012500
6 0.085000 0.158750 0.015000 0.010000
6 0.795000 0.203750 0.017500 0.010000
6 0.995000 0.200000 0.015000 0.015000
6 0.752500 0.890000 0.015000 0.012500
6 0.642500 0.872500 0.007500 0.017500
6 0.771250 0.780000 0.015000 0.025000
6 0.816250 0.203750 0.020000 0.015000
6 0.868750 0.733750 0.010000 0.012500
6 0.447500 0.441250 0.022500 0.017500
6 0.938750 0.677500 0.012500 0.017500
6 0.896250 0.736250 0.015000 0.015000
6 0.227500 0.281250 0.015000 0.015000
6 0.912500 0.538750 0.022500 0.012500
6 0.642500 0.850000 0.017500 0.022500
6 0.661250 0.862500 0.015000 0.017500
6 0.215000 0.308750 0.025000 0.017500
6 0.360000 0.357500 0.020000 0.012500
6 0.981250 0.093750 0.015000 0.007500
6 0.886250 0.753750 0.012500 0.015000
6 0.982500 0.491250 0.015000 0.017500
6 0.623750 0.788750 0.022500 0.007500
6 0.186250 0.257500 0.017500 0.020000
6 0.823750 0.666250 0.017500 0.010000
6 0.677500 0.178750 0.015000 0.010000
6 0.845000 0.773750 0.012500 0.015000
6 0.631250 0.866250 0.010000 0.022500
6 0.790000 0.807500 0.017500 0.015000
6 0.753750 0.623750 0.022500 0.012500
6 0.118750 0.217500 0.017500 0.012500
6 0.102500 0.185000 0.017500 0.022500
6 0.951250 0.557500 0.012500 0.012500
6 0.577500 0.858750 0.017500 0.015000
6 0.215000 0.003750 0.022500 0.030000
6 0.858750 0.476250 0.025000 0.012500
6 0.490000 0.470000 0.022500 0.012500
6 0.788750 0.215000 0.020000 0.010000
6 0.880000 0.698750 0.017500 0.010000
6 0.741250 0.083750 0.015000 0.015000
6 0.603750 0.202500 0.017500 0.012500
6 0.278750 0.295000 0.012500 0.020000
6 0.055000 0.247500 0.022500 0.020000
6 0.961250 0.498750 0.010000 0.017500
6 0.973750 0.487500 0.010000 0.020000
6 0.990000 0.375000 0.012500 0.017500
6 0.612500 0.816250 0.020000 0.015000
6 0.773750 0.820000 0.017500 0.007500
6 0.027500 0.163750 0.022500 0.020000
6 0.411250 0.387500 0.020000 0.015000
6 0.942500 0.461250 0.017500 0.012500
6 0.686250 0.848750 0.017500 0.020000
6 0.750000 0.852500 0.017500 0.012500
6 0.792500 0.610000 0.025000 0.015000
6 0.122500 0.118750 0.017500 0.015000
6 0.815000 0.233750 0.022500 0.007500
6 0.951250 0.470000 0.015000 0.012500
6 0.286250 0.555000 0.017500 0.012500
6 0.027500 0.235000 0.017500 0.025000
6 0.205000 0.268750 0.017500 0.015000
6 0.861250 0.192500 0.012500 0.020000
6 0.557500 0.275000 0.015000 0.012500
6 0.128750 0.123750 0.015000 0.015000
6 0.467500 0.453750 0.025000 0.015000
6 0.510000 0.480000 0.020000 0.012500
6 0.896250 0.026250 0.015000 0.012500
6 0.265000 0.911250 0.012500 0.012500
6 0.627500 0.780000 0.022500 0.010000
6 0.093750 0.255000 0.020000 0.017500
6 0.086250 0.145000 0.020000 0.015000
6 0.107500 0.243750 0.017500 0.015000
6 0.788750 0.227500 0.030000 0.017500
6 0.616250 0.797500 0.022500 0.012500
6 0.757500 0.785000 0.012500 0.020000
6 0.746250 0.785000 0.017500 0.020000
6 0.875000 0.196250 0.010000 0.017500
6 0.012500 0.848750 0.015000 0.015000
6 0.652500 0.877500 0.012500 0.017500
6 0.607500 0.887500 0.025000 0.017500
6 0.612500 0.806250 0.020000 0.010000
6 0.627500 0.898750 0.015000 0.010000
6 0.828750 0.263750 0.012500 0.020000
6 0.986250 0.516250 0.012500 0.017500
6 0.935000 0.512500 0.017500 0.017500
6 0.757500 0.810000 0.020000 0.015000
6 0.087500 0.233750 0.017500 0.015000
6 0.423750 0.430000 0.027500 0.015000
6 0.501250 0.440000 0.022500 0.015000
6 0.945000 0.392500 0.027500 0.020000
6 0.996250 0.378750 0.010000 0.017500
6 0.001250 0.266250 0.012500 0.017500
6 0.895000 0.206250 0.020000 0.015000
6 0.201250 0.070000 0.012500 0.015000
6 0.683750 0.542500 0.017500 0.017500
6 0.975000 0.553750 0.015000 0.010000
6 0.675000 0.795000 0.015000 0.020000
6 0.995000 0.730000 0.017500 0.012500
6 0.717500 0.120000 0.012500 0.012500
6 0.338750 0.381250 0.020000 0.015000
6 0.543750 0.465000 0.020000 0.020000
6 0.126250 0.171250 0.015000 0.015000
6 0.833750 0.175000 0.012500 0.020000
6 0.177500 0.098750 0.012500 0.012500
6 0.198750 0.997500 0.010000 0.010000
6 0.702500 0.798750 0.012500 0.017500
6 0.998750 0.583750 0.015000 0.012500
6 0.915000 0.038750 0.015000 0.015000
6 0.961250 0.077500 0.015000 0.010000
6 0.683750 0.083750 0.020000 0.015000
6 0.431250 0.402500 0.015000 0.012500
6 0.893750 0.453750 0.020000 0.010000
6 0.661250 0.877500 0.012500 0.025000
6 0.115000 0.186250 0.012500 0.017500
6 0.798750 0.182500 0.015000 0.010000
6 0.930000 0.653750 0.012500 0.020000
6 0.983750 0.052500 0.017500 0.012500
6 0.605000 0.851250 0.012500 0.022500
6 0.103750 0.131250 0.017500 0.020000
6 0.813750 0.221250 0.020000 0.012500
6 0.627500 0.820000 0.012500 0.017500
6 0.876250 0.676250 0.020000 0.015000
6 0.982500 0.636250 0.020000 0.012500
6 0.973750 0.651250 0.015000 0.012500
6 0.967500 0.566250 0.010000 0.012500
