6 0.543750 0.808750 0.025000 0.017500
6 0.221250 0.672500 0.015000 0.020000
6 0.742500 0.695000 0.012500 0.015000
6 0.755000 0.700000 0.015000 0.017500
6 0.725000 0.646250 0.025000 0.012500
6 0.801250 0.676250 0.020000 0.015000
6 0.322500 0.458750 0.012500 0.017500
6 0.332500 0.463750 0.015000 0.017500
6 0.345000 0.467500 0.015000 0.017500
6 0.355000 0.473750 0.015000 0.017500
6 0.363750 0.478750 0.015000 0.015000
6 0.377500 0.482500 0.012500 0.015000
6 0.182500 0.725000 0.022500 0.012500
6 0.220000 0.705000 0.010000 0.020000
6 0.191250 0.748750 0.017500 0.017500
6 0.142500 0.643750 0.012500 0.012500
6 0.052500 0.493750 0.020000 0.010000
6 0.122500 0.628750 0.017500 0.010000
6 0.210000 0.605000 0.017500 0.010000
6 0.256250 0.593750 0.022500 0.012500
6 0.436250 0.852500 0.010000 0.020000
6 0.297500 0.775000 0.010000 0.020000
6 0.001250 0.607500 0.012500 0.027500
6 0.293750 0.451250 0.010000 0.022500
6 0.377500 0.890000 0.012500 0.022500
6 0.517500 0.820000 0.010000 0.012500
6 0.495000 0.905000 0.010000 0.017500
6 0.192500 0.923750 0.042500 0.030000
6 0.165000 0.636250 0.012500 0.017500
6 0.328750 0.836250 0.007500 0.017500
6 0.302500 0.868750 0.012500 0.017500
6 0.882500 0.568750 0.020000 0.010000
6 0.281250 0.447500 0.012500 0.020000
6 0.322500 0.782500 0.007500 0.017500
6 0.167500 0.712500 0.017500 0.010000
6 0.071250 0.468750 0.020000 0.012500
6 0.153750 0.638750 0.010000 0.015000
6 0.411250 0.845000 0.012500 0.017500
6 0.902500 0.532500 0.020000 0.010000
6 0.892500 0.547500 0.022500 0.010000
6 0.428750 0.985000 0.022500 0.017500
6 0.952500 0.571250 0.022500 0.010000
6 0.507500 0.472500 0.020000 0.015000
6 0.177500 0.632500 0.012500 0.017500
6 0.367500 0.846250 0.012500 0.022500
6 0.842500 0.493750 0.017500 0.020000
6 0.808750 0.573750 0.012500 0.017500
6 0.138750 0.390000 0.007500 0.020000
6 0.205000 0.773750 0.015000 0.012500
6 0.226250 0.368750 0.027500 0.012500
6 0.157500 0.703750 0.010000 0.012500
6 0.410000 0.937500 0.015000 0.020000
6 0.060000 0.486250 0.015000 0.007500
6 0.351250 0.880000 0.012500 0.020000
6 0.915000 0.557500 0.022500 0.010000
6 0.148750 0.397500 0.012500 0.017500
6 0.325000 0.911250 0.010000 0.010000
6 0.393750 0.808750 0.010000 0.017500
6 0.497500 0.815000 0.012500 0.015000
6 0.287500 0.901250 0.010000 0.015000
6 0.556250 0.895000 0.012500 0.020000
6 0.798750 0.653750 0.015000 0.022500
6 0.911250 0.486250 0.012500 0.017500
6 0.266250 0.818750 0.012500 0.012500
6 0.882500 0.487500 0.012500 0.022500
6 0.881250 0.607500 0.010000 0.022500
6 0.962500 0.552500 0.017500 0.007500
6 0.283750 0.770000 0.012500 0.017500
6 0.556250 0.837500 0.012500 0.017500
6 0.576250 0.847500 0.010000 0.017500
6 0.850000 0.538750 0.020000 0.010000
6 0.975000 0.532500 0.017500 0.007500
6 0.421250 0.795000 0.010000 0.017500
6 0.952500 0.655000 0.010000 0.015000
6 0.451250 0.978750 0.025000 0.015000
6 0.113750 0.660000 0.017500 0.010000
6 0.280000 0.825000 0.012500 0.020000
6 0.276250 0.860000 0.015000 0.020000
6 0.357500 0.796250 0.015000 0.020000
6 0.968750 0.542500 0.020000 0.010000
6 0.731250 0.451250 0.027500 0.007500
6 0.263750 0.750000 0.015000 0.015000
6 0.743750 0.636250 0.020000 0.020000
6 0.228750 0.862500 0.020000 0.022500
6 0.463750 0.865000 0.015000 0.022500
6 0.270000 0.765000 0.012500 0.022500
6 0.381250 0.807500 0.010000 0.020000
6 0.370000 0.801250 0.010000 0.017500
6 0.867500 0.491250 0.015000 0.017500
6 0.810000 0.498750 0.015000 0.027500
6 0.756250 0.660000 0.025000 0.012500
6 0.688750 0.670000 0.010000 0.017500
6 0.098750 0.331250 0.022500 0.017500
6 0.875000 0.650000 0.010000 0.015000
6 0.452500 0.857500 0.012500 0.017500
6 0.483750 0.807500 0.012500 0.015000
6 0.340000 0.877500 0.007500 0.015000
6 0.832500 0.582500 0.012500 0.020000
6 0.841250 0.586250 0.010000 0.017500
6 0.882500 0.577500 0.017500 0.010000
6 0.947500 0.581250 0.025000 0.007500
6 0.597500 0.793750 0.020000 0.015000
6 0.832500 0.632500 0.022500 0.022500
6 0.778750 0.668750 0.027500 0.012500
6 0.846250 0.545000 0.020000 0.010000
6 0.980000 0.523750 0.020000 0.007500
6 0.515000 0.453750 0.020000 0.012500
6 0.422500 0.850000 0.010000 0.017500
6 0.447500 0.795000 0.010000 0.022500
6 0.355000 0.842500 0.015000 0.020000
6 0.781250 0.648750 0.015000 0.020000
6 0.358750 0.562500 0.017500 0.007500
6 0.825000 0.497500 0.015000 0.020000
6 0.472500 0.802500 0.010000 0.020000
6 0.566250 0.843750 0.010000 0.015000
6 0.332500 0.787500 0.007500 0.020000
6 0.187500 0.613750 0.015000 0.010000
6 0.591250 0.808750 0.020000 0.012500
6 0.988750 0.630000 0.015000 0.010000
6 0.321250 0.955000 0.010000 0.012500
6 0.122500 0.671250 0.020000 0.012500
6 0.460000 0.796250 0.010000 0.020000
6 0.265000 0.886250 0.012500 0.017500
6 0.396250 0.846250 0.010000 0.015000
6 0.317500 0.871250 0.012500 0.020000
6 0.486250 0.938750 0.010000 0.012500
6 0.218750 0.891250 0.020000 0.022500
6 0.037500 0.297500 0.025000 0.012500
6 0.526250 0.825000 0.010000 0.017500
6 0.303750 0.828750 0.010000 0.017500
6 0.291250 0.865000 0.010000 0.022500
6 0.760000 0.641250 0.017500 0.027500
6 0.971250 0.626250 0.012500 0.015000
6 0.212500 0.668750 0.015000 0.020000
6 0.310000 0.780000 0.010000 0.020000
6 0.852500 0.492500 0.010000 0.020000
6 0.928750 0.527500 0.017500 0.012500
6 0.285000 0.583750 0.015000 0.007500
6 0.627500 0.837500 0.015000 0.012500
6 0.215000 0.801250 0.027500 0.020000
6 0.407500 0.807500 0.005000 0.015000
6 0.386250 0.932500 0.017500 0.025000
6 0.423750 0.942500 0.012500 0.022500
6 0.197500 0.668750 0.010000 0.020000
6 0.341250 0.842500 0.010000 0.022500
6 0.858750 0.597500 0.012500 0.017500
6 0.896250 0.540000 0.020000 0.012500
6 0.908750 0.566250 0.017500 0.010000
6 0.188750 0.630000 0.010000 0.015000
6 0.206250 0.786250 0.017500 0.007500
6 0.312500 0.907500 0.012500 0.015000
6 0.176250 0.721250 0.022500 0.015000
6 0.468750 0.932500 0.012500 0.020000
6 0.870000 0.603750 0.015000 0.017500
6 0.927500 0.485000 0.012500 0.015000
6 0.293750 0.825000 0.010000 0.015000
6 0.850000 0.526250 0.022500 0.015000
6 0.157500 0.346250 0.025000 0.012500
6 0.137500 0.687500 0.022500 0.010000
6 0.365000 0.882500 0.010000 0.022500
6 0.587500 0.848750 0.007500 0.015000
6 0.786250 0.562500 0.007500 0.020000
6 0.477500 0.985000 0.017500 0.010000
6 0.375000 0.922500 0.017500 0.015000
6 0.328750 0.875000 0.012500 0.017500
6 0.810000 0.661250 0.017500 0.020000
6 0.823750 0.576250 0.007500 0.020000
6 0.710000 0.533750 0.012500 0.010000
6 0.822500 0.666250 0.015000 0.020000
6 0.500000 0.875000 0.015000 0.020000
6 0.067500 0.477500 0.015000 0.007500
6 0.317500 0.831250 0.010000 0.017500
6 0.537500 0.887500 0.010000 0.022500
6 0.363750 0.965000 0.022500 0.017500
6 0.718750 0.623750 0.030000 0.027500
6 0.420000 0.796250 0.015000 0.020000
6 0.232500 0.820000 0.015000 0.037500
6 0.106250 0.978750 0.040000 0.030000
6 0.851250 0.591250 0.012500 0.015000
6 0.901250 0.582500 0.020000 0.010000
6 0.896250 0.486250 0.010000 0.012500
6 0.141250 0.701250 0.017500 0.015000
6 0.183750 0.740000 0.022500 0.015000
6 0.476250 0.867500 0.015000 0.022500
6 0.507500 0.815000 0.007500 0.017500
6 0.535000 0.826250 0.012500 0.012500
6 0.481250 0.898750 0.012500 0.020000
6 0.238750 0.993750 0.015000 0.020000
6 0.381250 0.851250 0.012500 0.017500
6 0.887500 0.560000 0.020000 0.012500
6 0.095000 0.513750 0.015000 0.017500
6 0.110000 0.503750 0.025000 0.020000
6 0.211250 0.982500 0.020000 0.020000
6 0.518750 0.883750 0.012500 0.020000
6 0.795000 0.572500 0.010000 0.017500
6 0.982500 0.515000 0.020000 0.007500
6 0.265000 0.716250 0.007500 0.015000
6 0.972500 0.652500 0.012500 0.015000
