6 0.921250 0.001250 0.015000 0.017500
6 0.065000 0.763750 0.017500 0.020000
6 0.098750 0.718750 0.015000 0.015000
6 0.142500 0.723750 0.025000 0.015000
6 0.818750 0.221250 0.017500 0.015000
6 0.996250 0.935000 0.017500 0.012500
6 0.032500 0.352500 0.010000 0.020000
6 0.075000 0.391250 0.012500 0.022500
6 0.773750 0.148750 0.017500 0.015000
6 0.821250 0.156250 0.025000 0.022500
6 0.040000 0.801250 0.012500 0.012500
6 0.053750 0.782500 0.015000 0.012500
6 0.162500 0.736250 0.020000 0.012500
6 0.251250 0.901250 0.017500 0.025000
6 0.987500 0.945000 0.015000 0.015000
6 0.107500 0.560000 0.012500 0.022500
6 0.748750 0.141250 0.020000 0.017500
6 0.051250 0.311250 0.025000 0.025000
6 0.888750 0.152500 0.020000 0.027500
6 0.021250 0.350000 0.015000 0.027500
6 0.012500 0.430000 0.010000 0.017500
6 0.217500 0.557500 0.022500 0.020000
6 0.652500 0.048750 0.015000 0.015000
6 0.587500 0.496250 0.015000 0.015000
6 0.676250 0.080000 0.017500 0.015000
6 0.037500 0.420000 0.015000 0.022500
6 0.048750 0.550000 0.012500 0.015000
6 0.026250 0.591250 0.017500 0.012500
6 0.903750 0.241250 0.025000 0.022500
6 0.122500 0.396250 0.020000 0.010000
6 0.077500 0.321250 0.025000 0.025000
6 0.722500 0.105000 0.022500 0.017500
6 0.310000 0.431250 0.020000 0.012500
6 0.773750 0.220000 0.025000 0.022500
6 0.097500 0.331250 0.022500 0.022500
6 0.021250 0.436250 0.010000 0.015000
6 0.516250 0.285000 0.015000 0.015000
6 0.028750 0.417500 0.012500 0.022500
6 0.021250 0.517500 0.012500 0.017500
6 0.301250 0.830000 0.012500 0.025000
6 0.758750 0.138750 0.025000 0.017500
6 0.620000 0.022500 0.017500 0.017500
6 0.062500 0.387500 0.010000 0.020000
6 0.082500 0.563750 0.010000 0.015000
6 0.835000 0.158750 0.015000 0.010000
6 0.253750 0.373750 0.012500 0.012500
6 0.131250 0.347500 0.030000 0.025000
6 0.041250 0.362500 0.012500 0.025000
6 0.077500 0.373750 0.010000 0.017500
6 0.008750 0.368750 0.010000 0.017500
6 0.060000 0.556250 0.007500 0.025000
6 0.028750 0.537500 0.012500 0.017500
6 0.068750 0.557500 0.007500 0.017500
6 0.187500 0.985000 0.015000 0.017500
6 0.277500 0.793750 0.025000 0.017500
6 0.088750 0.736250 0.012500 0.020000
6 0.977500 0.281250 0.015000 0.015000
6 0.033750 0.440000 0.010000 0.020000
6 0.097500 0.552500 0.012500 0.027500
6 0.038750 0.547500 0.012500 0.020000
6 0.023750 0.817500 0.015000 0.017500
6 0.965000 0.308750 0.025000 0.017500
6 0.196250 0.752500 0.022500 0.015000
6 0.936250 0.257500 0.017500 0.020000
6 0.101250 0.423750 0.017500 0.010000
6 0.580000 0.033750 0.017500 0.017500
6 0.071250 0.458750 0.022500 0.015000
6 0.148750 0.646250 0.017500 0.022500
6 0.868750 0.217500 0.017500 0.012500
6 0.852500 0.185000 0.017500 0.022500
6 0.565000 0.306250 0.020000 0.020000
6 0.107500 0.412500 0.022500 0.007500
6 0.965000 0.003750 0.022500 0.030000
6 0.088750 0.440000 0.022500 0.007500
6 0.108750 0.333750 0.022500 0.022500
6 0.081250 0.506250 0.015000 0.017500
6 0.805000 0.247500 0.022500 0.020000
6 0.603750 0.008750 0.025000 0.017500
6 0.645000 0.183750 0.017500 0.015000
6 0.128750 0.386250 0.027500 0.007500
6 0.038750 0.381250 0.015000 0.017500
6 0.328750 0.836250 0.012500 0.027500
6 0.777500 0.163750 0.022500 0.020000
6 0.572500 0.197500 0.012500 0.015000
6 0.017500 0.412500 0.015000 0.022500
6 0.113750 0.583750 0.012500 0.017500
6 0.196250 0.582500 0.020000 0.025000
6 0.180000 0.606250 0.010000 0.020000
6 0.872500 0.118750 0.017500 0.015000
6 0.552500 0.221250 0.015000 0.015000
6 0.092500 0.432500 0.017500 0.012500
6 0.070000 0.537500 0.010000 0.012500
6 0.136250 0.537500 0.010000 0.012500
6 0.265000 0.492500 0.012500 0.015000
6 0.707500 0.306250 0.017500 0.022500
6 0.356250 0.801250 0.017500 0.022500
6 0.777500 0.235000 0.017500 0.025000
6 0.955000 0.268750 0.017500 0.015000
6 0.591250 0.322500 0.017500 0.015000
6 0.567500 0.511250 0.022500 0.017500
6 0.173750 0.745000 0.020000 0.017500
6 0.342500 0.781250 0.012500 0.020000
6 0.878750 0.123750 0.015000 0.015000
6 0.562500 0.017500 0.015000 0.015000
6 0.383750 0.328750 0.012500 0.012500
6 0.696250 0.108750 0.017500 0.015000
6 0.051250 0.388750 0.010000 0.022500
6 0.843750 0.255000 0.020000 0.017500
6 0.836250 0.145000 0.020000 0.015000
6 0.117500 0.561250 0.015000 0.022500
6 0.857500 0.243750 0.017500 0.015000
6 0.130000 0.640000 0.022500 0.025000
6 0.050000 0.606250 0.010000 0.020000
6 0.726250 0.077500 0.012500 0.022500
6 0.668750 0.062500 0.022500 0.015000
6 0.762500 0.848750 0.015000 0.015000
6 0.087500 0.547500 0.012500 0.020000
6 0.040000 0.525000 0.010000 0.017500
6 0.285000 0.856250 0.012500 0.025000
6 0.127500 0.531250 0.010000 0.012500
6 0.121250 0.341250 0.032500 0.025000
6 0.008750 0.406250 0.012500 0.015000
6 0.065000 0.371250 0.015000 0.022500
6 0.012500 0.530000 0.015000 0.012500
6 0.837500 0.233750 0.017500 0.015000
6 0.545000 0.003750 0.020000 0.015000
6 0.063750 0.317500 0.025000 0.027500
6 0.116250 0.625000 0.012500 0.017500
6 0.751250 0.266250 0.012500 0.017500
6 0.951250 0.070000 0.012500 0.015000
6 0.105000 0.615000 0.012500 0.022500
6 0.876250 0.171250 0.015000 0.015000
6 0.636250 0.035000 0.020000 0.022500
6 0.438750 0.701250 0.020000 0.007500
6 0.250000 0.513750 0.012500 0.015000
6 0.927500 0.098750 0.012500 0.012500
6 0.410000 0.300000 0.017500 0.025000
6 0.948750 0.997500 0.010000 0.010000
6 0.181250 0.560000 0.012500 0.017500
6 0.605000 0.328750 0.015000 0.015000
6 0.865000 0.186250 0.012500 0.017500
6 0.581250 0.311250 0.020000 0.017500
6 0.853750 0.131250 0.017500 0.020000
6 0.527500 0.547500 0.012500 0.015000
6 0.640000 0.548750 0.020000 0.012500
6 0.740000 0.125000 0.017500 0.015000
6 0.051250 0.367500 0.012500 0.022500
6 0.085000 0.377500 0.012500 0.022500
6 0.213750 0.761250 0.020000 0.012500
6 0.450000 0.666250 0.015000 0.017500
6 0.146250 0.540000 0.010000 0.012500
6 0.523750 0.156250 0.020000 0.015000
