6 0.863750 0.963750 0.012500 0.012500
6 0.812500 0.960000 0.010000 0.012500
6 0.836250 0.873750 0.015000 0.020000
6 0.791250 0.965000 0.010000 0.012500
6 0.876250 0.951250 0.012500 0.010000
6 0.953750 0.998750 0.007500 0.007500
6 0.806250 0.915000 0.007500 0.010000
6 0.817500 0.888750 0.007500 0.012500
6 0.938750 0.997500 0.007500 0.005000
6 0.868750 0.956250 0.012500 0.015000
6 0.917500 0.983750 0.017500 0.010000
6 0.910000 0.991250 0.012500 0.005000
6 0.857500 0.971250 0.010000 0.012500
6 0.846250 0.265000 0.007500 0.015000
6 0.867500 0.308750 0.007500 0.015000
6 0.838750 0.170000 0.010000 0.017500
6 0.871250 0.263750 0.007500 0.015000
6 0.872500 0.366250 0.010000 0.017500
6 0.723750 0.332500 0.020000 0.010000
6 0.773750 0.426250 0.022500 0.020000
6 0.801250 0.586250 0.007500 0.015000
6 0.808750 0.690000 0.012500 0.010000
6 0.875000 0.755000 0.007500 0.012500
6 0.750000 0.470000 0.017500 0.015000
6 0.837500 0.843750 0.012500 0.012500
6 0.801250 0.827500 0.012500 0.015000
6 0.865000 0.822500 0.010000 0.015000
6 0.848750 0.816250 0.007500 0.012500
6 0.830000 0.817500 0.012500 0.015000
6 0.847500 0.788750 0.012500 0.012500
6 0.858750 0.783750 0.007500 0.007500
6 0.878750 0.777500 0.010000 0.015000
6 0.888750 0.767500 0.007500 0.012500
6 0.870000 0.691250 0.007500 0.015000
6 0.867500 0.708750 0.010000 0.012500
6 0.882500 0.710000 0.007500 0.012500
6 0.893750 0.716250 0.007500 0.010000
6 0.863750 0.731250 0.010000 0.015000
6 0.801250 0.807500 0.012500 0.017500
6 0.857500 0.752500 0.010000 0.017500
6 0.891250 0.742500 0.007500 0.012500
6 0.898750 0.648750 0.007500 0.015000
6 0.873750 0.646250 0.005000 0.015000
6 0.890000 0.608750 0.007500 0.012500
6 0.877500 0.600000 0.007500 0.015000
6 0.788750 0.677500 0.007500 0.010000
6 0.785000 0.697500 0.010000 0.010000
6 0.790000 0.725000 0.010000 0.010000
6 0.795000 0.736250 0.010000 0.012500
6 0.801250 0.680000 0.010000 0.010000
6 0.877500 0.441250 0.005000 0.012500
6 0.888750 0.433750 0.007500 0.010000
6 0.841250 0.223750 0.010000 0.017500
6 0.863750 0.195000 0.010000 0.012500
6 0.817500 0.221250 0.007500 0.010000
6 0.838750 0.197500 0.007500 0.015000
6 0.825000 0.201250 0.007500 0.015000
6 0.822500 0.183750 0.007500 0.012500
6 0.862500 0.148750 0.007500 0.012500
6 0.822500 0.146250 0.010000 0.017500
6 0.857500 0.086250 0.010000 0.010000
6 0.803750 0.520000 0.007500 0.020000
6 0.822500 0.446250 0.007500 0.012500
6 0.815000 0.313750 0.012500 0.012500
6 0.817500 0.290000 0.007500 0.015000
6 0.982500 0.730000 0.040000 0.017500
6 0.980000 0.705000 0.042500 0.015000
6 0.976250 0.691250 0.035000 0.012500
6 0.646250 0.565000 0.012500 0.010000
6 0.661250 0.556250 0.012500 0.007500
6 0.665000 0.562500 0.012500 0.012500
6 0.602500 0.588750 0.015000 0.015000
6 0.617500 0.587500 0.012500 0.010000
6 0.586250 0.606250 0.012500 0.010000
6 0.588750 0.596250 0.012500 0.010000
6 0.590000 0.613750 0.012500 0.012500
6 0.628750 0.571250 0.012500 0.007500
6 0.635000 0.576250 0.010000 0.007500
6 0.605000 0.597500 0.012500 0.007500
6 0.631250 0.586250 0.015000 0.010000
6 0.211250 0.072500 0.017500 0.015000
6 0.795000 0.876250 0.015000 0.007500
6 0.795000 0.886250 0.015000 0.010000
6 0.780000 0.895000 0.012500 0.012500
6 0.775000 0.908750 0.012500 0.010000
6 0.777500 0.927500 0.010000 0.012500
6 0.886250 0.990000 0.010000 0.007500
6 0.767500 0.925000 0.010000 0.010000
6 0.770000 0.941250 0.007500 0.012500
6 0.761250 0.937500 0.007500 0.010000
6 0.761250 0.953750 0.010000 0.012500
6 0.740000 0.987500 0.007500 0.012500
6 0.783750 0.911250 0.012500 0.007500
6 0.790000 0.896250 0.010000 0.010000
6 0.867500 0.753750 0.007500 0.015000
6 0.898750 0.981250 0.017500 0.015000
6 0.871250 0.981250 0.017500 0.015000
6 0.902500 0.973750 0.017500 0.015000
6 0.891250 0.965000 0.012500 0.010000
6 0.850000 0.771250 0.007500 0.012500
6 0.882500 0.652500 0.005000 0.010000
6 0.761250 0.713750 0.005000 0.012500
6 0.826250 0.221250 0.005000 0.010000
6 0.847500 0.093750 0.007500 0.012500
6 0.278750 0.047500 0.012500 0.010000
6 0.226250 0.013750 0.012500 0.010000
6 0.265000 0.038750 0.012500 0.010000
6 0.671250 0.536250 0.007500 0.010000
6 0.643750 0.558750 0.010000 0.010000
6 0.833750 0.258750 0.010000 0.040000
6 0.615000 0.435000 0.015000 0.015000
6 0.602500 0.415000 0.010000 0.012500
6 0.660000 0.546250 0.010000 0.012500
6 0.591250 0.470000 0.012500 0.015000
6 0.150000 0.321250 0.060000 0.045000
6 0.602500 0.461250 0.012500 0.015000
6 0.716250 0.533750 0.012500 0.010000
6 0.627500 0.562500 0.015000 0.010000
6 0.675000 0.546250 0.012500 0.010000
6 0.691250 0.536250 0.017500 0.017500
6 0.701250 0.545000 0.012500 0.010000
6 0.608750 0.426250 0.010000 0.015000
6 0.793750 0.447500 0.017500 0.010000
