6 0.931250 0.253750 0.015000 0.010000
6 0.696250 0.390000 0.005000 0.007500
6 0.825000 0.330000 0.012500 0.010000
6 0.683750 0.411250 0.010000 0.017500
6 0.945000 0.282500 0.015000 0.005000
6 0.863750 0.213750 0.012500 0.012500
6 0.715000 0.361250 0.010000 0.010000
6 0.812500 0.210000 0.010000 0.012500
6 0.511250 0.940000 0.007500 0.007500
6 0.942500 0.273750 0.022500 0.005000
6 0.638750 0.572500 0.007500 0.015000
6 0.661250 0.475000 0.007500 0.010000
6 0.521250 0.918750 0.005000 0.012500
6 0.836250 0.123750 0.015000 0.020000
6 0.791250 0.215000 0.010000 0.012500
6 0.932500 0.261250 0.010000 0.007500
6 0.613750 0.631250 0.007500 0.015000
6 0.631250 0.546250 0.007500 0.010000
6 0.876250 0.201250 0.012500 0.010000
6 0.505000 0.971250 0.005000 0.007500
6 0.705000 0.400000 0.010000 0.012500
6 0.953750 0.248750 0.007500 0.007500
6 0.776250 0.251250 0.010000 0.015000
6 0.642500 0.545000 0.007500 0.010000
6 0.737500 0.376250 0.012500 0.007500
6 0.806250 0.165000 0.007500 0.010000
6 0.938750 0.293750 0.012500 0.007500
6 0.961250 0.258750 0.015000 0.007500
6 0.817500 0.138750 0.007500 0.012500
6 0.973750 0.270000 0.012500 0.010000
6 0.938750 0.247500 0.007500 0.005000
6 0.530000 0.998750 0.012500 0.007500
6 0.515000 0.982500 0.007500 0.010000
6 0.747500 0.315000 0.007500 0.010000
6 0.868750 0.206250 0.012500 0.015000
6 0.917500 0.233750 0.017500 0.010000
6 0.910000 0.241250 0.012500 0.005000
6 0.622500 0.575000 0.007500 0.012500
6 0.987500 0.257500 0.015000 0.010000
6 0.755000 0.276250 0.017500 0.015000
6 0.986250 0.266250 0.010000 0.007500
6 0.763750 0.310000 0.010000 0.010000
6 0.523750 0.986250 0.010000 0.012500
6 0.970000 0.253750 0.012500 0.007500
6 0.957500 0.303750 0.010000 0.007500
6 0.857500 0.221250 0.010000 0.012500
6 0.511250 0.913750 0.007500 0.010000
6 0.968750 0.313750 0.010000 0.012500
6 0.611250 0.608750 0.010000 0.020000
6 0.875000 0.005000 0.007500 0.012500
6 0.285000 0.452500 0.007500 0.012500
6 0.293750 0.457500 0.010000 0.015000
6 0.302500 0.461250 0.012500 0.015000
6 0.837500 0.093750 0.012500 0.012500
6 0.801250 0.077500 0.012500 0.015000
6 0.865000 0.072500 0.010000 0.015000
6 0.848750 0.066250 0.007500 0.012500
6 0.830000 0.067500 0.012500 0.015000
6 0.847500 0.038750 0.012500 0.012500
6 0.858750 0.033750 0.007500 0.007500
6 0.878750 0.027500 0.010000 0.015000
6 0.888750 0.017500 0.007500 0.012500
6 0.801250 0.057500 0.012500 0.017500
6 0.857500 0.002500 0.010000 0.017500
6 0.310000 0.462500 0.012500 0.015000
6 0.207500 0.420000 0.012500 0.010000
6 0.201250 0.416250 0.012500 0.010000
6 0.211250 0.430000 0.012500 0.007500
6 0.216250 0.436250 0.015000 0.012500
6 0.167500 0.421250 0.012500 0.012500
6 0.307500 0.491250 0.015000 0.007500
6 0.321250 0.495000 0.012500 0.007500
6 0.211250 0.462500 0.015000 0.007500
6 0.320000 0.465000 0.007500 0.012500
6 0.328750 0.468750 0.010000 0.012500
6 0.336250 0.471250 0.007500 0.012500
6 0.332500 0.500000 0.012500 0.007500
6 0.343750 0.503750 0.012500 0.007500
6 0.146250 0.415000 0.007500 0.010000
6 0.152500 0.413750 0.007500 0.010000
6 0.161250 0.418750 0.007500 0.010000
6 0.072500 0.370000 0.017500 0.012500
6 0.083750 0.355000 0.012500 0.012500
6 0.122500 0.408750 0.010000 0.007500
6 0.147500 0.673750 0.015000 0.010000
6 0.266250 0.717500 0.017500 0.012500
6 0.151250 0.650000 0.007500 0.012500
6 0.795000 0.126250 0.015000 0.007500
6 0.795000 0.136250 0.015000 0.010000
6 0.780000 0.145000 0.012500 0.012500
6 0.775000 0.158750 0.012500 0.010000
6 0.777500 0.177500 0.010000 0.012500
6 0.886250 0.240000 0.010000 0.007500
6 0.767500 0.175000 0.010000 0.010000
6 0.770000 0.191250 0.007500 0.012500
6 0.761250 0.187500 0.007500 0.010000
6 0.761250 0.203750 0.010000 0.012500
6 0.740000 0.237500 0.007500 0.012500
6 0.743750 0.253750 0.010000 0.015000
6 0.783750 0.161250 0.012500 0.007500
6 0.790000 0.146250 0.010000 0.010000
6 0.867500 0.003750 0.007500 0.015000
6 0.898750 0.231250 0.017500 0.015000
6 0.871250 0.231250 0.017500 0.015000
6 0.795000 0.436250 0.010000 0.012500
6 0.652500 0.581250 0.010000 0.015000
6 0.617500 0.661250 0.010000 0.017500
6 0.600000 0.667500 0.007500 0.012500
6 0.591250 0.668750 0.010000 0.012500
6 0.592500 0.716250 0.017500 0.040000
6 0.573750 0.776250 0.017500 0.042500
6 0.568750 0.743750 0.010000 0.015000
6 0.547500 0.808750 0.005000 0.012500
6 0.536250 0.841250 0.015000 0.017500
6 0.962500 0.270000 0.012500 0.010000
6 0.946250 0.256250 0.010000 0.007500
6 0.902500 0.223750 0.017500 0.015000
6 0.891250 0.215000 0.012500 0.010000
6 0.623750 0.600000 0.007500 0.010000
6 0.646250 0.516250 0.010000 0.010000
6 0.656250 0.521250 0.007500 0.012500
6 0.527500 0.965000 0.007500 0.007500
6 0.490000 0.987500 0.010000 0.012500
6 0.850000 0.021250 0.007500 0.012500
