6 0.311250 0.371250 0.015000 0.020000
6 0.207500 0.523750 0.015000 0.017500
6 0.850000 0.621250 0.012500 0.012500
6 0.117500 0.445000 0.025000 0.017500
6 0.921250 0.625000 0.012500 0.017500
6 0.901250 0.552500 0.015000 0.020000
6 0.918750 0.550000 0.012500 0.017500
6 0.976250 0.616250 0.010000 0.017500
6 0.987500 0.621250 0.015000 0.017500
6 0.803750 0.473750 0.037500 0.017500
6 0.863750 0.218750 0.030000 0.017500
6 0.766250 0.508750 0.020000 0.022500
6 0.361250 0.272500 0.017500 0.025000
6 0.902500 0.250000 0.027500 0.020000
6 0.377500 0.607500 0.022500 0.012500
6 0.332500 0.646250 0.037500 0.060000
6 0.358750 0.212500 0.022500 0.032500
6 0.227500 0.946250 0.012500 0.020000
6 0.438750 0.600000 0.032500 0.017500
6 0.345000 0.817500 0.012500 0.022500
6 0.833750 0.245000 0.015000 0.022500
6 0.880000 0.245000 0.032500 0.020000
6 0.733750 0.207500 0.030000 0.017500
6 0.372500 0.772500 0.025000 0.025000
