6 0.308750 0.408750 0.017500 0.007500
6 0.428750 0.481250 0.020000 0.012500
6 0.587500 0.513750 0.020000 0.010000
6 0.716250 0.561250 0.017500 0.007500
6 0.763750 0.552500 0.017500 0.010000
6 0.816250 0.491250 0.017500 0.012500
6 0.813750 0.570000 0.017500 0.010000
6 0.873750 0.356250 0.042500 0.017500
6 0.256250 0.211250 0.020000 0.012500
6 0.262500 0.257500 0.022500 0.012500
6 0.590000 0.040000 0.020000 0.017500
6 0.610000 0.053750 0.010000 0.015000
6 0.905000 0.886250 0.020000 0.012500
6 0.950000 0.875000 0.017500 0.012500
6 0.621250 0.090000 0.027500 0.062500
6 0.893750 0.210000 0.025000 0.017500
6 0.441250 0.440000 0.020000 0.012500
6 0.203750 0.366250 0.022500 0.012500
6 0.143750 0.420000 0.017500 0.015000
6 0.097500 0.392500 0.020000 0.015000
6 0.268750 0.443750 0.022500 0.015000
6 0.645000 0.001250 0.020000 0.017500
6 0.518750 0.516250 0.020000 0.015000
6 0.341250 0.652500 0.017500 0.045000
6 0.433750 0.656250 0.012500 0.017500
6 0.393750 0.721250 0.017500 0.010000
6 0.446250 0.736250 0.020000 0.010000
6 0.550000 0.766250 0.017500 0.012500
6 0.675000 0.792500 0.020000 0.010000
6 0.695000 0.795000 0.020000 0.010000
6 0.751250 0.812500 0.015000 0.010000
6 0.811250 0.931250 0.017500 0.015000
6 0.871250 0.868750 0.035000 0.020000
6 0.683750 0.531250 0.020000 0.012500
6 0.815000 0.133750 0.035000 0.022500
6 0.277500 0.968750 0.030000 0.017500
6 0.512500 0.528750 0.035000 0.015000
6 0.883750 0.568750 0.025000 0.015000
6 0.266250 0.478750 0.027500 0.020000
6 0.583750 0.072500 0.025000 0.055000
6 0.760000 0.900000 0.017500 0.012500
6 0.422500 0.992500 0.015000 0.022500
6 0.681250 0.016250 0.020000 0.027500
6 0.316250 0.626250 0.040000 0.022500
6 0.566250 0.071250 0.030000 0.052500
4 0.560000 0.681250 0.015000 0.017500
6 0.727500 0.891250 0.017500 0.010000
6 0.928750 0.137500 0.040000 0.022500
6 0.901250 0.582500 0.020000 0.015000
6 0.431250 0.996250 0.015000 0.025000
6 0.247500 0.995000 0.015000 0.022500
6 0.946250 0.572500 0.022500 0.017500
6 0.293750 0.995000 0.032500 0.020000
6 0.878750 0.556250 0.027500 0.012500
6 0.147500 0.957500 0.030000 0.017500
6 0.930000 0.893750 0.020000 0.010000
6 0.663750 0.068750 0.017500 0.052500
6 0.325000 0.471250 0.027500 0.015000
6 0.917500 0.116250 0.037500 0.027500
6 0.437500 0.208750 0.015000 0.027500
4 0.637500 0.710000 0.020000 0.012500
