6 0.100000 0.621250 0.012500 0.012500
6 0.741250 0.136250 0.020000 0.012500
6 0.786250 0.125000 0.017500 0.012500
6 0.798750 0.726250 0.012500 0.020000
6 0.400000 0.293750 0.020000 0.010000
6 0.461250 0.338750 0.020000 0.012500
6 0.571250 0.343750 0.017500 0.010000
6 0.621250 0.398750 0.012500 0.020000
6 0.510000 0.325000 0.017500 0.007500
6 0.491250 0.322500 0.017500 0.012500
6 0.553750 0.362500 0.017500 0.010000
6 0.353750 0.283750 0.015000 0.010000
6 0.375000 0.290000 0.017500 0.010000
6 0.341250 0.258750 0.012500 0.020000
6 0.386250 0.016250 0.017500 0.012500
6 0.511250 0.042500 0.020000 0.010000
6 0.531250 0.045000 0.020000 0.010000
6 0.587500 0.062500 0.015000 0.010000
6 0.647500 0.181250 0.017500 0.015000
6 0.707500 0.118750 0.035000 0.020000
6 0.668750 0.692500 0.012500 0.015000
6 0.725000 0.662500 0.020000 0.010000
6 0.751250 0.670000 0.017500 0.012500
6 0.692500 0.697500 0.012500 0.015000
6 0.703750 0.705000 0.012500 0.017500
6 0.772500 0.675000 0.017500 0.010000
6 0.742500 0.712500 0.012500 0.022500
6 0.758750 0.713750 0.012500 0.017500
6 0.768750 0.720000 0.015000 0.017500
6 0.747500 0.756250 0.020000 0.010000
6 0.782500 0.767500 0.017500 0.012500
6 0.266250 0.518750 0.012500 0.020000
6 0.275000 0.520000 0.012500 0.022500
6 0.286250 0.525000 0.010000 0.017500
6 0.316250 0.527500 0.012500 0.022500
6 0.171250 0.625000 0.012500 0.017500
6 0.151250 0.552500 0.015000 0.020000
6 0.168750 0.550000 0.012500 0.017500
6 0.272500 0.582500 0.012500 0.020000
6 0.226250 0.616250 0.010000 0.017500
6 0.237500 0.621250 0.015000 0.017500
6 0.250000 0.626250 0.012500 0.020000
6 0.290000 0.646250 0.012500 0.017500
6 0.338750 0.595000 0.012500 0.017500
6 0.298750 0.652500 0.015000 0.020000
6 0.283750 0.665000 0.012500 0.017500
6 0.303750 0.673750 0.015000 0.020000
6 0.310000 0.652500 0.012500 0.020000
6 0.315000 0.673750 0.012500 0.020000
6 0.321250 0.655000 0.010000 0.015000
6 0.343750 0.615000 0.012500 0.017500
6 0.348750 0.597500 0.010000 0.017500
6 0.353750 0.617500 0.010000 0.017500
6 0.360000 0.600000 0.012500 0.015000
6 0.325000 0.676250 0.010000 0.020000
6 0.338750 0.660000 0.012500 0.020000
6 0.336250 0.678750 0.010000 0.020000
6 0.343750 0.687500 0.010000 0.020000
6 0.347500 0.666250 0.012500 0.017500
6 0.375000 0.626250 0.012500 0.017500
6 0.378750 0.608750 0.010000 0.015000
6 0.385000 0.628750 0.010000 0.020000
6 0.390000 0.611250 0.012500 0.020000
6 0.358750 0.671250 0.010000 0.017500
6 0.356250 0.690000 0.012500 0.020000
6 0.370000 0.673750 0.010000 0.017500
6 0.368750 0.692500 0.012500 0.017500
6 0.380000 0.677500 0.010000 0.015000
6 0.377500 0.698750 0.010000 0.017500
6 0.392500 0.681250 0.012500 0.020000
6 0.390000 0.701250 0.012500 0.017500
6 0.397500 0.633750 0.012500 0.017500
6 0.402500 0.613750 0.010000 0.017500
6 0.408750 0.635000 0.010000 0.015000
6 0.412500 0.617500 0.010000 0.015000
6 0.398750 0.702500 0.010000 0.017500
6 0.405000 0.685000 0.010000 0.015000
6 0.421250 0.620000 0.007500 0.017500
6 0.430000 0.622500 0.010000 0.017500
6 0.437500 0.623750 0.010000 0.015000
6 0.432500 0.641250 0.012500 0.017500
6 0.442500 0.646250 0.012500 0.015000
6 0.446250 0.628750 0.012500 0.017500
6 0.456250 0.628750 0.012500 0.017500
6 0.458750 0.647500 0.012500 0.015000
6 0.465000 0.632500 0.010000 0.017500
6 0.467500 0.650000 0.010000 0.017500
6 0.471250 0.632500 0.007500 0.015000
6 0.483750 0.653750 0.010000 0.015000
6 0.487500 0.636250 0.012500 0.017500
6 0.498750 0.640000 0.010000 0.017500
6 0.508750 0.645000 0.010000 0.012500
6 0.408750 0.705000 0.012500 0.020000
6 0.416250 0.685000 0.010000 0.020000
6 0.420000 0.707500 0.010000 0.020000
6 0.425000 0.688750 0.010000 0.015000
6 0.431250 0.710000 0.007500 0.015000
6 0.437500 0.693750 0.010000 0.017500
6 0.446250 0.696250 0.007500 0.017500
6 0.457500 0.698750 0.010000 0.020000
6 0.441250 0.713750 0.010000 0.017500
6 0.472500 0.717500 0.010000 0.015000
6 0.476250 0.701250 0.010000 0.017500
6 0.482500 0.723750 0.010000 0.017500
6 0.486250 0.702500 0.010000 0.017500
6 0.497500 0.706250 0.010000 0.020000
6 0.491250 0.723750 0.010000 0.020000
6 0.506250 0.706250 0.010000 0.020000
6 0.502500 0.727500 0.010000 0.017500
6 0.515000 0.730000 0.010000 0.020000
6 0.517500 0.710000 0.010000 0.020000
6 0.525000 0.731250 0.010000 0.020000
6 0.531250 0.710000 0.012500 0.020000
6 0.533750 0.735000 0.010000 0.022500
6 0.540000 0.713750 0.012500 0.017500
6 0.546250 0.736250 0.010000 0.017500
6 0.557500 0.735000 0.010000 0.017500
6 0.558750 0.717500 0.012500 0.020000
6 0.571250 0.721250 0.012500 0.020000
6 0.588750 0.745000 0.012500 0.020000
6 0.598750 0.746250 0.012500 0.022500
6 0.053750 0.473750 0.037500 0.017500
6 0.113750 0.218750 0.030000 0.017500
6 0.016250 0.508750 0.020000 0.022500
6 0.646250 0.365000 0.025000 0.015000
6 0.355000 0.541250 0.017500 0.025000
6 0.152500 0.250000 0.027500 0.020000
6 0.715000 0.430000 0.010000 0.017500
6 0.596250 0.150000 0.017500 0.012500
6 0.258750 0.242500 0.015000 0.022500
6 0.385000 0.341250 0.010000 0.022500
6 0.700000 0.380000 0.022500 0.012500
6 0.563750 0.141250 0.017500 0.010000
6 0.363750 0.336250 0.010000 0.017500
6 0.366250 0.543750 0.017500 0.022500
6 0.745000 0.417500 0.025000 0.010000
6 0.267500 0.246250 0.015000 0.025000
6 0.083750 0.245000 0.015000 0.022500
6 0.663750 0.416250 0.010000 0.022500
6 0.130000 0.245000 0.032500 0.020000
6 0.351250 0.333750 0.012500 0.017500
6 0.373750 0.337500 0.010000 0.020000
6 0.766250 0.143750 0.020000 0.010000
