6 0.267500 0.145000 0.015000 0.015000
6 0.197500 0.101250 0.017500 0.012500
6 0.168750 0.081250 0.030000 0.022500
6 0.098750 0.021250 0.020000 0.017500
6 0.255000 0.021250 0.015000 0.017500
6 0.261250 0.027500 0.015000 0.017500
6 0.313750 0.070000 0.017500 0.015000
6 0.268750 0.035000 0.015000 0.012500
6 0.112500 0.191250 0.020000 0.017500
6 0.206250 0.280000 0.025000 0.020000
6 0.290000 0.291250 0.017500 0.017500
6 0.520000 0.448750 0.027500 0.022500
6 0.655000 0.523750 0.020000 0.015000
6 0.832500 0.633750 0.017500 0.012500
6 0.930000 0.578750 0.022500 0.015000
6 0.988750 0.628750 0.020000 0.010000
6 0.876250 0.993750 0.020000 0.020000
6 0.867500 0.988750 0.022500 0.017500
6 0.901250 0.605000 0.017500 0.015000
6 0.883750 0.588750 0.017500 0.012500
6 0.877500 0.652500 0.017500 0.015000
6 0.933750 0.653750 0.017500 0.015000
6 0.955000 0.652500 0.015000 0.010000
6 0.951250 0.643750 0.017500 0.010000
6 0.941250 0.637500 0.015000 0.012500
6 0.931250 0.630000 0.012500 0.010000
6 0.923750 0.622500 0.015000 0.010000
6 0.948750 0.878750 0.017500 0.015000
6 0.860000 0.982500 0.025000 0.017500
6 0.850000 0.975000 0.022500 0.020000
6 0.955000 0.993750 0.022500 0.012500
6 0.051250 0.462500 0.015000 0.015000
6 0.053750 0.502500 0.017500 0.015000
6 0.212500 0.380000 0.017500 0.012500
6 0.407500 0.971250 0.022500 0.027500
6 0.981250 0.907500 0.022500 0.020000
6 0.707500 0.963750 0.017500 0.017500
6 0.838750 0.788750 0.017500 0.015000
6 0.276250 0.288750 0.022500 0.012500
6 0.072500 0.447500 0.017500 0.012500
6 0.961250 0.903750 0.030000 0.022500
6 0.996250 0.843750 0.010000 0.010000
6 0.692500 0.668750 0.017500 0.022500
6 0.428750 0.985000 0.017500 0.015000
6 0.493750 0.972500 0.017500 0.015000
6 0.603750 0.162500 0.022500 0.022500
6 0.432500 0.471250 0.022500 0.012500
6 0.420000 0.016250 0.017500 0.017500
6 0.020000 0.115000 0.020000 0.012500
6 0.236250 0.292500 0.022500 0.020000
6 0.565000 0.577500 0.020000 0.010000
6 0.870000 0.816250 0.022500 0.017500
6 0.975000 0.772500 0.020000 0.017500
6 0.745000 0.943750 0.017500 0.012500
6 0.660000 0.355000 0.017500 0.015000
6 0.531250 0.097500 0.012500 0.012500
6 0.586250 0.135000 0.012500 0.015000
6 0.081250 0.687500 0.015000 0.012500
6 0.132500 0.207500 0.020000 0.012500
6 0.955000 0.842500 0.030000 0.020000
6 0.927500 0.862500 0.022500 0.015000
6 0.927500 0.806250 0.020000 0.015000
6 0.591250 0.765000 0.022500 0.010000
6 0.770000 0.920000 0.022500 0.015000
6 0.406250 0.868750 0.022500 0.015000
6 0.427500 0.188750 0.022500 0.017500
6 0.276250 0.175000 0.022500 0.020000
6 0.736250 0.300000 0.020000 0.015000
6 0.343750 0.152500 0.012500 0.015000
6 0.755000 0.927500 0.020000 0.017500
6 0.866250 0.648750 0.020000 0.020000
6 0.510000 0.783750 0.022500 0.015000
6 0.390000 0.883750 0.015000 0.020000
6 0.705000 0.495000 0.020000 0.012500
6 0.786250 0.456250 0.020000 0.017500
6 0.412500 0.450000 0.017500 0.015000
6 0.190000 0.135000 0.017500 0.012500
6 0.756250 0.908750 0.025000 0.012500
6 0.678750 0.920000 0.017500 0.010000
6 0.340000 0.253750 0.010000 0.012500
6 0.060000 0.456250 0.015000 0.010000
6 0.641250 0.340000 0.015000 0.012500
6 0.866250 0.696250 0.010000 0.012500
6 0.642500 0.886250 0.012500 0.012500
6 0.707500 0.925000 0.017500 0.015000
6 0.362500 0.927500 0.020000 0.022500
6 0.566250 0.140000 0.017500 0.015000
6 0.668750 0.365000 0.015000 0.012500
6 0.562500 0.271250 0.022500 0.015000
6 0.351250 0.273750 0.020000 0.015000
6 0.176250 0.411250 0.015000 0.010000
6 0.050000 0.020000 0.020000 0.015000
6 0.712500 0.872500 0.022500 0.012500
6 0.701250 0.902500 0.012500 0.012500
6 0.640000 0.928750 0.020000 0.025000
6 0.716250 0.933750 0.025000 0.015000
6 0.813750 0.893750 0.022500 0.015000
6 0.948750 0.592500 0.017500 0.015000
6 0.652500 0.348750 0.017500 0.012500
6 0.680000 0.373750 0.022500 0.012500
6 0.221250 0.331250 0.017500 0.015000
6 0.598750 0.422500 0.027500 0.015000
6 0.526250 0.391250 0.017500 0.015000
6 0.601250 0.770000 0.017500 0.017500
6 0.670000 0.926250 0.017500 0.015000
6 0.677500 0.967500 0.020000 0.010000
6 0.677500 0.628750 0.022500 0.027500
6 0.918750 0.668750 0.015000 0.017500
6 0.526250 0.231250 0.017500 0.012500
6 0.917500 0.408750 0.017500 0.012500
6 0.720000 0.480000 0.017500 0.012500
6 0.587500 0.431250 0.015000 0.012500
6 0.172500 0.120000 0.015000 0.012500
6 0.277500 0.138750 0.025000 0.015000
6 0.327500 0.906250 0.030000 0.022500
6 0.298750 0.860000 0.017500 0.022500
6 0.523750 0.993750 0.017500 0.017500
6 0.538750 0.400000 0.017500 0.012500
6 0.422500 0.446250 0.017500 0.012500
6 0.483750 0.511250 0.017500 0.015000
6 0.293750 0.336250 0.012500 0.012500
6 0.037500 0.473750 0.015000 0.012500
6 0.312500 0.175000 0.010000 0.012500
6 0.613750 0.320000 0.015000 0.017500
6 0.716250 0.916250 0.017500 0.017500
6 0.420000 0.913750 0.020000 0.015000
6 0.162500 0.397500 0.017500 0.012500
6 0.142500 0.093750 0.020000 0.020000
6 0.322500 0.076250 0.015000 0.020000
6 0.368750 0.400000 0.020000 0.012500
6 0.383750 0.857500 0.015000 0.020000
6 0.473750 0.957500 0.022500 0.020000
6 0.508750 0.132500 0.030000 0.020000
6 0.100000 0.456250 0.020000 0.015000
6 0.256250 0.181250 0.015000 0.017500
6 0.546250 0.553750 0.015000 0.015000
6 0.953750 0.601250 0.017500 0.020000
6 0.175000 0.253750 0.022500 0.012500
6 0.571250 0.377500 0.022500 0.012500
6 0.073750 0.487500 0.017500 0.010000
6 0.692500 0.908750 0.015000 0.010000
6 0.688750 0.983750 0.012500 0.012500
6 0.905000 0.673750 0.020000 0.012500
6 0.626250 0.158750 0.020000 0.017500
6 0.987500 0.015000 0.027500 0.020000
6 0.631250 0.332500 0.017500 0.015000
6 0.971250 0.867500 0.015000 0.020000
6 0.990000 0.970000 0.020000 0.017500
6 0.695000 0.613750 0.012500 0.012500
6 0.595000 0.303750 0.020000 0.012500
6 0.321250 0.358750 0.017500 0.017500
6 0.107500 0.070000 0.020000 0.015000
6 0.743750 0.283750 0.020000 0.022500
6 0.551250 0.393750 0.020000 0.012500
6 0.492500 0.217500 0.015000 0.010000
6 0.050000 0.141250 0.017500 0.012500
6 0.711250 0.278750 0.015000 0.020000
6 0.120000 0.080000 0.015000 0.017500
6 0.181250 0.126250 0.012500 0.012500
6 0.986250 0.923750 0.017500 0.012500
6 0.661250 0.888750 0.022500 0.015000
6 0.512500 0.522500 0.015000 0.012500
6 0.091250 0.475000 0.017500 0.017500
6 0.678750 0.550000 0.022500 0.020000
6 0.038750 0.013750 0.020000 0.015000
6 0.945000 0.793750 0.017500 0.020000
6 0.687500 0.915000 0.020000 0.010000
6 0.630000 0.935000 0.020000 0.020000
6 0.588750 0.298750 0.025000 0.012500
6 0.471250 0.487500 0.017500 0.015000
6 0.406250 0.202500 0.022500 0.010000
6 0.366250 0.408750 0.020000 0.015000
6 0.976250 0.801250 0.025000 0.012500
6 0.695000 0.853750 0.020000 0.012500
6 0.707500 0.602500 0.017500 0.012500
6 0.511250 0.440000 0.025000 0.020000
6 0.072500 0.160000 0.017500 0.017500
6 0.208750 0.266250 0.012500 0.012500
6 0.170000 0.372500 0.017500 0.010000
6 0.438750 0.286250 0.017500 0.010000
6 0.612500 0.786250 0.015000 0.010000
6 0.756250 0.596250 0.020000 0.017500
6 0.513750 0.752500 0.027500 0.017500
6 0.403750 0.898750 0.017500 0.012500
6 0.411250 0.945000 0.020000 0.020000
6 0.450000 0.166250 0.020000 0.017500
6 0.235000 0.001250 0.020000 0.017500
6 0.347500 0.121250 0.017500 0.020000
6 0.088750 0.436250 0.017500 0.010000
6 0.071250 0.040000 0.020000 0.015000
6 0.533750 0.235000 0.017500 0.015000
6 0.622500 0.323750 0.012500 0.017500
6 0.445000 0.806250 0.020000 0.012500
6 0.951250 0.450000 0.017500 0.020000
6 0.565000 0.566250 0.017500 0.007500
6 0.620000 0.671250 0.017500 0.010000
6 0.830000 0.508750 0.017500 0.012500
6 0.482500 0.252500 0.020000 0.012500
6 0.690000 0.505000 0.015000 0.010000
6 0.530000 0.542500 0.017500 0.015000
6 0.686250 0.870000 0.020000 0.020000
6 0.706250 0.862500 0.022500 0.020000
6 0.498750 0.511250 0.022500 0.015000
6 0.125000 0.448750 0.017500 0.012500
6 0.093750 0.056250 0.017500 0.012500
6 0.160000 0.112500 0.015000 0.017500
6 0.732500 0.886250 0.022500 0.017500
6 0.886250 0.827500 0.020000 0.020000
6 0.437500 0.927500 0.017500 0.017500
6 0.865000 0.375000 0.017500 0.012500
6 0.536250 0.116250 0.012500 0.010000
6 0.422500 0.300000 0.027500 0.017500
6 0.558750 0.387500 0.020000 0.015000
6 0.483750 0.496250 0.020000 0.010000
6 0.341250 0.375000 0.015000 0.012500
6 0.106250 0.463750 0.020000 0.012500
6 0.917500 0.445000 0.020000 0.015000
6 0.233750 0.166250 0.020000 0.012500
6 0.940000 0.585000 0.022500 0.015000
6 0.838750 0.668750 0.012500 0.020000
6 0.461250 0.795000 0.020000 0.015000
6 0.553750 0.266250 0.022500 0.015000
6 0.586250 0.365000 0.020000 0.015000
6 0.716250 0.403750 0.015000 0.010000
6 0.303750 0.268750 0.027500 0.012500
6 0.207500 0.343750 0.017500 0.015000
6 0.693750 0.543750 0.027500 0.022500
6 0.690000 0.937500 0.017500 0.012500
6 0.707500 0.683750 0.020000 0.017500
6 0.672500 0.510000 0.015000 0.017500
6 0.741250 0.423750 0.015000 0.015000
6 0.817500 0.352500 0.025000 0.017500
6 0.022500 0.526250 0.017500 0.015000
6 0.131250 0.402500 0.022500 0.015000
6 0.063750 0.032500 0.022500 0.015000
6 0.740000 0.893750 0.020000 0.007500
6 0.668750 0.875000 0.017500 0.017500
6 0.572500 0.772500 0.017500 0.015000
6 0.243750 0.007500 0.025000 0.022500
6 0.436250 0.460000 0.020000 0.012500
6 0.078750 0.046250 0.020000 0.012500
6 0.223750 0.162500 0.015000 0.017500
6 0.723750 0.878750 0.020000 0.012500
6 0.791250 0.750000 0.017500 0.017500
