6 0.988750 0.735000 0.020000 0.015000
6 0.863750 0.640000 0.025000 0.017500
6 0.942500 0.661250 0.030000 0.020000
6 0.963750 0.692500 0.017500 0.015000
6 0.865000 0.610000 0.017500 0.015000
6 0.932500 0.551250 0.022500 0.020000
6 0.660000 0.446250 0.020000 0.022500
6 0.226250 0.168750 0.020000 0.022500
6 0.396250 0.102500 0.025000 0.020000
4 0.918750 0.391250 0.015000 0.025000
6 0.595000 0.183750 0.067500 0.055000
6 0.968750 0.077500 0.010000 0.027500
6 0.025000 0.785000 0.017500 0.012500
6 0.608750 0.827500 0.017500 0.012500
6 0.583750 0.785000 0.020000 0.020000
6 0.598750 0.796250 0.015000 0.012500
6 0.643750 0.870000 0.020000 0.015000
6 0.292500 0.227500 0.022500 0.025000
6 0.902500 0.661250 0.020000 0.020000
6 0.677500 0.545000 0.022500 0.020000
6 0.685000 0.453750 0.022500 0.020000
6 0.598750 0.383750 0.025000 0.022500
6 0.742500 0.345000 0.022500 0.017500
6 0.771250 0.317500 0.020000 0.015000
6 0.705000 0.340000 0.017500 0.015000
6 0.192500 0.467500 0.022500 0.017500
6 0.082500 0.375000 0.020000 0.020000
6 0.130000 0.773750 0.022500 0.015000
6 0.147500 0.757500 0.017500 0.020000
6 0.461250 0.258750 0.040000 0.030000
6 0.880000 0.941250 0.015000 0.015000
6 0.063750 0.837500 0.022500 0.015000
6 0.636250 0.391250 0.022500 0.022500
6 0.756250 0.417500 0.030000 0.022500
6 0.237500 0.535000 0.017500 0.015000
6 0.263750 0.528750 0.015000 0.012500
6 0.826250 0.028750 0.017500 0.055000
6 0.423750 0.213750 0.017500 0.015000
6 0.133750 0.818750 0.015000 0.012500
6 0.817500 0.293750 0.017500 0.012500
6 0.165000 0.793750 0.015000 0.015000
6 0.303750 0.962500 0.020000 0.015000
6 0.556250 0.788750 0.020000 0.022500
6 0.675000 0.861250 0.017500 0.020000
6 0.925000 0.241250 0.015000 0.030000
6 0.665000 0.241250 0.017500 0.017500
6 0.171250 0.815000 0.017500 0.012500
6 0.517500 0.742500 0.020000 0.017500
6 0.416250 0.873750 0.012500 0.007500
6 0.940000 0.076250 0.020000 0.020000
6 0.395000 0.180000 0.035000 0.032500
6 0.523750 0.116250 0.060000 0.057500
6 0.581250 0.812500 0.020000 0.017500
6 0.186250 0.761250 0.025000 0.010000
6 0.158750 0.827500 0.022500 0.015000
6 0.233750 0.820000 0.017500 0.017500
6 0.145000 0.866250 0.017500 0.012500
6 0.275000 0.961250 0.020000 0.017500
6 0.286250 0.573750 0.022500 0.020000
6 0.863750 0.668750 0.020000 0.020000
6 0.913750 0.100000 0.025000 0.012500
6 0.087500 0.046250 0.020000 0.015000
6 0.480000 0.032500 0.025000 0.070000
6 0.627500 0.873750 0.017500 0.015000
6 0.872500 0.991250 0.020000 0.010000
6 0.642500 0.885000 0.015000 0.017500
6 0.913750 0.078750 0.025000 0.010000
6 0.918750 0.203750 0.017500 0.012500
6 0.212500 0.790000 0.022500 0.012500
6 0.231250 0.802500 0.020000 0.012500
6 0.156250 0.796250 0.015000 0.017500
6 0.305000 0.145000 0.025000 0.017500
6 0.368750 0.611250 0.020000 0.017500
6 0.537500 0.801250 0.017500 0.015000
6 0.666250 0.876250 0.025000 0.017500
6 0.690000 0.875000 0.020000 0.015000
6 0.980000 0.573750 0.022500 0.020000
6 0.915000 0.172500 0.020000 0.005000
6 0.505000 0.273750 0.025000 0.022500
6 0.380000 0.291250 0.022500 0.020000
6 0.213750 0.817500 0.020000 0.015000
6 0.395000 0.658750 0.020000 0.020000
6 0.637500 0.828750 0.017500 0.015000
6 0.895000 0.972500 0.015000 0.015000
6 0.872500 0.030000 0.017500 0.052500
6 0.796250 0.157500 0.012500 0.022500
6 0.107500 0.792500 0.020000 0.020000
6 0.191250 0.768750 0.022500 0.015000
6 0.087500 0.820000 0.025000 0.015000
6 0.228750 0.551250 0.020000 0.012500
6 0.110000 0.875000 0.012500 0.010000
6 0.116250 0.846250 0.017500 0.015000
6 0.152500 0.728750 0.022500 0.015000
6 0.225000 0.827500 0.025000 0.017500
6 0.158750 0.471250 0.022500 0.017500
6 0.917500 0.192500 0.020000 0.010000
6 0.812500 0.361250 0.062500 0.042500
6 0.132500 0.860000 0.017500 0.012500
6 0.746250 0.511250 0.035000 0.032500
6 0.227500 0.498750 0.020000 0.017500
6 0.496250 0.766250 0.017500 0.020000
6 0.381250 0.672500 0.017500 0.012500
6 0.123750 0.856250 0.015000 0.017500
6 0.568750 0.460000 0.020000 0.022500
6 0.531250 0.197500 0.017500 0.022500
6 0.422500 0.667500 0.022500 0.020000
6 0.913750 0.087500 0.017500 0.005000
6 0.845000 0.028750 0.020000 0.052500
6 0.137500 0.763750 0.012500 0.017500
6 0.221250 0.796250 0.025000 0.012500
6 0.481250 0.698750 0.020000 0.017500
6 0.886250 0.528750 0.025000 0.022500
6 0.176250 0.757500 0.017500 0.012500
6 0.177500 0.806250 0.025000 0.015000
6 0.073750 0.807500 0.017500 0.017500
6 0.215000 0.538750 0.017500 0.020000
6 0.795000 0.431250 0.027500 0.022500
6 0.166250 0.745000 0.020000 0.017500
6 0.117500 0.760000 0.017500 0.017500
6 0.633750 0.290000 0.020000 0.020000
6 0.305000 0.937500 0.020000 0.015000
6 0.360000 0.635000 0.015000 0.015000
6 0.323750 0.627500 0.020000 0.012500
6 0.612500 0.808750 0.017500 0.015000
6 0.143750 0.813750 0.020000 0.015000
6 0.537500 0.771250 0.022500 0.015000
6 0.738750 0.965000 0.015000 0.017500
6 0.535000 0.746250 0.015000 0.020000
6 0.206250 0.783750 0.017500 0.012500
6 0.176250 0.785000 0.020000 0.015000
6 0.453750 0.822500 0.022500 0.020000
6 0.392500 0.870000 0.020000 0.017500
6 0.885000 0.977500 0.017500 0.012500
6 0.870000 0.971250 0.017500 0.012500
6 0.832500 0.977500 0.015000 0.015000
6 0.913750 0.182500 0.025000 0.010000
6 0.790000 0.527500 0.030000 0.027500
6 0.157500 0.753750 0.012500 0.015000
6 0.372500 0.187500 0.015000 0.020000
6 0.187500 0.851250 0.017500 0.012500
6 0.496250 0.713750 0.025000 0.020000
6 0.062500 0.356250 0.017500 0.012500
6 0.760000 0.932500 0.020000 0.017500
6 0.915000 0.216250 0.025000 0.010000
6 0.466250 0.688750 0.012500 0.020000
6 0.482500 0.756250 0.020000 0.025000
6 0.762500 0.203750 0.017500 0.020000
6 0.042500 0.362500 0.015000 0.015000
6 0.025000 0.798750 0.020000 0.015000
6 0.915000 0.070000 0.020000 0.007500
6 0.147500 0.807500 0.025000 0.017500
6 0.095000 0.823750 0.022500 0.012500
6 0.097500 0.073750 0.047500 0.042500
6 0.648750 0.518750 0.040000 0.025000
6 0.273750 0.103750 0.025000 0.020000
6 0.655000 0.502500 0.017500 0.012500
6 0.031250 0.328750 0.020000 0.020000
6 0.432500 0.713750 0.017500 0.017500
6 0.463750 0.178750 0.035000 0.030000
6 0.090000 0.792500 0.020000 0.020000
6 0.102500 0.775000 0.020000 0.015000
6 0.707500 0.452500 0.022500 0.025000
6 0.848750 0.967500 0.022500 0.017500
6 0.083750 0.397500 0.017500 0.012500
6 0.158750 0.440000 0.017500 0.012500
6 0.347500 0.596250 0.015000 0.020000
6 0.663750 0.903750 0.017500 0.020000
6 0.910000 0.242500 0.020000 0.032500
6 0.967500 0.268750 0.015000 0.030000
6 0.136250 0.745000 0.017500 0.015000
6 0.656250 0.847500 0.020000 0.020000
6 0.880000 0.985000 0.020000 0.012500
6 0.103750 0.832500 0.022500 0.015000
6 0.110000 0.840000 0.017500 0.012500
6 0.198750 0.846250 0.020000 0.015000
6 0.513750 0.776250 0.017500 0.017500
6 0.517500 0.731250 0.020000 0.020000
6 0.327500 0.046250 0.025000 0.017500
6 0.865000 0.595000 0.020000 0.015000
6 0.158750 0.771250 0.020000 0.015000
6 0.068750 0.798750 0.022500 0.017500
6 0.350000 0.915000 0.015000 0.012500
6 0.281250 0.545000 0.017500 0.015000
6 0.863750 0.280000 0.017500 0.015000
6 0.186250 0.833750 0.020000 0.012500
6 0.398750 0.636250 0.017500 0.015000
6 0.450000 0.710000 0.022500 0.017500
6 0.840000 0.276250 0.012500 0.015000
6 0.131250 0.775000 0.017500 0.020000
6 0.126250 0.075000 0.032500 0.020000
6 0.180000 0.858750 0.020000 0.015000
6 0.436250 0.836250 0.022500 0.015000
6 0.861250 0.997500 0.020000 0.015000
6 0.163750 0.497500 0.017500 0.015000
6 0.198750 0.777500 0.015000 0.015000
6 0.248750 0.057500 0.022500 0.020000
6 0.577500 0.446250 0.020000 0.020000
6 0.207500 0.838750 0.022500 0.012500
6 0.362500 0.915000 0.015000 0.020000
6 0.567500 0.771250 0.017500 0.015000
6 0.777500 0.948750 0.022500 0.017500
6 0.957500 0.182500 0.027500 0.010000
6 0.113750 0.786250 0.017500 0.020000
6 0.163750 0.818750 0.020000 0.012500
6 0.708750 0.888750 0.015000 0.012500
