6 0.443750 0.086250 0.012500 0.012500
6 0.456250 0.085000 0.012500 0.015000
6 0.485000 0.097500 0.012500 0.010000
6 0.498750 0.208750 0.012500 0.015000
6 0.445000 0.330000 0.012500 0.012500
6 0.432500 0.291250 0.012500 0.010000
6 0.418750 0.785000 0.017500 0.015000
6 0.713750 0.172500 0.015000 0.015000
6 0.168750 0.306250 0.022500 0.020000
6 0.152500 0.725000 0.020000 0.015000
6 0.640000 0.786250 0.012500 0.010000
6 0.806250 0.918750 0.015000 0.010000
6 0.643750 0.072500 0.015000 0.017500
6 0.660000 0.133750 0.012500 0.020000
6 0.300000 0.547500 0.012500 0.017500
6 0.348750 0.456250 0.012500 0.012500
6 0.703750 0.066250 0.010000 0.017500
6 0.667500 0.011250 0.015000 0.012500
6 0.677500 0.147500 0.012500 0.020000
6 0.326250 0.832500 0.015000 0.012500
6 0.656250 0.027500 0.012500 0.020000
6 0.847500 0.146250 0.020000 0.012500
6 0.126250 0.046250 0.012500 0.012500
6 0.590000 0.430000 0.012500 0.010000
6 0.367500 0.825000 0.015000 0.012500
6 0.757500 0.872500 0.015000 0.012500
6 0.715000 0.073750 0.015000 0.020000
6 0.725000 0.078750 0.012500 0.020000
6 0.762500 0.032500 0.012500 0.017500
6 0.783750 0.023750 0.015000 0.020000
6 0.820000 0.116250 0.022500 0.020000
6 0.176250 0.327500 0.020000 0.017500
6 0.330000 0.197500 0.007500 0.010000
6 0.635000 0.067500 0.017500 0.020000
6 0.666250 0.040000 0.015000 0.020000
6 0.923750 0.031250 0.017500 0.012500
6 0.652500 0.125000 0.012500 0.017500
6 0.112500 0.032500 0.017500 0.012500
6 0.481250 0.217500 0.010000 0.015000
6 0.216250 0.925000 0.015000 0.010000
6 0.628750 0.058750 0.015000 0.017500
6 0.685000 0.102500 0.007500 0.017500
6 0.591250 0.090000 0.017500 0.012500
6 0.500000 0.695000 0.012500 0.015000
6 0.727500 0.127500 0.012500 0.017500
6 0.696250 0.061250 0.012500 0.012500
6 0.732500 0.110000 0.027500 0.017500
6 0.700000 0.036250 0.012500 0.020000
6 0.988750 0.037500 0.015000 0.012500
6 0.626250 0.112500 0.012500 0.015000
6 0.720000 0.121250 0.010000 0.017500
6 0.676250 0.043750 0.012500 0.017500
6 0.683750 0.025000 0.020000 0.020000
6 0.518750 0.131250 0.010000 0.017500
6 0.377500 0.788750 0.020000 0.017500
6 0.685000 0.052500 0.015000 0.017500
6 0.946250 0.010000 0.022500 0.017500
6 0.137500 0.331250 0.025000 0.012500
6 0.386250 0.812500 0.015000 0.010000
6 0.162500 0.758750 0.015000 0.007500
6 0.587500 0.748750 0.012500 0.012500
6 0.701250 0.861250 0.010000 0.015000
6 0.708750 0.116250 0.012500 0.020000
6 0.777500 0.042500 0.015000 0.020000
6 0.736250 0.015000 0.015000 0.022500
6 0.835000 0.010000 0.012500 0.022500
6 0.885000 0.422500 0.015000 0.017500
6 0.766250 0.010000 0.015000 0.020000
6 0.632500 0.116250 0.010000 0.015000
6 0.716250 0.571250 0.022500 0.020000
6 0.398750 0.591250 0.022500 0.022500
6 0.541250 0.116250 0.017500 0.010000
6 0.128750 0.735000 0.012500 0.012500
6 0.621250 0.051250 0.012500 0.020000
6 0.677500 0.097500 0.012500 0.017500
6 0.693750 0.107500 0.010000 0.017500
6 0.291250 0.563750 0.010000 0.015000
6 0.555000 0.431250 0.015000 0.012500
6 0.413750 0.338750 0.010000 0.012500
6 0.431250 0.771250 0.012500 0.010000
6 0.667500 0.091250 0.015000 0.025000
6 0.675000 0.016250 0.015000 0.015000
6 0.903750 0.406250 0.017500 0.017500
6 0.471250 0.078750 0.015000 0.017500
6 0.752500 0.001250 0.012500 0.015000
6 0.803750 0.130000 0.020000 0.015000
6 0.762500 0.557500 0.017500 0.012500
6 0.168750 0.938750 0.022500 0.010000
6 0.655000 0.078750 0.012500 0.017500
6 0.852500 0.023750 0.012500 0.017500
6 0.825000 0.478750 0.017500 0.017500
6 0.342500 0.161250 0.017500 0.017500
6 0.123750 0.116250 0.015000 0.010000
6 0.740000 0.066250 0.012500 0.025000
6 0.810000 0.043750 0.010000 0.020000
6 0.392500 0.775000 0.015000 0.012500
6 0.777500 0.886250 0.015000 0.010000
6 0.765000 0.081250 0.012500 0.022500
6 0.863750 0.437500 0.022500 0.017500
6 0.606250 0.662500 0.025000 0.012500
6 0.623750 0.772500 0.017500 0.012500
6 0.937500 0.965000 0.017500 0.012500
6 0.691250 0.032500 0.017500 0.017500
6 0.827500 0.057500 0.015000 0.025000
6 0.801250 0.035000 0.015000 0.020000
6 0.843750 0.458750 0.020000 0.017500
6 0.643750 0.122500 0.007500 0.015000
6 0.703750 0.168750 0.010000 0.020000
6 0.250000 0.601250 0.022500 0.007500
6 0.335000 0.848750 0.015000 0.010000
6 0.845000 0.018750 0.015000 0.020000
6 0.861250 0.026250 0.010000 0.022500
6 0.233750 0.255000 0.017500 0.015000
6 0.181250 0.772500 0.015000 0.012500
6 0.353750 0.838750 0.022500 0.015000
6 0.107500 0.943750 0.020000 0.010000
6 0.788750 0.502500 0.022500 0.020000
6 0.613750 0.382500 0.017500 0.015000
6 0.310000 0.188750 0.015000 0.020000
6 0.510000 0.165000 0.012500 0.020000
6 0.517500 0.113750 0.010000 0.010000
6 0.758750 0.537500 0.015000 0.015000
6 0.191250 0.931250 0.012500 0.012500
6 0.657500 0.001250 0.015000 0.017500
6 0.821250 0.052500 0.010000 0.020000
6 0.778750 0.163750 0.015000 0.012500
6 0.356250 0.441250 0.015000 0.015000
6 0.453750 0.268750 0.012500 0.010000
6 0.253750 0.798750 0.015000 0.015000
6 0.281250 0.821250 0.020000 0.012500
6 0.648750 0.023750 0.012500 0.020000
6 0.766250 0.108750 0.015000 0.020000
6 0.813750 0.071250 0.017500 0.025000
6 0.816250 0.151250 0.012500 0.020000
6 0.951250 0.387500 0.020000 0.017500
6 0.330000 0.591250 0.020000 0.010000
6 0.583750 0.407500 0.012500 0.017500
6 0.145000 0.748750 0.017500 0.015000
6 0.170000 0.737500 0.012500 0.007500
6 0.883750 0.968750 0.015000 0.017500
6 0.611250 0.048750 0.010000 0.020000
6 0.753750 0.073750 0.015000 0.022500
6 0.775000 0.018750 0.015000 0.022500
6 0.325000 0.173750 0.015000 0.020000
6 0.592500 0.986250 0.015000 0.012500
6 0.430000 0.820000 0.020000 0.020000
6 0.782500 0.096250 0.017500 0.022500
6 0.667500 0.137500 0.010000 0.020000
6 0.583750 0.681250 0.025000 0.017500
6 0.400000 0.560000 0.012500 0.015000
6 0.162500 0.950000 0.017500 0.010000
6 0.747500 0.095000 0.012500 0.022500
6 0.731250 0.061250 0.012500 0.020000
6 0.720000 0.005000 0.012500 0.015000
6 0.688750 0.156250 0.010000 0.017500
6 0.541250 0.443750 0.015000 0.010000
6 0.437500 0.737500 0.012500 0.015000
6 0.770000 0.038750 0.012500 0.022500
6 0.727500 0.007500 0.015000 0.020000
6 0.923750 0.388750 0.020000 0.020000
6 0.292500 0.202500 0.015000 0.017500
6 0.261250 0.227500 0.017500 0.010000
6 0.578750 0.998750 0.017500 0.010000
6 0.821250 0.002500 0.015000 0.022500
6 0.876250 0.012500 0.012500 0.022500
6 0.533750 0.716250 0.015000 0.010000
6 0.246250 0.943750 0.012500 0.010000
6 0.965000 0.356250 0.017500 0.017500
6 0.773750 0.090000 0.012500 0.020000
6 0.646250 0.093750 0.012500 0.010000
6 0.343750 0.818750 0.017500 0.015000
6 0.573750 0.705000 0.027500 0.020000
6 0.655000 0.622500 0.022500 0.020000
6 0.702500 0.108750 0.012500 0.025000
6 0.753750 0.102500 0.012500 0.022500
6 0.706250 0.042500 0.015000 0.020000
6 0.827500 0.163750 0.022500 0.010000
6 0.517500 0.702500 0.010000 0.012500
6 0.232500 0.912500 0.012500 0.012500
6 0.738750 0.091250 0.015000 0.022500
6 0.943750 0.371250 0.017500 0.015000
6 0.401250 0.797500 0.017500 0.012500
6 0.577500 0.755000 0.015000 0.010000
