6 0.605000 0.840000 0.017500 0.030000
6 0.280000 0.370000 0.017500 0.020000
6 0.305000 0.291250 0.007500 0.012500
6 0.796250 0.957500 0.030000 0.055000
6 0.520000 0.842500 0.007500 0.015000
6 0.185000 0.716250 0.015000 0.020000
6 0.013750 0.668750 0.017500 0.010000
6 0.811250 0.592500 0.022500 0.015000
6 0.085000 0.066250 0.020000 0.015000
6 0.091250 0.650000 0.030000 0.017500
6 0.868750 0.816250 0.015000 0.022500
6 0.256250 0.973750 0.010000 0.020000
6 0.138750 0.751250 0.010000 0.017500
6 0.667500 0.215000 0.022500 0.012500
6 0.705000 0.188750 0.022500 0.020000
6 0.847500 0.025000 0.015000 0.015000
6 0.996250 0.325000 0.017500 0.012500
6 0.285000 0.522500 0.035000 0.022500
6 0.366250 0.653750 0.015000 0.012500
6 0.528750 0.320000 0.025000 0.015000
6 0.455000 0.660000 0.010000 0.015000
6 0.451250 0.600000 0.020000 0.007500
6 0.415000 0.595000 0.010000 0.015000
6 0.981250 0.788750 0.025000 0.010000
6 0.325000 0.973750 0.010000 0.015000
6 0.513750 0.887500 0.012500 0.010000
6 0.467500 0.863750 0.022500 0.010000
6 0.468750 0.853750 0.025000 0.010000
6 0.458750 0.818750 0.010000 0.017500
6 0.153750 0.015000 0.022500 0.015000
6 0.823750 0.002500 0.010000 0.010000
6 0.335000 0.201250 0.010000 0.017500
6 0.638750 0.477500 0.017500 0.010000
6 0.491250 0.786250 0.010000 0.017500
6 0.258750 0.545000 0.022500 0.017500
6 0.187500 0.003750 0.020000 0.017500
6 0.302500 0.842500 0.012500 0.022500
6 0.836250 0.610000 0.017500 0.020000
6 0.175000 0.571250 0.020000 0.015000
6 0.503750 0.825000 0.010000 0.017500
6 0.513750 0.611250 0.015000 0.010000
6 0.325000 0.515000 0.015000 0.010000
6 0.448750 0.608750 0.022500 0.007500
6 0.940000 0.852500 0.020000 0.017500
6 0.447500 0.490000 0.025000 0.017500
6 0.360000 0.847500 0.020000 0.010000
6 0.443750 0.873750 0.012500 0.020000
6 0.416250 0.888750 0.010000 0.017500
6 0.976250 0.312500 0.012500 0.012500
6 0.460000 0.095000 0.017500 0.012500
6 0.355000 0.875000 0.025000 0.007500
6 0.412500 0.855000 0.030000 0.012500
6 0.530000 0.858750 0.020000 0.010000
6 0.425000 0.826250 0.010000 0.017500
6 0.433750 0.833750 0.010000 0.017500
6 0.143750 0.005000 0.022500 0.012500
6 0.415000 0.413750 0.017500 0.022500
6 0.322500 0.826250 0.012500 0.017500
6 0.546250 0.536250 0.010000 0.012500
6 0.322500 0.143750 0.007500 0.020000
6 0.575000 0.168750 0.017500 0.012500
6 0.500000 0.787500 0.010000 0.020000
6 0.310000 0.990000 0.020000 0.010000
6 0.328750 0.766250 0.015000 0.017500
6 0.302500 0.540000 0.022500 0.012500
6 0.406250 0.981250 0.010000 0.017500
6 0.490000 0.881250 0.010000 0.012500
6 0.858750 0.632500 0.022500 0.020000
6 0.685000 0.766250 0.025000 0.015000
6 0.426250 0.888750 0.010000 0.015000
6 0.436250 0.818750 0.012500 0.020000
6 0.092500 0.553750 0.015000 0.017500
6 0.001250 0.127500 0.037500 0.022500
6 0.477500 0.570000 0.022500 0.007500
6 0.330000 0.126250 0.010000 0.017500
6 0.553750 0.615000 0.015000 0.007500
6 0.318750 0.963750 0.022500 0.010000
6 0.330000 0.938750 0.022500 0.012500
6 0.308750 0.911250 0.010000 0.020000
6 0.468750 0.877500 0.010000 0.017500
6 0.511250 0.856250 0.020000 0.010000
6 0.270000 0.311250 0.010000 0.015000
6 0.330000 0.221250 0.012500 0.015000
6 0.272500 0.388750 0.015000 0.025000
6 0.520000 0.422500 0.020000 0.017500
6 0.558750 0.606250 0.017500 0.010000
6 0.873750 0.777500 0.032500 0.022500
6 0.567500 0.501250 0.020000 0.017500
6 0.322500 0.782500 0.010000 0.012500
6 0.433750 0.423750 0.027500 0.012500
6 0.537500 0.141250 0.017500 0.015000
6 0.367500 0.748750 0.012500 0.017500
6 0.377500 0.615000 0.010000 0.020000
6 0.497500 0.633750 0.020000 0.010000
6 0.110000 0.563750 0.020000 0.017500
6 0.336250 0.911250 0.030000 0.012500
6 0.407500 0.796250 0.017500 0.020000
6 0.443750 0.850000 0.022500 0.010000
6 0.855000 0.926250 0.027500 0.017500
6 0.201250 0.526250 0.015000 0.020000
6 0.217500 0.466250 0.010000 0.017500
6 0.060000 0.090000 0.022500 0.017500
6 0.348750 0.090000 0.010000 0.015000
6 0.348750 0.516250 0.022500 0.015000
6 0.386250 0.667500 0.012500 0.022500
6 0.416250 0.983750 0.010000 0.017500
6 0.500000 0.680000 0.010000 0.015000
6 0.458750 0.776250 0.010000 0.017500
6 0.737500 0.703750 0.020000 0.012500
6 0.317500 0.805000 0.012500 0.017500
6 0.323750 0.873750 0.015000 0.022500
6 0.401250 0.863750 0.007500 0.020000
6 0.500000 0.885000 0.010000 0.010000
6 0.475000 0.840000 0.007500 0.015000
6 0.478750 0.825000 0.012500 0.015000
6 0.638750 0.541250 0.035000 0.020000
6 0.443750 0.997500 0.015000 0.020000
6 0.563750 0.598750 0.015000 0.012500
6 0.488750 0.486250 0.020000 0.007500
6 0.288750 0.878750 0.012500 0.017500
6 0.352500 0.792500 0.012500 0.017500
6 0.463750 0.840000 0.010000 0.017500
6 0.355000 0.071250 0.012500 0.017500
6 0.528750 0.651250 0.015000 0.007500
6 0.375000 0.975000 0.010000 0.020000
6 0.531250 0.867500 0.020000 0.007500
6 0.447500 0.817500 0.012500 0.017500
6 0.066250 0.645000 0.025000 0.015000
6 0.111250 0.580000 0.017500 0.017500
6 0.098750 0.546250 0.015000 0.017500
6 0.438750 0.637500 0.020000 0.005000
6 0.230000 0.423750 0.012500 0.015000
6 0.535000 0.535000 0.010000 0.022500
6 0.557500 0.155000 0.025000 0.010000
6 0.328750 0.991250 0.010000 0.017500
6 0.295000 0.861250 0.015000 0.017500
6 0.331250 0.847500 0.010000 0.020000
6 0.357500 0.856250 0.022500 0.010000
6 0.353750 0.866250 0.022500 0.010000
6 0.342500 0.176250 0.015000 0.020000
6 0.425000 0.986250 0.010000 0.020000
6 0.548750 0.622500 0.022500 0.010000
6 0.492500 0.643750 0.020000 0.010000
6 0.486250 0.855000 0.017500 0.012500
6 0.521250 0.665000 0.015000 0.010000
6 0.558750 0.540000 0.015000 0.015000
6 0.468750 0.820000 0.007500 0.017500
6 0.498750 0.842500 0.012500 0.015000
6 0.875000 0.061250 0.022500 0.020000
6 0.506250 0.586250 0.015000 0.015000
6 0.192500 0.545000 0.017500 0.022500
6 0.568750 0.590000 0.015000 0.010000
6 0.451250 0.618750 0.025000 0.010000
6 0.281250 0.992500 0.007500 0.020000
6 0.321250 0.956250 0.025000 0.012500
6 0.338750 0.825000 0.012500 0.020000
6 0.416250 0.546250 0.015000 0.022500
6 0.575000 0.576250 0.022500 0.010000
6 0.491250 0.826250 0.012500 0.017500
6 0.216250 0.480000 0.017500 0.017500
6 0.673750 0.490000 0.012500 0.017500
6 0.731250 0.215000 0.015000 0.012500
6 0.480000 0.778750 0.010000 0.017500
6 0.401250 0.597500 0.012500 0.020000
6 0.517500 0.396250 0.017500 0.017500
6 0.436250 0.858750 0.020000 0.010000
6 0.502500 0.870000 0.025000 0.012500
6 0.205000 0.502500 0.017500 0.020000
6 0.516250 0.816250 0.022500 0.010000
6 0.442500 0.657500 0.012500 0.012500
6 0.508750 0.768750 0.010000 0.022500
6 0.881250 0.746250 0.012500 0.025000
6 0.406250 0.885000 0.010000 0.020000
6 0.526250 0.892500 0.010000 0.007500
6 0.512500 0.863750 0.017500 0.012500
6 0.341250 0.133750 0.020000 0.017500
6 0.887500 0.706250 0.025000 0.022500
6 0.360000 0.772500 0.017500 0.017500
6 0.495000 0.813750 0.015000 0.012500
6 0.298750 0.221250 0.007500 0.022500
6 0.606250 0.191250 0.020000 0.012500
6 0.488750 0.672500 0.010000 0.017500
6 0.380000 0.705000 0.012500 0.017500
6 0.435000 0.770000 0.012500 0.020000
6 0.286250 0.972500 0.010000 0.012500
6 0.303750 0.928750 0.010000 0.015000
6 0.398750 0.881250 0.010000 0.017500
6 0.033750 0.643750 0.025000 0.012500
6 0.518750 0.601250 0.017500 0.010000
6 0.442500 0.628750 0.022500 0.007500
6 0.523750 0.125000 0.020000 0.015000
6 0.666250 0.250000 0.020000 0.015000
6 0.251250 0.995000 0.012500 0.020000
6 0.333750 0.928750 0.020000 0.007500
6 0.873750 0.681250 0.015000 0.025000
6 0.348750 0.882500 0.022500 0.007500
6 0.421250 0.870000 0.010000 0.020000
6 0.486250 0.840000 0.010000 0.015000
6 0.381250 0.593750 0.005000 0.017500
6 0.551250 0.817500 0.022500 0.007500
6 0.346250 0.810000 0.010000 0.015000
6 0.400000 0.811250 0.010000 0.015000
6 0.042500 0.657500 0.020000 0.012500
6 0.696250 0.497500 0.020000 0.017500
6 0.403750 0.041250 0.010000 0.017500
6 0.611250 0.207500 0.022500 0.010000
6 0.465000 0.665000 0.010000 0.015000
6 0.385000 0.686250 0.010000 0.017500
6 0.550000 0.826250 0.017500 0.010000
6 0.277500 0.913750 0.027500 0.057500
6 0.198750 0.652500 0.022500 0.022500
6 0.265000 0.326250 0.022500 0.022500
6 0.731250 0.186250 0.025000 0.017500
6 0.615000 0.295000 0.012500 0.012500
6 0.496250 0.603750 0.015000 0.015000
6 0.173750 0.017500 0.020000 0.017500
6 0.462500 0.756250 0.012500 0.020000
6 0.621250 0.488750 0.022500 0.015000
6 0.480000 0.878750 0.010000 0.010000
6 0.627500 0.241250 0.020000 0.017500
6 0.225000 0.446250 0.012500 0.020000
6 0.375000 0.672500 0.012500 0.020000
6 0.475000 0.757500 0.012500 0.025000
6 0.963750 0.813750 0.027500 0.007500
6 0.295000 0.948750 0.012500 0.020000
6 0.347500 0.887500 0.022500 0.007500
6 0.443750 0.833750 0.010000 0.015000
6 0.240000 0.402500 0.027500 0.017500
6 0.357500 0.697500 0.015000 0.015000
6 0.476250 0.092500 0.015000 0.015000
6 0.476250 0.672500 0.012500 0.017500
6 0.488750 0.762500 0.015000 0.017500
6 0.536250 0.642500 0.015000 0.010000
6 0.406250 0.575000 0.012500 0.017500
6 0.390000 0.861250 0.012500 0.017500
6 0.456250 0.875000 0.012500 0.017500
6 0.453750 0.835000 0.012500 0.017500
6 0.063750 0.632500 0.020000 0.015000
6 0.752500 0.155000 0.017500 0.017500
6 0.245000 0.382500 0.012500 0.017500
6 0.986250 0.318750 0.015000 0.012500
6 0.367500 0.956250 0.012500 0.020000
6 0.401250 0.960000 0.012500 0.020000
6 0.393750 0.977500 0.012500 0.017500
6 0.072500 0.513750 0.017500 0.012500
6 0.392500 0.440000 0.015000 0.022500
6 0.260000 0.418750 0.017500 0.040000
6 0.383750 0.020000 0.010000 0.012500
6 0.360000 0.676250 0.012500 0.017500
6 0.390000 0.957500 0.010000 0.020000
6 0.448750 0.748750 0.012500 0.017500
6 0.308750 0.820000 0.012500 0.017500
6 0.335000 0.922500 0.025000 0.010000
6 0.430000 0.871250 0.012500 0.020000
6 0.476250 0.581250 0.020000 0.010000
6 0.705000 0.218750 0.020000 0.015000
6 0.477500 0.810000 0.015000 0.007500
6 0.335000 0.748750 0.015000 0.012500
6 0.433750 0.992500 0.010000 0.015000
6 0.512500 0.790000 0.007500 0.015000
6 0.468750 0.776250 0.012500 0.020000
6 0.457500 0.380000 0.020000 0.015000
6 0.035000 0.100000 0.022500 0.012500
6 0.842500 0.116250 0.015000 0.015000
6 0.393750 0.007500 0.010000 0.015000
6 0.563750 0.176250 0.020000 0.012500
6 0.101250 0.836250 0.012500 0.015000
6 0.638750 0.270000 0.020000 0.027500
6 0.447500 0.771250 0.015000 0.017500
6 0.566250 0.291250 0.020000 0.020000
6 0.251250 0.362500 0.020000 0.020000
6 0.303750 0.200000 0.020000 0.017500
6 0.828750 0.008750 0.017500 0.015000
6 0.436250 0.650000 0.015000 0.010000
6 0.423750 0.573750 0.010000 0.015000
6 0.513750 0.828750 0.010000 0.015000
6 0.352500 0.747500 0.010000 0.017500
6 0.387500 0.877500 0.012500 0.015000
6 0.387500 0.818750 0.010000 0.020000
6 0.313750 0.263750 0.010000 0.020000
6 0.926250 0.027500 0.017500 0.020000
6 0.525000 0.531250 0.010000 0.015000
6 0.386250 0.567500 0.015000 0.015000
6 0.258750 0.343750 0.010000 0.012500
6 0.390000 0.062500 0.015000 0.012500
6 0.325000 0.947500 0.025000 0.012500
6 0.411250 0.868750 0.010000 0.017500
6 0.436250 0.891250 0.010000 0.017500
6 0.351250 0.487500 0.032500 0.017500
6 0.111250 0.045000 0.017500 0.012500
6 0.377500 0.958750 0.012500 0.017500
6 0.602500 0.527500 0.040000 0.017500
