6 0.226250 0.815000 0.012500 0.020000
6 0.362500 0.840000 0.020000 0.017500
6 0.371250 0.848750 0.017500 0.017500
6 0.381250 0.851250 0.015000 0.015000
6 0.438750 0.851250 0.025000 0.017500
6 0.462500 0.846250 0.020000 0.010000
6 0.456250 0.865000 0.017500 0.012500
6 0.510000 0.847500 0.017500 0.007500
6 0.461250 0.827500 0.017500 0.010000
6 0.461250 0.836250 0.020000 0.015000
6 0.505000 0.858750 0.017500 0.010000
6 0.520000 0.801250 0.022500 0.015000
6 0.518750 0.788750 0.017500 0.010000
6 0.466250 0.803750 0.020000 0.017500
6 0.467500 0.791250 0.027500 0.015000
6 0.480000 0.777500 0.022500 0.015000
6 0.478750 0.763750 0.017500 0.010000
6 0.485000 0.752500 0.025000 0.010000
6 0.536250 0.748750 0.022500 0.012500
6 0.432500 0.762500 0.025000 0.017500
6 0.162500 0.928750 0.017500 0.020000
6 0.233750 0.718750 0.025000 0.017500
6 0.246250 0.711250 0.025000 0.017500
6 0.253750 0.697500 0.022500 0.017500
6 0.268750 0.680000 0.022500 0.020000
6 0.343750 0.687500 0.017500 0.020000
6 0.410000 0.633750 0.015000 0.017500
6 0.357500 0.593750 0.015000 0.017500
6 0.468750 0.521250 0.020000 0.020000
6 0.322500 0.585000 0.017500 0.015000
6 0.347500 0.560000 0.025000 0.020000
6 0.355000 0.551250 0.025000 0.015000
6 0.365000 0.536250 0.022500 0.017500
6 0.278750 0.471250 0.022500 0.012500
6 0.383750 0.452500 0.020000 0.010000
6 0.418750 0.447500 0.020000 0.012500
6 0.005000 0.742500 0.015000 0.012500
6 0.333750 0.370000 0.010000 0.017500
6 0.311250 0.373750 0.012500 0.020000
6 0.323750 0.371250 0.010000 0.015000
6 0.307500 0.296250 0.012500 0.020000
6 0.080000 0.998750 0.012500 0.017500
4 0.903750 0.438750 0.040000 0.035000
