6 0.147500 0.143750 0.012500 0.017500
6 0.017500 0.407500 0.012500 0.017500
6 0.010000 0.306250 0.025000 0.012500
6 0.218750 0.486250 0.022500 0.010000
6 0.158750 0.436250 0.012500 0.025000
6 0.167500 0.432500 0.010000 0.022500
6 0.148750 0.440000 0.012500 0.020000
6 0.138750 0.446250 0.007500 0.015000
6 0.127500 0.441250 0.012500 0.022500
6 0.111250 0.445000 0.010000 0.020000
6 0.101250 0.446250 0.012500 0.017500
6 0.093750 0.447500 0.015000 0.020000
6 0.082500 0.453750 0.010000 0.015000
6 0.060000 0.455000 0.012500 0.022500
6 0.182500 0.407500 0.022500 0.010000
6 0.183750 0.398750 0.022500 0.015000
6 0.180000 0.388750 0.020000 0.012500
6 0.173750 0.370000 0.020000 0.012500
6 0.171250 0.356250 0.022500 0.012500
6 0.167500 0.342500 0.022500 0.017500
6 0.168750 0.323750 0.022500 0.010000
6 0.265000 0.355000 0.022500 0.010000
6 0.230000 0.432500 0.012500 0.020000
6 0.261250 0.342500 0.020000 0.012500
6 0.256250 0.328750 0.025000 0.012500
6 0.260000 0.316250 0.020000 0.012500
6 0.256250 0.302500 0.025000 0.012500
6 0.251250 0.292500 0.020000 0.010000
6 0.250000 0.281250 0.022500 0.012500
6 0.253750 0.491250 0.012500 0.017500
6 0.157500 0.513750 0.012500 0.022500
6 0.152500 0.548750 0.015000 0.022500
6 0.145000 0.515000 0.012500 0.022500
6 0.130000 0.508750 0.015000 0.022500
6 0.117500 0.517500 0.012500 0.022500
6 0.136250 0.537500 0.017500 0.017500
6 0.111250 0.537500 0.015000 0.022500
6 0.088750 0.580000 0.025000 0.012500
6 0.095000 0.562500 0.015000 0.010000
6 0.091250 0.593750 0.022500 0.010000
6 0.047500 0.562500 0.015000 0.017500
6 0.501250 0.908750 0.020000 0.010000
6 0.295000 0.862500 0.015000 0.067500
6 0.542500 0.050000 0.055000 0.035000
6 0.143750 0.095000 0.020000 0.027500
6 0.153750 0.477500 0.032500 0.025000
