6 0.150000 0.985000 0.020000 0.022500
6 0.127500 0.995000 0.017500 0.022500
6 0.013750 0.870000 0.022500 0.010000
6 0.036250 0.871250 0.020000 0.010000
6 0.025000 0.912500 0.017500 0.020000
6 0.075000 0.626250 0.015000 0.015000
6 0.006250 0.616250 0.017500 0.010000
6 0.045000 0.550000 0.020000 0.020000
6 0.030000 0.580000 0.020000 0.010000
6 0.166250 0.493750 0.020000 0.020000
6 0.120000 0.450000 0.017500 0.017500
6 0.126250 0.441250 0.020000 0.015000
6 0.133750 0.431250 0.020000 0.012500
6 0.593750 0.735000 0.022500 0.020000
6 0.455000 0.566250 0.015000 0.012500
6 0.346250 0.596250 0.015000 0.017500
6 0.402500 0.558750 0.017500 0.017500
6 0.413750 0.550000 0.017500 0.015000
6 0.171250 0.376250 0.017500 0.017500
6 0.283750 0.270000 0.020000 0.020000
6 0.287500 0.223750 0.015000 0.017500
6 0.272500 0.243750 0.017500 0.020000
6 0.372500 0.281250 0.017500 0.015000
6 0.500000 0.330000 0.020000 0.017500
6 0.525000 0.295000 0.020000 0.015000
6 0.468750 0.222500 0.017500 0.015000
6 0.531250 0.283750 0.020000 0.017500
6 0.545000 0.270000 0.017500 0.015000
6 0.508750 0.188750 0.017500 0.015000
6 0.553750 0.251250 0.017500 0.015000
6 0.550000 0.260000 0.017500 0.015000
6 0.390000 0.256250 0.022500 0.017500
6 0.405000 0.242500 0.020000 0.017500
6 0.423750 0.206250 0.020000 0.017500
6 0.531250 0.161250 0.020000 0.017500
6 0.543750 0.145000 0.020000 0.017500
6 0.436250 0.190000 0.020000 0.015000
6 0.441250 0.181250 0.020000 0.015000
6 0.446250 0.172500 0.022500 0.017500
6 0.451250 0.162500 0.022500 0.015000
6 0.586250 0.198750 0.020000 0.017500
6 0.591250 0.188750 0.017500 0.017500
6 0.605000 0.173750 0.020000 0.015000
6 0.476250 0.128750 0.017500 0.015000
6 0.591250 0.152500 0.020000 0.017500
6 0.611250 0.163750 0.020000 0.015000
6 0.617500 0.153750 0.017500 0.012500
6 0.480000 0.117500 0.017500 0.012500
6 0.627500 0.138750 0.020000 0.012500
6 0.498750 0.095000 0.020000 0.015000
6 0.608750 0.126250 0.017500 0.020000
6 0.597500 0.141250 0.017500 0.015000
6 0.502500 0.085000 0.017500 0.012500
6 0.527500 0.051250 0.020000 0.015000
6 0.515000 0.068750 0.022500 0.015000
6 0.565000 0.073750 0.020000 0.017500
6 0.637500 0.122500 0.020000 0.017500
6 0.646250 0.111250 0.020000 0.020000
6 0.655000 0.097500 0.022500 0.020000
6 0.662500 0.088750 0.017500 0.012500
6 0.573750 0.056250 0.020000 0.015000
6 0.581250 0.048750 0.020000 0.012500
6 0.417500 0.076250 0.017500 0.020000
6 0.615000 0.035000 0.020000 0.015000
6 0.668750 0.070000 0.020000 0.015000
6 0.677500 0.060000 0.022500 0.012500
6 0.620000 0.025000 0.020000 0.015000
6 0.626250 0.017500 0.020000 0.017500
6 0.608750 0.006250 0.017500 0.015000
6 0.682500 0.053750 0.017500 0.017500
6 0.665000 0.042500 0.020000 0.015000
6 0.551250 0.017500 0.022500 0.017500
6 0.672500 0.036250 0.022500 0.020000
6 0.688750 0.043750 0.015000 0.012500
6 0.676250 0.026250 0.017500 0.017500
6 0.691250 0.035000 0.017500 0.015000
6 0.707500 0.021250 0.025000 0.017500
6 0.682500 0.016250 0.017500 0.012500
6 0.600000 0.713750 0.020000 0.017500
6 0.810000 0.506250 0.040000 0.050000
6 0.866250 0.422500 0.035000 0.047500
6 0.087500 0.432500 0.015000 0.022500
