6 0.112500 0.003750 0.050000 0.040000
6 0.023750 0.156250 0.025000 0.017500
6 0.180000 0.975000 0.020000 0.020000
6 0.146250 0.941250 0.020000 0.020000
6 0.401250 0.973750 0.015000 0.015000
6 0.325000 0.960000 0.015000 0.015000
6 0.310000 0.971250 0.017500 0.017500
6 0.515000 0.650000 0.025000 0.040000
6 0.602500 0.572500 0.017500 0.017500
6 0.588750 0.567500 0.017500 0.020000
6 0.053750 0.121250 0.017500 0.012500
6 0.218750 0.173750 0.012500 0.012500
6 0.261250 0.108750 0.052500 0.040000
6 0.333750 0.161250 0.052500 0.042500
6 0.430000 0.228750 0.052500 0.037500
6 0.496250 0.268750 0.052500 0.037500
6 0.632500 0.281250 0.030000 0.020000
6 0.825000 0.402500 0.045000 0.027500
6 0.285000 0.265000 0.012500 0.012500
6 0.303750 0.276250 0.017500 0.015000
6 0.275000 0.278750 0.017500 0.015000
6 0.267500 0.285000 0.015000 0.012500
6 0.262500 0.291250 0.012500 0.010000
6 0.278750 0.302500 0.015000 0.012500
6 0.257500 0.298750 0.017500 0.012500
6 0.275000 0.311250 0.015000 0.012500
6 0.245000 0.312500 0.017500 0.012500
6 0.240000 0.318750 0.017500 0.012500
6 0.232500 0.326250 0.015000 0.015000
6 0.248750 0.337500 0.012500 0.015000
6 0.268750 0.317500 0.012500 0.010000
6 0.265000 0.325000 0.017500 0.012500
6 0.255000 0.330000 0.012500 0.012500
6 0.251250 0.305000 0.015000 0.012500
6 0.213750 0.415000 0.027500 0.022500
6 0.225000 0.442500 0.040000 0.030000
6 0.202500 0.445000 0.042500 0.032500
6 0.195000 0.463750 0.017500 0.017500
6 0.306250 0.421250 0.012500 0.015000
6 0.315000 0.427500 0.012500 0.012500
6 0.323750 0.432500 0.015000 0.017500
6 0.225000 0.442500 0.040000 0.032500
6 0.202500 0.445000 0.042500 0.030000
6 0.892500 0.651250 0.017500 0.015000
6 0.368750 0.986250 0.017500 0.015000
6 0.361250 0.992500 0.017500 0.015000
6 0.360000 0.935000 0.015000 0.015000
6 0.347500 0.920000 0.015000 0.012500
6 0.332500 0.925000 0.017500 0.012500
6 0.320000 0.940000 0.017500 0.017500
6 0.310000 0.945000 0.012500 0.015000
6 0.275000 0.933750 0.015000 0.015000
6 0.296250 0.915000 0.017500 0.015000
6 0.281250 0.966250 0.015000 0.017500
6 0.287500 0.960000 0.015000 0.017500
6 0.285000 0.988750 0.017500 0.017500
6 0.347500 0.941250 0.017500 0.017500
6 0.385000 0.960000 0.017500 0.015000
6 0.381250 0.973750 0.015000 0.012500
6 0.106250 0.192500 0.090000 0.040000
6 0.292500 0.290000 0.017500 0.012500
6 0.282500 0.407500 0.012500 0.017500
6 0.290000 0.411250 0.012500 0.020000
6 0.297500 0.416250 0.015000 0.020000
6 0.343750 0.443750 0.012500 0.015000
6 0.352500 0.448750 0.015000 0.017500
6 0.362500 0.451250 0.017500 0.015000
6 0.371250 0.460000 0.012500 0.017500
6 0.382500 0.465000 0.015000 0.017500
6 0.678750 0.560000 0.015000 0.010000
6 0.681250 0.550000 0.015000 0.010000
6 0.683750 0.542500 0.015000 0.012500
6 0.687500 0.535000 0.020000 0.012500
6 0.690000 0.526250 0.020000 0.012500
6 0.707500 0.492500 0.015000 0.012500
6 0.726250 0.502500 0.020000 0.012500
6 0.716250 0.525000 0.017500 0.012500
6 0.712500 0.535000 0.017500 0.012500
6 0.708750 0.543750 0.020000 0.012500
6 0.703750 0.550000 0.017500 0.012500
6 0.698750 0.567500 0.017500 0.015000
6 0.701250 0.558750 0.017500 0.012500
6 0.340000 0.948750 0.017500 0.017500
6 0.941250 0.600000 0.017500 0.010000
6 0.966250 0.573750 0.015000 0.010000
6 0.932500 0.606250 0.015000 0.012500
6 0.182500 0.001250 0.020000 0.020000
6 0.047500 0.680000 0.015000 0.017500
6 0.516250 0.685000 0.017500 0.022500
6 0.541250 0.547500 0.017500 0.017500
6 0.318750 0.966250 0.017500 0.017500
6 0.562500 0.558750 0.017500 0.015000
6 0.072500 0.133750 0.015000 0.015000
6 0.060000 0.147500 0.015000 0.012500
6 0.397500 0.985000 0.020000 0.020000
6 0.392500 0.992500 0.017500 0.017500
6 0.525000 0.538750 0.015000 0.007500
6 0.227500 0.185000 0.022500 0.022500
6 0.541250 0.642500 0.010000 0.015000
6 0.525000 0.592500 0.022500 0.010000
6 0.066250 0.142500 0.010000 0.010000
6 0.033750 0.696250 0.012500 0.022500
