6 0.899375 0.051875 0.013750 0.008750
6 0.668750 0.347500 0.017500 0.010000
6 0.721875 0.352500 0.016250 0.010000
6 0.806875 0.375000 0.016250 0.015000
6 0.820625 0.392500 0.011250 0.020000
6 0.284375 0.338750 0.013750 0.007500
6 0.025625 0.629375 0.018750 0.011250
6 0.063750 0.648750 0.015000 0.007500
6 0.102500 0.653750 0.015000 0.010000
6 0.124375 0.657500 0.013750 0.012500
6 0.141875 0.659375 0.016250 0.011250
6 0.183750 0.658750 0.017500 0.012500
6 0.183125 0.641250 0.016250 0.010000
6 0.206250 0.660000 0.017500 0.012500
6 0.851875 0.357500 0.016250 0.007500
6 0.601875 0.687500 0.016250 0.010000
6 0.634375 0.718125 0.011250 0.011250
6 0.190625 0.318750 0.013750 0.005000
6 0.365625 0.327500 0.011250 0.007500
6 0.015000 0.963125 0.017500 0.011250
6 0.486875 0.996250 0.018750 0.007500
