6 0.670000 0.100000 0.012500 0.015000
6 0.698750 0.110000 0.017500 0.022500
6 0.737500 0.170000 0.015000 0.017500
6 0.735000 0.198750 0.012500 0.015000
6 0.792500 0.257500 0.012500 0.017500
6 0.788750 0.283750 0.012500 0.017500
6 0.495000 0.125000 0.012500 0.015000
6 0.500000 0.155000 0.010000 0.015000
6 0.518750 0.153750 0.010000 0.017500
6 0.545000 0.211250 0.012500 0.017500
6 0.555000 0.271250 0.012500 0.020000
6 0.340000 0.817500 0.020000 0.007500
6 0.651250 0.951250 0.015000 0.015000
