6 0.372500 0.956250 0.017500 0.010000
6 0.301250 0.962500 0.017500 0.012500
6 0.357500 0.092500 0.007500 0.017500
6 0.395000 0.358750 0.015000 0.022500
6 0.425000 0.396250 0.012500 0.015000
6 0.182500 0.716250 0.010000 0.020000
6 0.908750 0.720000 0.020000 0.012500
6 0.956250 0.877500 0.017500 0.012500
6 0.657500 0.838750 0.015000 0.012500
6 0.478750 0.910000 0.017500 0.012500
6 0.467500 0.903750 0.015000 0.012500
6 0.436250 0.915000 0.015000 0.010000
6 0.401250 0.921250 0.020000 0.015000
6 0.410000 0.928750 0.017500 0.012500
6 0.385000 0.938750 0.015000 0.010000
6 0.363750 0.947500 0.020000 0.015000
