6 0.000000 0.997500 0.012500 0.015000
6 0.098750 0.991250 0.017500 0.022500
6 0.060000 0.992500 0.012500 0.022500
6 0.068750 0.998750 0.015000 0.022500
6 0.983750 0.210000 0.017500 0.017500
6 0.580000 0.237500 0.025000 0.010000
6 0.547500 0.241250 0.025000 0.010000
6 0.527500 0.245000 0.025000 0.010000
6 0.520000 0.212500 0.012500 0.015000
6 0.513750 0.233750 0.012500 0.017500
6 0.496250 0.218750 0.012500 0.017500
6 0.485000 0.220000 0.012500 0.020000
6 0.473750 0.222500 0.015000 0.017500
6 0.460000 0.226250 0.012500 0.020000
6 0.471250 0.246250 0.020000 0.010000
6 0.473750 0.253750 0.020000 0.010000
6 0.052500 0.425000 0.025000 0.010000
6 0.116250 0.440000 0.022500 0.015000
6 0.012500 0.015000 0.017500 0.007500
6 0.940000 0.045000 0.020000 0.020000
6 0.467500 0.190000 0.015000 0.010000
6 0.321250 0.272500 0.007500 0.015000
6 0.310000 0.273750 0.012500 0.015000
6 0.352500 0.266250 0.010000 0.015000
6 0.318750 0.300000 0.007500 0.017500
6 0.371250 0.207500 0.017500 0.007500
6 0.511250 0.178750 0.015000 0.007500
6 0.616250 0.201250 0.012500 0.017500
6 0.833750 0.866250 0.020000 0.010000
6 0.842500 0.885000 0.020000 0.010000
6 0.877500 0.877500 0.017500 0.007500
6 0.001250 0.800000 0.022500 0.015000
6 0.060000 0.840000 0.017500 0.012500
6 0.800000 0.975000 0.022500 0.027500
6 0.087500 0.106250 0.015000 0.010000
6 0.181250 0.222500 0.020000 0.017500
6 0.995000 0.187500 0.022500 0.015000
6 0.046250 0.982500 0.015000 0.020000
6 0.063750 0.882500 0.007500 0.017500
6 0.045000 0.893750 0.010000 0.015000
6 0.556250 0.536250 0.017500 0.015000
6 0.946250 0.020000 0.012500 0.015000
6 0.053750 0.905000 0.012500 0.017500
6 0.763750 0.720000 0.010000 0.022500
6 0.185000 0.261250 0.012500 0.015000
6 0.306250 0.133750 0.012500 0.010000
6 0.591250 0.051250 0.010000 0.015000
6 0.055000 0.960000 0.012500 0.020000
6 0.107500 0.916250 0.015000 0.015000
6 0.156250 0.813750 0.020000 0.020000
6 0.085000 0.327500 0.017500 0.012500
6 0.326250 0.285000 0.015000 0.010000
6 0.823750 0.888750 0.015000 0.007500
6 0.916250 0.078750 0.012500 0.015000
6 0.921250 0.770000 0.022500 0.015000
6 0.042500 0.947500 0.020000 0.015000
6 0.013750 0.926250 0.012500 0.020000
6 0.313750 0.111250 0.015000 0.020000
6 0.868750 0.841250 0.015000 0.005000
6 0.867500 0.491250 0.012500 0.017500
6 0.088750 0.985000 0.015000 0.025000
6 0.023750 0.933750 0.012500 0.017500
6 0.023750 0.812500 0.025000 0.015000
6 0.007500 0.002500 0.015000 0.010000
6 0.813750 0.860000 0.015000 0.010000
6 0.611250 0.126250 0.012500 0.020000
6 0.763750 0.615000 0.012500 0.015000
6 0.048750 0.868750 0.010000 0.017500
6 0.098750 0.937500 0.015000 0.017500
6 0.327500 0.222500 0.017500 0.007500
6 0.815000 0.870000 0.015000 0.007500
6 0.882500 0.507500 0.015000 0.017500
6 0.177500 0.798750 0.022500 0.020000
6 0.090000 0.131250 0.012500 0.015000
6 0.876250 0.857500 0.017500 0.007500
6 0.047500 0.827500 0.017500 0.015000
6 0.202500 0.241250 0.010000 0.015000
6 0.393750 0.202500 0.017500 0.012500
6 0.621250 0.218750 0.010000 0.012500
6 0.067500 0.912500 0.015000 0.017500
6 0.972500 0.761250 0.020000 0.005000
6 0.810000 0.842500 0.017500 0.010000
6 0.927500 0.118750 0.017500 0.015000
6 0.743750 0.561250 0.015000 0.012500
6 0.007500 0.955000 0.015000 0.020000
6 0.038750 0.976250 0.015000 0.022500
6 0.100000 0.911250 0.015000 0.017500
6 0.071250 0.886250 0.012500 0.020000
6 0.118750 0.875000 0.027500 0.025000
6 0.166250 0.807500 0.017500 0.017500
6 0.171250 0.272500 0.015000 0.010000
6 0.067500 0.966250 0.017500 0.025000
6 0.081250 0.895000 0.012500 0.015000
6 0.150000 0.948750 0.012500 0.025000
6 0.788750 0.831250 0.012500 0.020000
6 0.076250 0.333750 0.015000 0.010000
6 0.158750 0.956250 0.010000 0.017500
6 0.037500 0.820000 0.012500 0.015000
6 0.170000 0.911250 0.025000 0.020000
6 0.816250 0.827500 0.015000 0.015000
6 0.845000 0.822500 0.012500 0.022500
6 0.403750 0.296250 0.015000 0.010000
6 0.946250 0.191250 0.017500 0.010000
6 0.921250 0.100000 0.012500 0.017500
6 0.141250 0.850000 0.015000 0.017500
6 0.647500 0.763750 0.012500 0.022500
6 0.605000 0.106250 0.015000 0.015000
6 0.810000 0.791250 0.015000 0.025000
6 0.216250 0.223750 0.012500 0.012500
6 0.602500 0.088750 0.015000 0.012500
6 0.741250 0.542500 0.015000 0.015000
6 0.748750 0.577500 0.012500 0.010000
6 0.213750 0.898750 0.020000 0.017500
6 0.860000 0.816250 0.010000 0.020000
6 0.761250 0.701250 0.010000 0.017500
6 0.377500 0.285000 0.022500 0.010000
6 0.877500 0.868750 0.015000 0.010000
6 0.996250 0.018750 0.025000 0.012500
6 0.153750 0.861250 0.017500 0.022500
6 0.520000 0.471250 0.022500 0.015000
6 0.535000 0.175000 0.012500 0.010000
6 0.933750 0.138750 0.015000 0.012500
6 0.593750 0.011250 0.015000 0.022500
6 0.003750 0.922500 0.010000 0.017500
6 0.167500 0.965000 0.010000 0.020000
6 0.012500 0.023750 0.017500 0.010000
6 0.083750 0.112500 0.017500 0.010000
6 0.157500 0.247500 0.012500 0.010000
6 0.615000 0.672500 0.012500 0.017500
6 0.906250 0.097500 0.010000 0.015000
6 0.596250 0.071250 0.012500 0.017500
6 0.037500 0.890000 0.015000 0.017500
6 0.187500 0.926250 0.022500 0.017500
6 0.236250 0.878750 0.020000 0.017500
6 0.441250 0.193750 0.020000 0.010000
6 0.501250 0.236250 0.007500 0.015000
6 0.792500 0.803750 0.015000 0.012500
6 0.757500 0.861250 0.025000 0.007500
6 0.101250 0.088750 0.020000 0.015000
6 0.701250 0.385000 0.017500 0.015000
6 0.791250 0.848750 0.012500 0.012500
6 0.875000 0.848750 0.017500 0.007500
6 0.197500 0.877500 0.012500 0.022500
6 0.011250 0.033750 0.017500 0.007500
6 0.082500 0.095000 0.017500 0.010000
6 0.835000 0.856250 0.017500 0.007500
6 0.670000 0.975000 0.017500 0.012500
6 0.925000 0.060000 0.015000 0.017500
6 0.891250 0.087500 0.015000 0.020000
6 0.123750 0.926250 0.015000 0.022500
6 0.298750 0.286250 0.015000 0.007500
6 0.651250 0.808750 0.015000 0.017500
6 0.915000 0.053750 0.012500 0.012500
6 0.077500 0.922500 0.015000 0.020000
6 0.913750 0.116250 0.007500 0.015000
6 0.615000 0.146250 0.017500 0.020000
6 0.082500 0.352500 0.027500 0.017500
6 0.016250 0.962500 0.010000 0.015000
6 0.226250 0.888750 0.017500 0.015000
6 0.260000 0.858750 0.020000 0.012500
6 0.341250 0.270000 0.010000 0.015000
6 0.907500 0.075000 0.010000 0.012500
6 0.770000 0.633750 0.015000 0.017500
6 0.760000 0.868750 0.020000 0.007500
6 0.827500 0.841250 0.027500 0.012500
6 0.998750 0.226250 0.017500 0.017500
6 0.081250 0.083750 0.017500 0.010000
6 0.146250 0.301250 0.015000 0.010000
6 0.152500 0.277500 0.012500 0.012500
6 0.165000 0.237500 0.017500 0.015000
6 0.968750 0.186250 0.015000 0.012500
6 0.140000 0.942500 0.010000 0.015000
6 0.050000 0.900000 0.007500 0.020000
6 0.187500 0.873750 0.015000 0.020000
6 0.383750 0.298750 0.010000 0.015000
6 0.490000 0.183750 0.017500 0.010000
6 0.560000 0.172500 0.017500 0.010000
6 0.032500 0.966250 0.012500 0.020000
6 0.091250 0.902500 0.012500 0.017500
6 0.131250 0.935000 0.012500 0.020000
6 0.170000 0.230000 0.020000 0.012500
6 0.953750 0.166250 0.017500 0.015000
6 0.915000 0.010000 0.007500 0.020000
6 0.786250 0.761250 0.015000 0.012500
6 0.666250 0.913750 0.015000 0.020000
6 0.178750 0.068750 0.010000 0.015000
6 0.300000 0.275000 0.010000 0.012500
6 0.575000 0.006250 0.015000 0.022500
6 0.797500 0.893750 0.017500 0.012500
6 0.898750 0.043750 0.012500 0.020000
6 0.882500 0.552500 0.010000 0.012500
6 0.885000 0.528750 0.015000 0.015000
6 0.056250 0.873750 0.012500 0.020000
6 0.447500 0.462500 0.022500 0.012500
6 0.133750 0.315000 0.015000 0.010000
6 0.380000 0.273750 0.010000 0.012500
6 0.907500 0.023750 0.012500 0.017500
6 0.896250 0.071250 0.012500 0.012500
