6 0.036250 0.152500 0.032500 0.035000
6 0.901250 0.396250 0.022500 0.020000
6 0.783750 0.742500 0.022500 0.015000
6 0.175000 0.302500 0.020000 0.010000
6 0.745000 0.716250 0.022500 0.017500
6 0.702500 0.662500 0.017500 0.017500
6 0.055000 0.118750 0.015000 0.020000
6 0.071250 0.120000 0.012500 0.017500
6 0.378750 0.865000 0.017500 0.015000
6 0.833750 0.780000 0.020000 0.017500
6 0.211250 0.263750 0.015000 0.012500
6 0.447500 0.912500 0.015000 0.015000
6 0.348750 0.841250 0.015000 0.012500
6 0.645000 0.646250 0.025000 0.017500
6 0.581250 0.601250 0.017500 0.015000
6 0.806250 0.802500 0.020000 0.025000
6 0.711250 0.693750 0.020000 0.020000
6 0.816250 0.768750 0.017500 0.015000
6 0.995000 0.467500 0.012500 0.020000
6 0.956250 0.436250 0.017500 0.012500
6 0.830000 0.817500 0.030000 0.015000
