6 0.492500 0.465000 0.022500 0.017500
6 0.478750 0.502500 0.012500 0.020000
6 0.487500 0.693750 0.020000 0.020000
6 0.961250 0.578750 0.037500 0.035000
6 0.958750 0.528750 0.017500 0.015000
6 0.957500 0.512500 0.020000 0.015000
6 0.915000 0.510000 0.015000 0.015000
6 0.883750 0.486250 0.020000 0.020000
6 0.848750 0.472500 0.017500 0.015000
6 0.871250 0.508750 0.017500 0.017500
6 0.923750 0.402500 0.020000 0.015000
6 0.865000 0.333750 0.020000 0.015000
6 0.832500 0.405000 0.012500 0.015000
6 0.720000 0.363750 0.042500 0.040000
6 0.632500 0.327500 0.025000 0.025000
6 0.685000 0.303750 0.017500 0.017500
6 0.800000 0.303750 0.020000 0.017500
6 0.643750 0.252500 0.017500 0.017500
6 0.676250 0.211250 0.020000 0.015000
6 0.663750 0.186250 0.017500 0.015000
6 0.651250 0.156250 0.017500 0.017500
6 0.533750 0.231250 0.015000 0.017500
6 0.552500 0.197500 0.012500 0.015000
6 0.515000 0.180000 0.017500 0.015000
6 0.578750 0.117500 0.027500 0.025000
6 0.562500 0.087500 0.042500 0.035000
6 0.535000 0.025000 0.017500 0.015000
6 0.913750 0.356250 0.022500 0.017500
6 0.432500 0.023750 0.017500 0.015000
6 0.377500 0.038750 0.017500 0.017500
6 0.365000 0.042500 0.017500 0.015000
6 0.138750 0.988750 0.015000 0.015000
6 0.217500 0.973750 0.017500 0.017500
6 0.471250 0.943750 0.012500 0.012500
6 0.480000 0.938750 0.015000 0.015000
6 0.505000 0.913750 0.017500 0.015000
6 0.490000 0.927500 0.017500 0.017500
6 0.517500 0.900000 0.015000 0.012500
6 0.523750 0.895000 0.017500 0.015000
6 0.541250 0.873750 0.017500 0.015000
6 0.546250 0.868750 0.017500 0.017500
6 0.558750 0.855000 0.017500 0.015000
6 0.565000 0.850000 0.015000 0.015000
6 0.571250 0.842500 0.015000 0.017500
6 0.593750 0.822500 0.017500 0.015000
6 0.863750 0.985000 0.015000 0.007500
6 0.861250 0.992500 0.017500 0.007500
6 0.396250 0.715000 0.022500 0.020000
6 0.425000 0.691250 0.020000 0.020000
6 0.430000 0.685000 0.020000 0.017500
6 0.436250 0.677500 0.015000 0.010000
6 0.447500 0.665000 0.015000 0.012500
6 0.453750 0.657500 0.017500 0.017500
6 0.461250 0.651250 0.015000 0.015000
6 0.476250 0.640000 0.017500 0.017500
6 0.060000 0.466250 0.017500 0.015000
6 0.080000 0.483750 0.015000 0.017500
6 0.061250 0.630000 0.015000 0.015000
6 0.678750 0.336250 0.015000 0.015000
6 0.763750 0.242500 0.020000 0.017500
6 0.478750 0.173750 0.017500 0.017500
6 0.475000 0.710000 0.015000 0.012500
6 0.825000 0.286250 0.020000 0.015000
6 0.403750 0.707500 0.020000 0.015000
6 0.442500 0.672500 0.012500 0.012500
6 0.020000 0.668750 0.015000 0.015000
6 0.468750 0.645000 0.015000 0.015000
6 0.833750 0.426250 0.017500 0.015000
6 0.703750 0.726250 0.020000 0.010000
6 0.336250 0.852500 0.020000 0.015000
6 0.460000 0.720000 0.015000 0.015000
6 0.797500 0.465000 0.032500 0.027500
