6 0.096250 0.565000 0.012500 0.010000
6 0.093750 0.173750 0.015000 0.010000
6 0.113750 0.153750 0.015000 0.012500
6 0.848750 0.690000 0.017500 0.017500
6 0.860000 0.696250 0.017500 0.015000
6 0.866250 0.703750 0.015000 0.015000
6 0.876250 0.710000 0.017500 0.015000
6 0.882500 0.717500 0.017500 0.015000
6 0.892500 0.722500 0.015000 0.017500
6 0.911250 0.737500 0.017500 0.017500
6 0.920000 0.745000 0.017500 0.020000
6 0.935000 0.760000 0.015000 0.017500
6 0.962500 0.778750 0.017500 0.015000
6 0.540000 0.975000 0.020000 0.012500
6 0.146250 0.928750 0.017500 0.017500
6 0.138750 0.935000 0.012500 0.015000
6 0.661250 0.981250 0.012500 0.025000
6 0.843750 0.855000 0.007500 0.012500
6 0.435000 0.133750 0.020000 0.015000
6 0.491250 0.070000 0.020000 0.017500
6 0.851250 0.042500 0.017500 0.017500
6 0.857500 0.048750 0.015000 0.015000
6 0.866250 0.055000 0.015000 0.015000
6 0.875000 0.062500 0.015000 0.015000
6 0.883750 0.067500 0.017500 0.017500
6 0.891250 0.073750 0.017500 0.015000
6 0.898750 0.080000 0.015000 0.020000
6 0.905000 0.085000 0.015000 0.017500
6 0.920000 0.097500 0.015000 0.015000
6 0.935000 0.110000 0.015000 0.017500
6 0.956250 0.123750 0.015000 0.015000
6 0.896250 0.035000 0.015000 0.015000
6 0.680000 0.886250 0.015000 0.017500
6 0.761250 0.791250 0.010000 0.017500
6 0.781250 0.796250 0.012500 0.020000
6 0.615000 0.802500 0.012500 0.017500
6 0.561250 0.785000 0.012500 0.017500
6 0.508750 0.800000 0.012500 0.015000
6 0.497500 0.765000 0.010000 0.010000
6 0.605000 0.510000 0.015000 0.012500
6 0.596250 0.505000 0.012500 0.012500
6 0.563750 0.515000 0.017500 0.010000
6 0.900000 0.280000 0.015000 0.012500
6 0.401250 0.845000 0.015000 0.020000
6 0.410000 0.848750 0.012500 0.017500
6 0.421250 0.852500 0.010000 0.017500
6 0.412500 0.886250 0.010000 0.012500
6 0.386250 0.882500 0.010000 0.012500
6 0.275000 0.883750 0.012500 0.020000
6 0.403750 0.917500 0.012500 0.020000
6 0.220000 0.942500 0.015000 0.017500
6 0.316250 0.932500 0.012500 0.007500
6 0.446250 0.892500 0.010000 0.005000
6 0.400000 0.771250 0.015000 0.017500
6 0.313750 0.858750 0.010000 0.010000
6 0.368750 0.873750 0.010000 0.010000
6 0.651250 0.980000 0.007500 0.020000
6 0.391250 0.841250 0.010000 0.017500
6 0.410000 0.777500 0.010000 0.017500
6 0.468750 0.971250 0.015000 0.012500
6 0.451250 0.117500 0.015000 0.012500
6 0.397500 0.741250 0.010000 0.015000
6 0.336250 0.827500 0.010000 0.020000
6 0.686250 0.987500 0.017500 0.020000
6 0.420000 0.782500 0.007500 0.017500
