6 0.297500 0.538750 0.017500 0.017500
6 0.311250 0.521250 0.017500 0.017500
6 0.317500 0.527500 0.015000 0.015000
6 0.325000 0.535000 0.017500 0.017500
6 0.332500 0.541250 0.012500 0.015000
6 0.342500 0.547500 0.015000 0.015000
6 0.352500 0.553750 0.015000 0.015000
6 0.360000 0.558750 0.015000 0.012500
6 0.366250 0.566250 0.012500 0.015000
6 0.377500 0.573750 0.012500 0.015000
6 0.386250 0.581250 0.017500 0.015000
6 0.395000 0.588750 0.015000 0.015000
6 0.402500 0.593750 0.012500 0.015000
6 0.293750 0.562500 0.017500 0.015000
6 0.298750 0.515000 0.015000 0.017500
6 0.098750 0.690000 0.017500 0.017500
6 0.110000 0.696250 0.017500 0.015000
6 0.116250 0.703750 0.015000 0.015000
6 0.126250 0.710000 0.017500 0.015000
6 0.132500 0.717500 0.017500 0.015000
6 0.142500 0.722500 0.015000 0.017500
6 0.161250 0.737500 0.017500 0.017500
6 0.170000 0.745000 0.017500 0.020000
6 0.185000 0.760000 0.015000 0.017500
6 0.212500 0.778750 0.017500 0.015000
6 0.093750 0.855000 0.007500 0.012500
6 0.353750 0.256250 0.012500 0.020000
6 0.362500 0.252500 0.010000 0.020000
6 0.375000 0.250000 0.010000 0.020000
6 0.397500 0.247500 0.010000 0.020000
6 0.431250 0.245000 0.010000 0.022500
6 0.463750 0.241250 0.007500 0.015000
6 0.398750 0.247500 0.010000 0.017500
6 0.431250 0.245000 0.010000 0.020000
6 0.465000 0.241250 0.010000 0.017500
6 0.487500 0.238750 0.010000 0.017500
6 0.511250 0.237500 0.010000 0.017500
6 0.533750 0.236250 0.007500 0.017500
6 0.363750 0.312500 0.020000 0.010000
6 0.337500 0.376250 0.015000 0.020000
6 0.396250 0.313750 0.017500 0.010000
6 0.408750 0.343750 0.017500 0.012500
6 0.392500 0.371250 0.020000 0.012500
6 0.398750 0.380000 0.017500 0.012500
6 0.403750 0.388750 0.017500 0.015000
6 0.375000 0.437500 0.020000 0.015000
6 0.407500 0.400000 0.020000 0.010000
6 0.411250 0.407500 0.020000 0.012500
6 0.420000 0.417500 0.017500 0.010000
6 0.423750 0.426250 0.017500 0.010000
6 0.427500 0.436250 0.020000 0.010000
6 0.432500 0.447500 0.017500 0.010000
6 0.436250 0.455000 0.017500 0.010000
6 0.477500 0.473750 0.017500 0.010000
6 0.513750 0.447500 0.017500 0.010000
6 0.508750 0.528750 0.017500 0.012500
6 0.531250 0.483750 0.015000 0.010000
6 0.446250 0.577500 0.020000 0.012500
6 0.487500 0.560000 0.017500 0.012500
6 0.486250 0.238750 0.007500 0.017500
6 0.511250 0.238750 0.010000 0.020000
6 0.533750 0.236250 0.007500 0.015000
6 0.370000 0.325000 0.017500 0.012500
6 0.375000 0.335000 0.017500 0.012500
6 0.380000 0.343750 0.015000 0.012500
6 0.382500 0.353750 0.020000 0.012500
6 0.388750 0.362500 0.015000 0.010000
6 0.101250 0.042500 0.017500 0.017500
6 0.107500 0.048750 0.015000 0.015000
6 0.116250 0.055000 0.015000 0.015000
6 0.125000 0.062500 0.015000 0.015000
6 0.133750 0.067500 0.017500 0.017500
6 0.141250 0.073750 0.017500 0.015000
6 0.148750 0.080000 0.015000 0.020000
6 0.155000 0.085000 0.015000 0.017500
6 0.170000 0.097500 0.015000 0.015000
6 0.185000 0.110000 0.015000 0.017500
6 0.490000 0.567500 0.015000 0.010000
6 0.450000 0.587500 0.017500 0.015000
6 0.576250 0.498750 0.017500 0.012500
6 0.565000 0.483750 0.017500 0.012500
6 0.550000 0.451250 0.017500 0.012500
6 0.597500 0.445000 0.017500 0.012500
6 0.591250 0.435000 0.017500 0.012500
6 0.546250 0.443750 0.015000 0.010000
6 0.575000 0.407500 0.017500 0.010000
6 0.570000 0.398750 0.017500 0.010000
6 0.522500 0.395000 0.020000 0.015000
6 0.552500 0.361250 0.015000 0.010000
6 0.502500 0.360000 0.015000 0.012500
6 0.535000 0.323750 0.017500 0.012500
6 0.525000 0.306250 0.015000 0.010000
6 0.556250 0.302500 0.015000 0.012500
6 0.550000 0.292500 0.015000 0.010000
6 0.521250 0.297500 0.015000 0.010000
6 0.571250 0.331250 0.017500 0.012500
6 0.477500 0.371250 0.015000 0.012500
6 0.462500 0.342500 0.015000 0.012500
6 0.450000 0.325000 0.017500 0.012500
6 0.445000 0.315000 0.022500 0.012500
6 0.441250 0.303750 0.017500 0.010000
6 0.593750 0.378750 0.017500 0.012500
6 0.602500 0.296250 0.017500 0.010000
6 0.607500 0.305000 0.017500 0.010000
6 0.622500 0.342500 0.020000 0.012500
6 0.635000 0.358750 0.017500 0.010000
6 0.657500 0.340000 0.017500 0.015000
6 0.775000 0.401250 0.017500 0.012500
6 0.622500 0.433750 0.020000 0.012500
6 0.720000 0.461250 0.020000 0.012500
6 0.722500 0.471250 0.017500 0.012500
6 0.750000 0.247500 0.007500 0.017500
6 0.206250 0.123750 0.015000 0.015000
6 0.146250 0.035000 0.015000 0.015000
6 0.011250 0.791250 0.010000 0.017500
6 0.031250 0.796250 0.012500 0.020000
6 0.150000 0.280000 0.015000 0.012500
6 0.256250 0.888750 0.012500 0.012500
6 0.268750 0.542500 0.010000 0.012500
6 0.280000 0.497500 0.007500 0.012500
6 0.275000 0.492500 0.012500 0.012500
6 0.291250 0.507500 0.010000 0.012500
