6 0.620000 0.895000 0.015000 0.017500
6 0.640000 0.875000 0.017500 0.012500
6 0.633750 0.881250 0.015000 0.012500
6 0.843750 0.923750 0.015000 0.010000
6 0.863750 0.903750 0.015000 0.012500
6 0.752500 0.380000 0.015000 0.012500
6 0.776250 0.421250 0.012500 0.012500
6 0.802500 0.397500 0.017500 0.017500
6 0.811250 0.382500 0.017500 0.012500
6 0.806250 0.321250 0.017500 0.015000
6 0.825000 0.372500 0.015000 0.012500
6 0.791250 0.343750 0.017500 0.015000
6 0.795000 0.333750 0.012500 0.010000
6 0.825000 0.303750 0.015000 0.012500
6 0.885000 0.290000 0.015000 0.017500
6 0.876250 0.250000 0.017500 0.015000
6 0.888750 0.238750 0.015000 0.015000
6 0.967500 0.223750 0.017500 0.017500
6 0.617500 0.823750 0.012500 0.012500
6 0.748750 0.060000 0.015000 0.015000
6 0.026250 0.208750 0.020000 0.010000
6 0.050000 0.211250 0.020000 0.012500
6 0.165000 0.545000 0.010000 0.017500
6 0.170000 0.813750 0.020000 0.017500
6 0.192500 0.857500 0.017500 0.017500
6 0.207500 0.843750 0.017500 0.015000
6 0.198750 0.850000 0.015000 0.015000
6 0.440000 0.158750 0.017500 0.017500
6 0.591250 0.080000 0.015000 0.017500
6 0.028750 0.097500 0.017500 0.015000
6 0.048750 0.240000 0.010000 0.010000
6 0.162500 0.820000 0.017500 0.012500
6 0.286250 0.938750 0.017500 0.017500
6 0.776250 0.355000 0.017500 0.015000
6 0.618750 0.595000 0.015000 0.020000
6 0.173750 0.876250 0.020000 0.017500
6 0.792500 0.401250 0.015000 0.012500
6 0.436250 0.628750 0.012500 0.022500
6 0.781250 0.347500 0.015000 0.017500
6 0.301250 0.621250 0.025000 0.017500
