6 0.033750 0.447500 0.015000 0.012500
6 0.103750 0.365000 0.017500 0.017500
6 0.132500 0.373750 0.020000 0.020000
6 0.317500 0.536250 0.017500 0.017500
6 0.327500 0.543750 0.015000 0.017500
6 0.342500 0.555000 0.015000 0.015000
6 0.355000 0.562500 0.012500 0.015000
6 0.375000 0.575000 0.015000 0.017500
6 0.625000 0.438750 0.012500 0.012500
6 0.676250 0.961250 0.020000 0.015000
6 0.663750 0.936250 0.017500 0.015000
6 0.651250 0.906250 0.017500 0.017500
6 0.533750 0.981250 0.015000 0.017500
6 0.552500 0.947500 0.012500 0.015000
6 0.515000 0.930000 0.017500 0.015000
6 0.578750 0.867500 0.027500 0.025000
6 0.562500 0.837500 0.042500 0.035000
6 0.535000 0.775000 0.017500 0.015000
6 0.432500 0.773750 0.017500 0.015000
6 0.377500 0.788750 0.017500 0.017500
6 0.365000 0.792500 0.017500 0.015000
6 0.065000 0.578750 0.020000 0.020000
6 0.101250 0.607500 0.017500 0.017500
6 0.132500 0.598750 0.020000 0.020000
6 0.168750 0.572500 0.015000 0.015000
6 0.186250 0.568750 0.017500 0.017500
6 0.192500 0.603750 0.017500 0.015000
6 0.763750 0.992500 0.020000 0.017500
6 0.478750 0.923750 0.017500 0.017500
6 0.261250 0.642500 0.020000 0.015000
6 0.363750 0.568750 0.012500 0.015000
