6 0.581250 0.803750 0.057500 0.022500
6 0.797500 0.620000 0.025000 0.047500
6 0.812500 0.463750 0.012500 0.020000
6 0.621250 0.868750 0.007500 0.015000
6 0.773750 0.441250 0.012500 0.022500
6 0.611250 0.863750 0.012500 0.015000
6 0.631250 0.875000 0.010000 0.020000
6 0.693750 0.546250 0.015000 0.015000
6 0.702500 0.590000 0.015000 0.020000
6 0.817500 0.386250 0.007500 0.015000
6 0.827500 0.343750 0.010000 0.017500
6 0.685000 0.876250 0.020000 0.010000
6 0.778750 0.338750 0.017500 0.007500
6 0.586250 0.851250 0.010000 0.020000
6 0.730000 0.802500 0.010000 0.020000
6 0.680000 0.488750 0.010000 0.020000
6 0.805000 0.580000 0.010000 0.017500
6 0.838750 0.291250 0.007500 0.017500
6 0.720000 0.433750 0.010000 0.017500
6 0.813750 0.428750 0.010000 0.015000
6 0.472500 0.726250 0.022500 0.010000
6 0.416250 0.942500 0.012500 0.020000
6 0.695000 0.505000 0.025000 0.007500
6 0.671250 0.425000 0.015000 0.015000
6 0.843750 0.225000 0.015000 0.017500
6 0.605000 0.828750 0.015000 0.007500
6 0.808750 0.500000 0.007500 0.017500
6 0.707500 0.431250 0.012500 0.020000
6 0.420000 0.760000 0.017500 0.017500
6 0.568750 0.736250 0.017500 0.010000
6 0.512500 0.727500 0.020000 0.010000
6 0.752500 0.852500 0.012500 0.020000
6 0.755000 0.877500 0.012500 0.020000
6 0.753750 0.657500 0.012500 0.020000
6 0.757500 0.616250 0.007500 0.012500
6 0.736250 0.432500 0.015000 0.017500
6 0.777500 0.422500 0.007500 0.015000
6 0.471250 0.696250 0.020000 0.007500
6 0.422500 0.801250 0.027500 0.017500
6 0.567500 0.840000 0.015000 0.015000
6 0.756250 0.921250 0.010000 0.022500
6 0.648750 0.490000 0.012500 0.015000
6 0.763750 0.537500 0.010000 0.017500
6 0.472500 0.715000 0.022500 0.007500
6 0.422500 0.998750 0.017500 0.012500
6 0.548750 0.978750 0.025000 0.025000
6 0.811250 0.480000 0.012500 0.022500
6 0.813750 0.445000 0.012500 0.017500
6 0.445000 0.750000 0.012500 0.017500
6 0.647500 0.681250 0.017500 0.015000
6 0.790000 0.663750 0.027500 0.012500
6 0.657500 0.526250 0.010000 0.017500
6 0.825000 0.181250 0.015000 0.020000
6 0.718750 0.707500 0.020000 0.012500
6 0.416250 0.975000 0.027500 0.010000
6 0.432500 0.983750 0.022500 0.015000
6 0.642500 0.538750 0.012500 0.017500
6 0.766250 0.517500 0.010000 0.020000
6 0.460000 0.780000 0.025000 0.015000
6 0.642500 0.692500 0.017500 0.012500
6 0.711250 0.677500 0.025000 0.010000
6 0.693750 0.426250 0.010000 0.015000
6 0.671250 0.695000 0.010000 0.017500
6 0.838750 0.245000 0.012500 0.017500
6 0.536250 0.757500 0.020000 0.007500
6 0.495000 0.821250 0.022500 0.015000
6 0.498750 0.977500 0.017500 0.027500
6 0.765000 0.916250 0.012500 0.020000
6 0.751250 0.678750 0.007500 0.020000
6 0.840000 0.265000 0.015000 0.020000
6 0.750000 0.828750 0.012500 0.022500
6 0.488750 0.975000 0.015000 0.020000
6 0.518750 0.817500 0.017500 0.007500
6 0.791250 0.652500 0.022500 0.010000
6 0.667500 0.485000 0.010000 0.022500
6 0.797500 0.260000 0.017500 0.017500
6 0.535000 0.737500 0.032500 0.012500
6 0.808750 0.541250 0.012500 0.025000
6 0.807500 0.521250 0.010000 0.017500
6 0.591250 0.728750 0.020000 0.015000
6 0.692500 0.691250 0.010000 0.020000
6 0.625000 0.831250 0.017500 0.012500
6 0.463750 0.915000 0.022500 0.015000
6 0.695000 0.488750 0.012500 0.020000
6 0.795000 0.562500 0.012500 0.020000
6 0.817500 0.407500 0.010000 0.020000
6 0.726250 0.843750 0.017500 0.025000
6 0.646250 0.828750 0.020000 0.017500
6 0.742500 0.921250 0.015000 0.022500
6 0.842500 0.207500 0.015000 0.020000
6 0.658750 0.701250 0.012500 0.017500
6 0.682500 0.696250 0.015000 0.020000
6 0.623750 0.822500 0.020000 0.012500
6 0.480000 0.966250 0.012500 0.017500
6 0.471250 0.705000 0.017500 0.010000
6 0.542500 0.812500 0.022500 0.015000
6 0.695000 0.573750 0.025000 0.017500
6 0.577500 0.847500 0.015000 0.015000
6 0.471250 0.962500 0.017500 0.012500
6 0.805000 0.561250 0.007500 0.017500
6 0.483750 0.738750 0.025000 0.015000
6 0.735000 0.705000 0.015000 0.025000
6 0.763750 0.746250 0.012500 0.020000
6 0.766250 0.725000 0.012500 0.017500
6 0.612500 0.723750 0.020000 0.012500
6 0.713750 0.698750 0.027500 0.010000
6 0.556250 0.830000 0.027500 0.010000
6 0.767500 0.501250 0.007500 0.017500
6 0.632500 0.712500 0.020000 0.012500
6 0.458750 0.956250 0.010000 0.017500
6 0.770000 0.481250 0.010000 0.017500
6 0.770000 0.461250 0.012500 0.015000
6 0.802500 0.446250 0.007500 0.017500
6 0.780000 0.402500 0.012500 0.020000
6 0.772500 0.372500 0.025000 0.015000
6 0.468750 0.741250 0.010000 0.020000
6 0.760000 0.773750 0.010000 0.020000
6 0.755000 0.635000 0.010000 0.022500
6 0.823750 0.362500 0.012500 0.015000
6 0.832500 0.320000 0.012500 0.020000
6 0.670000 0.836250 0.015000 0.020000
6 0.707500 0.493750 0.010000 0.020000
6 0.622500 0.715000 0.017500 0.007500
6 0.635000 0.703750 0.022500 0.020000
6 0.713750 0.688750 0.025000 0.007500
6 0.755000 0.901250 0.010000 0.017500
6 0.445000 0.995000 0.022500 0.010000
6 0.760000 0.581250 0.010000 0.022500
6 0.791250 0.270000 0.015000 0.020000
6 0.401250 0.776250 0.022500 0.010000
6 0.438750 0.791250 0.022500 0.017500
6 0.758750 0.603750 0.010000 0.017500
6 0.726250 0.600000 0.012500 0.017500
6 0.763750 0.558750 0.010000 0.020000
