3 0.526250 0.275000 0.020000 0.015000
6 0.203750 0.907500 0.027500 0.012500
6 0.076250 0.921250 0.022500 0.012500
6 0.448750 0.891250 0.025000 0.010000
6 0.041250 0.933750 0.020000 0.012500
6 0.325000 0.913750 0.025000 0.010000
6 0.528750 0.886250 0.022500 0.012500
6 0.680000 0.950000 0.017500 0.012500
6 0.638750 0.876250 0.020000 0.010000
6 0.672500 0.872500 0.022500 0.012500
6 0.476250 0.888750 0.022500 0.012500
6 0.340000 0.898750 0.022500 0.007500
6 0.552500 0.882500 0.022500 0.010000
6 0.505000 0.885000 0.020000 0.012500
6 0.056250 0.956250 0.025000 0.015000
6 0.580000 0.882500 0.022500 0.010000
6 0.240000 0.906250 0.025000 0.007500
6 0.425000 0.891250 0.025000 0.012500
6 0.611250 0.877500 0.030000 0.007500
6 0.282500 0.901250 0.022500 0.010000
6 0.392500 0.893750 0.015000 0.012500
6 0.311250 0.900000 0.022500 0.010000
