6 0.282500 0.927500 0.012500 0.017500
6 0.430000 0.645000 0.027500 0.015000
6 0.567500 0.406250 0.025000 0.015000
6 0.570000 0.393750 0.022500 0.012500
6 0.473750 0.490000 0.022500 0.015000
6 0.531250 0.256250 0.012500 0.017500
6 0.521250 0.260000 0.012500 0.017500
6 0.590000 0.302500 0.015000 0.027500
6 0.752500 0.346250 0.012500 0.015000
6 0.490000 0.546250 0.017500 0.015000
6 0.581250 0.053750 0.057500 0.022500
6 0.261250 0.958750 0.010000 0.012500
6 0.621250 0.118750 0.007500 0.015000
6 0.465000 0.343750 0.015000 0.017500
6 0.483750 0.375000 0.022500 0.015000
6 0.555000 0.487500 0.012500 0.022500
6 0.587500 0.687500 0.015000 0.017500
6 0.611250 0.113750 0.012500 0.015000
6 0.631250 0.125000 0.010000 0.020000
6 0.506250 0.360000 0.025000 0.012500
6 0.623750 0.637500 0.007500 0.022500
6 0.685000 0.126250 0.020000 0.010000
6 0.477500 0.500000 0.020000 0.007500
6 0.665000 0.451250 0.022500 0.012500
6 0.661250 0.461250 0.027500 0.010000
6 0.538750 0.735000 0.012500 0.012500
6 0.586250 0.101250 0.010000 0.020000
6 0.505000 0.410000 0.022500 0.010000
6 0.558750 0.363750 0.017500 0.007500
6 0.507500 0.456250 0.010000 0.017500
6 0.495000 0.461250 0.012500 0.017500
6 0.565000 0.452500 0.022500 0.015000
6 0.730000 0.052500 0.010000 0.020000
6 0.558750 0.373750 0.020000 0.010000
6 0.521250 0.430000 0.010000 0.017500
6 0.486250 0.437500 0.010000 0.015000
6 0.501250 0.548750 0.020000 0.007500
6 0.598750 0.671250 0.012500 0.020000
6 0.100000 0.823750 0.035000 0.027500
6 0.416250 0.192500 0.012500 0.020000
6 0.561250 0.557500 0.015000 0.012500
6 0.617500 0.648750 0.012500 0.020000
6 0.605000 0.078750 0.015000 0.007500
6 0.422500 0.281250 0.012500 0.020000
6 0.522500 0.332500 0.012500 0.020000
6 0.663750 0.536250 0.020000 0.017500
6 0.720000 0.440000 0.020000 0.017500
6 0.610000 0.662500 0.010000 0.020000
6 0.581250 0.701250 0.010000 0.015000
6 0.486250 0.821250 0.012500 0.020000
6 0.076250 0.926250 0.027500 0.025000
6 0.420000 0.010000 0.017500 0.017500
6 0.752500 0.102500 0.012500 0.020000
6 0.755000 0.127500 0.012500 0.020000
6 0.528750 0.746250 0.012500 0.022500
6 0.468750 0.852500 0.012500 0.017500
6 0.422500 0.051250 0.027500 0.017500
6 0.567500 0.090000 0.015000 0.015000
6 0.756250 0.171250 0.010000 0.022500
6 0.536250 0.568750 0.012500 0.015000
6 0.731250 0.425000 0.020000 0.015000
6 0.507500 0.782500 0.015000 0.022500
6 0.422500 0.248750 0.017500 0.012500
6 0.548750 0.228750 0.025000 0.025000
6 0.445000 0.000000 0.012500 0.017500
6 0.496250 0.265000 0.010000 0.020000
6 0.442500 0.937500 0.010000 0.012500
6 0.416250 0.225000 0.027500 0.010000
6 0.432500 0.233750 0.022500 0.015000
6 0.518750 0.393750 0.020000 0.010000
6 0.565000 0.382500 0.015000 0.010000
6 0.497500 0.435000 0.010000 0.017500
6 0.725000 0.432500 0.022500 0.012500
6 0.053750 0.876250 0.027500 0.027500
6 0.460000 0.030000 0.025000 0.015000
6 0.560000 0.518750 0.020000 0.007500
6 0.455000 0.998750 0.015000 0.020000
6 0.090000 0.811250 0.032500 0.020000
6 0.495000 0.392500 0.017500 0.007500
6 0.528750 0.540000 0.012500 0.017500
6 0.461250 0.971250 0.015000 0.020000
6 0.450000 0.255000 0.020000 0.005000
6 0.465000 0.476250 0.022500 0.010000
6 0.485000 0.527500 0.022500 0.007500
6 0.548750 0.563750 0.010000 0.015000
6 0.536250 0.007500 0.020000 0.007500
6 0.495000 0.071250 0.022500 0.015000
6 0.498750 0.227500 0.017500 0.027500
6 0.560000 0.542500 0.020000 0.010000
6 0.765000 0.166250 0.012500 0.020000
6 0.633750 0.627500 0.010000 0.020000
6 0.750000 0.078750 0.012500 0.022500
6 0.488750 0.225000 0.015000 0.020000
6 0.572500 0.436250 0.012500 0.017500
6 0.533750 0.448750 0.012500 0.020000
6 0.666250 0.438750 0.025000 0.015000
6 0.518750 0.067500 0.017500 0.007500
6 0.515000 0.375000 0.020000 0.010000
6 0.523750 0.403750 0.020000 0.010000
6 0.482500 0.517500 0.017500 0.010000
6 0.508750 0.335000 0.012500 0.017500
6 0.567500 0.481250 0.015000 0.022500
6 0.625000 0.081250 0.017500 0.012500
6 0.463750 0.165000 0.022500 0.015000
6 0.546250 0.325000 0.012500 0.017500
6 0.511250 0.367500 0.020000 0.010000
6 0.545000 0.441250 0.012500 0.020000
6 0.560000 0.437500 0.010000 0.015000
6 0.702500 0.457500 0.012500 0.015000
6 0.726250 0.093750 0.017500 0.025000
6 0.646250 0.078750 0.020000 0.017500
6 0.742500 0.171250 0.015000 0.022500
6 0.442500 0.350000 0.015000 0.025000
6 0.531250 0.330000 0.010000 0.020000
6 0.507500 0.430000 0.012500 0.022500
6 0.532500 0.422500 0.010000 0.020000
6 0.543750 0.421250 0.010000 0.015000
6 0.541250 0.493750 0.015000 0.020000
6 0.536250 0.511250 0.010000 0.015000
6 0.623750 0.072500 0.020000 0.012500
6 0.480000 0.216250 0.012500 0.017500
6 0.482500 0.342500 0.012500 0.017500
6 0.553750 0.415000 0.007500 0.017500
6 0.518750 0.452500 0.012500 0.025000
6 0.512500 0.467500 0.017500 0.010000
6 0.498750 0.800000 0.017500 0.017500
6 0.542500 0.062500 0.022500 0.015000
6 0.472500 0.275000 0.012500 0.015000
6 0.476250 0.836250 0.015000 0.015000
6 0.577500 0.097500 0.015000 0.015000
6 0.471250 0.212500 0.017500 0.012500
6 0.495000 0.337500 0.012500 0.020000
6 0.477500 0.927500 0.007500 0.017500
6 0.053750 0.850000 0.027500 0.025000
6 0.556250 0.080000 0.027500 0.010000
6 0.483750 0.268750 0.007500 0.020000
6 0.418750 0.988750 0.012500 0.022500
6 0.083750 0.951250 0.027500 0.025000
6 0.450000 0.263750 0.020000 0.007500
6 0.458750 0.206250 0.010000 0.017500
6 0.466250 0.465000 0.020000 0.010000
6 0.067500 0.901250 0.030000 0.025000
6 0.516250 0.383750 0.022500 0.010000
6 0.582500 0.430000 0.010000 0.020000
6 0.760000 0.023750 0.010000 0.020000
6 0.432500 0.957500 0.015000 0.015000
6 0.670000 0.086250 0.015000 0.020000
6 0.492500 0.383750 0.017500 0.012500
6 0.530000 0.496250 0.015000 0.020000
6 0.696250 0.497500 0.022500 0.015000
6 0.755000 0.151250 0.010000 0.017500
6 0.445000 0.245000 0.022500 0.010000
6 0.501250 0.401250 0.017500 0.007500
6 0.547500 0.727500 0.012500 0.017500
6 0.401250 0.026250 0.022500 0.010000
6 0.438750 0.041250 0.022500 0.017500
6 0.508750 0.505000 0.012500 0.022500
6 0.655000 0.546250 0.015000 0.015000
6 0.558750 0.721250 0.010000 0.015000
6 0.520000 0.758750 0.022500 0.025000
