6 0.878750 0.400000 0.020000 0.007500
6 0.941250 0.597500 0.007500 0.012500
6 0.621250 0.442500 0.007500 0.017500
6 0.598750 0.442500 0.010000 0.017500
6 0.631250 0.442500 0.007500 0.012500
6 0.583750 0.398750 0.010000 0.012500
6 0.890000 0.717500 0.020000 0.012500
6 0.912500 0.728750 0.020000 0.007500
6 0.891250 0.728750 0.020000 0.007500
6 0.896250 0.743750 0.017500 0.007500
6 0.977500 0.787500 0.017500 0.012500
6 0.911250 0.700000 0.007500 0.015000
6 0.961250 0.716250 0.020000 0.007500
6 0.922500 0.675000 0.007500 0.017500
6 0.980000 0.715000 0.015000 0.007500
6 0.986250 0.695000 0.017500 0.012500
6 0.995000 0.776250 0.027500 0.007500
6 0.308750 0.302500 0.020000 0.015000
6 0.328750 0.313750 0.015000 0.012500
6 0.273750 0.220000 0.017500 0.010000
6 0.166250 0.103750 0.020000 0.010000
6 0.137500 0.167500 0.007500 0.015000
6 0.070000 0.745000 0.010000 0.030000
6 0.068750 0.685000 0.010000 0.020000
6 0.872500 0.742500 0.010000 0.005000
6 0.940000 0.668750 0.007500 0.017500
6 0.951250 0.698750 0.017500 0.007500
6 0.623750 0.888750 0.022500 0.012500
6 0.122500 0.158750 0.012500 0.020000
6 0.062500 0.766250 0.022500 0.012500
6 0.225000 0.628750 0.015000 0.015000
6 0.921250 0.580000 0.010000 0.017500
6 0.806250 0.808750 0.022500 0.015000
6 0.855000 0.855000 0.015000 0.010000
6 0.940000 0.490000 0.012500 0.020000
