6 0.190625 0.185625 0.013750 0.003750
6 0.587500 0.024375 0.012500 0.011250
6 0.569375 0.085000 0.008750 0.012500
6 0.589375 0.116250 0.006250 0.015000
6 0.578125 0.208125 0.006250 0.013750
6 0.600625 0.261875 0.006250 0.011250
6 0.601250 0.275625 0.007500 0.013750
6 0.583750 0.289375 0.005000 0.011250
6 0.570625 0.103125 0.006250 0.013750
6 0.691875 0.050000 0.013750 0.005000
6 0.649375 0.043750 0.006250 0.012500
6 0.691875 0.530000 0.013750 0.007500
6 0.686875 0.556875 0.016250 0.008750
6 0.530000 0.568750 0.010000 0.012500
6 0.515625 0.574375 0.008750 0.011250
6 0.461875 0.588125 0.011250 0.013750
6 0.038125 0.225625 0.016250 0.006250
6 0.919375 0.244375 0.006250 0.011250
6 0.921250 0.260000 0.010000 0.015000
6 0.886250 0.455625 0.012500 0.013750
6 0.805625 0.483125 0.013750 0.016250
6 0.795000 0.553750 0.012500 0.017500
6 0.901250 0.290000 0.007500 0.015000
6 0.385625 0.696250 0.008750 0.012500
6 0.395000 0.719375 0.010000 0.013750
6 0.466250 0.857500 0.010000 0.012500
6 0.479375 0.896250 0.011250 0.012500
6 0.473125 0.941250 0.011250 0.017500
6 0.090000 0.829375 0.012500 0.013750
6 0.768125 0.724375 0.011250 0.013750
6 0.808125 0.766250 0.011250 0.012500
6 0.796875 0.795000 0.008750 0.012500
6 0.861875 0.792500 0.013750 0.007500
6 0.818125 0.858125 0.006250 0.011250
6 0.866250 0.952500 0.007500 0.012500
6 0.845625 0.961250 0.006250 0.010000
6 0.871250 0.977500 0.007500 0.012500
6 0.850625 0.988125 0.008750 0.013750
6 0.804375 0.931875 0.016250 0.006250
6 0.278125 0.512500 0.008750 0.015000
