6 0.817500 0.741250 0.020000 0.010000
6 0.816250 0.755000 0.020000 0.010000
6 0.811250 0.798750 0.017500 0.007500
6 0.810000 0.810000 0.022500 0.007500
6 0.812500 0.822500 0.020000 0.010000
6 0.807500 0.841250 0.017500 0.010000
6 0.806250 0.851250 0.020000 0.007500
6 0.803750 0.880000 0.017500 0.010000
6 0.805000 0.867500 0.022500 0.007500
6 0.695000 0.871250 0.010000 0.020000
6 0.697500 0.783750 0.020000 0.010000
6 0.698750 0.773750 0.020000 0.010000
6 0.697500 0.762500 0.020000 0.007500
6 0.707500 0.738750 0.022500 0.007500
6 0.697500 0.795000 0.020000 0.007500
6 0.693750 0.805000 0.015000 0.007500
6 0.713750 0.705000 0.020000 0.010000
6 0.710000 0.726250 0.017500 0.010000
6 0.746250 0.700000 0.017500 0.007500
6 0.856250 0.555000 0.022500 0.010000
6 0.851250 0.588750 0.022500 0.007500
6 0.908750 0.555000 0.025000 0.010000
6 0.883750 0.615000 0.015000 0.007500
6 0.853750 0.566250 0.017500 0.007500
6 0.856250 0.577500 0.015000 0.007500
6 0.861250 0.533750 0.020000 0.007500
6 0.857500 0.543750 0.017500 0.010000
6 0.918750 0.507500 0.020000 0.010000
6 0.858750 0.490000 0.022500 0.007500
6 0.922500 0.473750 0.022500 0.010000
6 0.860000 0.480000 0.020000 0.007500
6 0.861250 0.462500 0.015000 0.007500
6 0.868750 0.347500 0.020000 0.010000
6 0.925000 0.345000 0.020000 0.010000
6 0.953750 0.327500 0.017500 0.007500
6 0.926250 0.322500 0.022500 0.010000
6 0.925000 0.312500 0.020000 0.007500
6 0.926250 0.305000 0.022500 0.010000
6 0.957500 0.293750 0.017500 0.010000
6 0.955000 0.282500 0.020000 0.010000
6 0.925000 0.291250 0.022500 0.010000
6 0.926250 0.280000 0.015000 0.010000
6 0.926250 0.266250 0.020000 0.010000
6 0.926250 0.251250 0.020000 0.010000
6 0.956250 0.310000 0.015000 0.007500
6 0.872500 0.292500 0.020000 0.007500
6 0.870000 0.332500 0.017500 0.010000
6 0.873750 0.281250 0.015000 0.007500
6 0.900000 0.575000 0.017500 0.007500
6 0.898750 0.588750 0.017500 0.010000
6 0.107500 0.383750 0.015000 0.022500
6 0.625000 0.503750 0.030000 0.012500
6 0.778750 0.883750 0.012500 0.020000
6 0.107500 0.336250 0.022500 0.015000
