6 0.077500 0.030000 0.022500 0.015000
6 0.098750 0.048750 0.017500 0.012500
6 0.120000 0.037500 0.022500 0.012500
6 0.087500 0.006250 0.015000 0.007500
6 0.085000 0.061250 0.017500 0.010000
6 0.845000 0.017500 0.017500 0.010000
6 0.793750 0.027500 0.020000 0.010000
6 0.828750 0.073750 0.020000 0.010000
6 0.828750 0.086250 0.015000 0.007500
6 0.746250 0.062500 0.010000 0.017500
6 0.761250 0.123750 0.007500 0.017500
6 0.801250 0.111250 0.020000 0.010000
6 0.800000 0.126250 0.017500 0.010000
6 0.665000 0.140000 0.010000 0.017500
6 0.675000 0.187500 0.012500 0.022500
6 0.672500 0.162500 0.010000 0.015000
6 0.746250 0.253750 0.010000 0.017500
6 0.646250 0.268750 0.020000 0.012500
6 0.666250 0.251250 0.022500 0.010000
6 0.711250 0.258750 0.010000 0.015000
6 0.733750 0.256250 0.010000 0.015000
6 0.678750 0.017500 0.020000 0.010000
6 0.690000 0.026250 0.015000 0.007500
6 0.677500 0.003750 0.017500 0.007500
6 0.185000 0.010000 0.022500 0.012500
6 0.713750 0.056250 0.022500 0.012500
6 0.813750 0.042500 0.022500 0.012500
6 0.728750 0.020000 0.022500 0.015000
