6 0.056250 0.715000 0.010000 0.017500
6 0.023750 0.721250 0.010000 0.020000
6 0.036250 0.721250 0.010000 0.017500
6 0.068750 0.716250 0.010000 0.020000
6 0.112500 0.713750 0.010000 0.020000
6 0.125000 0.711250 0.007500 0.017500
6 0.091250 0.715000 0.007500 0.017500
6 0.078750 0.715000 0.007500 0.015000
6 0.157500 0.713750 0.007500 0.015000
6 0.077500 0.780000 0.022500 0.015000
6 0.098750 0.798750 0.017500 0.012500
6 0.120000 0.787500 0.022500 0.012500
6 0.087500 0.756250 0.015000 0.007500
6 0.147500 0.711250 0.005000 0.010000
6 0.112500 0.748750 0.017500 0.010000
6 0.085000 0.811250 0.017500 0.010000
6 0.765000 0.702500 0.012500 0.017500
6 0.787500 0.698750 0.012500 0.020000
6 0.776250 0.700000 0.010000 0.017500
6 0.732500 0.672500 0.017500 0.015000
6 0.705000 0.638750 0.012500 0.012500
6 0.873750 0.691250 0.017500 0.010000
6 0.887500 0.740000 0.020000 0.010000
6 0.887500 0.727500 0.020000 0.007500
6 0.845000 0.767500 0.017500 0.010000
6 0.793750 0.777500 0.020000 0.010000
6 0.828750 0.823750 0.020000 0.010000
6 0.828750 0.836250 0.015000 0.007500
6 0.746250 0.812500 0.010000 0.017500
6 0.761250 0.873750 0.007500 0.017500
6 0.801250 0.861250 0.020000 0.010000
6 0.800000 0.876250 0.017500 0.010000
6 0.665000 0.890000 0.010000 0.017500
6 0.675000 0.937500 0.012500 0.022500
6 0.672500 0.912500 0.010000 0.015000
6 0.721250 0.745000 0.020000 0.010000
6 0.678750 0.767500 0.020000 0.010000
6 0.690000 0.776250 0.015000 0.007500
6 0.656250 0.707500 0.017500 0.010000
6 0.678750 0.742500 0.020000 0.010000
6 0.677500 0.753750 0.017500 0.007500
6 0.420000 0.231250 0.022500 0.010000
6 0.407500 0.211250 0.015000 0.010000
6 0.442500 0.263750 0.017500 0.012500
6 0.387500 0.318750 0.015000 0.007500
6 0.465000 0.315000 0.007500 0.015000
6 0.700000 0.243750 0.017500 0.010000
6 0.780000 0.211250 0.010000 0.017500
6 0.775000 0.192500 0.010000 0.015000
6 0.782500 0.195000 0.010000 0.020000
6 0.951250 0.186250 0.020000 0.012500
6 0.185000 0.760000 0.022500 0.012500
6 0.168750 0.713750 0.012500 0.017500
6 0.181250 0.713750 0.010000 0.015000
6 0.713750 0.806250 0.022500 0.012500
6 0.813750 0.792500 0.022500 0.012500
6 0.728750 0.770000 0.022500 0.015000
6 0.846250 0.696250 0.017500 0.010000
6 0.878750 0.705000 0.020000 0.005000
6 0.661250 0.732500 0.025000 0.015000
6 0.646250 0.680000 0.022500 0.007500
6 0.648750 0.651250 0.025000 0.012500
6 0.648750 0.638750 0.027500 0.017500
6 0.641250 0.620000 0.022500 0.012500
6 0.742500 0.543750 0.017500 0.015000
