4 0.068750 0.206250 0.037500 0.032500
4 0.145000 0.230000 0.047500 0.042500
4 0.158125 0.283750 0.043750 0.042500
4 0.093125 0.299375 0.043750 0.043750
4 0.081875 0.250000 0.036250 0.035000
4 0.197500 0.164375 0.012500 0.008750
4 0.201875 0.180000 0.011250 0.010000
4 0.206250 0.194375 0.010000 0.008750
4 0.221875 0.158125 0.011250 0.008750
4 0.226250 0.173750 0.012500 0.010000
4 0.238125 0.300625 0.013750 0.013750
4 0.263125 0.150000 0.011250 0.012500
4 0.287500 0.143750 0.012500 0.012500
4 0.266250 0.165625 0.010000 0.008750
4 0.291875 0.159375 0.011250 0.008750
4 0.270000 0.180000 0.012500 0.012500
4 0.296250 0.174375 0.015000 0.011250
4 0.283750 0.230625 0.015000 0.013750
4 0.307500 0.226250 0.015000 0.012500
4 0.288750 0.247500 0.012500 0.012500
4 0.311250 0.243750 0.012500 0.012500
4 0.293750 0.267500 0.012500 0.012500
4 0.316250 0.261875 0.012500 0.011250
4 0.297500 0.284375 0.012500 0.013750
4 0.321875 0.280000 0.013750 0.012500
4 0.348750 0.123125 0.017500 0.016250
4 0.373750 0.118125 0.017500 0.016250
4 0.350000 0.143125 0.010000 0.011250
4 0.365625 0.140625 0.011250 0.008750
4 0.382500 0.136875 0.010000 0.011250
4 0.412500 0.105000 0.012500 0.010000
4 0.429375 0.101250 0.011250 0.010000
4 0.443125 0.096250 0.011250 0.010000
4 0.458125 0.093125 0.008750 0.008750
4 0.478125 0.089375 0.013750 0.011250
4 0.495625 0.082500 0.011250 0.010000
4 0.423125 0.122500 0.016250 0.010000
4 0.444375 0.120000 0.013750 0.012500
4 0.470625 0.112500 0.016250 0.012500
4 0.498750 0.105000 0.017500 0.015000
4 0.356250 0.210625 0.020000 0.018750
4 0.363750 0.236875 0.022500 0.018750
4 0.391875 0.201250 0.021250 0.020000
4 0.398125 0.228125 0.021250 0.021250
4 0.374375 0.258750 0.013750 0.012500
4 0.400625 0.253125 0.011250 0.011250
4 0.378125 0.275625 0.013750 0.013750
4 0.404375 0.269375 0.013750 0.011250
4 0.435625 0.187500 0.018750 0.020000
4 0.468125 0.179375 0.018750 0.021250
4 0.441250 0.209375 0.020000 0.021250
4 0.473125 0.201875 0.021250 0.018750
4 0.447500 0.230000 0.017500 0.017500
4 0.477500 0.224375 0.017500 0.018750
4 0.452500 0.250000 0.017500 0.017500
4 0.482500 0.244375 0.017500 0.013750
4 0.458750 0.268125 0.015000 0.013750
4 0.485625 0.261250 0.013750 0.015000
4 0.512500 0.172500 0.020000 0.022500
4 0.519375 0.198125 0.023750 0.023750
4 0.311250 0.384375 0.010000 0.011250
4 0.319375 0.381250 0.008750 0.007500
4 0.327500 0.380000 0.007500 0.007500
4 0.335625 0.376875 0.008750 0.008750
4 0.380000 0.363750 0.007500 0.007500
4 0.389375 0.362500 0.008750 0.007500
4 0.398750 0.361875 0.007500 0.008750
4 0.408750 0.359375 0.007500 0.008750
4 0.343750 0.473750 0.017500 0.015000
4 0.349375 0.499375 0.016250 0.016250
4 0.510000 0.611875 0.012500 0.011250
4 0.478750 0.682500 0.032500 0.035000
4 0.440000 0.691250 0.032500 0.032500
4 0.404375 0.698750 0.031250 0.035000
4 0.360000 0.771250 0.015000 0.017500
4 0.340000 0.768750 0.012500 0.015000
4 0.342500 0.783750 0.012500 0.012500
4 0.306250 0.840000 0.030000 0.035000
4 0.268750 0.849375 0.030000 0.033750
4 0.232500 0.857500 0.030000 0.035000
4 0.337500 0.890625 0.030000 0.028750
4 0.151250 0.475000 0.017500 0.017500
4 0.146250 0.453750 0.017500 0.017500
4 0.141250 0.435000 0.017500 0.017500
4 0.715000 0.635625 0.007500 0.011250
