6 0.507500 0.601250 0.025000 0.030000
6 0.197500 0.603750 0.015000 0.020000
6 0.251250 0.801250 0.017500 0.022500
6 0.463750 0.522500 0.020000 0.015000
6 0.366250 0.170000 0.012500 0.017500
6 0.537500 0.511250 0.015000 0.025000
6 0.295000 0.903750 0.015000 0.010000
6 0.258750 0.411250 0.022500 0.035000
6 0.173750 0.561250 0.017500 0.020000
6 0.603750 0.816250 0.032500 0.022500
6 0.027500 0.440000 0.020000 0.020000
6 0.310000 0.898750 0.020000 0.017500
6 0.557500 0.805000 0.037500 0.027500
6 0.316250 0.847500 0.022500 0.012500
6 0.378750 0.880000 0.012500 0.017500
6 0.343750 0.836250 0.012500 0.020000
6 0.365000 0.836250 0.025000 0.022500
6 0.633750 0.830000 0.032500 0.025000
6 0.297500 0.915000 0.017500 0.010000
6 0.595000 0.228750 0.020000 0.015000
6 0.580000 0.782500 0.037500 0.037500
6 0.342500 0.863750 0.017500 0.017500
6 0.661250 0.978750 0.020000 0.017500
6 0.518750 0.696250 0.027500 0.032500
6 0.188750 0.930000 0.017500 0.012500
6 0.760000 0.668750 0.010000 0.017500
6 0.543750 0.776250 0.035000 0.027500
