6 0.222500 0.645625 0.010000 0.011250
6 0.233750 0.649375 0.010000 0.008750
6 0.206875 0.670625 0.008750 0.011250
6 0.526250 0.121875 0.012500 0.006250
6 0.541875 0.125625 0.013750 0.008750
6 0.481250 0.111875 0.015000 0.006250
6 0.624375 0.229375 0.006250 0.011250
6 0.604375 0.340000 0.008750 0.010000
6 0.596875 0.365625 0.006250 0.011250
6 0.587500 0.412500 0.010000 0.022500
6 0.578125 0.451250 0.006250 0.015000
6 0.609375 0.469375 0.011250 0.006250
6 0.563750 0.518750 0.010000 0.015000
6 0.561250 0.535000 0.007500 0.012500
6 0.553750 0.571875 0.007500 0.013750
6 0.568750 0.500625 0.007500 0.008750
6 0.538125 0.665000 0.006250 0.012500
6 0.562500 0.676875 0.010000 0.011250
6 0.438125 0.700625 0.011250 0.008750
6 0.416875 0.702500 0.008750 0.005000
6 0.398750 0.704375 0.017500 0.006250
6 0.389375 0.941875 0.008750 0.011250
6 0.396875 0.962500 0.006250 0.012500
6 0.403750 0.923750 0.007500 0.012500
6 0.396250 0.990000 0.010000 0.017500
6 0.077500 0.769375 0.010000 0.006250
6 0.064375 0.775000 0.006250 0.005000
6 0.041250 0.780625 0.010000 0.006250
6 0.125625 0.795000 0.008750 0.012500
6 0.213750 0.771250 0.007500 0.012500
6 0.010625 0.873125 0.011250 0.011250
6 0.145000 0.681875 0.010000 0.011250
6 0.151875 0.618125 0.008750 0.006250
6 0.013125 0.687500 0.011250 0.010000
6 0.171250 0.694375 0.007500 0.008750
6 0.171875 0.661875 0.006250 0.006250
6 0.176875 0.665625 0.006250 0.006250
6 0.196875 0.583750 0.011250 0.007500
6 0.183750 0.610625 0.007500 0.008750
6 0.131875 0.628750 0.011250 0.010000
6 0.093125 0.649375 0.008750 0.008750
6 0.096875 0.642500 0.011250 0.007500
6 0.098750 0.637500 0.010000 0.007500
6 0.105000 0.623125 0.010000 0.008750
6 0.107500 0.615000 0.012500 0.007500
6 0.179375 0.621250 0.011250 0.007500
6 0.144375 0.599375 0.011250 0.011250
6 0.156875 0.607500 0.011250 0.010000
6 0.159375 0.601875 0.008750 0.008750
6 0.063750 0.696250 0.007500 0.007500
6 0.011875 0.711875 0.008750 0.008750
6 0.038125 0.729375 0.008750 0.011250
6 0.053750 0.723750 0.010000 0.010000
6 0.196875 0.616250 0.011250 0.010000
6 0.018125 0.626875 0.013750 0.006250
6 0.011875 0.609375 0.011250 0.006250
6 0.012500 0.618125 0.012500 0.006250
6 0.111875 0.676875 0.006250 0.008750
6 0.080625 0.691875 0.008750 0.008750
6 0.159375 0.688750 0.008750 0.010000
6 0.105625 0.707500 0.008750 0.010000
