6 0.656250 0.650000 0.017500 0.022500
6 0.243750 0.228750 0.017500 0.010000
6 0.667500 0.600000 0.015000 0.017500
6 0.590000 0.645000 0.015000 0.020000
6 0.900000 0.207500 0.020000 0.010000
6 0.878750 0.216250 0.010000 0.017500
6 0.865000 0.217500 0.010000 0.017500
6 0.907500 0.223750 0.010000 0.020000
6 0.846250 0.216250 0.007500 0.020000
6 0.898750 0.223750 0.007500 0.020000
6 0.037500 0.148750 0.010000 0.017500
6 0.915000 0.223750 0.010000 0.017500
6 0.887500 0.221250 0.012500 0.020000
6 0.872500 0.171250 0.025000 0.012500
6 0.902500 0.181250 0.027500 0.022500
6 0.363750 0.145000 0.015000 0.007500
6 0.156250 0.142500 0.020000 0.010000
6 0.845000 0.200000 0.027500 0.012500
6 0.856250 0.220000 0.010000 0.022500
