6 0.702500 0.650000 0.017500 0.022500
6 0.290000 0.228750 0.017500 0.010000
6 0.713750 0.600000 0.015000 0.017500
6 0.636250 0.645000 0.015000 0.020000
6 0.946250 0.207500 0.020000 0.010000
6 0.925000 0.216250 0.010000 0.017500
6 0.911250 0.217500 0.010000 0.017500
6 0.953750 0.223750 0.010000 0.020000
6 0.892500 0.216250 0.007500 0.020000
6 0.945000 0.223750 0.007500 0.020000
6 0.083750 0.148750 0.010000 0.017500
6 0.961250 0.223750 0.010000 0.017500
6 0.933750 0.221250 0.012500 0.020000
6 0.918750 0.171250 0.025000 0.012500
6 0.948750 0.181250 0.027500 0.022500
6 0.410000 0.145000 0.015000 0.007500
6 0.202500 0.142500 0.020000 0.010000
6 0.891250 0.200000 0.027500 0.012500
6 0.902500 0.220000 0.010000 0.022500
