6 0.621250 0.597500 0.042500 0.017500
6 0.181250 0.322500 0.012500 0.025000
6 0.951250 0.283750 0.015000 0.032500
6 0.236250 0.247500 0.027500 0.015000
6 0.311250 0.116250 0.020000 0.012500
6 0.135000 0.562500 0.022500 0.012500
6 0.316250 0.492500 0.017500 0.010000
6 0.153750 0.648750 0.020000 0.010000
6 0.102500 0.561250 0.017500 0.010000
6 0.233750 0.608750 0.017500 0.012500
6 0.313750 0.428750 0.027500 0.012500
6 0.788750 0.006250 0.027500 0.010000
6 0.148750 0.600000 0.017500 0.012500
6 0.703750 0.010000 0.022500 0.012500
6 0.555000 0.512500 0.007500 0.017500
6 0.146250 0.150000 0.012500 0.022500
6 0.730000 0.125000 0.015000 0.020000
