6 0.926250 0.068750 0.017500 0.020000
6 0.918750 0.048750 0.017500 0.012500
6 0.172500 0.486250 0.020000 0.010000
6 0.116250 0.310000 0.007500 0.015000
6 0.968750 0.172500 0.017500 0.015000
6 0.115000 0.485000 0.007500 0.020000
6 0.263750 0.321250 0.012500 0.020000
6 0.713750 0.200000 0.012500 0.025000
6 0.608750 0.137500 0.025000 0.012500
6 0.727500 0.168750 0.017500 0.035000
6 0.527500 0.593750 0.020000 0.010000
6 0.547500 0.835000 0.012500 0.020000
6 0.912500 0.076250 0.012500 0.010000
