6 0.042500 0.117500 0.015000 0.017500
6 0.001250 0.523750 0.022500 0.012500
6 0.002500 0.538750 0.022500 0.012500
6 0.000000 0.560000 0.022500 0.012500
6 0.046250 0.502500 0.012500 0.022500
6 0.072500 0.513750 0.022500 0.010000
6 0.073750 0.521250 0.017500 0.010000
6 0.071250 0.532500 0.017500 0.012500
6 0.073750 0.551250 0.020000 0.012500
6 0.068750 0.587500 0.022500 0.012500
6 0.077500 0.490000 0.010000 0.020000
6 0.111250 0.558750 0.020000 0.012500
6 0.100000 0.623750 0.007500 0.017500
6 0.076250 0.670000 0.010000 0.015000
6 0.128750 0.638750 0.015000 0.010000
6 0.795000 0.181250 0.012500 0.030000
6 0.812500 0.181250 0.012500 0.025000
6 0.612500 0.266250 0.010000 0.015000
6 0.110000 0.587500 0.022500 0.012500
6 0.110000 0.513750 0.017500 0.010000
6 0.110000 0.505000 0.020000 0.015000
6 0.127500 0.628750 0.017500 0.010000
6 0.603750 0.923750 0.020000 0.010000
6 0.587500 0.386250 0.017500 0.012500
6 0.570000 0.751250 0.022500 0.012500
6 0.647500 0.863750 0.020000 0.010000
6 0.647500 0.873750 0.022500 0.010000
6 0.608750 0.550000 0.010000 0.022500
6 0.622500 0.111250 0.007500 0.020000
6 0.097500 0.932500 0.020000 0.010000
6 0.508750 0.781250 0.035000 0.020000
6 0.657500 0.952500 0.015000 0.022500
6 0.458750 0.781250 0.027500 0.015000
6 0.441250 0.797500 0.017500 0.015000
6 0.393750 0.748750 0.020000 0.012500
6 0.605000 0.778750 0.020000 0.012500
6 0.516250 0.061250 0.022500 0.007500
6 0.615000 0.955000 0.012500 0.015000
6 0.620000 0.413750 0.015000 0.017500
6 0.588750 0.426250 0.015000 0.010000
6 0.162500 0.706250 0.012500 0.025000
6 0.617500 0.787500 0.017500 0.010000
6 0.093750 0.888750 0.020000 0.010000
6 0.217500 0.662500 0.010000 0.017500
6 0.921250 0.782500 0.025000 0.010000
6 0.585000 0.541250 0.017500 0.010000
6 0.878750 0.798750 0.017500 0.010000
6 0.306250 0.768750 0.025000 0.012500
6 0.686250 0.925000 0.020000 0.010000
6 0.592500 0.710000 0.012500 0.020000
6 0.778750 0.180000 0.012500 0.017500
6 0.091250 0.907500 0.025000 0.015000
6 0.133750 0.988750 0.017500 0.015000
6 0.170000 0.810000 0.015000 0.010000
6 0.152500 0.067500 0.025000 0.015000
6 0.911250 0.848750 0.022500 0.035000
6 0.800000 0.798750 0.017500 0.007500
6 0.337500 0.813750 0.020000 0.012500
6 0.361250 0.812500 0.025000 0.012500
6 0.646250 0.900000 0.017500 0.007500
6 0.593750 0.231250 0.010000 0.017500
6 0.348750 0.753750 0.030000 0.017500
6 0.623750 0.550000 0.010000 0.017500
6 0.103750 0.842500 0.010000 0.020000
6 0.140000 0.763750 0.025000 0.012500
6 0.421250 0.796250 0.017500 0.010000
6 0.621250 0.677500 0.007500 0.022500
6 0.188750 0.663750 0.010000 0.017500
6 0.366250 0.795000 0.032500 0.012500
6 0.430000 0.845000 0.012500 0.020000
6 0.872500 0.752500 0.020000 0.010000
6 0.597500 0.797500 0.032500 0.020000
6 0.685000 0.780000 0.020000 0.007500
6 0.096250 0.872500 0.017500 0.012500
6 0.837500 0.011250 0.020000 0.007500
6 0.306250 0.748750 0.020000 0.012500
6 0.192500 0.745000 0.022500 0.010000
6 0.851250 0.630000 0.017500 0.015000
6 0.178750 0.670000 0.010000 0.030000
6 0.961250 0.788750 0.015000 0.010000
6 0.988750 0.801250 0.022500 0.010000
6 0.623750 0.485000 0.010000 0.017500
6 0.226250 0.702500 0.010000 0.025000
6 0.526250 0.925000 0.022500 0.010000
6 0.627500 0.926250 0.017500 0.010000
6 0.645000 0.908750 0.025000 0.007500
6 0.631250 0.977500 0.017500 0.017500
6 0.031250 0.803750 0.022500 0.017500
6 0.611250 0.312500 0.007500 0.020000
6 0.748750 0.751250 0.035000 0.020000
6 0.377500 0.855000 0.012500 0.022500
6 0.638750 0.777500 0.020000 0.012500
6 0.643750 0.841250 0.022500 0.010000
6 0.795000 0.628750 0.010000 0.020000
6 0.235000 0.748750 0.037500 0.015000
6 0.555000 0.783750 0.020000 0.010000
6 0.095000 0.966250 0.020000 0.005000
6 0.638750 0.917500 0.020000 0.010000
6 0.592500 0.185000 0.012500 0.017500
6 0.092500 0.953750 0.022500 0.007500
6 0.440000 0.751250 0.020000 0.012500
6 0.117500 0.786250 0.015000 0.025000
6 0.752500 0.795000 0.017500 0.012500
6 0.583750 0.490000 0.017500 0.010000
6 0.658750 0.978750 0.010000 0.025000
6 0.583750 0.932500 0.017500 0.010000
6 0.630000 0.966250 0.017500 0.015000
6 0.588750 0.108750 0.010000 0.015000
6 0.200000 0.665000 0.010000 0.015000
6 0.290000 0.795000 0.020000 0.010000
6 0.602500 0.953750 0.012500 0.012500
6 0.587500 0.366250 0.020000 0.010000
6 0.091250 0.997500 0.022500 0.012500
6 0.657500 0.998750 0.010000 0.017500
6 0.623750 0.590000 0.012500 0.020000
6 0.780000 0.008750 0.010000 0.017500
6 0.610000 0.758750 0.020000 0.022500
6 0.623750 0.387500 0.010000 0.015000
6 0.940000 0.800000 0.027500 0.015000
6 0.017500 0.313750 0.052500 0.060000
6 0.245000 0.810000 0.025000 0.012500
6 0.515000 0.797500 0.020000 0.012500
6 0.595000 0.206250 0.012500 0.015000
6 0.405000 0.811250 0.020000 0.012500
6 0.585000 0.551250 0.020000 0.007500
6 0.233750 0.951250 0.017500 0.015000
6 0.695000 0.750000 0.015000 0.012500
6 0.427500 0.812500 0.020000 0.010000
6 0.460000 0.753750 0.017500 0.012500
6 0.675000 0.802500 0.012500 0.017500
6 0.067500 0.742500 0.022500 0.010000
6 0.647500 0.883750 0.020000 0.005000
6 0.536250 0.751250 0.035000 0.012500
6 0.150000 0.811250 0.020000 0.010000
6 0.820000 0.798750 0.017500 0.010000
6 0.612500 0.245000 0.020000 0.017500
6 0.585000 0.522500 0.017500 0.012500
6 0.888750 0.407500 0.025000 0.010000
6 0.157500 0.918750 0.022500 0.010000
6 0.157500 0.921250 0.022500 0.007500
6 0.471250 0.815000 0.017500 0.010000
6 0.622500 0.265000 0.010000 0.017500
6 0.660000 0.898750 0.010000 0.017500
6 0.005000 0.263750 0.020000 0.027500
6 0.137500 0.900000 0.015000 0.017500
6 0.531250 0.768750 0.020000 0.007500
6 0.593750 0.955000 0.010000 0.017500
