6 0.212500 0.817500 0.017500 0.010000
6 0.572500 0.493750 0.007500 0.017500
6 0.603750 0.173750 0.020000 0.010000
6 0.998750 0.535000 0.017500 0.010000
6 0.570000 0.001250 0.022500 0.012500
6 0.647500 0.113750 0.020000 0.010000
6 0.647500 0.123750 0.022500 0.010000
6 0.631250 0.396250 0.020000 0.010000
6 0.821250 0.493750 0.022500 0.010000
6 0.097500 0.182500 0.020000 0.010000
6 0.508750 0.031250 0.035000 0.020000
6 0.657500 0.202500 0.015000 0.022500
6 0.018750 0.606250 0.017500 0.017500
6 0.458750 0.031250 0.027500 0.015000
6 0.441250 0.047500 0.017500 0.015000
6 0.605000 0.028750 0.020000 0.012500
6 0.615000 0.205000 0.012500 0.015000
6 0.617500 0.037500 0.017500 0.010000
6 0.093750 0.138750 0.020000 0.010000
6 0.921250 0.032500 0.025000 0.010000
6 0.088750 0.340000 0.022500 0.007500
6 0.591250 0.330000 0.020000 0.012500
6 0.623750 0.326250 0.022500 0.010000
6 0.878750 0.048750 0.017500 0.010000
6 0.306250 0.018750 0.025000 0.012500
6 0.686250 0.175000 0.020000 0.010000
6 0.090000 0.280000 0.022500 0.010000
6 0.091250 0.157500 0.025000 0.015000
6 0.133750 0.238750 0.017500 0.015000
6 0.170000 0.060000 0.015000 0.010000
6 0.677500 0.382500 0.020000 0.010000
6 0.641250 0.488750 0.007500 0.020000
6 0.911250 0.098750 0.022500 0.035000
6 0.800000 0.048750 0.017500 0.007500
6 0.337500 0.063750 0.020000 0.012500
6 0.361250 0.062500 0.025000 0.012500
6 0.925000 0.466250 0.025000 0.010000
6 0.646250 0.150000 0.017500 0.007500
6 0.591250 0.320000 0.017500 0.007500
6 0.511250 0.448750 0.010000 0.020000
6 0.348750 0.003750 0.030000 0.017500
6 0.093750 0.268750 0.015000 0.010000
6 0.083750 0.442500 0.012500 0.015000
6 0.103750 0.092500 0.010000 0.020000
6 0.140000 0.013750 0.025000 0.012500
6 0.421250 0.046250 0.017500 0.010000
6 0.893750 0.492500 0.027500 0.010000
6 0.723750 0.620000 0.012500 0.020000
6 0.366250 0.045000 0.032500 0.012500
6 0.430000 0.095000 0.012500 0.020000
6 0.872500 0.002500 0.020000 0.010000
6 0.088750 0.368750 0.022500 0.010000
6 0.627500 0.292500 0.017500 0.010000
6 0.597500 0.047500 0.032500 0.020000
6 0.685000 0.030000 0.020000 0.007500
6 0.090000 0.331250 0.022500 0.007500
6 0.092500 0.410000 0.022500 0.010000
6 0.096250 0.122500 0.017500 0.012500
6 0.683750 0.487500 0.010000 0.017500
6 0.088750 0.350000 0.020000 0.010000
6 0.961250 0.038750 0.015000 0.010000
6 0.988750 0.051250 0.022500 0.010000
6 0.708750 0.486250 0.007500 0.022500
6 0.618750 0.335000 0.017500 0.007500
6 0.526250 0.175000 0.022500 0.010000
6 0.627500 0.176250 0.017500 0.010000
6 0.645000 0.158750 0.025000 0.007500
6 0.631250 0.227500 0.017500 0.017500
6 0.548750 0.452500 0.012500 0.012500
6 0.031250 0.053750 0.022500 0.017500
6 0.748750 0.001250 0.035000 0.020000
6 0.377500 0.105000 0.012500 0.022500
6 0.638750 0.027500 0.020000 0.012500
6 0.643750 0.091250 0.022500 0.010000
6 0.555000 0.033750 0.020000 0.010000
6 0.095000 0.216250 0.020000 0.005000
6 0.638750 0.167500 0.020000 0.010000
6 0.092500 0.203750 0.022500 0.007500
6 0.440000 0.001250 0.020000 0.012500
6 0.117500 0.036250 0.015000 0.025000
6 0.752500 0.045000 0.017500 0.012500
6 0.658750 0.228750 0.010000 0.025000
6 0.583750 0.182500 0.017500 0.010000
6 0.630000 0.216250 0.017500 0.015000
6 0.290000 0.045000 0.020000 0.010000
6 0.602500 0.203750 0.012500 0.012500
6 0.091250 0.247500 0.022500 0.012500
6 0.657500 0.248750 0.010000 0.017500
6 0.633750 0.356250 0.015000 0.025000
6 0.425000 0.461250 0.017500 0.012500
6 0.610000 0.008750 0.020000 0.022500
6 0.655000 0.311250 0.012500 0.020000
6 0.583750 0.491250 0.012500 0.020000
6 0.940000 0.050000 0.027500 0.015000
6 0.496250 0.487500 0.022500 0.007500
6 0.245000 0.060000 0.025000 0.012500
6 0.515000 0.047500 0.020000 0.012500
6 0.405000 0.061250 0.020000 0.012500
6 0.233750 0.201250 0.017500 0.015000
6 0.090000 0.321250 0.022500 0.007500
6 0.892500 0.470000 0.022500 0.012500
6 0.695000 0.000000 0.015000 0.012500
6 0.427500 0.062500 0.020000 0.010000
6 0.460000 0.003750 0.017500 0.012500
6 0.675000 0.052500 0.012500 0.017500
6 0.628750 0.285000 0.022500 0.010000
6 0.647500 0.133750 0.020000 0.005000
6 0.120000 0.678750 0.012500 0.025000
6 0.536250 0.001250 0.035000 0.012500
6 0.150000 0.061250 0.020000 0.010000
6 0.820000 0.048750 0.017500 0.010000
6 0.157500 0.168750 0.022500 0.010000
6 0.157500 0.171250 0.022500 0.007500
6 0.471250 0.065000 0.017500 0.010000
6 0.660000 0.148750 0.010000 0.017500
6 0.137500 0.150000 0.015000 0.017500
6 0.088750 0.357500 0.022500 0.007500
6 0.531250 0.018750 0.020000 0.007500
6 0.593750 0.205000 0.010000 0.017500
6 0.656250 0.362500 0.012500 0.022500
6 0.997500 0.465000 0.020000 0.010000
