6 0.136250 0.158750 0.017500 0.012500
6 0.462500 0.396250 0.030000 0.030000
6 0.485000 0.411250 0.027500 0.030000
6 0.523750 0.393750 0.030000 0.032500
6 0.546250 0.385000 0.017500 0.020000
6 0.331250 0.988750 0.020000 0.012500
6 0.848750 0.128750 0.010000 0.022500
6 0.848750 0.152500 0.010000 0.020000
6 0.848750 0.190000 0.010000 0.017500
6 0.741250 0.013750 0.020000 0.015000
6 0.798750 0.666250 0.012500 0.022500
6 0.996250 0.028750 0.025000 0.015000
6 0.852500 0.317500 0.010000 0.025000
6 0.893750 0.262500 0.017500 0.007500
6 0.302500 0.566250 0.020000 0.007500
6 0.740000 0.042500 0.017500 0.015000
6 0.957500 0.027500 0.035000 0.017500
6 0.515000 0.570000 0.017500 0.012500
6 0.867500 0.283750 0.012500 0.020000
6 0.575000 0.518750 0.015000 0.017500
6 0.525000 0.316250 0.035000 0.032500
6 0.528750 0.556250 0.020000 0.015000
6 0.612500 0.131250 0.042500 0.045000
6 0.855000 0.358750 0.010000 0.015000
6 0.717500 0.000000 0.020000 0.007500
6 0.595000 0.502500 0.017500 0.017500
6 0.726250 0.357500 0.010000 0.015000
6 0.451250 0.422500 0.017500 0.017500
6 0.643750 0.458750 0.020000 0.015000
6 0.235000 0.862500 0.022500 0.045000
6 0.843750 0.476250 0.020000 0.010000
6 0.178750 0.852500 0.022500 0.010000
6 0.337500 0.607500 0.015000 0.020000
6 0.375000 0.872500 0.020000 0.012500
6 0.880000 0.476250 0.022500 0.010000
6 0.100000 0.203750 0.027500 0.035000
6 0.735000 0.750000 0.017500 0.012500
6 0.516250 0.963750 0.017500 0.010000
6 0.783750 0.026250 0.022500 0.012500
6 0.645000 0.552500 0.012500 0.017500
6 0.775000 0.632500 0.012500 0.022500
6 0.331250 0.721250 0.027500 0.030000
6 0.257500 0.822500 0.015000 0.025000
6 0.630000 0.471250 0.017500 0.015000
6 0.240000 0.576250 0.025000 0.015000
6 0.371250 0.713750 0.022500 0.027500
6 0.678750 0.450000 0.030000 0.027500
6 0.943750 0.005000 0.030000 0.017500
6 0.313750 0.740000 0.020000 0.015000
6 0.841250 0.241250 0.012500 0.017500
6 0.476250 0.613750 0.017500 0.015000
6 0.743750 0.471250 0.027500 0.012500
6 0.231250 0.966250 0.010000 0.017500
6 0.487500 0.666250 0.012500 0.030000
6 0.848750 0.095000 0.012500 0.030000
6 0.850000 0.071250 0.017500 0.027500
6 0.242500 0.951250 0.010000 0.022500
6 0.976250 0.005000 0.020000 0.010000
6 0.598750 0.375000 0.012500 0.015000
6 0.775000 0.055000 0.015000 0.015000
6 0.806250 0.621250 0.030000 0.012500
6 0.733750 0.351250 0.015000 0.015000
6 0.140000 0.378750 0.025000 0.025000
6 0.912500 0.023750 0.025000 0.017500
6 0.045000 0.852500 0.020000 0.012500
6 0.006250 0.840000 0.022500 0.012500
6 0.693750 0.415000 0.020000 0.015000
6 0.805000 0.455000 0.025000 0.007500
6 0.847500 0.175000 0.012500 0.017500
6 0.768750 0.465000 0.020000 0.010000
6 0.836250 0.272500 0.017500 0.022500
6 0.483750 0.870000 0.022500 0.010000
6 0.847500 0.216250 0.012500 0.027500
