6 0.236250 0.245000 0.022500 0.012500
6 0.916250 0.451250 0.027500 0.010000
6 0.375000 0.520000 0.012500 0.022500
6 0.840000 0.495000 0.022500 0.025000
6 0.920000 0.442500 0.017500 0.010000
6 0.685000 0.957500 0.020000 0.010000
6 0.772500 0.930000 0.015000 0.007500
6 0.758750 0.980000 0.022500 0.010000
6 0.913750 0.395000 0.020000 0.007500
6 0.928750 0.406250 0.010000 0.022500
6 0.916250 0.413750 0.017500 0.010000
6 0.853750 0.393750 0.015000 0.030000
6 0.913750 0.387500 0.020000 0.007500
6 0.043750 0.186250 0.020000 0.017500
6 0.928750 0.487500 0.007500 0.017500
6 0.931250 0.326250 0.020000 0.007500
6 0.950000 0.427500 0.007500 0.020000
6 0.917500 0.480000 0.030000 0.042500
6 0.957500 0.366250 0.007500 0.017500
6 0.287500 0.298750 0.022500 0.010000
6 0.786250 0.357500 0.010000 0.017500
6 0.916250 0.406250 0.020000 0.010000
6 0.718750 0.910000 0.010000 0.015000
6 0.933750 0.460000 0.010000 0.015000
6 0.963750 0.250000 0.022500 0.012500
