6 0.341250 0.752500 0.030000 0.017500
6 0.422500 0.743750 0.027500 0.020000
6 0.587500 0.108750 0.015000 0.030000
6 0.475000 0.385000 0.037500 0.015000
6 0.280000 0.438750 0.020000 0.050000
6 0.313750 0.452500 0.017500 0.037500
6 0.166250 0.451250 0.027500 0.010000
6 0.090000 0.495000 0.022500 0.025000
6 0.170000 0.442500 0.017500 0.010000
6 0.022500 0.930000 0.015000 0.007500
6 0.008750 0.980000 0.022500 0.010000
6 0.163750 0.395000 0.020000 0.007500
6 0.178750 0.406250 0.010000 0.022500
6 0.415000 0.617500 0.020000 0.015000
6 0.166250 0.413750 0.017500 0.010000
6 0.103750 0.393750 0.015000 0.030000
6 0.163750 0.387500 0.020000 0.007500
6 0.178750 0.487500 0.007500 0.017500
6 0.181250 0.326250 0.020000 0.007500
6 0.200000 0.427500 0.007500 0.020000
6 0.167500 0.480000 0.030000 0.042500
6 0.457500 0.616250 0.015000 0.027500
6 0.207500 0.366250 0.007500 0.017500
6 0.036250 0.357500 0.010000 0.017500
6 0.166250 0.406250 0.020000 0.010000
6 0.183750 0.460000 0.010000 0.015000
6 0.213750 0.250000 0.022500 0.012500
