6 0.634375 0.316250 0.016250 0.007500
6 0.547500 0.214375 0.015000 0.013750
6 0.808750 0.322500 0.020000 0.010000
6 0.603750 0.210000 0.005000 0.012500
6 0.528750 0.257500 0.015000 0.007500
6 0.556875 0.208125 0.011250 0.016250
6 0.643750 0.976250 0.017500 0.010000
6 0.798125 0.980000 0.018750 0.012500
6 0.576875 0.992500 0.008750 0.015000
6 0.228750 0.961250 0.020000 0.010000
6 0.035625 0.715625 0.008750 0.016250
6 0.164375 0.724375 0.008750 0.018750
6 0.348750 0.573750 0.012500 0.007500
6 0.005625 0.603750 0.008750 0.007500
6 0.298750 0.525000 0.007500 0.017500
6 0.441250 0.681875 0.020000 0.008750
6 0.480625 0.709375 0.018750 0.008750
6 0.496250 0.735625 0.007500 0.021250
6 0.506250 0.735000 0.012500 0.020000
6 0.603125 0.713125 0.021250 0.008750
6 0.617500 0.578125 0.025000 0.013750
6 0.542500 0.501250 0.015000 0.010000
6 0.833125 0.642500 0.011250 0.022500
6 0.919375 0.258125 0.021250 0.013750
6 0.840625 0.366875 0.008750 0.023750
6 0.890000 0.364375 0.015000 0.006250
6 0.890625 0.374375 0.016250 0.006250
6 0.890000 0.384375 0.017500 0.006250
6 0.815000 0.386875 0.015000 0.008750
6 0.816250 0.424375 0.015000 0.006250
6 0.812500 0.443750 0.015000 0.007500
6 0.280000 0.303125 0.015000 0.006250
6 0.285000 0.215625 0.020000 0.008750
6 0.354375 0.254375 0.018750 0.011250
6 0.355625 0.278125 0.021250 0.008750
6 0.356875 0.267500 0.016250 0.010000
6 0.033750 0.193750 0.007500 0.012500
6 0.006250 0.296875 0.010000 0.006250
6 0.006250 0.308125 0.010000 0.006250
6 0.010625 0.331875 0.016250 0.008750
6 0.082500 0.483125 0.017500 0.008750
6 0.028750 0.497500 0.007500 0.015000
6 0.008750 0.550000 0.015000 0.007500
6 0.980000 0.110625 0.017500 0.008750
6 0.908750 0.110625 0.017500 0.006250
6 0.964375 0.135625 0.008750 0.018750
6 0.973750 0.136875 0.007500 0.018750
6 0.983750 0.136875 0.007500 0.016250
6 0.916250 0.025000 0.007500 0.020000
6 0.814375 0.094375 0.008750 0.018750
6 0.800000 0.092500 0.007500 0.015000
6 0.890000 0.140000 0.022500 0.010000
6 0.864375 0.138750 0.021250 0.010000
6 0.836250 0.137500 0.020000 0.007500
6 0.819375 0.132500 0.008750 0.017500
6 0.807500 0.131875 0.007500 0.016250
6 0.798125 0.132500 0.008750 0.015000
6 0.787500 0.131250 0.007500 0.015000
6 0.780000 0.131875 0.010000 0.018750
6 0.771250 0.131875 0.010000 0.016250
6 0.760625 0.131250 0.008750 0.015000
6 0.751250 0.130625 0.007500 0.016250
6 0.741875 0.131250 0.006250 0.017500
6 0.733750 0.128750 0.010000 0.017500
6 0.606875 0.120625 0.008750 0.023750
6 0.620000 0.126250 0.007500 0.015000
6 0.645625 0.126875 0.008750 0.016250
6 0.656250 0.127500 0.010000 0.015000
6 0.665000 0.128125 0.007500 0.018750
6 0.674375 0.129375 0.008750 0.016250
6 0.686875 0.126875 0.006250 0.018750
6 0.693750 0.127500 0.007500 0.017500
6 0.702500 0.127500 0.007500 0.017500
6 0.710000 0.126875 0.007500 0.013750
6 0.720625 0.130625 0.008750 0.013750
6 0.196250 0.023750 0.007500 0.017500
6 0.207500 0.024375 0.007500 0.018750
