6 0.628750 0.141250 0.007500 0.017500
6 0.411250 0.445000 0.020000 0.037500
6 0.573750 0.871250 0.017500 0.012500
6 0.268750 0.766250 0.017500 0.022500
6 0.632500 0.803750 0.010000 0.007500
6 0.702500 0.796250 0.012500 0.010000
6 0.692500 0.816250 0.015000 0.007500
6 0.758750 0.796250 0.020000 0.010000
6 0.323750 0.920000 0.012500 0.012500
6 0.616250 0.078750 0.007500 0.020000
6 0.802500 0.107500 0.012500 0.012500
6 0.228750 0.200000 0.015000 0.007500
6 0.240000 0.186250 0.017500 0.010000
6 0.236250 0.193750 0.015000 0.012500
6 0.230000 0.201250 0.015000 0.010000
6 0.036250 0.406250 0.010000 0.015000
6 0.263750 0.473750 0.012500 0.007500
6 0.977500 0.362500 0.007500 0.012500
6 0.968750 0.363750 0.007500 0.012500
6 0.891250 0.853750 0.020000 0.010000
6 0.843750 0.795000 0.020000 0.007500
6 0.852500 0.863750 0.020000 0.007500
6 0.935000 0.987500 0.015000 0.010000
6 0.673750 0.796250 0.010000 0.010000
6 0.712500 0.856250 0.020000 0.010000
6 0.756250 0.860000 0.020000 0.007500
6 0.515000 0.852500 0.017500 0.012500
6 0.480000 0.840000 0.012500 0.007500
6 0.412500 0.872500 0.015000 0.010000
6 0.311250 0.935000 0.015000 0.012500
6 0.380000 0.886250 0.015000 0.010000
6 0.270000 0.943750 0.015000 0.010000
6 0.222500 0.935000 0.010000 0.015000
6 0.212500 0.938750 0.007500 0.015000
6 0.193750 0.943750 0.010000 0.015000
6 0.663750 0.840000 0.015000 0.007500
6 0.033750 0.432500 0.007500 0.012500
