6 0.461250 0.745000 0.010000 0.012500
6 0.620000 0.313750 0.010000 0.007500
6 0.513750 0.228750 0.020000 0.010000
6 0.031250 0.028750 0.020000 0.012500
6 0.090000 0.478750 0.017500 0.012500
6 0.320000 0.560000 0.012500 0.010000
6 0.223750 0.330000 0.017500 0.012500
6 0.238750 0.337500 0.015000 0.010000
6 0.352500 0.367500 0.012500 0.010000
6 0.343750 0.356250 0.012500 0.007500
6 0.021250 0.233750 0.017500 0.010000
6 0.568750 0.432500 0.007500 0.015000
6 0.715000 0.496250 0.007500 0.012500
6 0.705000 0.491250 0.007500 0.015000
6 0.761250 0.308750 0.015000 0.012500
6 0.788750 0.315000 0.012500 0.010000
6 0.548750 0.201250 0.012500 0.010000
6 0.567500 0.232500 0.012500 0.010000
6 0.638750 0.325000 0.010000 0.012500
6 0.905000 0.626250 0.010000 0.015000
6 0.847500 0.597500 0.010000 0.015000
6 0.662500 0.917500 0.015000 0.005000
6 0.323750 0.117500 0.052500 0.030000
6 0.867500 0.612500 0.007500 0.015000
6 0.411250 0.137500 0.012500 0.007500
6 0.182500 0.282500 0.010000 0.007500
6 0.926250 0.633750 0.010000 0.005000
6 0.481250 0.706250 0.007500 0.012500
6 0.912500 0.657500 0.017500 0.012500
6 0.820000 0.586250 0.007500 0.010000
6 0.503750 0.203750 0.012500 0.007500
6 0.590000 0.242500 0.015000 0.007500
6 0.730000 0.493750 0.007500 0.007500
6 0.473750 0.725000 0.010000 0.012500
6 0.181250 0.917500 0.015000 0.007500
6 0.060000 0.858750 0.010000 0.007500
6 0.635000 0.542500 0.010000 0.015000
6 0.440000 0.170000 0.030000 0.017500
6 0.670000 0.407500 0.007500 0.017500
6 0.260000 0.348750 0.012500 0.005000
6 0.970000 0.421250 0.012500 0.005000
6 0.675000 0.565000 0.007500 0.010000
6 0.725000 0.565000 0.012500 0.007500
6 0.672500 0.260000 0.015000 0.005000
6 0.081250 0.236250 0.005000 0.010000
6 0.645000 0.400000 0.007500 0.012500
6 0.162500 0.271250 0.010000 0.005000
6 0.752500 0.296250 0.012500 0.007500
6 0.533750 0.217500 0.020000 0.010000
6 0.785000 0.898750 0.005000 0.020000
6 0.145000 0.263750 0.010000 0.007500
6 0.707500 0.353750 0.010000 0.012500
6 0.473750 0.171250 0.015000 0.012500
6 0.600000 0.307500 0.007500 0.012500
