6 0.237500 0.090000 0.015000 0.017500
6 0.179375 0.107500 0.018750 0.012500
6 0.188750 0.127500 0.017500 0.017500
6 0.416250 0.288750 0.022500 0.015000
6 0.401250 0.314375 0.015000 0.013750
6 0.346250 0.323750 0.017500 0.012500
6 0.335000 0.341875 0.015000 0.011250
6 0.322500 0.356875 0.015000 0.013750
6 0.318125 0.366875 0.021250 0.016250
6 0.383125 0.348125 0.021250 0.016250
6 0.372500 0.361875 0.020000 0.016250
6 0.356875 0.385000 0.016250 0.010000
6 0.325625 0.433125 0.021250 0.016250
6 0.316875 0.448125 0.021250 0.016250
6 0.294375 0.479375 0.018750 0.016250
6 0.248750 0.468125 0.020000 0.016250
6 0.281250 0.503750 0.020000 0.015000
6 0.192500 0.556875 0.015000 0.013750
6 0.205000 0.621875 0.020000 0.016250
6 0.016250 0.672500 0.020000 0.015000
6 0.161875 0.682500 0.018750 0.015000
6 0.146250 0.715625 0.020000 0.013750
6 0.075000 0.740000 0.020000 0.017500
6 0.098125 0.787500 0.021250 0.015000
