6 0.411250 0.986250 0.012500 0.017500
6 0.400000 0.982500 0.007500 0.017500
6 0.446250 0.943750 0.017500 0.022500
6 0.422500 0.926250 0.012500 0.020000
6 0.417500 0.901250 0.015000 0.020000
6 0.458750 0.911250 0.012500 0.020000
6 0.103750 0.953750 0.017500 0.010000
6 0.093750 0.938750 0.022500 0.017500
6 0.087500 0.925000 0.020000 0.010000
6 0.083750 0.915000 0.020000 0.010000
6 0.068750 0.891250 0.010000 0.020000
6 0.035000 0.918750 0.020000 0.012500
6 0.031250 0.907500 0.022500 0.010000
6 0.028750 0.895000 0.022500 0.012500
6 0.026250 0.886250 0.020000 0.010000
6 0.025000 0.875000 0.020000 0.010000
6 0.022500 0.862500 0.020000 0.012500
6 0.090000 0.836250 0.010000 0.017500
6 0.100000 0.833750 0.012500 0.022500
6 0.111250 0.832500 0.010000 0.020000
6 0.125000 0.821250 0.012500 0.017500
6 0.168750 0.812500 0.022500 0.012500
6 0.275000 0.846250 0.022500 0.012500
6 0.281250 0.875000 0.015000 0.007500
6 0.408750 0.863750 0.012500 0.020000
6 0.466250 0.791250 0.017500 0.010000
6 0.405000 0.831250 0.012500 0.022500
6 0.551250 0.870000 0.022500 0.012500
6 0.398750 0.803750 0.010000 0.017500
6 0.403750 0.766250 0.012500 0.022500
6 0.453750 0.782500 0.022500 0.012500
6 0.467500 0.815000 0.022500 0.010000
6 0.417500 0.711250 0.012500 0.022500
6 0.376250 0.722500 0.012500 0.022500
6 0.391250 0.776250 0.015000 0.017500
6 0.367500 0.677500 0.010000 0.017500
6 0.050000 0.742500 0.022500 0.015000
6 0.050000 0.728750 0.022500 0.010000
6 0.027500 0.707500 0.010000 0.022500
6 0.038750 0.682500 0.022500 0.012500
6 0.167500 0.591250 0.010000 0.020000
6 0.131250 0.532500 0.015000 0.022500
6 0.105000 0.533750 0.017500 0.020000
6 0.138750 0.481250 0.022500 0.012500
6 0.097500 0.541250 0.017500 0.020000
6 0.125000 0.581250 0.020000 0.007500
6 0.076250 0.536250 0.010000 0.022500
6 0.056250 0.547500 0.012500 0.025000
6 0.278750 0.541250 0.025000 0.012500
6 0.030000 0.461250 0.022500 0.010000
6 0.012500 0.528750 0.017500 0.012500
6 0.015000 0.511250 0.022500 0.010000
6 0.013750 0.492500 0.020000 0.007500
6 0.016250 0.481250 0.022500 0.015000
6 0.555000 0.568750 0.022500 0.015000
6 0.536250 0.542500 0.022500 0.012500
6 0.532500 0.563750 0.020000 0.010000
6 0.520000 0.481250 0.020000 0.010000
6 0.483750 0.476250 0.020000 0.012500
6 0.456250 0.493750 0.025000 0.010000
6 0.522500 0.517500 0.012500 0.020000
6 0.576250 0.472500 0.025000 0.012500
6 0.635000 0.435000 0.010000 0.020000
6 0.355000 0.401250 0.020000 0.010000
6 0.351250 0.390000 0.020000 0.012500
6 0.311250 0.360000 0.012500 0.025000
6 0.358750 0.376250 0.020000 0.010000
6 0.317500 0.592500 0.017500 0.017500
6 0.493750 0.165000 0.010000 0.015000
6 0.312500 0.193750 0.017500 0.007500
6 0.252500 0.210000 0.012500 0.017500
6 0.258750 0.190000 0.010000 0.017500
6 0.248750 0.152500 0.010000 0.017500
6 0.240000 0.118750 0.010000 0.017500
6 0.528750 0.135000 0.012500 0.022500
6 0.306250 0.175000 0.017500 0.010000
6 0.308750 0.163750 0.015000 0.010000
6 0.307500 0.155000 0.015000 0.010000
6 0.300000 0.145000 0.017500 0.012500
6 0.298750 0.132500 0.020000 0.010000
6 0.227500 0.066250 0.012500 0.022500
6 0.218750 0.021250 0.010000 0.015000
6 0.040000 0.665000 0.017500 0.012500
6 0.045000 0.718750 0.020000 0.007500
6 0.050000 0.796250 0.010000 0.017500
6 0.015000 0.437500 0.020000 0.007500
6 0.556250 0.161250 0.057500 0.032500
6 0.563750 0.128750 0.055000 0.030000
6 0.498750 0.190000 0.020000 0.030000
6 0.507500 0.236250 0.022500 0.050000
6 0.518750 0.273750 0.015000 0.022500
6 0.511250 0.865000 0.035000 0.027500
6 0.381250 0.507500 0.035000 0.015000
6 0.640000 0.693750 0.025000 0.035000
6 0.012500 0.800000 0.020000 0.010000
6 0.960000 0.020000 0.020000 0.017500
6 0.628750 0.363750 0.035000 0.022500
6 0.666250 0.382500 0.035000 0.020000
6 0.401250 0.701250 0.015000 0.027500
6 0.466250 0.041250 0.012500 0.015000
6 0.457500 0.010000 0.022500 0.030000
