6 0.995000 0.000000 0.020000 0.017500
6 0.762500 0.036250 0.017500 0.015000
6 0.738750 0.060000 0.017500 0.017500
6 0.822500 0.033750 0.017500 0.010000
6 0.777500 0.027500 0.015000 0.015000
6 0.561250 0.573750 0.047500 0.032500
6 0.607500 0.622500 0.042500 0.027500
6 0.763750 0.115000 0.020000 0.020000
6 0.820000 0.025000 0.020000 0.007500
6 0.713750 0.076250 0.012500 0.015000
6 0.705000 0.083750 0.017500 0.015000
6 0.725000 0.068750 0.015000 0.012500
6 0.548750 0.560000 0.037500 0.025000
6 0.617500 0.630000 0.035000 0.020000
6 0.758750 0.047500 0.015000 0.017500
6 0.952500 0.058750 0.015000 0.015000
6 0.883750 0.045000 0.015000 0.020000
6 0.948750 0.385000 0.017500 0.025000
6 0.967500 0.376250 0.022500 0.020000
6 0.698750 0.091250 0.017500 0.015000
6 0.592500 0.593750 0.042500 0.025000
6 0.786250 0.191250 0.032500 0.030000
6 0.691250 0.097500 0.010000 0.012500
