6 0.952500 0.272500 0.010000 0.017500
6 0.870000 0.805000 0.010000 0.020000
6 0.873750 0.925000 0.010000 0.015000
6 0.922500 0.542500 0.010000 0.015000
6 0.920000 0.556250 0.010000 0.015000
6 0.855000 0.913750 0.012500 0.022500
6 0.977500 0.265000 0.010000 0.012500
6 0.988750 0.213750 0.020000 0.037500
6 0.987500 0.036250 0.010000 0.015000
6 0.897500 0.667500 0.017500 0.020000
6 0.866250 0.728750 0.010000 0.015000
6 0.887500 0.470000 0.012500 0.020000
6 0.893750 0.930000 0.012500 0.022500
6 0.990000 0.068750 0.012500 0.012500
6 0.977500 0.057500 0.010000 0.022500
6 0.885000 0.573750 0.015000 0.022500
6 0.980000 0.192500 0.017500 0.020000
6 0.547500 0.926250 0.015000 0.027500
6 0.892500 0.782500 0.025000 0.030000
6 0.903750 0.512500 0.022500 0.020000
6 0.861250 0.803750 0.012500 0.022500
