6 0.671250 0.956250 0.007500 0.015000
6 0.702500 0.876250 0.015000 0.017500
6 0.817500 0.113750 0.042500 0.012500
6 0.672500 0.441250 0.015000 0.035000
6 0.668750 0.577500 0.012500 0.037500
6 0.701250 0.627500 0.010000 0.022500
6 0.535000 0.763750 0.010000 0.015000
6 0.707500 0.782500 0.012500 0.015000
6 0.653750 0.891250 0.012500 0.020000
6 0.077500 0.877500 0.010000 0.022500
6 0.070000 0.876250 0.015000 0.017500
6 0.046250 0.873750 0.007500 0.015000
6 0.150000 0.882500 0.005000 0.017500
6 0.023750 0.886250 0.017500 0.005000
6 0.160000 0.851250 0.015000 0.007500
6 0.172500 0.852500 0.020000 0.007500
6 0.421250 0.551250 0.015000 0.010000
6 0.401250 0.548750 0.020000 0.010000
6 0.453750 0.403750 0.007500 0.015000
6 0.446250 0.403750 0.010000 0.012500
6 0.428750 0.403750 0.007500 0.012500
6 0.375000 0.397500 0.010000 0.017500
6 0.547500 0.368750 0.007500 0.017500
6 0.468750 0.292500 0.015000 0.022500
6 0.225000 0.081250 0.017500 0.010000
6 0.262500 0.101250 0.032500 0.010000
6 0.098750 0.102500 0.027500 0.012500
6 0.050000 0.142500 0.007500 0.015000
6 0.192500 0.083750 0.015000 0.010000
6 0.000000 0.533750 0.010000 0.017500
6 0.153750 0.550000 0.010000 0.017500
6 0.100000 0.531250 0.015000 0.012500
6 0.032500 0.297500 0.015000 0.015000
6 0.038750 0.401250 0.010000 0.022500
6 0.148750 0.521250 0.010000 0.012500
6 0.126250 0.592500 0.010000 0.015000
6 0.867500 0.247500 0.017500 0.010000
6 0.840000 0.121250 0.020000 0.007500
6 0.892500 0.113750 0.022500 0.012500
6 0.066250 0.535000 0.007500 0.015000
6 0.673750 0.882500 0.005000 0.010000
6 0.683750 0.316250 0.010000 0.015000
6 0.916250 0.433750 0.015000 0.017500
6 0.326250 0.720000 0.010000 0.017500
6 0.131250 0.121250 0.010000 0.017500
6 0.550000 0.283750 0.020000 0.010000
6 0.272500 0.900000 0.015000 0.020000
6 0.936250 0.051250 0.017500 0.012500
6 0.692500 0.570000 0.012500 0.017500
6 0.702500 0.520000 0.010000 0.020000
6 0.771250 0.663750 0.012500 0.015000
6 0.258750 0.752500 0.007500 0.017500
6 0.271250 0.708750 0.015000 0.025000
6 0.080000 0.076250 0.012500 0.017500
6 0.251250 0.087500 0.017500 0.012500
6 0.715000 0.622500 0.015000 0.022500
6 0.908750 0.445000 0.020000 0.017500
6 0.711250 0.751250 0.012500 0.020000
6 0.076250 0.537500 0.015000 0.022500
6 0.066250 0.158750 0.010000 0.025000
6 0.172500 0.838750 0.010000 0.025000
6 0.425000 0.123750 0.015000 0.017500
6 0.428750 0.297500 0.012500 0.020000
6 0.873750 0.107500 0.020000 0.010000
6 0.652500 0.718750 0.010000 0.017500
6 0.958750 0.443750 0.017500 0.010000
6 0.998750 0.450000 0.022500 0.015000
6 0.660000 0.735000 0.012500 0.015000
6 0.048750 0.851250 0.015000 0.010000
6 0.021250 0.832500 0.017500 0.017500
6 0.683750 0.330000 0.007500 0.015000
6 0.910000 0.456250 0.017500 0.010000
6 0.710000 0.728750 0.010000 0.015000
6 0.041250 0.886250 0.015000 0.007500
6 0.147500 0.120000 0.015000 0.020000
6 0.421250 0.898750 0.012500 0.020000
6 0.488750 0.897500 0.010000 0.015000
6 0.762500 0.077500 0.017500 0.017500
6 0.753750 0.696250 0.020000 0.012500
6 0.955000 0.085000 0.020000 0.010000
6 0.278750 0.748750 0.010000 0.022500
6 0.560000 0.213750 0.010000 0.020000
6 0.461250 0.896250 0.015000 0.022500
6 0.687500 0.187500 0.007500 0.015000
6 0.675000 0.206250 0.010000 0.017500
6 0.916250 0.422500 0.015000 0.012500
6 0.162500 0.835000 0.012500 0.025000
6 0.083750 0.837500 0.017500 0.022500
6 0.682500 0.183750 0.010000 0.017500
6 0.685000 0.240000 0.012500 0.025000
6 0.696250 0.242500 0.010000 0.020000
6 0.852500 0.073750 0.017500 0.007500
6 0.696250 0.297500 0.010000 0.020000
6 0.683750 0.298750 0.012500 0.020000
6 0.683750 0.803750 0.015000 0.020000
6 0.045000 0.563750 0.015000 0.017500
6 0.440000 0.112500 0.020000 0.010000
6 0.550000 0.271250 0.020000 0.010000
6 0.725000 0.456250 0.010000 0.012500
6 0.365000 0.198750 0.010000 0.020000
6 0.480000 0.897500 0.012500 0.017500
6 0.507500 0.908750 0.020000 0.020000
6 0.726250 0.037500 0.010000 0.017500
6 0.697500 0.482500 0.012500 0.020000
6 0.087500 0.077500 0.010000 0.020000
6 0.095000 0.076250 0.012500 0.020000
6 0.105000 0.081250 0.017500 0.017500
6 0.551250 0.213750 0.012500 0.022500
6 0.698750 0.447500 0.010000 0.012500
6 0.890000 0.435000 0.015000 0.020000
6 0.952500 0.460000 0.017500 0.012500
6 0.663750 0.787500 0.015000 0.020000
6 0.315000 0.706250 0.015000 0.025000
6 0.526250 0.730000 0.020000 0.012500
6 0.501250 0.128750 0.012500 0.017500
6 0.717500 0.062500 0.012500 0.017500
6 0.697500 0.260000 0.010000 0.015000
6 0.723750 0.438750 0.012500 0.017500
6 0.666250 0.695000 0.012500 0.017500
6 0.168750 0.716250 0.020000 0.025000
6 0.071250 0.077500 0.012500 0.020000
6 0.493750 0.125000 0.015000 0.022500
6 0.446250 0.290000 0.012500 0.020000
6 0.531250 0.131250 0.007500 0.017500
6 0.335000 0.863750 0.017500 0.015000
6 0.746250 0.035000 0.012500 0.017500
6 0.693750 0.333750 0.010000 0.017500
6 0.717500 0.660000 0.012500 0.015000
6 0.921250 0.412500 0.020000 0.012500
6 0.063750 0.826250 0.015000 0.015000
6 0.871250 0.098750 0.012500 0.007500
6 0.987500 0.078750 0.022500 0.012500
6 0.435000 0.750000 0.015000 0.020000
6 0.001250 0.830000 0.017500 0.017500
6 0.546250 0.261250 0.017500 0.007500
6 0.401250 0.605000 0.017500 0.015000
6 0.958750 0.437500 0.022500 0.010000
6 0.553750 0.290000 0.022500 0.015000
6 0.743750 0.056250 0.012500 0.020000
6 0.686250 0.145000 0.010000 0.017500
6 0.713750 0.236250 0.010000 0.017500
6 0.731250 0.408750 0.022500 0.015000
6 0.812500 0.481250 0.017500 0.010000
6 0.180000 0.713750 0.015000 0.022500
6 0.013750 0.560000 0.020000 0.010000
6 0.511250 0.131250 0.012500 0.017500
6 0.720000 0.190000 0.012500 0.020000
6 0.737500 0.035000 0.010000 0.020000
6 0.896250 0.096250 0.022500 0.012500
6 0.666250 0.331250 0.010000 0.017500
6 0.268750 0.750000 0.010000 0.017500
6 0.023750 0.875000 0.015000 0.020000
6 0.281250 0.905000 0.012500 0.020000
6 0.037500 0.586250 0.025000 0.012500
6 0.718750 0.575000 0.017500 0.015000
6 0.112500 0.082500 0.012500 0.017500
6 0.548750 0.277500 0.025000 0.010000
6 0.541250 0.212500 0.010000 0.020000
6 0.448750 0.896250 0.012500 0.022500
6 0.692500 0.161250 0.010000 0.017500
6 0.781250 0.666250 0.012500 0.020000
6 0.791250 0.668750 0.012500 0.020000
6 0.013750 0.872500 0.010000 0.017500
6 0.458750 0.115000 0.022500 0.015000
6 0.276250 0.846250 0.015000 0.022500
6 0.782500 0.117500 0.020000 0.015000
6 0.690000 0.277500 0.010000 0.020000
6 0.716250 0.643750 0.010000 0.017500
6 0.120000 0.840000 0.010000 0.020000
6 0.333750 0.892500 0.012500 0.022500
6 0.717500 0.598750 0.015000 0.022500
6 0.796250 0.480000 0.015000 0.010000
6 0.686250 0.640000 0.012500 0.017500
6 0.942500 0.095000 0.020000 0.010000
6 0.888750 0.413750 0.012500 0.020000
6 0.511250 0.753750 0.020000 0.012500
6 0.296250 0.711250 0.015000 0.025000
6 0.152500 0.837500 0.012500 0.020000
6 0.130000 0.841250 0.010000 0.020000
6 0.006250 0.846250 0.015000 0.020000
6 0.770000 0.678750 0.012500 0.012500
6 0.121250 0.122500 0.007500 0.020000
6 0.403750 0.895000 0.012500 0.025000
6 0.667500 0.273750 0.010000 0.020000
6 0.785000 0.068750 0.017500 0.015000
6 0.923750 0.090000 0.015000 0.010000
6 0.795000 0.090000 0.022500 0.007500
6 0.676250 0.277500 0.007500 0.017500
6 0.698750 0.277500 0.012500 0.020000
6 0.693750 0.318750 0.007500 0.017500
6 0.715000 0.677500 0.012500 0.017500
6 0.412500 0.895000 0.010000 0.020000
6 0.293750 0.901250 0.015000 0.020000
6 0.826250 0.087500 0.015000 0.010000
6 0.790000 0.470000 0.022500 0.007500
6 0.063750 0.078750 0.015000 0.022500
6 0.392500 0.288750 0.012500 0.022500
6 0.005000 0.516250 0.015000 0.020000
6 0.388750 0.108750 0.017500 0.007500
6 0.371250 0.272500 0.022500 0.010000
6 0.546250 0.245000 0.020000 0.010000
6 0.807500 0.118750 0.017500 0.007500
6 0.060000 0.562500 0.012500 0.022500
6 0.106250 0.130000 0.015000 0.022500
6 0.702500 0.163750 0.010000 0.020000
6 0.930000 0.445000 0.015000 0.020000
6 0.673750 0.850000 0.012500 0.017500
6 0.056250 0.807500 0.017500 0.012500
6 0.028750 0.848750 0.015000 0.020000
6 0.851250 0.223750 0.020000 0.010000
6 0.413750 0.750000 0.017500 0.015000
6 0.382500 0.892500 0.012500 0.027500
6 0.368750 0.895000 0.012500 0.025000
6 0.703750 0.183750 0.010000 0.017500
6 0.348750 0.891250 0.012500 0.022500
6 0.755000 0.055000 0.012500 0.017500
6 0.708750 0.376250 0.012500 0.022500
6 0.730000 0.496250 0.010000 0.017500
6 0.686250 0.725000 0.012500 0.025000
6 0.731250 0.093750 0.020000 0.017500
6 0.982500 0.052500 0.017500 0.012500
6 0.948750 0.467500 0.022500 0.010000
6 0.182500 0.838750 0.007500 0.017500
6 0.567500 0.212500 0.012500 0.020000
6 0.758750 0.133750 0.020000 0.010000
6 0.740000 0.233750 0.015000 0.020000
6 0.673750 0.526250 0.010000 0.020000
6 0.950000 0.118750 0.012500 0.012500
6 0.357500 0.891250 0.010000 0.017500
6 0.676250 0.371250 0.010000 0.017500
6 0.728750 0.370000 0.015000 0.020000
6 0.732500 0.683750 0.017500 0.020000
6 0.642500 0.705000 0.010000 0.015000
6 0.956250 0.453750 0.020000 0.007500
6 0.281250 0.708750 0.012500 0.022500
6 0.377500 0.198750 0.015000 0.025000
6 0.527500 0.298750 0.022500 0.022500
6 0.292500 0.842500 0.017500 0.015000
