6 0.825000 0.602500 0.017500 0.012500
6 0.720000 0.421250 0.005000 0.017500
6 0.787500 0.572500 0.017500 0.010000
6 0.801250 0.407500 0.015000 0.007500
6 0.601250 0.993750 0.010000 0.010000
6 0.790000 0.562500 0.017500 0.007500
6 0.831250 0.385000 0.010000 0.015000
6 0.772500 0.147500 0.012500 0.015000
6 0.770000 0.261250 0.010000 0.015000
6 0.730000 0.425000 0.007500 0.020000
6 0.602500 0.613750 0.015000 0.017500
6 0.822500 0.073750 0.007500 0.012500
6 0.800000 0.417500 0.022500 0.010000
6 0.662500 0.470000 0.012500 0.015000
6 0.696250 0.507500 0.012500 0.027500
6 0.851250 0.667500 0.010000 0.010000
6 0.858750 0.677500 0.010000 0.012500
6 0.865000 0.682500 0.015000 0.012500
6 0.883750 0.702500 0.007500 0.012500
6 0.891250 0.708750 0.012500 0.012500
6 0.906250 0.721250 0.007500 0.010000
6 0.868750 0.238750 0.017500 0.010000
6 0.897500 0.247500 0.015000 0.010000
6 0.755000 0.266250 0.007500 0.012500
6 0.720000 0.340000 0.007500 0.012500
6 0.730000 0.276250 0.007500 0.012500
6 0.870000 0.691250 0.010000 0.010000
6 0.560000 0.727500 0.010000 0.015000
6 0.718750 0.306250 0.007500 0.010000
