6 0.176250 0.240000 0.017500 0.012500
6 0.301250 0.692500 0.010000 0.017500
6 0.147500 0.208750 0.007500 0.020000
6 0.171250 0.462500 0.017500 0.007500
6 0.172500 0.471250 0.017500 0.010000
6 0.170000 0.453750 0.017500 0.005000
6 0.633750 0.103750 0.017500 0.015000
6 0.493750 0.126250 0.052500 0.060000
6 0.475000 0.128750 0.037500 0.040000
6 0.465000 0.133750 0.032500 0.035000
6 0.598750 0.071250 0.062500 0.045000
6 0.606250 0.083750 0.065000 0.045000
0 0.065000 0.686250 0.042500 0.040000
