6 0.903750 0.406250 0.020000 0.010000
6 0.132500 0.346250 0.005000 0.015000
6 0.913750 0.426250 0.017500 0.005000
6 0.131250 0.400000 0.010000 0.015000
6 0.931250 0.687500 0.005000 0.012500
6 0.131250 0.366250 0.007500 0.012500
6 0.132500 0.418750 0.012500 0.015000
6 0.412500 0.443750 0.005000 0.012500
6 0.162500 0.393750 0.017500 0.007500
6 0.478750 0.226250 0.007500 0.012500
6 0.916250 0.435000 0.015000 0.007500
6 0.911250 0.417500 0.020000 0.005000
6 0.917500 0.443750 0.015000 0.002500
6 0.471250 0.268750 0.010000 0.012500
6 0.190000 0.276250 0.007500 0.005000
6 0.833750 0.276250 0.015000 0.012500
6 0.781250 0.208750 0.012500 0.012500
6 0.923750 0.511250 0.025000 0.012500
6 0.682500 0.038750 0.010000 0.010000
6 0.125000 0.495000 0.007500 0.012500
6 0.098750 0.370000 0.015000 0.010000
6 0.916250 0.450000 0.012500 0.005000
6 0.355000 0.668750 0.015000 0.017500
6 0.683750 0.023750 0.012500 0.012500
6 0.180000 0.635000 0.015000 0.012500
6 0.195000 0.637500 0.015000 0.007500
6 0.376250 0.636250 0.012500 0.012500
6 0.206250 0.641250 0.015000 0.012500
6 0.243750 0.647500 0.015000 0.012500
6 0.845000 0.990000 0.012500 0.017500
6 0.411250 0.645000 0.012500 0.020000
6 0.418750 0.675000 0.022500 0.010000
6 0.301250 0.660000 0.017500 0.015000
6 0.396250 0.642500 0.020000 0.020000
6 0.347500 0.788750 0.015000 0.020000
6 0.337500 0.665000 0.022500 0.015000
