6 0.551250 0.228750 0.012500 0.012500
6 0.985000 0.093750 0.010000 0.015000
6 0.958750 0.032500 0.025000 0.040000
6 0.957500 0.057500 0.022500 0.012500
6 0.196250 0.847500 0.010000 0.012500
6 0.177500 0.868750 0.010000 0.012500
6 0.103750 0.872500 0.025000 0.022500
6 0.007500 0.318750 0.010000 0.020000
6 0.161250 0.886250 0.012500 0.017500
6 0.007500 0.911250 0.012500 0.015000
6 0.906250 0.215000 0.025000 0.010000
6 0.955000 0.121250 0.017500 0.007500
6 0.593750 0.400000 0.015000 0.010000
6 0.670000 0.317500 0.012500 0.007500
6 0.955000 0.131250 0.015000 0.007500
6 0.596250 0.363750 0.012500 0.010000
6 0.561250 0.372500 0.015000 0.010000
6 0.511250 0.396250 0.012500 0.010000
6 0.535000 0.346250 0.015000 0.010000
6 0.465000 0.487500 0.025000 0.012500
6 0.200000 0.646250 0.020000 0.020000
6 0.241250 0.702500 0.022500 0.017500
6 0.271250 0.792500 0.012500 0.020000
6 0.272500 0.860000 0.012500 0.020000
6 0.245000 0.886250 0.010000 0.017500
6 0.236250 0.885000 0.007500 0.015000
6 0.226250 0.882500 0.007500 0.012500
6 0.218750 0.883750 0.007500 0.017500
6 0.207500 0.886250 0.010000 0.015000
6 0.208750 0.813750 0.022500 0.017500
6 0.195000 0.831250 0.020000 0.017500
6 0.183750 0.847500 0.020000 0.015000
6 0.208750 0.590000 0.020000 0.022500
6 0.566250 0.695000 0.012500 0.017500
6 0.401250 0.692500 0.015000 0.032500
6 0.413750 0.697500 0.012500 0.022500
6 0.443750 0.695000 0.012500 0.025000
6 0.473750 0.695000 0.015000 0.030000
6 0.641250 0.442500 0.012500 0.007500
6 0.015000 0.317500 0.007500 0.012500
6 0.000000 0.317500 0.010000 0.015000
6 0.112500 0.661250 0.012500 0.012500
6 0.810000 0.305000 0.022500 0.010000
6 0.245000 0.546250 0.017500 0.012500
6 0.218750 0.555000 0.015000 0.017500
6 0.748750 0.172500 0.017500 0.020000
6 0.891250 0.253750 0.022500 0.010000
6 0.836250 0.320000 0.022500 0.010000
6 0.406250 0.448750 0.020000 0.012500
6 0.952500 0.228750 0.022500 0.007500
6 0.317500 0.487500 0.020000 0.017500
6 0.982500 0.177500 0.035000 0.035000
6 0.132500 0.731250 0.012500 0.012500
6 0.457500 0.523750 0.012500 0.015000
6 0.415000 0.250000 0.017500 0.025000
6 0.465000 0.320000 0.012500 0.017500
6 0.948750 0.151250 0.017500 0.015000
6 0.801250 0.332500 0.017500 0.010000
6 0.696250 0.308750 0.020000 0.012500
6 0.643750 0.350000 0.025000 0.012500
6 0.112500 0.726250 0.020000 0.022500
6 0.971250 0.321250 0.020000 0.007500
6 0.430000 0.473750 0.017500 0.010000
6 0.128750 0.666250 0.017500 0.015000
6 0.563750 0.361250 0.017500 0.010000
6 0.003750 0.827500 0.012500 0.020000
6 0.337500 0.277500 0.015000 0.010000
6 0.576250 0.421250 0.022500 0.020000
6 0.360000 0.476250 0.020000 0.012500
6 0.312500 0.540000 0.020000 0.012500
6 0.038750 0.815000 0.015000 0.015000
6 0.326250 0.455000 0.017500 0.020000
6 0.236250 0.565000 0.015000 0.017500
6 0.613750 0.325000 0.020000 0.017500
6 0.301250 0.515000 0.020000 0.017500
6 0.432500 0.411250 0.012500 0.010000
6 0.278750 0.518750 0.020000 0.020000
6 0.533750 0.485000 0.015000 0.015000
6 0.462500 0.446250 0.022500 0.012500
6 0.762500 0.317500 0.020000 0.012500
6 0.665000 0.365000 0.022500 0.010000
6 0.172500 0.590000 0.025000 0.017500
6 0.695000 0.253750 0.042500 0.012500
6 0.902500 0.287500 0.025000 0.010000
6 0.927500 0.306250 0.020000 0.010000
6 0.845000 0.300000 0.017500 0.010000
6 0.078750 0.765000 0.015000 0.015000
6 0.897500 0.336250 0.017500 0.010000
6 0.812500 0.216250 0.022500 0.012500
6 0.058750 0.618750 0.015000 0.015000
6 0.641250 0.210000 0.017500 0.020000
6 0.978750 0.301250 0.020000 0.010000
6 0.833750 0.338750 0.022500 0.010000
6 0.368750 0.580000 0.017500 0.017500
6 0.528750 0.438750 0.020000 0.010000
6 0.341250 0.458750 0.017500 0.012500
6 0.272500 0.593750 0.020000 0.010000
6 0.160000 0.636250 0.017500 0.017500
6 0.343750 0.530000 0.020000 0.012500
6 0.158750 0.680000 0.025000 0.015000
6 0.082500 0.723750 0.015000 0.020000
6 0.041250 0.845000 0.017500 0.017500
6 0.466250 0.417500 0.015000 0.010000
6 0.746250 0.232500 0.022500 0.007500
6 0.295000 0.633750 0.020000 0.012500
6 0.606250 0.381250 0.020000 0.012500
6 0.528750 0.367500 0.020000 0.010000
6 0.417500 0.468750 0.020000 0.012500
6 0.270000 0.570000 0.022500 0.012500
6 0.487500 0.383750 0.017500 0.010000
6 0.972500 0.005000 0.015000 0.025000
6 0.158750 0.663750 0.017500 0.012500
6 0.068750 0.800000 0.017500 0.020000
6 0.970000 0.275000 0.022500 0.010000
6 0.900000 0.307500 0.020000 0.007500
6 0.423750 0.543750 0.015000 0.012500
6 0.365000 0.528750 0.015000 0.010000
6 0.096250 0.910000 0.020000 0.012500
6 0.632500 0.385000 0.020000 0.010000
6 0.141250 0.632500 0.025000 0.025000
6 0.413750 0.275000 0.020000 0.017500
6 0.795000 0.186250 0.020000 0.017500
6 0.477500 0.463750 0.022500 0.010000
6 0.006250 0.792500 0.020000 0.017500
6 0.617500 0.347500 0.020000 0.012500
6 0.550000 0.401250 0.025000 0.012500
6 0.005000 0.696250 0.020000 0.020000
6 0.057500 0.730000 0.015000 0.020000
6 0.960000 0.161250 0.020000 0.017500
6 0.846250 0.286250 0.015000 0.007500
6 0.501250 0.498750 0.015000 0.012500
6 0.367500 0.453750 0.017500 0.010000
6 0.042500 0.776250 0.017500 0.020000
6 0.781250 0.286250 0.015000 0.015000
6 0.926250 0.270000 0.020000 0.010000
6 0.428750 0.485000 0.022500 0.012500
6 0.313750 0.555000 0.022500 0.015000
6 0.715000 0.375000 0.020000 0.015000
6 0.945000 0.167500 0.017500 0.017500
6 0.956250 0.196250 0.020000 0.007500
6 0.862500 0.275000 0.042500 0.017500
6 0.442500 0.533750 0.025000 0.017500
6 0.268750 0.540000 0.020000 0.012500
6 0.565000 0.470000 0.022500 0.012500
6 0.336250 0.367500 0.017500 0.017500
6 0.608750 0.267500 0.022500 0.017500
6 0.852500 0.263750 0.020000 0.010000
6 0.452500 0.415000 0.017500 0.010000
6 0.571250 0.283750 0.015000 0.015000
6 0.992500 0.131250 0.012500 0.012500
6 0.905000 0.177500 0.017500 0.012500
6 0.743750 0.313750 0.020000 0.012500
6 0.238750 0.595000 0.022500 0.015000
6 0.072500 0.702500 0.017500 0.017500
6 0.850000 0.328750 0.020000 0.010000
6 0.002500 0.890000 0.015000 0.015000
6 0.391250 0.215000 0.015000 0.017500
6 0.965000 0.311250 0.020000 0.010000
6 0.947500 0.298750 0.020000 0.010000
6 0.738750 0.296250 0.020000 0.010000
6 0.408750 0.436250 0.017500 0.012500
6 0.125000 0.846250 0.020000 0.017500
6 0.925000 0.175000 0.017500 0.017500
6 0.756250 0.336250 0.022500 0.010000
6 0.636250 0.395000 0.020000 0.007500
6 0.488750 0.367500 0.020000 0.012500
6 0.506250 0.387500 0.017500 0.010000
6 0.516250 0.430000 0.022500 0.012500
6 0.312500 0.618750 0.015000 0.017500
6 0.403750 0.521250 0.045000 0.027500
6 0.120000 0.732500 0.017500 0.017500
6 0.400000 0.216250 0.010000 0.017500
6 0.691250 0.336250 0.017500 0.015000
6 0.976250 0.066250 0.012500 0.022500
6 0.341250 0.476250 0.017500 0.012500
