6 0.651250 0.818750 0.015000 0.027500
6 0.800000 0.456250 0.010000 0.020000
6 0.787500 0.472500 0.020000 0.015000
6 0.805000 0.420000 0.022500 0.007500
6 0.772500 0.403750 0.022500 0.017500
6 0.843750 0.463750 0.012500 0.020000
6 0.783750 0.438750 0.020000 0.010000
6 0.782500 0.453750 0.015000 0.020000
6 0.773750 0.456250 0.012500 0.022500
6 0.757500 0.455000 0.017500 0.017500
6 0.777500 0.421250 0.015000 0.017500
6 0.782500 0.506250 0.010000 0.020000
6 0.772500 0.508750 0.015000 0.020000
