6 0.698750 0.583750 0.012500 0.025000
6 0.927500 0.588750 0.017500 0.010000
6 0.928750 0.553750 0.020000 0.010000
6 0.931250 0.541250 0.020000 0.010000
6 0.935000 0.488750 0.020000 0.010000
6 0.933750 0.497500 0.020000 0.010000
6 0.931250 0.528750 0.020000 0.007500
6 0.935000 0.430000 0.022500 0.010000
6 0.936250 0.392500 0.020000 0.010000
6 0.937500 0.348750 0.022500 0.010000
6 0.937500 0.333750 0.020000 0.007500
6 0.761250 0.111250 0.010000 0.020000
6 0.958750 0.843750 0.022500 0.012500
6 0.933750 0.417500 0.017500 0.010000
6 0.937500 0.317500 0.020000 0.015000
6 0.936250 0.400000 0.022500 0.010000
6 0.835000 0.297500 0.015000 0.010000
6 0.973750 0.700000 0.010000 0.022500
6 0.798750 0.572500 0.017500 0.040000
6 0.737500 0.563750 0.022500 0.037500
6 0.777500 0.570000 0.015000 0.035000
6 0.655000 0.581250 0.010000 0.030000
6 0.350000 0.867500 0.022500 0.010000
