6 0.020000 0.205000 0.040000 0.037500
6 0.553750 0.475000 0.017500 0.012500
6 0.585000 0.456250 0.020000 0.022500
6 0.516250 0.503750 0.020000 0.017500
6 0.510000 0.510000 0.015000 0.015000
6 0.505000 0.517500 0.017500 0.015000
6 0.493750 0.522500 0.017500 0.015000
6 0.562500 0.527500 0.022500 0.015000
6 0.693750 0.406250 0.017500 0.015000
6 0.676250 0.386250 0.025000 0.027500
6 0.100000 0.298750 0.032500 0.037500
6 0.046250 0.368750 0.015000 0.017500
6 0.037500 0.380000 0.012500 0.015000
6 0.025000 0.385000 0.020000 0.020000
6 0.013750 0.392500 0.022500 0.020000
6 0.006250 0.405000 0.015000 0.017500
6 0.113750 0.253750 0.030000 0.022500
6 0.091250 0.260000 0.037500 0.037500
6 0.058750 0.212500 0.037500 0.037500
6 0.046250 0.228750 0.030000 0.022500
6 0.130000 0.238750 0.027500 0.027500
6 0.133750 0.222500 0.040000 0.025000
