6 0.932500 0.023750 0.015000 0.010000
6 0.941250 0.170000 0.010000 0.015000
6 0.955000 0.121250 0.007500 0.015000
6 0.935000 0.207500 0.010000 0.015000
6 0.927500 0.190000 0.012500 0.012500
6 0.956250 0.191250 0.012500 0.012500
6 0.933750 0.177500 0.012500 0.012500
6 0.941250 0.200000 0.010000 0.012500
6 0.941250 0.258750 0.012500 0.015000
6 0.810000 0.476250 0.017500 0.017500
6 0.716250 0.506250 0.010000 0.015000
6 0.695000 0.362500 0.012500 0.012500
6 0.901250 0.300000 0.015000 0.012500
6 0.893750 0.305000 0.017500 0.012500
6 0.862500 0.197500 0.012500 0.015000
6 0.985000 0.166250 0.010000 0.012500
6 0.895000 0.212500 0.015000 0.012500
6 0.908750 0.225000 0.012500 0.012500
6 0.843750 0.105000 0.012500 0.007500
6 0.843750 0.111250 0.015000 0.005000
6 0.795000 0.155000 0.010000 0.010000
6 0.813750 0.176250 0.010000 0.010000
6 0.918750 0.150000 0.010000 0.010000
6 0.930000 0.141250 0.010000 0.007500
6 0.511250 0.062500 0.015000 0.020000
6 0.918750 0.192500 0.007500 0.010000
6 0.913750 0.198750 0.012500 0.012500
6 0.810000 0.132500 0.007500 0.015000
6 0.920000 0.033750 0.017500 0.012500
6 0.912500 0.048750 0.012500 0.012500
6 0.925000 0.060000 0.012500 0.012500
6 0.937500 0.075000 0.012500 0.012500
6 0.907500 0.161250 0.012500 0.015000
6 0.893750 0.172500 0.012500 0.010000
6 0.947500 0.167500 0.015000 0.015000
6 0.945000 0.193750 0.007500 0.010000
