6 0.926250 0.467500 0.022500 0.020000
6 0.905000 0.471250 0.022500 0.022500
6 0.983750 0.448750 0.035000 0.017500
6 0.303750 0.975000 0.035000 0.027500
6 0.866250 0.447500 0.032500 0.015000
6 0.272500 0.995000 0.022500 0.017500
6 0.725000 0.465000 0.030000 0.020000
6 0.982500 0.365000 0.030000 0.017500
6 0.453750 0.912500 0.017500 0.020000
6 0.147500 0.948750 0.017500 0.020000
6 0.758750 0.461250 0.035000 0.020000
6 0.950000 0.370000 0.032500 0.010000
6 0.160000 0.943750 0.015000 0.020000
6 0.690000 0.466250 0.035000 0.017500
6 0.476250 0.700000 0.015000 0.010000
6 0.628750 0.488750 0.012500 0.020000
6 0.838750 0.381250 0.032500 0.012500
6 0.171250 0.943750 0.015000 0.017500
6 0.197500 0.727500 0.015000 0.025000
6 0.285000 0.168750 0.030000 0.037500
6 0.281250 0.983750 0.017500 0.015000
6 0.873750 0.378750 0.032500 0.012500
6 0.831250 0.453750 0.027500 0.015000
6 0.888750 0.586250 0.015000 0.017500
6 0.125000 0.976250 0.022500 0.020000
6 0.905000 0.993750 0.017500 0.015000
6 0.913750 0.372500 0.030000 0.012500
6 0.630000 0.486250 0.015000 0.020000
6 0.796250 0.457500 0.027500 0.012500
