6 0.447500 0.082500 0.030000 0.010000
6 0.408750 0.053750 0.045000 0.015000
6 0.412500 0.065000 0.035000 0.012500
6 0.416250 0.075000 0.025000 0.010000
6 0.447500 0.071250 0.032500 0.010000
6 0.441250 0.046250 0.025000 0.010000
6 0.446250 0.060000 0.030000 0.012500
6 0.082500 0.145000 0.017500 0.012500
6 0.591250 0.757500 0.022500 0.007500
6 0.528750 0.721250 0.017500 0.007500
6 0.387500 0.652500 0.027500 0.012500
6 0.125000 0.340000 0.015000 0.017500
6 0.153750 0.371250 0.012500 0.017500
6 0.165000 0.382500 0.015000 0.012500
6 0.047500 0.186250 0.020000 0.030000
6 0.107500 0.130000 0.022500 0.015000
6 0.128750 0.120000 0.015000 0.010000
6 0.226250 0.062500 0.017500 0.007500
6 0.398750 0.043750 0.025000 0.010000
6 0.038750 0.130000 0.020000 0.007500
6 0.076250 0.121250 0.015000 0.007500
6 0.117500 0.100000 0.017500 0.010000
6 0.077500 0.641250 0.007500 0.015000
6 0.086250 0.643750 0.007500 0.012500
6 0.388750 0.712500 0.007500 0.012500
6 0.442500 0.703750 0.020000 0.010000
6 0.425000 0.725000 0.012500 0.012500
6 0.438750 0.715000 0.010000 0.007500
6 0.437500 0.727500 0.010000 0.010000
6 0.617500 0.777500 0.010000 0.012500
6 0.575000 0.761250 0.012500 0.007500
6 0.713750 0.788750 0.012500 0.012500
6 0.026250 0.215000 0.035000 0.050000
6 0.410000 0.722500 0.010000 0.015000
6 0.687500 0.717500 0.020000 0.010000
6 0.277500 0.625000 0.017500 0.020000
6 0.175000 0.093750 0.015000 0.007500
6 0.163750 0.668750 0.012500 0.012500
6 0.327500 0.701250 0.022500 0.020000
6 0.635000 0.708750 0.015000 0.012500
6 0.153750 0.666250 0.012500 0.015000
6 0.402500 0.722500 0.010000 0.012500
6 0.712500 0.951250 0.010000 0.017500
6 0.140000 0.657500 0.017500 0.012500
6 0.630000 0.780000 0.012500 0.017500
6 0.137500 0.353750 0.015000 0.010000
6 0.246250 0.681250 0.012500 0.017500
6 0.271250 0.423750 0.012500 0.010000
6 0.307500 0.697500 0.012500 0.015000
6 0.220000 0.680000 0.020000 0.020000
6 0.317500 0.698750 0.015000 0.015000
6 0.781250 0.810000 0.020000 0.012500
6 0.248750 0.051250 0.012500 0.007500
6 0.211250 0.073750 0.017500 0.010000
6 0.107500 0.650000 0.012500 0.015000
6 0.395000 0.717500 0.012500 0.015000
6 0.068750 0.156250 0.025000 0.017500
6 0.175000 0.605000 0.017500 0.007500
6 0.486250 0.672500 0.015000 0.007500
6 0.663750 0.781250 0.012500 0.012500
6 0.188750 0.408750 0.017500 0.017500
6 0.701250 0.787500 0.020000 0.017500
6 0.266250 0.687500 0.012500 0.017500
6 0.208750 0.675000 0.017500 0.017500
6 0.860000 0.403750 0.022500 0.010000
6 0.395000 0.618750 0.020000 0.012500
6 0.486250 0.663750 0.015000 0.012500
6 0.688750 0.785000 0.017500 0.015000
6 0.801250 0.811250 0.022500 0.012500
6 0.210000 0.427500 0.017500 0.015000
6 0.257500 0.412500 0.017500 0.015000
6 0.100000 0.631250 0.020000 0.007500
6 0.757500 0.792500 0.017500 0.010000
6 0.432500 0.597500 0.020000 0.010000
6 0.195000 0.081250 0.020000 0.010000
6 0.151250 0.106250 0.017500 0.010000
6 0.198750 0.671250 0.017500 0.015000
6 0.902500 0.965000 0.012500 0.020000
6 0.096250 0.648750 0.012500 0.012500
6 0.652500 0.772500 0.020000 0.017500
6 0.180000 0.061250 0.015000 0.010000
6 0.190000 0.671250 0.017500 0.015000
6 0.411250 0.708750 0.020000 0.010000
6 0.053750 0.250000 0.020000 0.017500
6 0.226250 0.443750 0.017500 0.015000
6 0.332500 0.637500 0.010000 0.015000
6 0.676250 0.782500 0.017500 0.017500
6 0.347500 0.707500 0.017500 0.015000
6 0.615000 0.702500 0.015000 0.020000
6 0.756250 0.802500 0.020000 0.010000
