6 0.377500 0.782500 0.017500 0.010000
6 0.548750 0.755000 0.015000 0.007500
6 0.662500 0.818750 0.007500 0.015000
6 0.530000 0.227500 0.020000 0.012500
6 0.457500 0.572500 0.015000 0.007500
6 0.452500 0.693750 0.010000 0.015000
6 0.028750 0.332500 0.015000 0.017500
6 0.887500 0.458750 0.010000 0.010000
6 0.896250 0.450000 0.012500 0.010000
6 0.240000 0.453750 0.012500 0.017500
6 0.295000 0.451250 0.020000 0.010000
6 0.071250 0.188750 0.012500 0.017500
6 0.408750 0.896250 0.007500 0.017500
6 0.022500 0.793750 0.015000 0.007500
6 0.218750 0.795000 0.015000 0.007500
6 0.657500 0.762500 0.005000 0.010000
6 0.888750 0.621250 0.010000 0.017500
6 0.718750 0.662500 0.007500 0.015000
6 0.262500 0.330000 0.010000 0.005000
6 0.460000 0.087500 0.007500 0.012500
6 0.310000 0.297500 0.020000 0.007500
6 0.341250 0.313750 0.020000 0.007500
6 0.278750 0.331250 0.017500 0.007500
6 0.607500 0.378750 0.017500 0.007500
6 0.658750 0.122500 0.015000 0.017500
6 0.158750 0.282500 0.020000 0.007500
6 0.033750 0.150000 0.010000 0.017500
6 0.251250 0.326250 0.012500 0.005000
6 0.033750 0.128750 0.007500 0.015000
6 0.696250 0.382500 0.015000 0.007500
6 0.618750 0.183750 0.020000 0.017500
6 0.096250 0.256250 0.010000 0.012500
6 0.490000 0.045000 0.010000 0.022500
6 0.317500 0.311250 0.020000 0.007500
6 0.630000 0.128750 0.010000 0.020000
6 0.645000 0.187500 0.020000 0.010000
6 0.263750 0.336250 0.012500 0.005000
6 0.612500 0.172500 0.017500 0.022500
6 0.546250 0.257500 0.007500 0.012500
6 0.460000 0.070000 0.007500 0.012500
6 0.270000 0.342500 0.012500 0.007500
6 0.626250 0.148750 0.010000 0.020000
6 0.558750 0.385000 0.017500 0.005000
