6 0.716250 0.025000 0.007500 0.012500
6 0.718750 0.062500 0.015000 0.007500
6 0.493750 0.003750 0.007500 0.015000
6 0.287500 0.038750 0.017500 0.010000
6 0.288750 0.235000 0.010000 0.012500
6 0.292500 0.252500 0.010000 0.012500
6 0.230000 0.152500 0.012500 0.017500
6 0.021250 0.075000 0.020000 0.010000
6 0.011250 0.216250 0.017500 0.015000
6 0.008750 0.568750 0.012500 0.015000
6 0.302500 0.313750 0.012500 0.012500
6 0.068750 0.045000 0.017500 0.010000
6 0.102500 0.041250 0.020000 0.007500
6 0.007500 0.567500 0.015000 0.017500
6 0.537500 0.933750 0.010000 0.020000
6 0.546250 0.933750 0.010000 0.017500
6 0.556250 0.932500 0.007500 0.015000
6 0.595000 0.936250 0.007500 0.015000
6 0.581250 0.935000 0.010000 0.017500
6 0.605000 0.935000 0.010000 0.020000
6 0.372500 0.998750 0.015000 0.015000
6 0.322500 0.852500 0.010000 0.010000
6 0.683750 0.767500 0.010000 0.015000
6 0.820000 0.765000 0.017500 0.010000
6 0.030000 0.598750 0.015000 0.012500
6 0.995000 0.217500 0.010000 0.015000
6 0.265000 0.000000 0.015000 0.022500
6 0.356250 0.670000 0.015000 0.027500
6 0.350000 0.583750 0.015000 0.022500
6 0.655000 0.786250 0.010000 0.015000
6 0.667500 0.962500 0.012500 0.020000
6 0.061250 0.055000 0.017500 0.007500
6 0.040000 0.048750 0.015000 0.010000
6 0.202500 0.042500 0.012500 0.005000
6 0.716250 0.003750 0.010000 0.015000
6 0.698750 0.038750 0.010000 0.012500
6 0.895000 0.075000 0.017500 0.010000
6 0.881250 0.182500 0.007500 0.010000
6 0.891250 0.185000 0.007500 0.010000
6 0.900000 0.185000 0.005000 0.010000
6 0.847500 0.182500 0.015000 0.007500
6 0.998750 0.237500 0.010000 0.015000
6 0.073750 0.031250 0.012500 0.007500
6 0.270000 0.170000 0.007500 0.015000
6 0.597500 0.366250 0.007500 0.012500
6 0.912500 0.752500 0.005000 0.012500
6 0.130000 0.938750 0.015000 0.010000
6 0.891250 0.771250 0.017500 0.007500
6 0.322500 0.532500 0.010000 0.015000
6 0.606250 0.340000 0.005000 0.005000
6 0.621250 0.350000 0.007500 0.005000
6 0.210000 0.030000 0.020000 0.007500
6 0.808750 0.045000 0.007500 0.012500
6 0.605000 0.343750 0.005000 0.007500
6 0.250000 0.017500 0.015000 0.015000
6 0.593750 0.337500 0.005000 0.005000
