6 0.050000 0.971250 0.017500 0.010000
6 0.070000 0.966250 0.012500 0.007500
6 0.673750 0.976250 0.012500 0.007500
6 0.996250 0.446250 0.012500 0.012500
6 0.986250 0.467500 0.010000 0.012500
6 0.670000 0.163750 0.012500 0.012500
6 0.982500 0.146250 0.007500 0.015000
6 0.563750 0.182500 0.010000 0.012500
6 0.602500 0.228750 0.017500 0.010000
6 0.576250 0.278750 0.010000 0.015000
6 0.713750 0.332500 0.015000 0.010000
6 0.983750 0.337500 0.007500 0.012500
6 0.583750 0.223750 0.010000 0.012500
6 0.697500 0.332500 0.017500 0.010000
6 0.832500 0.346250 0.015000 0.007500
6 0.558750 0.096250 0.015000 0.012500
6 0.535000 0.095000 0.010000 0.015000
6 0.055000 0.075000 0.017500 0.015000
6 0.157500 0.975000 0.017500 0.010000
6 0.070000 0.575000 0.017500 0.017500
6 0.721250 0.977500 0.012500 0.007500
6 0.740000 0.997500 0.012500 0.007500
6 0.863750 0.997500 0.010000 0.007500
6 0.847500 0.997500 0.010000 0.007500
6 0.765000 0.507500 0.007500 0.012500
6 0.765000 0.490000 0.007500 0.015000
6 0.787500 0.520000 0.012500 0.007500
6 0.666250 0.550000 0.012500 0.005000
6 0.857500 0.577500 0.010000 0.005000
6 0.877500 0.580000 0.017500 0.007500
6 0.481250 0.988750 0.010000 0.007500
6 0.163750 0.966250 0.007500 0.012500
6 0.673750 0.966250 0.015000 0.010000
6 0.691250 0.971250 0.017500 0.010000
6 0.938750 0.622500 0.012500 0.020000
6 0.921250 0.707500 0.007500 0.015000
6 0.916250 0.758750 0.007500 0.012500
6 0.041250 0.057500 0.015000 0.012500
6 0.935000 0.640000 0.007500 0.015000
6 0.692500 0.987500 0.012500 0.005000
6 0.918750 0.723750 0.007500 0.012500
6 0.913750 0.742500 0.010000 0.017500
