6 0.930000 0.418750 0.012500 0.015000
6 0.811250 0.682500 0.015000 0.015000
6 0.507500 0.803750 0.010000 0.020000
6 0.956250 0.361250 0.012500 0.017500
6 0.991250 0.517500 0.010000 0.010000
6 0.495000 0.458750 0.012500 0.017500
6 0.517500 0.441250 0.012500 0.020000
6 0.541250 0.358750 0.010000 0.017500
6 0.573750 0.362500 0.012500 0.020000
6 0.573750 0.127500 0.012500 0.025000
6 0.586250 0.231250 0.012500 0.020000
6 0.510000 0.202500 0.007500 0.010000
6 0.572500 0.165000 0.007500 0.012500
6 0.555000 0.253750 0.007500 0.015000
6 0.525000 0.453750 0.010000 0.022500
6 0.513750 0.526250 0.012500 0.015000
6 0.961250 0.518750 0.025000 0.035000
6 0.927500 0.575000 0.017500 0.022500
6 0.891250 0.630000 0.020000 0.020000
6 0.856250 0.688750 0.022500 0.035000
6 0.816250 0.771250 0.022500 0.030000
6 0.832500 0.727500 0.020000 0.027500
6 0.806250 0.800000 0.015000 0.017500
6 0.070000 0.015000 0.017500 0.010000
6 0.122500 0.927500 0.015000 0.007500
6 0.327500 0.392500 0.010000 0.010000
6 0.523750 0.481250 0.010000 0.017500
6 0.532500 0.480000 0.010000 0.017500
6 0.293750 0.361250 0.015000 0.007500
6 0.575000 0.191250 0.007500 0.015000
6 0.446250 0.021250 0.015000 0.025000
6 0.461250 0.197500 0.012500 0.025000
6 0.508750 0.002500 0.007500 0.015000
6 0.555000 0.033750 0.010000 0.017500
6 0.162500 0.002500 0.005000 0.012500
6 0.542500 0.125000 0.010000 0.015000
6 0.496250 0.083750 0.017500 0.037500
6 0.457500 0.043750 0.007500 0.012500
6 0.553750 0.237500 0.007500 0.015000
6 0.427500 0.225000 0.007500 0.015000
6 0.546250 0.222500 0.007500 0.015000
6 0.303750 0.372500 0.007500 0.012500
6 0.311250 0.373750 0.007500 0.015000
6 0.507500 0.106250 0.007500 0.015000
6 0.572500 0.248750 0.007500 0.012500
6 0.578750 0.313750 0.010000 0.025000
6 0.958750 0.298750 0.010000 0.012500
6 0.945000 0.323750 0.010000 0.012500
6 0.585000 0.387500 0.010000 0.015000
6 0.550000 0.430000 0.010000 0.012500
6 0.523750 0.392500 0.010000 0.017500
6 0.481250 0.500000 0.010000 0.017500
6 0.418750 0.425000 0.005000 0.012500
6 0.938750 0.548750 0.015000 0.020000
6 0.896250 0.488750 0.012500 0.017500
6 0.886250 0.512500 0.010000 0.017500
6 0.880000 0.525000 0.007500 0.012500
6 0.480000 0.633750 0.027500 0.037500
6 0.873750 0.656250 0.012500 0.017500
6 0.265000 0.811250 0.012500 0.020000
6 0.393750 0.783750 0.017500 0.027500
6 0.840000 0.711250 0.012500 0.015000
6 0.787500 0.840000 0.007500 0.012500
6 0.782500 0.851250 0.007500 0.012500
6 0.778750 0.862500 0.010000 0.010000
6 0.775000 0.873750 0.007500 0.010000
6 0.771250 0.882500 0.007500 0.010000
6 0.358750 0.873750 0.012500 0.017500
6 0.303750 0.881250 0.007500 0.012500
6 0.317500 0.327500 0.012500 0.007500
6 0.141250 0.021250 0.017500 0.007500
6 0.531250 0.263750 0.010000 0.017500
6 0.367500 0.777500 0.012500 0.020000
6 0.473750 0.017500 0.010000 0.017500
6 0.513750 0.395000 0.010000 0.017500
6 0.517500 0.411250 0.010000 0.017500
6 0.475000 0.518750 0.010000 0.012500
6 0.506250 0.168750 0.012500 0.020000
6 0.351250 0.856250 0.012500 0.017500
6 0.530000 0.040000 0.010000 0.017500
6 0.488750 0.120000 0.010000 0.017500
6 0.450000 0.206250 0.012500 0.020000
6 0.556250 0.445000 0.012500 0.017500
6 0.558750 0.467500 0.015000 0.017500
6 0.501250 0.493750 0.012500 0.017500
6 0.376250 0.602500 0.012500 0.020000
6 0.376250 0.788750 0.015000 0.015000
6 0.417500 0.791250 0.015000 0.020000
6 0.178750 0.988750 0.010000 0.015000
6 0.481250 0.062500 0.012500 0.017500
6 0.537500 0.438750 0.012500 0.017500
6 0.423750 0.448750 0.010000 0.015000
6 0.500000 0.432500 0.010000 0.015000
6 0.497500 0.176250 0.010000 0.022500
6 0.431250 0.175000 0.010000 0.020000
6 0.576250 0.262500 0.007500 0.015000
6 0.630000 0.320000 0.012500 0.017500
6 0.508750 0.623750 0.015000 0.015000
6 0.493750 0.632500 0.012500 0.017500
6 0.245000 0.985000 0.010000 0.017500
6 0.508750 0.375000 0.007500 0.015000
6 0.253750 0.883750 0.010000 0.015000
6 0.295000 0.936250 0.010000 0.015000
6 0.518750 0.132500 0.007500 0.015000
6 0.572500 0.220000 0.012500 0.017500
6 0.525000 0.243750 0.010000 0.022500
6 0.546250 0.035000 0.010000 0.017500
6 0.530000 0.351250 0.010000 0.017500
6 0.471250 0.503750 0.012500 0.017500
6 0.326250 0.712500 0.015000 0.020000
6 0.412500 0.728750 0.012500 0.015000
6 0.328750 0.870000 0.012500 0.020000
6 0.468750 0.618750 0.012500 0.015000
6 0.426250 0.660000 0.010000 0.015000
6 0.791250 0.105000 0.017500 0.020000
6 0.530000 0.011250 0.010000 0.017500
6 0.337500 0.653750 0.012500 0.020000
6 0.401250 0.702500 0.012500 0.017500
6 0.448750 0.738750 0.012500 0.017500
6 0.382500 0.865000 0.012500 0.017500
6 0.523750 0.300000 0.007500 0.015000
6 0.467500 0.540000 0.012500 0.017500
6 0.498750 0.643750 0.012500 0.020000
6 0.498750 0.122500 0.007500 0.015000
6 0.553750 0.381250 0.010000 0.017500
6 0.520000 0.357500 0.010000 0.015000
6 0.527500 0.403750 0.010000 0.015000
6 0.547500 0.485000 0.012500 0.012500
6 0.305000 0.936250 0.010000 0.015000
6 0.223750 0.913750 0.010000 0.015000
6 0.568750 0.275000 0.007500 0.015000
6 0.582500 0.285000 0.010000 0.017500
6 0.565000 0.318750 0.010000 0.020000
6 0.440000 0.592500 0.010000 0.017500
6 0.378750 0.752500 0.012500 0.015000
6 0.292500 0.353750 0.017500 0.007500
6 0.562500 0.231250 0.012500 0.020000
6 0.512500 0.486250 0.012500 0.020000
6 0.462500 0.530000 0.012500 0.015000
6 0.453750 0.560000 0.012500 0.017500
6 0.453750 0.632500 0.015000 0.017500
6 0.381250 0.765000 0.010000 0.012500
6 0.383750 0.817500 0.012500 0.015000
6 0.356250 0.918750 0.012500 0.017500
6 0.322500 0.361250 0.010000 0.015000
6 0.536250 0.135000 0.007500 0.017500
6 0.547500 0.150000 0.012500 0.017500
6 0.538750 0.200000 0.010000 0.020000
6 0.546250 0.256250 0.007500 0.015000
6 0.542500 0.276250 0.007500 0.015000
6 0.500000 0.536250 0.015000 0.020000
6 0.457500 0.575000 0.012500 0.017500
6 0.396250 0.623750 0.012500 0.017500
6 0.426250 0.770000 0.010000 0.012500
6 0.847500 0.058750 0.020000 0.017500
6 0.483750 0.095000 0.010000 0.012500
6 0.492500 0.515000 0.010000 0.015000
6 0.342500 0.612500 0.012500 0.017500
6 0.456250 0.126250 0.007500 0.015000
6 0.502500 0.235000 0.010000 0.017500
6 0.547500 0.323750 0.010000 0.017500
6 0.537500 0.331250 0.007500 0.017500
6 0.430000 0.500000 0.010000 0.017500
6 0.476250 0.588750 0.012500 0.015000
6 0.497500 0.035000 0.010000 0.017500
6 0.502500 0.068750 0.010000 0.020000
6 0.337500 0.873750 0.012500 0.020000
6 0.331250 0.798750 0.010000 0.020000
6 0.186250 0.861250 0.010000 0.015000
6 0.296250 0.340000 0.015000 0.007500
6 0.583750 0.180000 0.007500 0.020000
6 0.518750 0.203750 0.010000 0.017500
6 0.528750 0.206250 0.010000 0.020000
6 0.561250 0.207500 0.010000 0.020000
6 0.457500 0.265000 0.007500 0.015000
6 0.491250 0.492500 0.012500 0.017500
6 0.423750 0.536250 0.015000 0.020000
6 0.430000 0.780000 0.012500 0.017500
6 0.561250 0.343750 0.010000 0.017500
6 0.528750 0.430000 0.010000 0.017500
6 0.405000 0.715000 0.012500 0.012500
6 0.340000 0.343750 0.020000 0.007500
6 0.510000 0.185000 0.010000 0.017500
6 0.531250 0.287500 0.007500 0.017500
6 0.516250 0.293750 0.010000 0.020000
6 0.511250 0.461250 0.010000 0.015000
6 0.480000 0.476250 0.010000 0.015000
6 0.421250 0.695000 0.012500 0.012500
6 0.243750 0.925000 0.012500 0.017500
6 0.530000 0.150000 0.007500 0.015000
6 0.590000 0.305000 0.010000 0.017500
6 0.431250 0.621250 0.015000 0.017500
6 0.408750 0.808750 0.012500 0.017500
6 0.431250 0.110000 0.010000 0.017500
6 0.616250 0.373750 0.012500 0.017500
6 0.598750 0.410000 0.012500 0.022500
6 0.506250 0.395000 0.010000 0.015000
6 0.491250 0.428750 0.010000 0.020000
6 0.482500 0.522500 0.010000 0.015000
6 0.438750 0.757500 0.012500 0.017500
6 0.418750 0.755000 0.012500 0.017500
6 0.295000 0.347500 0.015000 0.007500
6 0.548750 0.103750 0.007500 0.015000
6 0.490000 0.662500 0.012500 0.020000
6 0.218750 0.986250 0.012500 0.017500
6 0.541250 0.392500 0.010000 0.020000
6 0.522500 0.162500 0.010000 0.015000
6 0.541250 0.167500 0.010000 0.020000
6 0.498750 0.198750 0.012500 0.015000
6 0.545000 0.240000 0.007500 0.015000
6 0.387500 0.848750 0.010000 0.017500
6 0.535000 0.072500 0.010000 0.017500
6 0.432500 0.348750 0.007500 0.017500
6 0.391250 0.743750 0.015000 0.015000
6 0.291250 0.907500 0.012500 0.017500
6 0.588750 0.327500 0.012500 0.020000
6 0.493750 0.595000 0.015000 0.017500
6 0.527500 0.680000 0.020000 0.012500
6 0.458750 0.702500 0.015000 0.015000
6 0.373750 0.818750 0.015000 0.017500
6 0.445000 0.681250 0.015000 0.015000
6 0.237500 0.865000 0.012500 0.020000
6 0.530000 0.106250 0.010000 0.017500
6 0.536250 0.225000 0.012500 0.020000
6 0.437500 0.662500 0.010000 0.015000
6 0.688750 0.048750 0.022500 0.017500
6 0.320000 0.378750 0.007500 0.012500
6 0.506250 0.306250 0.007500 0.015000
6 0.436250 0.526250 0.010000 0.017500
6 0.521250 0.598750 0.015000 0.020000
6 0.176250 0.887500 0.012500 0.017500
6 0.633750 0.362500 0.010000 0.015000
6 0.502500 0.415000 0.010000 0.017500
6 0.502500 0.515000 0.012500 0.020000
6 0.427500 0.697500 0.010000 0.015000
6 0.312500 0.336250 0.015000 0.007500
6 0.445000 0.272500 0.010000 0.020000
6 0.648750 0.318750 0.012500 0.015000
6 0.450000 0.593750 0.012500 0.017500
6 0.517500 0.021250 0.010000 0.020000
6 0.487500 0.042500 0.010000 0.020000
6 0.477500 0.042500 0.010000 0.015000
6 0.501250 0.377500 0.010000 0.015000
6 0.497500 0.476250 0.012500 0.015000
6 0.417500 0.680000 0.012500 0.017500
6 0.508750 0.132500 0.007500 0.017500
6 0.493750 0.145000 0.010000 0.017500
6 0.550000 0.276250 0.007500 0.015000
6 0.668750 0.262500 0.015000 0.020000
6 0.582500 0.126250 0.010000 0.015000
6 0.551250 0.348750 0.007500 0.015000
6 0.557500 0.413750 0.012500 0.017500
6 0.486250 0.450000 0.012500 0.015000
6 0.307500 0.718750 0.012500 0.020000
6 0.310000 0.908750 0.012500 0.020000
6 0.306250 0.357500 0.007500 0.012500
6 0.552500 0.072500 0.010000 0.017500
6 0.578750 0.351250 0.010000 0.017500
6 0.485000 0.537500 0.010000 0.015000
6 0.360000 0.648750 0.015000 0.017500
6 0.431250 0.018750 0.012500 0.022500
6 0.332500 0.907500 0.012500 0.015000
6 0.343750 0.945000 0.012500 0.015000
6 0.515000 0.317500 0.007500 0.017500
6 0.523750 0.497500 0.010000 0.017500
6 0.367500 0.810000 0.012500 0.012500
6 0.357500 0.830000 0.015000 0.015000
6 0.497500 0.402500 0.010000 0.017500
6 0.536250 0.412500 0.010000 0.015000
6 0.311250 0.691250 0.010000 0.017500
6 0.240000 0.881250 0.010000 0.017500
6 0.512500 0.505000 0.012500 0.015000
6 0.495000 0.553750 0.012500 0.017500
6 0.506250 0.606250 0.015000 0.017500
6 0.535000 0.658750 0.020000 0.012500
6 0.365000 0.598750 0.012500 0.022500
6 0.418750 0.655000 0.012500 0.017500
6 0.527500 0.371250 0.010000 0.017500
6 0.451250 0.720000 0.015000 0.020000
6 0.262500 0.995000 0.015000 0.017500
6 0.400000 0.756250 0.010000 0.015000
6 0.352500 0.365000 0.007500 0.015000
6 0.516250 0.106250 0.010000 0.017500
6 0.506250 0.268750 0.007500 0.012500
6 0.541250 0.450000 0.012500 0.017500
6 0.438750 0.622500 0.010000 0.015000
6 0.338750 0.351250 0.017500 0.007500
6 0.162500 0.380000 0.010000 0.005000
6 0.513750 0.155000 0.007500 0.017500
6 0.561250 0.183750 0.007500 0.017500
6 0.531250 0.306250 0.007500 0.015000
6 0.563750 0.448750 0.012500 0.020000
6 0.471250 0.551250 0.015000 0.017500
6 0.342500 0.838750 0.010000 0.015000
6 0.705000 0.021250 0.020000 0.015000
6 0.507500 0.431250 0.010000 0.017500
6 0.033750 0.630000 0.015000 0.010000
6 0.540000 0.311250 0.007500 0.017500
6 0.492500 0.575000 0.015000 0.020000
6 0.450000 0.620000 0.012500 0.017500
6 0.421250 0.803750 0.015000 0.012500
6 0.121250 0.935000 0.020000 0.007500
6 0.502500 0.017500 0.007500 0.012500
6 0.580000 0.407500 0.012500 0.015000
6 0.517500 0.378750 0.010000 0.015000
6 0.005000 0.612500 0.010000 0.010000
6 0.446250 0.240000 0.007500 0.017500
6 0.508750 0.568750 0.017500 0.030000
6 0.355000 0.813750 0.012500 0.015000
6 0.492500 0.013750 0.007500 0.012500
6 0.518750 0.053750 0.010000 0.022500
6 0.438750 0.390000 0.010000 0.020000
6 0.545000 0.471250 0.012500 0.017500
6 0.425000 0.718750 0.012500 0.012500
6 0.390000 0.727500 0.012500 0.015000
6 0.272500 0.940000 0.015000 0.020000
6 0.530000 0.325000 0.007500 0.015000
6 0.408750 0.678750 0.010000 0.017500
6 0.215000 0.967500 0.010000 0.015000
6 0.432500 0.053750 0.007500 0.020000
6 0.486250 0.481250 0.010000 0.015000
6 0.335000 0.373750 0.015000 0.007500
6 0.551250 0.210000 0.007500 0.017500
6 0.563750 0.243750 0.012500 0.020000
6 0.432500 0.640000 0.012500 0.020000
6 0.440000 0.642500 0.012500 0.017500
6 0.452500 0.655000 0.015000 0.020000
6 0.392500 0.757500 0.010000 0.015000
6 0.523750 0.077500 0.007500 0.022500
6 0.531250 0.452500 0.007500 0.015000
6 0.286250 0.796250 0.012500 0.017500
6 0.338750 0.358750 0.012500 0.005000
6 0.537500 0.245000 0.010000 0.020000
6 0.558750 0.128750 0.007500 0.017500
6 0.526250 0.512500 0.012500 0.017500
6 0.510000 0.051250 0.010000 0.020000
6 0.506250 0.450000 0.010000 0.017500
6 0.438750 0.712500 0.012500 0.017500
