3 0.071875 0.236875 0.021250 0.063750
3 0.028125 0.776250 0.016250 0.067500
3 0.021875 0.919375 0.023750 0.081250
4 0.438125 0.017500 0.011250 0.012500
4 0.425625 0.022500 0.011250 0.012500
4 0.413125 0.026875 0.013750 0.013750
4 0.401250 0.033125 0.012500 0.013750
4 0.388125 0.038125 0.013750 0.016250
4 0.450625 0.045000 0.016250 0.017500
4 0.435000 0.050625 0.015000 0.016250
4 0.417500 0.056875 0.017500 0.016250
4 0.401875 0.062500 0.013750 0.015000
4 0.455625 0.058750 0.013750 0.017500
4 0.442500 0.065625 0.015000 0.013750
4 0.425000 0.072500 0.015000 0.015000
4 0.409375 0.077500 0.016250 0.015000
4 0.466875 0.086250 0.013750 0.017500
4 0.453125 0.092500 0.016250 0.015000
4 0.438750 0.099375 0.017500 0.016250
4 0.421875 0.106250 0.016250 0.017500
4 0.473750 0.101250 0.012500 0.015000
4 0.460625 0.108750 0.013750 0.012500
4 0.443750 0.116875 0.015000 0.016250
4 0.429375 0.121875 0.016250 0.016250
4 0.306875 0.153750 0.016250 0.012500
4 0.355625 0.062500 0.028750 0.027500
4 0.373125 0.095625 0.028750 0.026250
4 0.388750 0.132500 0.032500 0.030000
4 0.320000 0.080000 0.030000 0.027500
4 0.336250 0.111875 0.030000 0.028750
4 0.351250 0.148125 0.032500 0.028750
4 0.278125 0.093750 0.021250 0.020000
4 0.255625 0.102500 0.023750 0.022500
4 0.287500 0.114375 0.022500 0.021250
4 0.265625 0.125000 0.023750 0.022500
4 0.291250 0.161250 0.017500 0.015000
4 0.315000 0.170625 0.020000 0.016250
4 0.297500 0.176875 0.017500 0.016250
4 0.271875 0.168125 0.016250 0.013750
4 0.280000 0.185000 0.022500 0.015000
4 0.255625 0.176250 0.018750 0.017500
4 0.260625 0.191875 0.018750 0.013750
4 0.238125 0.183125 0.018750 0.016250
4 0.245625 0.200000 0.016250 0.017500
4 0.221250 0.190625 0.015000 0.013750
4 0.228750 0.206875 0.017500 0.016250
4 0.206250 0.197500 0.017500 0.015000
4 0.212500 0.215000 0.015000 0.015000
4 0.189375 0.206250 0.016250 0.015000
4 0.198750 0.223125 0.017500 0.016250
4 0.246875 0.128750 0.011250 0.010000
4 0.251250 0.138750 0.010000 0.010000
4 0.234375 0.134375 0.011250 0.008750
4 0.240000 0.145000 0.010000 0.010000
4 0.120625 0.769375 0.021250 0.018750
4 0.143750 0.757500 0.022500 0.017500
4 0.153125 0.781250 0.018750 0.020000
4 0.133125 0.791875 0.018750 0.018750
4 0.165625 0.808125 0.023750 0.021250
4 0.143750 0.816875 0.022500 0.021250
4 0.175000 0.832500 0.025000 0.025000
4 0.148125 0.841875 0.028750 0.021250
4 0.126250 0.855000 0.027500 0.025000
4 0.164375 0.713750 0.016250 0.012500
4 0.182500 0.705625 0.015000 0.013750
4 0.188750 0.721875 0.017500 0.016250
4 0.170625 0.728125 0.016250 0.016250
4 0.195000 0.738750 0.017500 0.015000
4 0.177500 0.745000 0.017500 0.015000
4 0.202500 0.754375 0.017500 0.013750
4 0.186250 0.761250 0.015000 0.012500
4 0.208750 0.767500 0.015000 0.012500
4 0.192500 0.776250 0.017500 0.015000
4 0.216875 0.783750 0.013750 0.015000
4 0.200000 0.791250 0.017500 0.012500
4 0.223750 0.800000 0.015000 0.015000
4 0.207500 0.808125 0.017500 0.013750
4 0.233750 0.683750 0.015000 0.012500
4 0.215625 0.691250 0.013750 0.015000
4 0.221875 0.705625 0.013750 0.013750
4 0.240000 0.697500 0.015000 0.015000
4 0.246250 0.711875 0.015000 0.013750
4 0.228125 0.719375 0.013750 0.013750
4 0.234375 0.732500 0.013750 0.012500
4 0.251875 0.725000 0.013750 0.012500
4 0.240000 0.745625 0.012500 0.013750
4 0.257500 0.738750 0.015000 0.015000
4 0.263750 0.753125 0.015000 0.013750
4 0.245625 0.760625 0.016250 0.013750
4 0.251875 0.775625 0.021250 0.013750
4 0.257500 0.790000 0.015000 0.012500
4 0.269375 0.766875 0.013750 0.011250
4 0.276250 0.781875 0.015000 0.016250
4 0.263750 0.671250 0.012500 0.012500
4 0.283750 0.661875 0.015000 0.013750
4 0.288125 0.675000 0.013750 0.012500
4 0.270000 0.683125 0.015000 0.011250
4 0.274375 0.695625 0.013750 0.011250
4 0.280625 0.707500 0.011250 0.010000
4 0.284375 0.721250 0.013750 0.010000
4 0.288750 0.733125 0.012500 0.008750
4 0.295000 0.746875 0.012500 0.011250
4 0.300000 0.757500 0.012500 0.010000
4 0.293750 0.688125 0.015000 0.011250
4 0.299375 0.700625 0.013750 0.011250
4 0.304375 0.711875 0.013750 0.011250
4 0.308125 0.724375 0.013750 0.011250
4 0.313125 0.736875 0.011250 0.011250
4 0.318750 0.749375 0.012500 0.011250
4 0.314375 0.650000 0.018750 0.015000
4 0.321250 0.665000 0.017500 0.015000
4 0.327500 0.681875 0.020000 0.013750
4 0.335000 0.697500 0.020000 0.015000
4 0.343125 0.714375 0.018750 0.016250
4 0.348750 0.730625 0.017500 0.016250
4 0.355625 0.745625 0.016250 0.013750
4 0.331250 0.643125 0.017500 0.016250
4 0.339375 0.658750 0.018750 0.015000
4 0.345000 0.674375 0.017500 0.016250
4 0.351875 0.691250 0.018750 0.015000
4 0.358125 0.706250 0.018750 0.015000
4 0.366250 0.723750 0.017500 0.015000
4 0.371875 0.739375 0.013750 0.013750
4 0.368125 0.630000 0.021250 0.017500
4 0.387500 0.620625 0.020000 0.016250
4 0.376875 0.648750 0.023750 0.020000
4 0.383750 0.666250 0.022500 0.017500
4 0.391875 0.685625 0.021250 0.016250
4 0.401250 0.703125 0.022500 0.018750
4 0.405625 0.718750 0.016250 0.012500
4 0.396875 0.638750 0.018750 0.017500
4 0.402500 0.657500 0.022500 0.017500
4 0.410625 0.676875 0.018750 0.016250
4 0.419375 0.696250 0.021250 0.017500
4 0.426250 0.711875 0.017500 0.013750
4 0.431250 0.604375 0.027500 0.023750
4 0.456875 0.594375 0.028750 0.023750
4 0.441250 0.628750 0.027500 0.025000
4 0.466875 0.618125 0.026250 0.023750
4 0.450625 0.652500 0.028750 0.025000
4 0.476875 0.641250 0.023750 0.022500
4 0.461250 0.674375 0.022500 0.018750
4 0.485625 0.665625 0.023750 0.021250
4 0.467500 0.694375 0.015000 0.013750
4 0.492500 0.683125 0.017500 0.013750
4 0.500625 0.568750 0.018750 0.015000
4 0.507500 0.585625 0.022500 0.018750
4 0.515625 0.603125 0.021250 0.016250
4 0.522500 0.621250 0.022500 0.017500
4 0.530000 0.638750 0.020000 0.017500
4 0.538750 0.657500 0.022500 0.017500
