6 0.248750 0.133750 0.012500 0.007500
6 0.240000 0.167500 0.020000 0.005000
6 0.728750 0.571250 0.012500 0.020000
6 0.620000 0.616250 0.010000 0.012500
6 0.563750 0.617500 0.015000 0.010000
6 0.470000 0.640000 0.012500 0.020000
6 0.460000 0.638750 0.015000 0.022500
6 0.448750 0.638750 0.015000 0.017500
6 0.440000 0.643750 0.015000 0.020000
6 0.427500 0.645000 0.010000 0.017500
6 0.418750 0.648750 0.010000 0.017500
6 0.411250 0.652500 0.012500 0.020000
6 0.402500 0.653750 0.010000 0.012500
6 0.395000 0.660000 0.010000 0.017500
6 0.386250 0.662500 0.012500 0.022500
6 0.322500 0.687500 0.012500 0.017500
6 0.313750 0.688750 0.010000 0.015000
6 0.306250 0.691250 0.007500 0.010000
6 0.291250 0.698750 0.007500 0.015000
6 0.286250 0.702500 0.007500 0.010000
6 0.276250 0.702500 0.015000 0.022500
6 0.263750 0.707500 0.012500 0.020000
6 0.222500 0.721250 0.012500 0.015000
6 0.205000 0.725000 0.012500 0.020000
6 0.195000 0.725000 0.012500 0.020000
6 0.185000 0.728750 0.015000 0.020000
6 0.177500 0.735000 0.010000 0.012500
6 0.167500 0.735000 0.012500 0.022500
6 0.156250 0.745000 0.010000 0.015000
6 0.147500 0.748750 0.010000 0.015000
6 0.137500 0.751250 0.010000 0.015000
6 0.130000 0.753750 0.010000 0.017500
6 0.121250 0.751250 0.012500 0.017500
6 0.111250 0.756250 0.015000 0.017500
6 0.115000 0.773750 0.020000 0.015000
6 0.096250 0.780000 0.015000 0.012500
6 0.001250 0.822500 0.010000 0.015000
6 0.013750 0.830000 0.017500 0.012500
6 0.002500 0.800000 0.015000 0.017500
6 0.007500 0.797500 0.012500 0.015000
6 0.010000 0.817500 0.012500 0.015000
6 0.016250 0.815000 0.010000 0.015000
6 0.023750 0.810000 0.010000 0.012500
6 0.038750 0.805000 0.010000 0.020000
6 0.542500 0.020000 0.010000 0.015000
6 0.532500 0.016250 0.012500 0.017500
6 0.522500 0.017500 0.010000 0.017500
6 0.065000 0.383750 0.010000 0.015000
6 0.017500 0.337500 0.017500 0.007500
6 0.017500 0.346250 0.017500 0.010000
6 0.022500 0.353750 0.017500 0.007500
6 0.026250 0.362500 0.017500 0.007500
6 0.026250 0.371250 0.015000 0.010000
6 0.062500 0.372500 0.015000 0.010000
6 0.050000 0.353750 0.012500 0.012500
6 0.211250 0.213750 0.015000 0.017500
6 0.226250 0.226250 0.017500 0.015000
6 0.228750 0.241250 0.017500 0.015000
6 0.178750 0.232500 0.012500 0.015000
6 0.200000 0.255000 0.012500 0.015000
6 0.188750 0.266250 0.020000 0.012500
6 0.141250 0.226250 0.022500 0.005000
6 0.143750 0.235000 0.015000 0.010000
6 0.145000 0.242500 0.015000 0.005000
6 0.147500 0.250000 0.012500 0.007500
6 0.147500 0.258750 0.012500 0.007500
6 0.157500 0.230000 0.015000 0.010000
6 0.161250 0.240000 0.017500 0.010000
6 0.165000 0.246250 0.017500 0.007500
6 0.161250 0.253750 0.017500 0.007500
6 0.140000 0.302500 0.017500 0.015000
6 0.137500 0.321250 0.015000 0.017500
6 0.130000 0.328750 0.022500 0.015000
6 0.122500 0.335000 0.017500 0.015000
6 0.115000 0.343750 0.012500 0.015000
6 0.108750 0.350000 0.017500 0.015000
6 0.086250 0.305000 0.017500 0.010000
6 0.080000 0.312500 0.015000 0.007500
6 0.078750 0.321250 0.010000 0.007500
6 0.203750 0.198750 0.012500 0.012500
6 0.058750 0.388750 0.007500 0.010000
6 0.072500 0.328750 0.012500 0.005000
6 0.008750 0.372500 0.015000 0.010000
6 0.008750 0.363750 0.015000 0.007500
6 0.005000 0.356250 0.015000 0.010000
6 0.001250 0.348750 0.015000 0.010000
6 0.476250 0.630000 0.010000 0.015000
6 0.822500 0.602500 0.025000 0.015000
6 0.750000 0.606250 0.032500 0.012500
6 0.713750 0.603750 0.030000 0.012500
6 0.808750 0.612500 0.025000 0.012500
6 0.772500 0.571250 0.012500 0.022500
6 0.811250 0.585000 0.015000 0.025000
6 0.740000 0.565000 0.007500 0.012500
6 0.781250 0.607500 0.020000 0.015000
6 0.758750 0.570000 0.007500 0.015000
6 0.750000 0.566250 0.010000 0.017500
6 0.780000 0.577500 0.010000 0.020000
6 0.787500 0.577500 0.007500 0.015000
6 0.368750 0.752500 0.025000 0.015000
6 0.248750 0.786250 0.027500 0.012500
6 0.205000 0.800000 0.030000 0.015000
6 0.111250 0.921250 0.017500 0.020000
6 0.136250 0.903750 0.020000 0.022500
