6 0.003750 0.772500 0.012500 0.017500
6 0.452500 0.912500 0.012500 0.007500
6 0.785000 0.933750 0.015000 0.015000
6 0.306250 0.012500 0.017500 0.017500
6 0.586250 0.453750 0.012500 0.017500
6 0.313750 0.026250 0.012500 0.017500
6 0.871250 0.902500 0.012500 0.017500
6 0.817500 0.842500 0.012500 0.015000
6 0.746250 0.712500 0.020000 0.020000
6 0.763750 0.645000 0.017500 0.020000
6 0.970000 0.588750 0.022500 0.015000
6 0.962500 0.578750 0.027500 0.015000
6 0.992500 0.711250 0.027500 0.020000
6 0.986250 0.696250 0.025000 0.020000
6 0.975000 0.678750 0.020000 0.015000
6 0.971250 0.670000 0.020000 0.017500
6 0.888750 0.657500 0.030000 0.017500
6 0.892500 0.667500 0.020000 0.015000
6 0.902500 0.688750 0.020000 0.015000
6 0.908750 0.697500 0.025000 0.015000
6 0.915000 0.707500 0.020000 0.017500
6 0.922500 0.726250 0.022500 0.020000
6 0.951250 0.772500 0.025000 0.020000
6 0.956250 0.781250 0.027500 0.020000
6 0.986250 0.830000 0.025000 0.015000
6 0.476250 0.361250 0.010000 0.017500
6 0.787500 0.782500 0.012500 0.012500
6 0.055000 0.820000 0.010000 0.017500
6 0.072500 0.720000 0.022500 0.012500
6 0.135000 0.696250 0.020000 0.010000
6 0.385000 0.046250 0.015000 0.015000
6 0.006250 0.721250 0.020000 0.010000
6 0.390000 0.595000 0.020000 0.010000
6 0.697500 0.542500 0.020000 0.010000
6 0.945000 0.515000 0.025000 0.012500
6 0.455000 0.590000 0.020000 0.012500
6 0.658750 0.582500 0.020000 0.007500
6 0.757500 0.566250 0.020000 0.012500
6 0.802500 0.521250 0.027500 0.015000
6 0.768750 0.515000 0.020000 0.010000
6 0.371250 0.618750 0.020000 0.012500
6 0.890000 0.483750 0.025000 0.012500
6 0.461250 0.108750 0.020000 0.022500
6 0.115000 0.672500 0.020000 0.010000
6 0.332500 0.007500 0.032500 0.045000
6 0.197500 0.640000 0.022500 0.012500
6 0.761250 0.530000 0.020000 0.010000
6 0.385000 0.100000 0.032500 0.035000
6 0.311250 0.637500 0.020000 0.010000
6 0.333750 0.618750 0.020000 0.012500
6 0.663750 0.531250 0.017500 0.012500
6 0.501250 0.617500 0.020000 0.010000
6 0.701250 0.531250 0.022500 0.010000
6 0.957500 0.483750 0.022500 0.010000
6 0.558750 0.261250 0.015000 0.020000
6 0.480000 0.132500 0.015000 0.020000
6 0.501250 0.311250 0.017500 0.020000
6 0.743750 0.612500 0.017500 0.020000
