4 0.526250 0.920625 0.010000 0.008750
4 0.546875 0.933125 0.008750 0.008750
4 0.511875 0.941875 0.021250 0.018750
4 0.531250 0.954375 0.017500 0.018750
4 0.498750 0.961250 0.020000 0.020000
4 0.518750 0.974375 0.020000 0.021250
4 0.450000 0.870000 0.010000 0.010000
4 0.463125 0.878125 0.008750 0.008750
4 0.443125 0.883125 0.008750 0.008750
4 0.456250 0.891250 0.010000 0.010000
4 0.460625 0.715625 0.016250 0.016250
4 0.476250 0.725000 0.015000 0.015000
4 0.493125 0.735625 0.016250 0.016250
4 0.651875 0.699375 0.013750 0.013750
4 0.642500 0.713750 0.012500 0.012500
4 0.666250 0.708125 0.015000 0.013750
4 0.633750 0.726875 0.015000 0.013750
4 0.647500 0.735625 0.012500 0.013750
4 0.625000 0.741250 0.012500 0.012500
4 0.640000 0.748750 0.015000 0.015000
4 0.617500 0.754375 0.015000 0.013750
4 0.608125 0.768125 0.013750 0.013750
4 0.631250 0.763125 0.015000 0.013750
4 0.621875 0.776875 0.013750 0.013750
4 0.695000 0.729375 0.020000 0.018750
4 0.714375 0.740625 0.021250 0.018750
4 0.682500 0.748125 0.017500 0.018750
4 0.701875 0.759375 0.018750 0.018750
4 0.670625 0.766875 0.018750 0.018750
4 0.690625 0.778125 0.018750 0.018750
4 0.659375 0.785000 0.018750 0.017500
4 0.678750 0.796250 0.017500 0.020000
4 0.648125 0.803125 0.018750 0.018750
4 0.668125 0.815000 0.018750 0.017500
4 0.753125 0.751875 0.018750 0.018750
4 0.771875 0.763125 0.018750 0.018750
4 0.741875 0.770000 0.018750 0.017500
4 0.760625 0.780625 0.018750 0.018750
4 0.730625 0.786875 0.018750 0.018750
4 0.748750 0.798125 0.020000 0.018750
4 0.718750 0.805000 0.020000 0.017500
4 0.736250 0.817500 0.015000 0.015000
4 0.708750 0.822500 0.017500 0.017500
4 0.725000 0.834375 0.015000 0.016250
4 0.672500 0.859375 0.017500 0.013750
4 0.696875 0.873750 0.013750 0.015000
4 0.657500 0.882500 0.015000 0.015000
4 0.681250 0.898750 0.015000 0.015000
4 0.318750 0.528125 0.025000 0.026250
4 0.347500 0.546875 0.025000 0.028750
4 0.377500 0.565000 0.027500 0.027500
4 0.406250 0.583750 0.027500 0.027500
4 0.326875 0.585000 0.021250 0.020000
4 0.346875 0.596875 0.018750 0.018750
4 0.366875 0.609375 0.018750 0.018750
4 0.385625 0.623750 0.018750 0.017500
4 0.315000 0.605000 0.020000 0.017500
4 0.334375 0.617500 0.018750 0.017500
4 0.354375 0.628750 0.018750 0.020000
4 0.373125 0.642500 0.016250 0.017500
4 0.293750 0.636250 0.015000 0.015000
4 0.284375 0.651250 0.016250 0.015000
4 0.309375 0.644375 0.013750 0.016250
4 0.325000 0.655000 0.015000 0.015000
4 0.299375 0.661875 0.013750 0.013750
4 0.315000 0.671250 0.015000 0.015000
4 0.340000 0.665000 0.012500 0.015000
4 0.356875 0.674375 0.016250 0.013750
4 0.330000 0.679375 0.015000 0.016250
4 0.346250 0.690625 0.015000 0.016250
4 0.316250 0.569375 0.005000 0.003750
4 0.310625 0.578125 0.006250 0.003750
4 0.303125 0.588750 0.006250 0.005000
4 0.298125 0.598750 0.006250 0.005000
4 0.285000 0.623125 0.005000 0.006250
4 0.274375 0.640000 0.006250 0.007500
4 0.270625 0.647500 0.006250 0.005000
3 0.872500 0.610625 0.035000 0.021250
3 0.920000 0.630625 0.030000 0.018750
3 0.974375 0.668750 0.051250 0.040000
3 0.482500 0.366875 0.027500 0.018750
3 0.723750 0.496875 0.040000 0.026250
