6 0.763750 0.623125 0.010000 0.008750
6 0.780000 0.626250 0.007500 0.007500
6 0.597500 0.662500 0.010000 0.005000
6 0.508125 0.735625 0.011250 0.011250
6 0.226875 0.766250 0.008750 0.010000
6 0.040625 0.767500 0.006250 0.010000
6 0.160625 0.725625 0.006250 0.011250
6 0.124375 0.705000 0.006250 0.012500
6 0.176875 0.709375 0.008750 0.006250
6 0.103750 0.744375 0.007500 0.011250
6 0.158750 0.756875 0.010000 0.008750
6 0.152500 0.695625 0.005000 0.011250
6 0.106250 0.714375 0.007500 0.011250
6 0.154375 0.725000 0.006250 0.010000
6 0.140625 0.721875 0.008750 0.008750
6 0.120625 0.717500 0.006250 0.010000
6 0.133125 0.720000 0.006250 0.007500
6 0.126875 0.718750 0.006250 0.010000
6 0.353750 0.690000 0.010000 0.005000
6 0.356250 0.695625 0.010000 0.006250
6 0.365625 0.716875 0.011250 0.006250
6 0.226250 0.426250 0.017500 0.022500
