6 0.108750 0.103750 0.020000 0.012500
6 0.240000 0.191250 0.017500 0.012500
6 0.448750 0.190000 0.025000 0.012500
6 0.532500 0.207500 0.015000 0.012500
6 0.515000 0.178750 0.022500 0.012500
6 0.667500 0.257500 0.020000 0.017500
6 0.711250 0.246250 0.020000 0.012500
6 0.980000 0.961250 0.017500 0.030000
6 0.995000 0.907500 0.012500 0.030000
6 0.688750 0.993750 0.017500 0.015000
6 0.366250 0.777500 0.010000 0.017500
6 0.350000 0.778750 0.010000 0.017500
6 0.607500 0.907500 0.015000 0.017500
6 0.552500 0.935000 0.012500 0.015000
6 0.598750 0.211250 0.027500 0.012500
6 0.707500 0.220000 0.022500 0.012500
6 0.312500 0.152500 0.015000 0.012500
