6 0.710000 0.083750 0.015000 0.037500
6 0.725000 0.086250 0.015000 0.035000
6 0.740000 0.088750 0.012500 0.037500
6 0.753750 0.093750 0.015000 0.037500
6 0.776250 0.106250 0.012500 0.022500
6 0.788750 0.138750 0.027500 0.012500
6 0.901250 0.027500 0.015000 0.010000
6 0.876250 0.016250 0.027500 0.012500
6 0.878750 0.005000 0.027500 0.015000
6 0.497500 0.427500 0.030000 0.020000
6 0.636250 0.443750 0.022500 0.012500
6 0.531250 0.535000 0.012500 0.015000
6 0.522500 0.540000 0.015000 0.022500
6 0.511250 0.542500 0.010000 0.017500
6 0.491250 0.548750 0.012500 0.017500
6 0.468750 0.550000 0.015000 0.027500
6 0.595000 0.453750 0.012500 0.020000
6 0.575000 0.682500 0.020000 0.012500
6 0.258750 0.990000 0.027500 0.012500
4 0.748750 0.542500 0.050000 0.055000
6 0.852500 0.495000 0.010000 0.017500
4 0.840000 0.488750 0.010000 0.015000
6 0.865000 0.493750 0.010000 0.015000
6 0.545000 0.771250 0.020000 0.057500
4 0.812500 0.881250 0.020000 0.017500
6 0.881250 0.618750 0.052500 0.022500
