6 0.727500 0.491250 0.015000 0.022500
6 0.721250 0.512500 0.015000 0.020000
6 0.710000 0.536250 0.015000 0.020000
6 0.440000 0.501250 0.012500 0.020000
6 0.455000 0.631250 0.017500 0.010000
6 0.355000 0.850000 0.017500 0.010000
6 0.353750 0.857500 0.020000 0.012500
6 0.273750 0.936250 0.020000 0.012500
6 0.230000 0.211250 0.017500 0.030000
6 0.245000 0.157500 0.012500 0.030000
6 0.523750 0.000000 0.020000 0.010000
6 0.441250 0.070000 0.020000 0.020000
6 0.428750 0.067500 0.010000 0.012500
6 0.497500 0.058750 0.017500 0.017500
6 0.492500 0.962500 0.007500 0.015000
6 0.283750 0.266250 0.020000 0.017500
6 0.312500 0.385000 0.020000 0.010000
