6 0.372500 0.323750 0.017500 0.010000
6 0.466250 0.345000 0.017500 0.012500
6 0.588750 0.311250 0.012500 0.025000
6 0.588750 0.260000 0.015000 0.022500
6 0.833750 0.431250 0.017500 0.010000
6 0.767500 0.453750 0.015000 0.007500
6 0.591250 0.505000 0.017500 0.017500
6 0.590000 0.520000 0.017500 0.015000
6 0.635000 0.498750 0.010000 0.017500
6 0.467500 0.542500 0.010000 0.020000
6 0.913750 0.440000 0.022500 0.015000
6 0.230000 0.961250 0.017500 0.030000
6 0.245000 0.907500 0.012500 0.030000
6 0.523750 0.750000 0.020000 0.010000
6 0.441250 0.820000 0.020000 0.020000
6 0.428750 0.817500 0.010000 0.012500
6 0.525000 0.737500 0.012500 0.012500
6 0.497500 0.808750 0.017500 0.017500
6 0.546250 0.568750 0.012500 0.020000
6 0.597500 0.568750 0.015000 0.027500
6 0.277500 0.718750 0.007500 0.017500
6 0.498750 0.485000 0.027500 0.012500
6 0.622500 0.505000 0.010000 0.020000
6 0.515000 0.417500 0.015000 0.010000
6 0.600000 0.027500 0.017500 0.010000
6 0.602500 0.018750 0.020000 0.010000
6 0.623750 0.022500 0.020000 0.012500
6 0.483750 0.498750 0.010000 0.017500
6 0.550000 0.355000 0.025000 0.010000
6 0.443750 0.530000 0.012500 0.012500
6 0.483750 0.561250 0.012500 0.007500
6 0.611250 0.566250 0.007500 0.022500
6 0.500000 0.457500 0.012500 0.015000
6 0.676250 0.465000 0.020000 0.007500
