6 0.991250 0.741250 0.010000 0.020000
6 0.996250 0.763750 0.012500 0.022500
6 0.983750 0.761250 0.010000 0.017500
6 0.978750 0.738750 0.015000 0.020000
6 0.966250 0.737500 0.012500 0.020000
6 0.973750 0.761250 0.010000 0.017500
6 0.956250 0.736250 0.012500 0.022500
6 0.961250 0.756250 0.012500 0.020000
6 0.978750 0.695000 0.015000 0.017500
6 0.995000 0.692500 0.015000 0.017500
6 0.942500 0.211250 0.017500 0.012500
6 0.926250 0.250000 0.015000 0.010000
6 0.883750 0.105000 0.020000 0.010000
6 0.885000 0.087500 0.020000 0.010000
6 0.852500 0.081250 0.020000 0.010000
6 0.692500 0.098750 0.017500 0.010000
6 0.597500 0.090000 0.017500 0.007500
6 0.558750 0.083750 0.025000 0.012500
6 0.526250 0.078750 0.022500 0.012500
6 0.483750 0.073750 0.022500 0.012500
6 0.461250 0.103750 0.020000 0.012500
6 0.452500 0.067500 0.020000 0.007500
6 0.401250 0.060000 0.017500 0.010000
6 0.343750 0.050000 0.020000 0.012500
6 0.273750 0.037500 0.020000 0.015000
6 0.302500 0.077500 0.017500 0.010000
6 0.255000 0.082500 0.025000 0.010000
6 0.181250 0.022500 0.017500 0.012500
6 0.107500 0.880000 0.055000 0.020000
6 0.305000 0.041250 0.020000 0.020000
6 0.375000 0.056250 0.020000 0.012500
6 0.065000 0.646250 0.012500 0.007500
