6 0.097500 0.005000 0.010000 0.015000
6 0.093750 0.031250 0.012500 0.020000
6 0.087500 0.062500 0.010000 0.020000
6 0.057500 0.015000 0.017500 0.010000
6 0.025000 0.006250 0.017500 0.010000
6 0.047500 0.036250 0.017500 0.010000
6 0.043750 0.057500 0.020000 0.012500
6 0.015000 0.053750 0.015000 0.010000
6 0.083750 0.086250 0.012500 0.020000
6 0.078750 0.123750 0.010000 0.025000
6 0.033750 0.103750 0.017500 0.012500
6 0.013750 0.102500 0.017500 0.012500
6 0.030000 0.127500 0.020000 0.010000
6 0.007500 0.125000 0.020000 0.012500
6 0.005000 0.151250 0.020000 0.010000
6 0.030000 0.155000 0.017500 0.012500
6 0.006250 0.162500 0.020000 0.010000
6 0.027500 0.165000 0.022500 0.010000
6 0.005000 0.171250 0.017500 0.010000
6 0.028750 0.173750 0.020000 0.010000
6 0.003750 0.178750 0.017500 0.010000
6 0.026250 0.183750 0.017500 0.007500
6 0.003750 0.187500 0.017500 0.010000
6 0.022500 0.200000 0.015000 0.010000
6 0.051250 0.186250 0.012500 0.020000
6 0.023750 0.208750 0.017500 0.012500
6 0.073750 0.158750 0.012500 0.022500
6 0.068750 0.181250 0.007500 0.020000
6 0.066250 0.201250 0.010000 0.017500
6 0.062500 0.221250 0.010000 0.015000
6 0.017500 0.220000 0.017500 0.012500
6 0.038750 0.227500 0.010000 0.015000
6 0.020000 0.227500 0.015000 0.007500
6 0.021250 0.236250 0.017500 0.010000
6 0.020000 0.245000 0.020000 0.010000
6 0.033750 0.256250 0.012500 0.020000
6 0.057500 0.243750 0.010000 0.020000
6 0.015000 0.252500 0.017500 0.010000
6 0.012500 0.263750 0.017500 0.010000
6 0.012500 0.273750 0.015000 0.010000
6 0.056250 0.262500 0.010000 0.015000
6 0.051250 0.281250 0.010000 0.015000
6 0.005000 0.331250 0.017500 0.012500
6 0.027500 0.332500 0.017500 0.010000
6 0.075000 0.318750 0.015000 0.012500
6 0.098750 0.325000 0.020000 0.012500
6 0.122500 0.335000 0.017500 0.015000
6 0.025000 0.371250 0.020000 0.010000
6 0.057500 0.375000 0.017500 0.012500
6 0.031250 0.378750 0.020000 0.010000
6 0.075000 0.387500 0.020000 0.010000
6 0.106250 0.380000 0.017500 0.012500
6 0.143750 0.390000 0.020000 0.010000
6 0.160000 0.413750 0.020000 0.010000
6 0.130000 0.402500 0.017500 0.012500
6 0.050000 0.407500 0.035000 0.015000
6 0.071250 0.398750 0.017500 0.010000
6 0.086250 0.418750 0.015000 0.010000
6 0.076250 0.461250 0.010000 0.012500
6 0.091250 0.462500 0.015000 0.010000
6 0.045000 0.456250 0.010000 0.010000
6 0.148750 0.347500 0.017500 0.012500
6 0.192500 0.366250 0.020000 0.015000
6 0.227500 0.382500 0.020000 0.015000
6 0.250000 0.392500 0.017500 0.012500
6 0.220000 0.411250 0.017500 0.012500
6 0.312500 0.411250 0.022500 0.012500
6 0.373750 0.425000 0.017500 0.012500
6 0.368750 0.452500 0.020000 0.010000
6 0.400000 0.433750 0.020000 0.015000
6 0.441250 0.476250 0.022500 0.012500
6 0.433750 0.577500 0.010000 0.020000
6 0.476250 0.607500 0.020000 0.012500
6 0.477500 0.597500 0.020000 0.007500
6 0.497500 0.600000 0.017500 0.007500
6 0.518750 0.603750 0.022500 0.010000
6 0.537500 0.607500 0.015000 0.010000
6 0.542500 0.596250 0.015000 0.010000
6 0.560000 0.611250 0.012500 0.010000
6 0.418750 0.673750 0.010000 0.017500
6 0.473750 0.640000 0.020000 0.010000
6 0.495000 0.642500 0.020000 0.012500
6 0.517500 0.647500 0.020000 0.010000
6 0.538750 0.651250 0.017500 0.010000
6 0.560000 0.656250 0.017500 0.010000
6 0.576250 0.613750 0.017500 0.010000
6 0.465000 0.653750 0.017500 0.010000
6 0.465000 0.663750 0.017500 0.010000
6 0.465000 0.675000 0.020000 0.012500
6 0.462500 0.686250 0.020000 0.010000
6 0.461250 0.695000 0.017500 0.007500
6 0.460000 0.705000 0.017500 0.010000
6 0.485000 0.656250 0.017500 0.010000
6 0.483750 0.666250 0.015000 0.010000
6 0.490000 0.680000 0.017500 0.010000
6 0.483750 0.690000 0.017500 0.012500
6 0.480000 0.698750 0.017500 0.012500
6 0.478750 0.707500 0.017500 0.010000
6 0.505000 0.660000 0.017500 0.010000
6 0.503750 0.670000 0.020000 0.010000
6 0.510000 0.683750 0.017500 0.012500
6 0.506250 0.693750 0.022500 0.012500
6 0.500000 0.702500 0.017500 0.007500
6 0.498750 0.711250 0.020000 0.010000
6 0.456250 0.725000 0.017500 0.010000
6 0.487500 0.731250 0.017500 0.012500
6 0.507500 0.735000 0.017500 0.012500
6 0.507500 0.722500 0.017500 0.010000
6 0.530000 0.665000 0.020000 0.010000
6 0.523750 0.673750 0.017500 0.010000
6 0.546250 0.677500 0.017500 0.007500
6 0.550000 0.666250 0.017500 0.010000
6 0.571250 0.671250 0.017500 0.010000
6 0.566250 0.681250 0.017500 0.012500
6 0.533750 0.688750 0.020000 0.010000
6 0.528750 0.697500 0.017500 0.007500
6 0.520000 0.705000 0.020000 0.007500
6 0.518750 0.713750 0.017500 0.007500
6 0.591250 0.675000 0.020000 0.012500
6 0.586250 0.685000 0.020000 0.010000
6 0.573750 0.692500 0.017500 0.010000
6 0.553750 0.690000 0.017500 0.010000
6 0.550000 0.700000 0.015000 0.007500
6 0.541250 0.710000 0.022500 0.012500
6 0.540000 0.718750 0.015000 0.010000
6 0.531250 0.727500 0.020000 0.010000
6 0.527500 0.737500 0.017500 0.012500
6 0.561250 0.722500 0.015000 0.010000
6 0.551250 0.740000 0.015000 0.010000
6 0.576250 0.745000 0.017500 0.010000
6 0.611250 0.678750 0.017500 0.010000
6 0.608750 0.688750 0.020000 0.010000
6 0.617500 0.701250 0.015000 0.010000
6 0.631250 0.681250 0.020000 0.010000
6 0.630000 0.692500 0.017500 0.010000
6 0.567500 0.705000 0.017500 0.010000
6 0.595000 0.708750 0.020000 0.007500
6 0.562500 0.712500 0.017500 0.007500
6 0.582500 0.715000 0.017500 0.010000
6 0.580000 0.726250 0.017500 0.010000
6 0.597500 0.727500 0.017500 0.010000
6 0.603750 0.720000 0.015000 0.007500
6 0.615000 0.711250 0.015000 0.007500
6 0.618750 0.751250 0.017500 0.007500
6 0.653750 0.683750 0.017500 0.012500
6 0.652500 0.695000 0.020000 0.012500
6 0.617500 0.731250 0.017500 0.010000
6 0.675000 0.687500 0.015000 0.007500
6 0.697500 0.690000 0.017500 0.010000
6 0.675000 0.697500 0.017500 0.007500
6 0.641250 0.705000 0.022500 0.010000
6 0.633750 0.716250 0.017500 0.010000
6 0.625000 0.725000 0.015000 0.010000
6 0.637500 0.736250 0.020000 0.010000
6 0.655000 0.756250 0.017500 0.010000
6 0.648750 0.726250 0.017500 0.007500
6 0.657500 0.716250 0.015000 0.010000
6 0.660000 0.707500 0.015000 0.007500
6 0.662500 0.737500 0.017500 0.010000
6 0.670000 0.730000 0.015000 0.010000
6 0.677500 0.721250 0.017500 0.010000
6 0.680000 0.710000 0.017500 0.010000
6 0.698750 0.701250 0.017500 0.010000
6 0.717500 0.682500 0.017500 0.010000
6 0.738750 0.686250 0.015000 0.007500
6 0.717500 0.693750 0.015000 0.010000
6 0.756250 0.692500 0.015000 0.010000
6 0.777500 0.693750 0.017500 0.010000
6 0.798750 0.697500 0.017500 0.007500
6 0.700000 0.715000 0.017500 0.010000
6 0.701250 0.723750 0.017500 0.007500
6 0.687500 0.732500 0.017500 0.007500
6 0.681250 0.742500 0.017500 0.010000
6 0.675000 0.760000 0.020000 0.010000
6 0.720000 0.706250 0.017500 0.007500
6 0.718750 0.718750 0.017500 0.010000
6 0.720000 0.727500 0.017500 0.010000
6 0.701250 0.745000 0.017500 0.010000
6 0.720000 0.748750 0.020000 0.010000
6 0.738750 0.710000 0.017500 0.010000
6 0.757500 0.702500 0.015000 0.007500
6 0.737500 0.696250 0.017500 0.010000
6 0.776250 0.703750 0.017500 0.010000
6 0.797500 0.707500 0.017500 0.010000
6 0.742500 0.772500 0.017500 0.007500
6 0.767500 0.775000 0.017500 0.010000
6 0.727500 0.741250 0.017500 0.010000
6 0.738750 0.721250 0.022500 0.012500
6 0.758750 0.713750 0.020000 0.010000
6 0.778750 0.716250 0.017500 0.012500
6 0.797500 0.720000 0.017500 0.010000
6 0.797500 0.731250 0.015000 0.010000
6 0.777500 0.727500 0.017500 0.007500
6 0.757500 0.725000 0.015000 0.010000
6 0.737500 0.732500 0.017500 0.012500
6 0.756250 0.736250 0.015000 0.010000
6 0.775000 0.738750 0.017500 0.010000
6 0.792500 0.741250 0.017500 0.010000
6 0.791250 0.752500 0.020000 0.010000
6 0.771250 0.747500 0.020000 0.010000
6 0.747500 0.743750 0.017500 0.010000
6 0.742500 0.755000 0.015000 0.010000
6 0.760000 0.756250 0.015000 0.010000
6 0.787500 0.760000 0.017500 0.007500
6 0.786250 0.778750 0.015000 0.007500
6 0.597500 0.618750 0.017500 0.012500
6 0.617500 0.621250 0.017500 0.012500
6 0.636250 0.625000 0.020000 0.010000
6 0.657500 0.627500 0.017500 0.012500
6 0.678750 0.631250 0.020000 0.010000
6 0.701250 0.633750 0.015000 0.010000
6 0.720000 0.636250 0.015000 0.010000
6 0.740000 0.640000 0.017500 0.010000
6 0.757500 0.641250 0.020000 0.012500
6 0.802500 0.648750 0.020000 0.010000
6 0.398750 0.736250 0.015000 0.010000
6 0.310000 0.720000 0.015000 0.010000
6 0.283750 0.715000 0.020000 0.010000
6 0.236250 0.707500 0.017500 0.010000
6 0.208750 0.701250 0.017500 0.012500
6 0.200000 0.680000 0.020000 0.015000
6 0.205000 0.618750 0.022500 0.010000
6 0.230000 0.651250 0.010000 0.017500
6 0.247500 0.661250 0.007500 0.017500
6 0.231250 0.590000 0.007500 0.015000
6 0.221250 0.588750 0.010000 0.017500
6 0.212500 0.587500 0.007500 0.017500
6 0.202500 0.585000 0.007500 0.017500
6 0.193750 0.586250 0.007500 0.020000
6 0.186250 0.583750 0.010000 0.020000
6 0.263750 0.651250 0.012500 0.010000
6 0.190000 0.700000 0.015000 0.010000
6 0.170000 0.695000 0.020000 0.015000
6 0.065000 0.960000 0.015000 0.032500
6 0.110000 0.968750 0.020000 0.035000
6 0.080000 0.965000 0.020000 0.035000
6 0.423750 0.993750 0.017500 0.015000
6 0.515000 0.481250 0.015000 0.010000
6 0.741250 0.517500 0.020000 0.012500
6 0.847500 0.523750 0.020000 0.012500
6 0.056250 0.861250 0.015000 0.050000
