6 0.497500 0.998750 0.022500 0.012500
6 0.918750 0.898750 0.020000 0.012500
6 0.998750 0.868750 0.017500 0.012500
6 0.976250 0.863750 0.017500 0.012500
6 0.952500 0.860000 0.017500 0.012500
6 0.927500 0.856250 0.017500 0.010000
6 0.906250 0.853750 0.017500 0.010000
6 0.882500 0.851250 0.020000 0.012500
6 0.960000 0.848750 0.020000 0.012500
6 0.931250 0.843750 0.020000 0.010000
6 0.898750 0.837500 0.020000 0.010000
6 0.587500 0.930000 0.010000 0.015000
6 0.616250 0.928750 0.010000 0.012500
6 0.987500 0.817500 0.010000 0.020000
6 0.711250 0.683750 0.010000 0.017500
6 0.992500 0.797500 0.010000 0.020000
6 0.995000 0.770000 0.010000 0.020000
6 0.960000 0.808750 0.015000 0.010000
6 0.976250 0.773750 0.010000 0.020000
6 0.980000 0.748750 0.010000 0.017500
6 0.985000 0.722500 0.012500 0.020000
6 0.971250 0.732500 0.015000 0.010000
6 0.900000 0.785000 0.007500 0.017500
6 0.915000 0.802500 0.007500 0.020000
6 0.921250 0.780000 0.007500 0.017500
6 0.932500 0.783750 0.010000 0.007500
6 0.933750 0.773750 0.012500 0.007500
6 0.922500 0.757500 0.007500 0.017500
6 0.936250 0.752500 0.012500 0.010000
6 0.938750 0.742500 0.015000 0.010000
6 0.927500 0.728750 0.010000 0.020000
6 0.941250 0.722500 0.015000 0.010000
6 0.943750 0.712500 0.012500 0.005000
6 0.990000 0.700000 0.010000 0.017500
6 0.980000 0.681250 0.020000 0.010000
6 0.952500 0.676250 0.015000 0.010000
6 0.956250 0.656250 0.017500 0.010000
6 0.951250 0.683750 0.015000 0.007500
6 0.933750 0.698750 0.012500 0.015000
6 0.946250 0.703750 0.015000 0.010000
6 0.937500 0.677500 0.012500 0.017500
6 0.926250 0.655000 0.012500 0.017500
6 0.907500 0.647500 0.017500 0.010000
6 0.903750 0.665000 0.022500 0.010000
6 0.901250 0.676250 0.020000 0.010000
6 0.917500 0.685000 0.010000 0.017500
6 0.902500 0.685000 0.017500 0.010000
6 0.901250 0.693750 0.017500 0.010000
6 0.898750 0.703750 0.017500 0.010000
6 0.881250 0.662500 0.017500 0.010000
6 0.880000 0.671250 0.020000 0.010000
6 0.878750 0.681250 0.022500 0.012500
6 0.875000 0.691250 0.020000 0.010000
6 0.861250 0.673750 0.010000 0.017500
6 0.896250 0.712500 0.020000 0.010000
6 0.872500 0.700000 0.020000 0.010000
6 0.860000 0.693750 0.007500 0.020000
6 0.911250 0.722500 0.010000 0.020000
6 0.872500 0.710000 0.017500 0.010000
6 0.868750 0.726250 0.017500 0.012500
6 0.856250 0.716250 0.012500 0.022500
6 0.895000 0.722500 0.017500 0.010000
6 0.892500 0.731250 0.020000 0.012500
6 0.868750 0.736250 0.017500 0.010000
6 0.890000 0.740000 0.020000 0.010000
6 0.891250 0.751250 0.020000 0.010000
6 0.890000 0.760000 0.020000 0.012500
6 0.887500 0.770000 0.020000 0.010000
6 0.867500 0.745000 0.020000 0.010000
6 0.867500 0.753750 0.020000 0.012500
6 0.851250 0.736250 0.010000 0.020000
6 0.862500 0.765000 0.017500 0.007500
6 0.860000 0.775000 0.017500 0.010000
6 0.858750 0.787500 0.017500 0.010000
6 0.842500 0.795000 0.010000 0.017500
6 0.845000 0.772500 0.010000 0.017500
6 0.907500 0.750000 0.010000 0.020000
6 0.886250 0.780000 0.020000 0.007500
6 0.886250 0.790000 0.020000 0.010000
6 0.885000 0.797500 0.017500 0.010000
6 0.886250 0.805000 0.017500 0.010000
6 0.975000 0.563750 0.020000 0.010000
6 0.985000 0.636250 0.020000 0.012500
6 0.963750 0.633750 0.017500 0.015000
6 0.941250 0.631250 0.017500 0.012500
6 0.918750 0.626250 0.017500 0.012500
6 0.898750 0.623750 0.015000 0.010000
6 0.890000 0.642500 0.017500 0.012500
6 0.972500 0.657500 0.015000 0.010000
6 0.870000 0.631250 0.020000 0.012500
6 0.877500 0.620000 0.017500 0.010000
6 0.848750 0.615000 0.017500 0.010000
6 0.843750 0.673750 0.010000 0.020000
6 0.837500 0.701250 0.010000 0.017500
6 0.831250 0.668750 0.012500 0.010000
6 0.828750 0.678750 0.015000 0.010000
6 0.823750 0.698750 0.015000 0.012500
6 0.822500 0.708750 0.015000 0.010000
6 0.835000 0.726250 0.010000 0.017500
6 0.830000 0.752500 0.012500 0.015000
6 0.808750 0.781250 0.020000 0.007500
6 0.827500 0.772500 0.010000 0.017500
6 0.818750 0.718750 0.015000 0.007500
6 0.811250 0.772500 0.020000 0.010000
6 0.827500 0.798750 0.012500 0.025000
6 0.808750 0.796250 0.017500 0.010000
6 0.782500 0.787500 0.017500 0.012500
6 0.785000 0.778750 0.017500 0.012500
6 0.787500 0.768750 0.015000 0.010000
6 0.770000 0.778750 0.012500 0.020000
6 0.781250 0.835000 0.015000 0.010000
6 0.753750 0.830000 0.020000 0.007500
6 0.732500 0.827500 0.017500 0.010000
6 0.803750 0.838750 0.015000 0.010000
6 0.775000 0.737500 0.007500 0.020000
6 0.778750 0.715000 0.010000 0.017500
6 0.795000 0.710000 0.020000 0.010000
6 0.796250 0.698750 0.017500 0.010000
6 0.797500 0.687500 0.015000 0.010000
6 0.785000 0.695000 0.010000 0.020000
6 0.786250 0.671250 0.012500 0.020000
6 0.787500 0.655000 0.010000 0.017500
6 0.811250 0.631250 0.017500 0.010000
6 0.831250 0.635000 0.015000 0.010000
6 0.825000 0.611250 0.020000 0.010000
6 0.805000 0.608750 0.017500 0.010000
6 0.783750 0.603750 0.015000 0.010000
6 0.757500 0.612500 0.017500 0.010000
6 0.740000 0.597500 0.017500 0.010000
6 0.757500 0.643750 0.017500 0.010000
6 0.751250 0.652500 0.015000 0.007500
6 0.751250 0.661250 0.015000 0.010000
6 0.752500 0.671250 0.017500 0.010000
6 0.747500 0.681250 0.020000 0.010000
6 0.748750 0.692500 0.017500 0.010000
6 0.747500 0.702500 0.020000 0.012500
6 0.718750 0.648750 0.012500 0.017500
6 0.732500 0.657500 0.017500 0.010000
6 0.731250 0.648750 0.017500 0.007500
6 0.728750 0.666250 0.017500 0.010000
6 0.726250 0.678750 0.017500 0.012500
6 0.725000 0.690000 0.017500 0.007500
6 0.723750 0.701250 0.020000 0.010000
6 0.746250 0.713750 0.017500 0.007500
6 0.718750 0.711250 0.017500 0.007500
6 0.762500 0.713750 0.010000 0.017500
6 0.745000 0.726250 0.017500 0.010000
6 0.717500 0.721250 0.020000 0.012500
6 0.742500 0.736250 0.022500 0.010000
6 0.740000 0.747500 0.017500 0.010000
6 0.717500 0.732500 0.017500 0.010000
6 0.717500 0.745000 0.020000 0.012500
6 0.736250 0.768750 0.017500 0.010000
6 0.763750 0.751250 0.010000 0.017500
6 0.702500 0.732500 0.010000 0.015000
6 0.706250 0.707500 0.010000 0.020000
6 0.697500 0.703750 0.012500 0.017500
6 0.687500 0.703750 0.010000 0.017500
6 0.697500 0.756250 0.007500 0.020000
6 0.713750 0.755000 0.020000 0.010000
6 0.712500 0.765000 0.020000 0.007500
6 0.736250 0.758750 0.017500 0.010000
6 0.751250 0.765000 0.012500 0.020000
6 0.715000 0.778750 0.020000 0.010000
6 0.737500 0.782500 0.020000 0.010000
6 0.720000 0.596250 0.017500 0.012500
6 0.681250 0.641250 0.020000 0.010000
6 0.658750 0.637500 0.017500 0.010000
6 0.657500 0.647500 0.017500 0.010000
6 0.680000 0.651250 0.020000 0.010000
6 0.656250 0.656250 0.020000 0.007500
6 0.680000 0.662500 0.020000 0.010000
6 0.652500 0.667500 0.017500 0.010000
6 0.677500 0.672500 0.020000 0.012500
6 0.676250 0.682500 0.017500 0.007500
6 0.652500 0.677500 0.017500 0.010000
6 0.638750 0.651250 0.010000 0.017500
6 0.636250 0.672500 0.010000 0.020000
6 0.678750 0.693750 0.015000 0.010000
6 0.673750 0.726250 0.015000 0.012500
6 0.667500 0.736250 0.017500 0.010000
6 0.643750 0.731250 0.017500 0.012500
6 0.641250 0.742500 0.022500 0.010000
6 0.712500 0.606250 0.017500 0.010000
6 0.688750 0.633750 0.015000 0.007500
6 0.666250 0.747500 0.015000 0.007500
6 0.641250 0.753750 0.025000 0.010000
6 0.665000 0.757500 0.022500 0.007500
6 0.703750 0.820000 0.020000 0.010000
6 0.681250 0.818750 0.020000 0.012500
6 0.627500 0.810000 0.020000 0.010000
6 0.653750 0.812500 0.017500 0.010000
6 0.772500 0.871250 0.015000 0.012500
6 0.632500 0.713750 0.010000 0.015000
6 0.641250 0.700000 0.015000 0.007500
6 0.642500 0.711250 0.015000 0.010000
6 0.697500 0.591250 0.015000 0.012500
6 0.638750 0.765000 0.020000 0.015000
6 0.663750 0.772500 0.020000 0.012500
6 0.673750 0.587500 0.017500 0.010000
6 0.646250 0.583750 0.022500 0.010000
6 0.621250 0.580000 0.017500 0.012500
6 0.598750 0.805000 0.015000 0.010000
6 0.573750 0.800000 0.017500 0.007500
6 0.517500 0.793750 0.017500 0.010000
6 0.507500 0.800000 0.015000 0.007500
6 0.542500 0.793750 0.017500 0.010000
6 0.566250 0.755000 0.015000 0.010000
6 0.588750 0.758750 0.015000 0.010000
6 0.591250 0.747500 0.020000 0.010000
6 0.568750 0.742500 0.020000 0.010000
6 0.571250 0.732500 0.017500 0.010000
6 0.592500 0.737500 0.017500 0.010000
6 0.595000 0.723750 0.017500 0.007500
6 0.570000 0.720000 0.017500 0.010000
6 0.595000 0.712500 0.017500 0.010000
6 0.572500 0.707500 0.017500 0.007500
6 0.596250 0.702500 0.017500 0.007500
6 0.573750 0.697500 0.017500 0.010000
6 0.596250 0.691250 0.020000 0.010000
6 0.576250 0.688750 0.017500 0.010000
6 0.531250 0.687500 0.022500 0.020000
6 0.595000 0.680000 0.015000 0.010000
6 0.575000 0.675000 0.017500 0.010000
6 0.601250 0.668750 0.017500 0.010000
6 0.580000 0.665000 0.017500 0.010000
6 0.602500 0.658750 0.020000 0.010000
6 0.582500 0.655000 0.020000 0.010000
6 0.583750 0.643750 0.017500 0.007500
6 0.603750 0.648750 0.020000 0.010000
6 0.586250 0.625000 0.017500 0.007500
6 0.586250 0.635000 0.020000 0.010000
6 0.606250 0.637500 0.017500 0.007500
6 0.607500 0.628750 0.017500 0.007500
6 0.417500 0.585000 0.020000 0.012500
6 0.413750 0.618750 0.017500 0.012500
6 0.471250 0.682500 0.017500 0.010000
6 0.412500 0.641250 0.017500 0.007500
6 0.410000 0.651250 0.012500 0.007500
6 0.386250 0.626250 0.022500 0.010000
6 0.282500 0.527500 0.020000 0.012500
6 0.468750 0.667500 0.020000 0.012500
6 0.400000 0.706250 0.015000 0.010000
6 0.401250 0.693750 0.015000 0.012500
6 0.406250 0.683750 0.015000 0.010000
6 0.406250 0.672500 0.017500 0.010000
6 0.407500 0.661250 0.015000 0.010000
6 0.375000 0.701250 0.017500 0.012500
6 0.373750 0.688750 0.015000 0.010000
6 0.376250 0.678750 0.015000 0.007500
6 0.376250 0.668750 0.017500 0.007500
6 0.381250 0.650000 0.015000 0.007500
6 0.390000 0.793750 0.015000 0.007500
6 0.345000 0.878750 0.017500 0.012500
6 0.852500 0.522500 0.020000 0.012500
6 0.856250 0.511250 0.020000 0.010000
6 0.827500 0.517500 0.020000 0.010000
6 0.830000 0.506250 0.020000 0.010000
6 0.778750 0.511250 0.017500 0.007500
6 0.780000 0.500000 0.020000 0.010000
6 0.782500 0.488750 0.017500 0.012500
6 0.758750 0.485000 0.017500 0.010000
6 0.757500 0.496250 0.017500 0.012500
6 0.757500 0.507500 0.017500 0.012500
6 0.761250 0.472500 0.020000 0.010000
6 0.785000 0.478750 0.017500 0.010000
6 0.762500 0.463750 0.017500 0.007500
6 0.786250 0.466250 0.022500 0.012500
6 0.765000 0.453750 0.017500 0.010000
6 0.788750 0.456250 0.022500 0.010000
6 0.790000 0.445000 0.020000 0.012500
6 0.766250 0.440000 0.017500 0.010000
6 0.770000 0.428750 0.020000 0.010000
6 0.792500 0.435000 0.017500 0.010000
6 0.841250 0.418750 0.020000 0.010000
6 0.840000 0.431250 0.022500 0.012500
6 0.840000 0.442500 0.015000 0.010000
6 0.838750 0.451250 0.015000 0.010000
6 0.795000 0.423750 0.017500 0.010000
6 0.795000 0.413750 0.020000 0.010000
6 0.770000 0.420000 0.017500 0.010000
6 0.770000 0.408750 0.020000 0.010000
6 0.773750 0.398750 0.012500 0.010000
6 0.771250 0.388750 0.020000 0.012500
6 0.797500 0.402500 0.020000 0.010000
6 0.800000 0.392500 0.020000 0.010000
6 0.801250 0.380000 0.022500 0.012500
6 0.775000 0.373750 0.017500 0.010000
6 0.802500 0.368750 0.020000 0.010000
6 0.802500 0.360000 0.020000 0.010000
6 0.777500 0.363750 0.020000 0.010000
6 0.780000 0.353750 0.020000 0.007500
6 0.781250 0.342500 0.017500 0.010000
6 0.782500 0.332500 0.017500 0.010000
6 0.782500 0.321250 0.020000 0.010000
6 0.708750 0.476250 0.020000 0.010000
6 0.708750 0.487500 0.022500 0.010000
6 0.682500 0.485000 0.020000 0.010000
6 0.682500 0.472500 0.017500 0.010000
6 0.682500 0.460000 0.015000 0.012500
6 0.642500 0.443750 0.017500 0.012500
6 0.636250 0.467500 0.020000 0.012500
6 0.635000 0.476250 0.022500 0.012500
6 0.632500 0.490000 0.017500 0.010000
6 0.611250 0.486250 0.012500 0.010000
6 0.613750 0.472500 0.017500 0.010000
6 0.616250 0.463750 0.015000 0.007500
6 0.618750 0.451250 0.015000 0.010000
6 0.617500 0.440000 0.022500 0.010000
6 0.618750 0.427500 0.017500 0.010000
6 0.647500 0.417500 0.022500 0.010000
6 0.618750 0.415000 0.017500 0.010000
6 0.620000 0.405000 0.015000 0.010000
6 0.650000 0.406250 0.017500 0.010000
6 0.650000 0.397500 0.020000 0.012500
6 0.571250 0.523750 0.010000 0.020000
6 0.631250 0.362500 0.017500 0.012500
6 0.656250 0.346250 0.022500 0.012500
6 0.658750 0.333750 0.020000 0.012500
6 0.663750 0.310000 0.015000 0.010000
6 0.640000 0.307500 0.017500 0.010000
6 0.587500 0.185000 0.015000 0.007500
6 0.700000 0.362500 0.015000 0.007500
6 0.696250 0.386250 0.012500 0.007500
6 0.730000 0.380000 0.012500 0.010000
6 0.696250 0.375000 0.012500 0.010000
6 0.701250 0.353750 0.012500 0.010000
6 0.735000 0.348750 0.012500 0.010000
6 0.692500 0.396250 0.010000 0.007500
6 0.690000 0.406250 0.010000 0.007500
6 0.831250 0.495000 0.020000 0.010000
6 0.710000 0.501250 0.015000 0.010000
6 0.490000 0.441250 0.020000 0.015000
6 0.383750 0.395000 0.017500 0.012500
6 0.380000 0.421250 0.017500 0.007500
6 0.193750 0.523750 0.022500 0.012500
6 0.191250 0.546250 0.020000 0.015000
6 0.153750 0.552500 0.012500 0.020000
6 0.193750 0.558750 0.020000 0.015000
6 0.188750 0.576250 0.015000 0.015000
6 0.148750 0.576250 0.012500 0.020000
6 0.143750 0.600000 0.010000 0.017500
6 0.191250 0.591250 0.017500 0.012500
6 0.252500 0.546250 0.017500 0.012500
6 0.250000 0.567500 0.017500 0.010000
6 0.243750 0.587500 0.020000 0.010000
6 0.187500 0.646250 0.020000 0.012500
6 0.165000 0.632500 0.017500 0.012500
6 0.166250 0.621250 0.017500 0.010000
6 0.168750 0.612500 0.020000 0.010000
6 0.141250 0.625000 0.010000 0.020000
6 0.192500 0.602500 0.020000 0.010000
6 0.161250 0.653750 0.020000 0.010000
6 0.127500 0.652500 0.010000 0.015000
6 0.160000 0.663750 0.015000 0.012500
6 0.156250 0.672500 0.017500 0.010000
6 0.157500 0.685000 0.017500 0.007500
6 0.115000 0.703750 0.010000 0.022500
6 0.150000 0.793750 0.020000 0.010000
6 0.088750 0.732500 0.020000 0.010000
6 0.212500 0.810000 0.017500 0.007500
6 0.252500 0.798750 0.017500 0.012500
6 0.162500 0.812500 0.017500 0.010000
6 0.013750 0.771250 0.017500 0.012500
6 0.046250 0.115000 0.017500 0.012500
6 0.995000 0.310000 0.017500 0.010000
6 0.935000 0.763750 0.012500 0.010000
6 0.938750 0.732500 0.012500 0.007500
6 0.380000 0.657500 0.012500 0.007500
6 0.803750 0.650000 0.012500 0.007500
6 0.701250 0.342500 0.010000 0.010000
6 0.730000 0.391250 0.010000 0.007500
