6 0.987500 0.655000 0.015000 0.012500
6 0.921250 0.630000 0.020000 0.017500
6 0.593750 0.558750 0.017500 0.007500
6 0.415000 0.523750 0.020000 0.010000
6 0.291250 0.502500 0.025000 0.012500
6 0.233750 0.502500 0.022500 0.012500
6 0.143750 0.517500 0.022500 0.017500
6 0.087500 0.577500 0.022500 0.010000
6 0.065000 0.576250 0.017500 0.012500
6 0.087500 0.587500 0.020000 0.010000
6 0.063750 0.585000 0.015000 0.010000
6 0.086250 0.598750 0.017500 0.010000
6 0.062500 0.596250 0.022500 0.010000
6 0.062500 0.607500 0.017500 0.010000
6 0.083750 0.610000 0.017500 0.012500
6 0.082500 0.620000 0.022500 0.007500
6 0.061250 0.617500 0.015000 0.010000
6 0.011250 0.577500 0.017500 0.010000
6 0.102500 0.721250 0.007500 0.017500
6 0.097500 0.755000 0.010000 0.015000
6 0.093750 0.781250 0.012500 0.020000
6 0.087500 0.812500 0.010000 0.020000
6 0.057500 0.765000 0.017500 0.010000
6 0.025000 0.756250 0.017500 0.010000
6 0.065000 0.731250 0.017500 0.010000
6 0.066250 0.720000 0.017500 0.012500
6 0.068750 0.708750 0.017500 0.010000
6 0.061250 0.741250 0.020000 0.010000
6 0.038750 0.702500 0.017500 0.010000
6 0.035000 0.716250 0.020000 0.012500
6 0.047500 0.786250 0.017500 0.010000
6 0.043750 0.807500 0.020000 0.012500
6 0.015000 0.803750 0.015000 0.010000
6 0.007500 0.610000 0.015000 0.007500
6 0.083750 0.836250 0.012500 0.020000
6 0.078750 0.873750 0.010000 0.025000
6 0.033750 0.853750 0.017500 0.012500
6 0.013750 0.852500 0.017500 0.012500
6 0.030000 0.877500 0.020000 0.010000
6 0.007500 0.875000 0.020000 0.012500
6 0.005000 0.901250 0.020000 0.010000
6 0.030000 0.905000 0.017500 0.012500
6 0.006250 0.912500 0.020000 0.010000
6 0.027500 0.915000 0.022500 0.010000
6 0.005000 0.921250 0.017500 0.010000
6 0.028750 0.923750 0.020000 0.010000
6 0.003750 0.928750 0.017500 0.010000
6 0.026250 0.933750 0.017500 0.007500
6 0.003750 0.937500 0.017500 0.010000
6 0.022500 0.950000 0.015000 0.010000
6 0.051250 0.936250 0.012500 0.020000
6 0.023750 0.958750 0.017500 0.012500
6 0.073750 0.908750 0.012500 0.022500
6 0.068750 0.931250 0.007500 0.020000
6 0.066250 0.951250 0.010000 0.017500
6 0.062500 0.971250 0.010000 0.015000
6 0.017500 0.970000 0.017500 0.012500
6 0.038750 0.977500 0.010000 0.015000
6 0.020000 0.977500 0.015000 0.007500
6 0.021250 0.986250 0.017500 0.010000
6 0.020000 0.995000 0.020000 0.010000
6 0.057500 0.993750 0.010000 0.020000
6 0.056250 0.638750 0.017500 0.007500
6 0.111250 0.658750 0.010000 0.022500
6 0.005000 0.618750 0.010000 0.005000
6 0.003750 0.627500 0.012500 0.007500
6 0.033750 0.737500 0.020000 0.012500
6 0.012500 0.600000 0.012500 0.007500
6 0.518750 0.541250 0.012500 0.010000
6 0.415000 0.506250 0.012500 0.010000
6 0.005000 0.636250 0.012500 0.007500
