6 0.028125 0.536875 0.026250 0.006250
6 0.401875 0.546875 0.028750 0.008750
6 0.358125 0.599375 0.026250 0.008750
6 0.361250 0.616250 0.027500 0.010000
6 0.396250 0.596875 0.025000 0.008750
6 0.335000 0.692500 0.030000 0.007500
6 0.390000 0.699375 0.027500 0.008750
6 0.385625 0.674375 0.028750 0.011250
6 0.418750 0.675625 0.027500 0.008750
6 0.421250 0.698750 0.027500 0.007500
6 0.422500 0.645000 0.027500 0.012500
6 0.475000 0.642500 0.025000 0.007500
6 0.476875 0.675000 0.028750 0.007500
6 0.464375 0.588750 0.028750 0.010000
6 0.534375 0.624375 0.023750 0.006250
6 0.503750 0.644375 0.025000 0.008750
6 0.607500 0.546250 0.030000 0.007500
6 0.628125 0.435625 0.028750 0.008750
