6 0.006250 0.577500 0.012500 0.017500
6 0.018750 0.580000 0.012500 0.015000
6 0.030000 0.583750 0.012500 0.017500
6 0.276250 0.650000 0.010000 0.012500
6 0.286250 0.651250 0.010000 0.015000
6 0.296250 0.650000 0.010000 0.015000
6 0.307500 0.653750 0.010000 0.015000
6 0.352500 0.656250 0.015000 0.017500
6 0.368750 0.657500 0.012500 0.017500
6 0.380000 0.657500 0.010000 0.017500
6 0.393750 0.661250 0.012500 0.017500
6 0.421250 0.687500 0.015000 0.010000
6 0.473750 0.687500 0.022500 0.007500
6 0.003750 0.625000 0.010000 0.015000
6 0.017500 0.632500 0.012500 0.015000
6 0.033750 0.701250 0.017500 0.010000
6 0.032500 0.638750 0.010000 0.015000
6 0.045000 0.638750 0.012500 0.017500
6 0.062500 0.651250 0.012500 0.015000
6 0.072500 0.647500 0.010000 0.015000
6 0.063750 0.676250 0.017500 0.007500
6 0.123750 0.702500 0.015000 0.007500
6 0.143750 0.753750 0.022500 0.010000
6 0.093750 0.665000 0.012500 0.015000
6 0.106250 0.666250 0.012500 0.012500
6 0.168750 0.695000 0.010000 0.012500
6 0.187500 0.767500 0.017500 0.010000
6 0.141250 0.667500 0.012500 0.012500
6 0.152500 0.688750 0.015000 0.015000
6 0.162500 0.680000 0.012500 0.012500
6 0.186250 0.680000 0.010000 0.012500
6 0.175000 0.683750 0.012500 0.015000
6 0.180000 0.698750 0.012500 0.015000
6 0.143750 0.710000 0.020000 0.010000
6 0.181250 0.721250 0.020000 0.007500
6 0.203750 0.726250 0.020000 0.010000
6 0.205000 0.698750 0.010000 0.020000
6 0.198750 0.683750 0.012500 0.015000
6 0.192500 0.698750 0.010000 0.015000
6 0.217500 0.690000 0.015000 0.015000
6 0.221250 0.705000 0.012500 0.015000
6 0.100000 0.740000 0.017500 0.010000
6 0.152500 0.746250 0.020000 0.010000
6 0.240000 0.712500 0.015000 0.012500
6 0.241250 0.698750 0.012500 0.012500
6 0.251250 0.695000 0.015000 0.015000
6 0.256250 0.715000 0.015000 0.015000
6 0.265000 0.708750 0.012500 0.012500
6 0.242500 0.736250 0.017500 0.010000
6 0.260000 0.738750 0.015000 0.005000
6 0.277500 0.740000 0.015000 0.005000
6 0.308750 0.755000 0.012500 0.017500
6 0.320000 0.755000 0.010000 0.012500
6 0.341250 0.828750 0.022500 0.010000
6 0.337500 0.758750 0.012500 0.017500
6 0.350000 0.757500 0.012500 0.017500
6 0.366250 0.758750 0.010000 0.015000
6 0.378750 0.758750 0.010000 0.015000
6 0.388750 0.757500 0.010000 0.015000
6 0.401250 0.756250 0.010000 0.015000
6 0.410000 0.755000 0.010000 0.015000
6 0.692500 0.712500 0.020000 0.010000
6 0.600000 0.595000 0.020000 0.010000
6 0.607500 0.603750 0.020000 0.010000
6 0.273750 0.696250 0.017500 0.015000
6 0.293750 0.703750 0.015000 0.017500
6 0.298750 0.720000 0.012500 0.015000
6 0.307500 0.705000 0.012500 0.015000
6 0.327500 0.731250 0.012500 0.015000
6 0.311250 0.721250 0.012500 0.012500
6 0.320000 0.712500 0.012500 0.015000
6 0.342500 0.711250 0.012500 0.015000
6 0.350000 0.726250 0.012500 0.017500
6 0.355000 0.712500 0.012500 0.015000
6 0.361250 0.728750 0.012500 0.015000
6 0.372500 0.726250 0.012500 0.017500
6 0.367500 0.711250 0.015000 0.015000
6 0.377500 0.711250 0.015000 0.015000
6 0.385000 0.725000 0.012500 0.015000
6 0.416250 0.717500 0.010000 0.015000
6 0.395000 0.722500 0.015000 0.017500
6 0.407500 0.718750 0.012500 0.017500
6 0.390000 0.708750 0.015000 0.015000
6 0.401250 0.705000 0.012500 0.012500
6 0.411250 0.703750 0.010000 0.015000
6 0.018750 0.621250 0.017500 0.012500
6 0.095000 0.651250 0.015000 0.012500
6 0.052500 0.633750 0.010000 0.012500
6 0.078750 0.661250 0.015000 0.012500
6 0.083750 0.651250 0.010000 0.012500
6 0.115000 0.663750 0.012500 0.012500
6 0.122500 0.661250 0.010000 0.015000
6 0.135000 0.680000 0.010000 0.015000
6 0.121250 0.678750 0.007500 0.012500
6 0.283750 0.713750 0.012500 0.015000
6 0.293750 0.742500 0.015000 0.010000
6 0.331250 0.711250 0.010000 0.010000
6 0.322500 0.651250 0.010000 0.010000
6 0.337500 0.726250 0.010000 0.012500
6 0.601250 0.593750 0.012500 0.010000
6 0.613750 0.612500 0.015000 0.012500
6 0.421250 0.747500 0.010000 0.010000
6 0.627500 0.433750 0.015000 0.015000
6 0.536250 0.331250 0.025000 0.032500
6 0.865000 0.406250 0.025000 0.020000
6 0.883750 0.345000 0.030000 0.022500
