6 0.732500 0.957500 0.020000 0.075000
6 0.486250 0.938750 0.010000 0.015000
6 0.458750 0.976250 0.015000 0.017500
6 0.433750 0.730000 0.012500 0.022500
6 0.422500 0.752500 0.010000 0.017500
6 0.410000 0.783750 0.012500 0.017500
6 0.403750 0.802500 0.012500 0.017500
6 0.158750 0.843750 0.010000 0.015000
6 0.111250 0.948750 0.012500 0.020000
6 0.440000 0.712500 0.012500 0.017500
6 0.865000 0.101250 0.010000 0.017500
6 0.906250 0.116250 0.012500 0.020000
6 0.601250 0.131250 0.010000 0.020000
6 0.623750 0.138750 0.012500 0.017500
6 0.413750 0.178750 0.022500 0.015000
6 0.393750 0.233750 0.017500 0.015000
6 0.356250 0.186250 0.020000 0.012500
6 0.243750 0.817500 0.020000 0.012500
6 0.821250 0.561250 0.012500 0.025000
6 0.876250 0.198750 0.010000 0.020000
