6 0.481250 0.453750 0.010000 0.022500
6 0.481250 0.468750 0.012500 0.017500
6 0.635000 0.532500 0.010000 0.017500
6 0.415000 0.668750 0.015000 0.012500
6 0.395000 0.668750 0.020000 0.012500
6 0.341250 0.496250 0.010000 0.015000
6 0.675000 0.272500 0.010000 0.020000
6 0.213750 0.322500 0.010000 0.017500
6 0.217500 0.301250 0.007500 0.015000
6 0.217500 0.283750 0.005000 0.015000
6 0.247500 0.176250 0.007500 0.015000
6 0.515000 0.038750 0.017500 0.010000
6 0.555000 0.033750 0.022500 0.010000
6 0.321250 0.528750 0.007500 0.020000
6 0.336250 0.261250 0.017500 0.010000
