6 0.027500 0.598750 0.017500 0.010000
6 0.018750 0.618750 0.017500 0.010000
6 0.122500 0.650000 0.017500 0.010000
6 0.077500 0.642500 0.015000 0.010000
6 0.102500 0.663750 0.017500 0.010000
6 0.142500 0.670000 0.015000 0.010000
6 0.121250 0.687500 0.020000 0.012500
6 0.077500 0.693750 0.015000 0.012500
6 0.072500 0.666250 0.017500 0.012500
6 0.183750 0.680000 0.017500 0.012500
6 0.168750 0.696250 0.020000 0.012500
6 0.126250 0.711250 0.020000 0.017500
6 0.191250 0.720000 0.015000 0.010000
6 0.200000 0.713750 0.017500 0.010000
6 0.212500 0.692500 0.015000 0.012500
6 0.266250 0.721250 0.015000 0.012500
6 0.236250 0.718750 0.017500 0.007500
6 0.248750 0.737500 0.025000 0.017500
6 0.216250 0.750000 0.022500 0.015000
6 0.271250 0.762500 0.015000 0.010000
6 0.291250 0.747500 0.015000 0.010000
6 0.333750 0.783750 0.020000 0.012500
6 0.322500 0.807500 0.075000 0.047500
6 0.376250 0.805000 0.017500 0.012500
6 0.366250 0.773750 0.020000 0.015000
6 0.397500 0.803750 0.015000 0.012500
6 0.428750 0.808750 0.020000 0.012500
6 0.456250 0.838750 0.022500 0.012500
6 0.485000 0.842500 0.017500 0.012500
6 0.445000 0.867500 0.015000 0.012500
6 0.463750 0.858750 0.017500 0.010000
6 0.495000 0.862500 0.017500 0.012500
6 0.530000 0.868750 0.017500 0.010000
6 0.521250 0.877500 0.012500 0.012500
6 0.523750 0.890000 0.017500 0.012500
6 0.506250 0.895000 0.017500 0.012500
6 0.487500 0.898750 0.015000 0.012500
6 0.341250 0.931250 0.020000 0.012500
6 0.350000 0.922500 0.017500 0.010000
6 0.356250 0.915000 0.017500 0.010000
6 0.337500 0.942500 0.017500 0.010000
6 0.285000 0.956250 0.017500 0.012500
6 0.566250 0.887500 0.015000 0.012500
6 0.570000 0.901250 0.017500 0.012500
6 0.598750 0.908750 0.022500 0.015000
6 0.618750 0.926250 0.015000 0.010000
6 0.587500 0.940000 0.020000 0.015000
6 0.647500 0.942500 0.015000 0.010000
6 0.672500 0.953750 0.015000 0.012500
6 0.632500 0.948750 0.020000 0.012500
6 0.627500 0.958750 0.020000 0.012500
6 0.680000 0.975000 0.020000 0.012500
6 0.620000 0.977500 0.020000 0.012500
6 0.718750 0.976250 0.017500 0.012500
6 0.741250 0.992500 0.017500 0.012500
6 0.622500 0.801250 0.025000 0.012500
6 0.557500 0.761250 0.020000 0.012500
6 0.390000 0.641250 0.072500 0.045000
6 0.291250 0.622500 0.022500 0.012500
6 0.197500 0.578750 0.020000 0.010000
6 0.208750 0.571250 0.017500 0.005000
6 0.198750 0.552500 0.017500 0.010000
6 0.113750 0.532500 0.020000 0.012500
6 0.077500 0.502500 0.022500 0.015000
6 0.186250 0.186250 0.017500 0.007500
6 0.177500 0.207500 0.020000 0.007500
6 0.171250 0.215000 0.020000 0.007500
6 0.255000 0.157500 0.020000 0.007500
6 0.253750 0.170000 0.025000 0.010000
6 0.272500 0.198750 0.017500 0.010000
6 0.276250 0.216250 0.022500 0.007500
6 0.275000 0.225000 0.017500 0.007500
6 0.225000 0.301250 0.017500 0.007500
6 0.225000 0.311250 0.017500 0.010000
6 0.276250 0.307500 0.020000 0.007500
6 0.272500 0.315000 0.017500 0.005000
6 0.438750 0.410000 0.020000 0.010000
6 0.290000 0.386250 0.017500 0.010000
6 0.552500 0.617500 0.020000 0.010000
6 0.548750 0.632500 0.020000 0.010000
6 0.570000 0.638750 0.010000 0.012500
6 0.566250 0.623750 0.017500 0.010000
6 0.583750 0.646250 0.012500 0.017500
6 0.587500 0.615000 0.022500 0.010000
6 0.600000 0.605000 0.020000 0.012500
6 0.603750 0.635000 0.012500 0.012500
6 0.625000 0.623750 0.012500 0.012500
6 0.613750 0.630000 0.012500 0.012500
6 0.638750 0.616250 0.015000 0.015000
6 0.656250 0.608750 0.015000 0.012500
6 0.676250 0.595000 0.017500 0.017500
6 0.686250 0.592500 0.015000 0.015000
6 0.695000 0.586250 0.017500 0.015000
6 0.702500 0.580000 0.017500 0.015000
6 0.716250 0.575000 0.020000 0.017500
6 0.573750 0.612500 0.020000 0.012500
6 0.588750 0.723750 0.022500 0.020000
6 0.398750 0.228750 0.010000 0.017500
6 0.365000 0.198750 0.012500 0.012500
6 0.278750 0.256250 0.020000 0.007500
6 0.865000 0.196250 0.020000 0.012500
6 0.200000 0.913750 0.012500 0.007500
6 0.211250 0.907500 0.017500 0.015000
6 0.221250 0.901250 0.017500 0.012500
6 0.231250 0.895000 0.015000 0.015000
6 0.263750 0.872500 0.015000 0.010000
6 0.991250 0.092500 0.015000 0.015000
6 0.363750 0.907500 0.017500 0.012500
6 0.596250 0.643750 0.010000 0.012500
6 0.663750 0.602500 0.010000 0.012500
4 0.508750 0.970000 0.047500 0.025000
4 0.495000 0.988750 0.047500 0.025000
4 0.533750 0.981250 0.045000 0.020000
4 0.560000 0.992500 0.037500 0.022500
6 0.275000 0.265000 0.015000 0.010000
6 0.272500 0.206250 0.015000 0.007500
6 0.280000 0.232500 0.017500 0.007500
6 0.277500 0.241250 0.017500 0.007500
6 0.181250 0.195000 0.015000 0.010000
6 0.280000 0.248750 0.017500 0.007500
6 0.352500 0.200000 0.012500 0.017500
6 0.393750 0.195000 0.012500 0.015000
6 0.440000 0.220000 0.012500 0.015000
6 0.458750 0.218750 0.010000 0.015000
6 0.412500 0.192500 0.007500 0.012500
