6 0.107500 0.301250 0.017500 0.015000
6 0.136250 0.300000 0.017500 0.012500
6 0.135000 0.335000 0.020000 0.015000
6 0.150000 0.317500 0.020000 0.017500
6 0.200000 0.412500 0.015000 0.012500
6 0.322500 0.498750 0.020000 0.012500
6 0.420000 0.451250 0.015000 0.010000
6 0.441250 0.438750 0.017500 0.010000
6 0.442500 0.332500 0.022500 0.007500
6 0.740000 0.232500 0.017500 0.010000
6 0.943750 0.107500 0.020000 0.012500
6 0.990000 0.092500 0.015000 0.010000
6 0.910000 0.003750 0.007500 0.015000
6 0.921250 0.525000 0.012500 0.012500
6 0.910000 0.508750 0.012500 0.015000
6 0.521250 0.873750 0.022500 0.012500
6 0.500000 0.886250 0.015000 0.010000
6 0.483750 0.896250 0.015000 0.010000
6 0.388750 0.953750 0.017500 0.010000
6 0.367500 0.966250 0.020000 0.010000
6 0.820000 0.207500 0.020000 0.012500
6 0.112500 0.273750 0.010000 0.010000
6 0.222500 0.401250 0.015000 0.010000
6 0.922500 0.018750 0.010000 0.010000
6 0.928750 0.023750 0.010000 0.010000
6 0.315000 0.995000 0.030000 0.017500
