6 0.357500 0.097500 0.047500 0.025000
6 0.331250 0.090000 0.017500 0.010000
6 0.225000 0.153750 0.017500 0.012500
6 0.020000 0.276250 0.020000 0.015000
6 0.451250 0.042500 0.022500 0.012500
6 0.831250 0.137500 0.017500 0.010000
6 0.831250 0.171250 0.015000 0.012500
6 0.645000 0.393750 0.012500 0.015000
6 0.677500 0.411250 0.010000 0.017500
6 0.633750 0.438750 0.012500 0.017500
6 0.626250 0.478750 0.010000 0.012500
6 0.830000 0.976250 0.017500 0.007500
6 0.838750 0.997500 0.015000 0.010000
6 0.220000 0.970000 0.022500 0.012500
6 0.385000 0.083750 0.015000 0.010000
6 0.370000 0.066250 0.015000 0.007500
6 0.833750 0.988750 0.015000 0.010000
6 0.653750 0.606250 0.012500 0.012500
