6 0.005000 0.076250 0.010000 0.017500
6 0.008750 0.113750 0.010000 0.015000
6 0.006250 0.196250 0.010000 0.015000
6 0.023750 0.213750 0.010000 0.012500
6 0.046250 0.296250 0.012500 0.015000
6 0.035000 0.326250 0.012500 0.015000
6 0.018750 0.177500 0.010000 0.015000
6 0.037500 0.272500 0.012500 0.015000
6 0.046250 0.355000 0.010000 0.012500
6 0.060000 0.403750 0.015000 0.015000
6 0.076250 0.398750 0.015000 0.017500
6 0.068750 0.435000 0.012500 0.015000
6 0.103750 0.506250 0.017500 0.017500
6 0.151250 0.651250 0.010000 0.017500
6 0.131250 0.700000 0.015000 0.017500
6 0.108750 0.723750 0.020000 0.012500
6 0.015000 0.245000 0.015000 0.017500
6 0.055000 0.337500 0.020000 0.030000
6 0.136250 0.358750 0.025000 0.020000
6 0.107500 0.342500 0.012500 0.012500
6 0.025000 0.286250 0.012500 0.017500
6 0.090000 0.483750 0.020000 0.020000
6 0.088750 0.433750 0.015000 0.017500
6 0.435000 0.046250 0.030000 0.020000
6 0.482500 0.055000 0.020000 0.012500
6 0.503750 0.055000 0.020000 0.012500
6 0.517500 0.045000 0.020000 0.015000
6 0.500000 0.097500 0.020000 0.012500
6 0.528750 0.096250 0.017500 0.012500
6 0.561250 0.102500 0.020000 0.012500
6 0.590000 0.101250 0.030000 0.015000
6 0.581250 0.135000 0.017500 0.012500
6 0.636250 0.140000 0.020000 0.012500
6 0.667500 0.130000 0.017500 0.012500
6 0.622500 0.166250 0.020000 0.012500
6 0.680000 0.165000 0.015000 0.010000
6 0.703750 0.165000 0.017500 0.010000
6 0.720000 0.160000 0.015000 0.012500
6 0.682500 0.201250 0.017500 0.012500
6 0.805000 0.206250 0.015000 0.010000
6 0.751250 0.237500 0.030000 0.017500
6 0.800000 0.252500 0.085000 0.045000
6 0.795000 0.228750 0.020000 0.012500
6 0.848750 0.233750 0.015000 0.012500
6 0.868750 0.257500 0.017500 0.010000
6 0.866250 0.270000 0.022500 0.012500
6 0.902500 0.288750 0.017500 0.012500
6 0.957500 0.290000 0.022500 0.017500
6 0.945000 0.318750 0.017500 0.015000
6 0.995000 0.366250 0.030000 0.017500
6 0.988750 0.350000 0.015000 0.012500
6 0.988750 0.166250 0.017500 0.012500
6 0.956250 0.097500 0.020000 0.012500
6 0.966250 0.310000 0.017500 0.017500
6 0.896250 0.257500 0.017500 0.010000
6 0.723750 0.191250 0.017500 0.010000
6 0.211250 0.720000 0.017500 0.015000
6 0.228750 0.712500 0.020000 0.015000
6 0.258750 0.756250 0.017500 0.017500
6 0.238750 0.755000 0.015000 0.015000
6 0.265000 0.776250 0.012500 0.012500
6 0.227500 0.733750 0.020000 0.020000
6 0.243750 0.737500 0.015000 0.015000
6 0.032500 0.247500 0.015000 0.025000
6 0.716250 0.202500 0.017500 0.012500
6 0.630000 0.155000 0.015000 0.010000
6 0.445000 0.037500 0.015000 0.007500
6 0.078750 0.456250 0.012500 0.020000
6 0.247500 0.767500 0.012500 0.015000
6 0.050000 0.755000 0.017500 0.007500
6 0.476250 0.297500 0.010000 0.017500
6 0.771250 0.201250 0.022500 0.015000
6 0.486250 0.255000 0.007500 0.015000
