6 0.277500 0.457500 0.020000 0.015000
6 0.260000 0.485000 0.020000 0.015000
6 0.461250 0.602500 0.017500 0.015000
6 0.461250 0.616250 0.015000 0.012500
6 0.557500 0.697500 0.022500 0.015000
6 0.513750 0.692500 0.022500 0.015000
6 0.640000 0.747500 0.022500 0.015000
6 0.598750 0.761250 0.020000 0.012500
6 0.645000 0.785000 0.012500 0.015000
6 0.668750 0.790000 0.017500 0.010000
6 0.687500 0.790000 0.015000 0.015000
6 0.727500 0.857500 0.017500 0.015000
6 0.742500 0.852500 0.015000 0.015000
6 0.758750 0.852500 0.015000 0.015000
6 0.793750 0.876250 0.020000 0.012500
6 0.787500 0.888750 0.020000 0.012500
6 0.826250 0.948750 0.017500 0.015000
6 0.992500 0.528750 0.017500 0.015000
6 0.976250 0.543750 0.017500 0.012500
6 0.415000 0.211250 0.020000 0.010000
6 0.406250 0.216250 0.015000 0.010000
6 0.336250 0.173750 0.022500 0.015000
6 0.100000 0.185000 0.015000 0.012500
6 0.238750 0.068750 0.017500 0.015000
6 0.308750 0.008750 0.017500 0.012500
6 0.285000 0.003750 0.022500 0.015000
6 0.270000 0.013750 0.017500 0.012500
6 0.256250 0.025000 0.017500 0.012500
6 0.248750 0.031250 0.020000 0.012500
6 0.242500 0.037500 0.017500 0.015000
6 0.235000 0.045000 0.020000 0.012500
6 0.212500 0.056250 0.020000 0.007500
6 0.748750 0.823750 0.042500 0.030000
6 0.422500 0.206250 0.017500 0.015000
6 0.427500 0.197500 0.017500 0.012500
6 0.291250 0.167500 0.015000 0.010000
6 0.081250 0.198750 0.017500 0.017500
6 0.982500 0.377500 0.010000 0.015000
6 0.925000 0.325000 0.012500 0.012500
6 0.993750 0.375000 0.012500 0.015000
6 0.222500 0.437500 0.022500 0.017500
