6 0.300000 0.285625 0.015000 0.006250
6 0.349375 0.296875 0.016250 0.006250
6 0.452500 0.318750 0.007500 0.012500
6 0.281250 0.974375 0.015000 0.006250
6 0.358125 0.970000 0.013750 0.007500
6 0.381250 0.968125 0.017500 0.006250
6 0.506250 0.953125 0.017500 0.006250
6 0.542500 0.906250 0.007500 0.017500
6 0.568750 0.942500 0.015000 0.005000
6 0.576875 0.005625 0.006250 0.008750
6 0.730625 0.930625 0.013750 0.006250
6 0.751250 0.928125 0.015000 0.008750
6 0.806250 0.583125 0.007500 0.016250
6 0.873125 0.579375 0.006250 0.013750
6 0.863125 0.268125 0.011250 0.006250
6 0.721250 0.277500 0.015000 0.005000
6 0.971250 0.587500 0.012500 0.012500
6 0.955000 0.840000 0.010000 0.012500
