0 0.051250 0.354375 0.032500 0.036250
0 0.060000 0.406250 0.027500 0.037500
0 0.056875 0.508125 0.033750 0.038750
0 0.055625 0.561250 0.031250 0.037500
0 0.054375 0.612500 0.028750 0.040000
0 0.223125 0.314375 0.073750 0.078750
0 0.256875 0.383750 0.023750 0.032500
0 0.242500 0.420625 0.057500 0.053750
0 0.206875 0.453125 0.046250 0.051250
0 0.242500 0.485000 0.047500 0.052500
0 0.235625 0.595625 0.046250 0.046250
0 0.235625 0.658750 0.063750 0.045000
0 0.355000 0.806875 0.067500 0.088750
0 0.415625 0.829375 0.051250 0.058750
0 0.494375 0.738125 0.056250 0.061250
0 0.482500 0.823125 0.070000 0.066250
0 0.379375 0.556875 0.046250 0.031250
0 0.463750 0.554375 0.037500 0.028750
0 0.507500 0.553125 0.037500 0.028750
0 0.390000 0.437500 0.050000 0.042500
0 0.385625 0.393125 0.043750 0.036250
0 0.388125 0.338125 0.058750 0.043750
0 0.365625 0.309375 0.058750 0.048750
0 0.313125 0.270625 0.076250 0.048750
0 0.387500 0.276250 0.067500 0.070000
6 0.351875 0.101875 0.016250 0.008750
6 0.418125 0.123125 0.016250 0.008750
6 0.474375 0.160625 0.013750 0.016250
6 0.472500 0.173750 0.012500 0.015000
6 0.474375 0.189375 0.013750 0.013750
6 0.461250 0.176250 0.012500 0.015000
6 0.460625 0.190000 0.013750 0.015000
6 0.460625 0.203750 0.018750 0.017500
6 0.505625 0.125625 0.018750 0.018750
6 0.506250 0.138125 0.020000 0.013750
6 0.505625 0.153125 0.021250 0.018750
6 0.506250 0.165000 0.022500 0.015000
6 0.506875 0.178750 0.021250 0.017500
6 0.507500 0.192500 0.017500 0.012500
6 0.507500 0.205000 0.015000 0.012500
6 0.506250 0.216875 0.017500 0.013750
6 0.508125 0.255625 0.016250 0.016250
6 0.508750 0.284375 0.012500 0.011250
6 0.509375 0.296875 0.016250 0.011250
6 0.509375 0.311250 0.013750 0.015000
6 0.475625 0.323125 0.016250 0.018750
6 0.475625 0.338125 0.016250 0.013750
6 0.577500 0.031250 0.007500 0.020000
6 0.567500 0.029375 0.007500 0.016250
6 0.531875 0.054375 0.016250 0.008750
6 0.531250 0.045000 0.017500 0.007500
6 0.750000 0.199375 0.007500 0.018750
6 0.822500 0.338750 0.007500 0.015000
6 0.858125 0.334375 0.008750 0.018750
6 0.869375 0.337500 0.008750 0.017500
6 0.911250 0.383750 0.007500 0.017500
6 0.850625 0.093125 0.013750 0.018750
6 0.886875 0.143750 0.013750 0.020000
6 0.920000 0.157500 0.015000 0.020000
6 0.932500 0.136875 0.012500 0.016250
6 0.948125 0.158750 0.016250 0.022500
6 0.866250 0.079375 0.017500 0.021250
6 0.858125 0.050000 0.016250 0.017500
6 0.851250 0.060000 0.012500 0.017500
6 0.883750 0.070000 0.012500 0.017500
