4 0.252500 0.185000 0.012500 0.012500
4 0.268125 0.194375 0.013750 0.016250
4 0.281875 0.204375 0.013750 0.013750
4 0.238750 0.203750 0.012500 0.015000
4 0.255000 0.215000 0.015000 0.015000
4 0.268125 0.225000 0.013750 0.015000
4 0.305625 0.221250 0.013750 0.015000
4 0.322500 0.233750 0.015000 0.015000
4 0.293750 0.238125 0.015000 0.013750
4 0.310625 0.248750 0.013750 0.015000
4 0.325000 0.258125 0.012500 0.013750
4 0.336875 0.243125 0.016250 0.016250
4 0.344375 0.145000 0.008750 0.010000
4 0.355000 0.148125 0.007500 0.011250
4 0.365000 0.148750 0.010000 0.010000
4 0.343750 0.158125 0.007500 0.008750
4 0.353125 0.161250 0.008750 0.010000
4 0.362500 0.161250 0.007500 0.010000
4 0.335625 0.174375 0.008750 0.008750
4 0.345000 0.176875 0.007500 0.008750
4 0.353125 0.179375 0.011250 0.011250
1 0.910000 0.317500 0.020000 0.070000
1 0.811250 0.087500 0.040000 0.017500
