4 0.101250 0.807500 0.045000 0.045000
4 0.173750 0.775000 0.045000 0.045000
4 0.082500 0.862500 0.047500 0.047500
4 0.139375 0.871250 0.041250 0.042500
4 0.150625 0.651875 0.011250 0.011250
4 0.162500 0.656875 0.010000 0.011250
4 0.154375 0.638125 0.011250 0.008750
4 0.168125 0.642500 0.011250 0.012500
4 0.160625 0.625625 0.011250 0.008750
4 0.173125 0.629375 0.011250 0.011250
4 0.184375 0.573125 0.011250 0.011250
4 0.203125 0.578750 0.013750 0.012500
4 0.296250 0.733750 0.020000 0.020000
4 0.335625 0.724375 0.023750 0.023750
4 0.314375 0.750625 0.021250 0.018750
4 0.353125 0.747500 0.023750 0.022500
4 0.331875 0.772500 0.021250 0.022500
4 0.364375 0.773750 0.021250 0.017500
4 0.348750 0.796250 0.022500 0.022500
4 0.343750 0.585000 0.040000 0.040000
4 0.353750 0.546250 0.027500 0.030000
4 0.363125 0.510625 0.028750 0.028750
4 0.228125 0.525625 0.033750 0.031250
4 0.279375 0.542500 0.031250 0.032500
4 0.226875 0.586250 0.013750 0.012500
4 0.196875 0.680000 0.013750 0.015000
4 0.285625 0.588125 0.011250 0.011250
4 0.261250 0.500000 0.027500 0.022500
4 0.240000 0.471875 0.025000 0.023750
4 0.293750 0.493125 0.025000 0.023750
4 0.287500 0.433125 0.025000 0.023750
4 0.258125 0.423750 0.023750 0.022500
4 0.380000 0.305625 0.042500 0.038750
4 0.413750 0.345625 0.027500 0.028750
4 0.458750 0.299375 0.052500 0.051250
4 0.295000 0.331250 0.012500 0.012500
4 0.281875 0.356250 0.013750 0.015000
4 0.347500 0.363750 0.012500 0.012500
4 0.363750 0.380000 0.012500 0.015000
4 0.367500 0.401875 0.015000 0.013750
4 0.340625 0.395625 0.013750 0.013750
4 0.284375 0.380000 0.013750 0.010000
4 0.496875 0.388750 0.033750 0.032500
4 0.533750 0.341250 0.035000 0.027500
4 0.525000 0.421875 0.027500 0.026250
4 0.550625 0.449375 0.023750 0.023750
4 0.596875 0.504375 0.031250 0.031250
4 0.585625 0.403125 0.018750 0.018750
4 0.594375 0.373750 0.018750 0.017500
4 0.621875 0.347500 0.013750 0.015000
4 0.626250 0.368125 0.015000 0.013750
4 0.573125 0.308125 0.031250 0.031250
4 0.620625 0.405000 0.018750 0.017500
4 0.613125 0.433125 0.018750 0.018750
4 0.662500 0.396250 0.007500 0.010000
4 0.645000 0.395000 0.007500 0.010000
4 0.694375 0.311875 0.046250 0.046250
4 0.650000 0.468125 0.027500 0.023750
4 0.686875 0.436250 0.023750 0.022500
4 0.709375 0.461250 0.026250 0.022500
4 0.679375 0.500625 0.026250 0.021250
4 0.731875 0.486250 0.023750 0.022500
4 0.754375 0.503750 0.013750 0.012500
4 0.739375 0.517500 0.016250 0.015000
4 0.706875 0.533125 0.023750 0.023750
4 0.532500 0.257500 0.022500 0.022500
4 0.508750 0.233125 0.025000 0.026250
4 0.482500 0.203750 0.030000 0.027500
4 0.443125 0.244375 0.023750 0.023750
4 0.617500 0.225000 0.035000 0.032500
4 0.657500 0.232500 0.030000 0.030000
4 0.612500 0.181875 0.035000 0.031250
4 0.570625 0.173125 0.036250 0.033750
4 0.568125 0.129375 0.033750 0.031250
4 0.382500 0.177500 0.047500 0.042500
4 0.343750 0.145625 0.040000 0.041250
4 0.018750 0.407500 0.012500 0.012500
4 0.020000 0.421250 0.012500 0.012500
4 0.023750 0.433125 0.012500 0.011250
4 0.622500 0.555625 0.012500 0.011250
4 0.637500 0.570625 0.015000 0.011250
4 0.625000 0.538125 0.005000 0.006250
4 0.640000 0.540000 0.010000 0.010000
4 0.665000 0.553750 0.010000 0.007500
4 0.652500 0.553750 0.010000 0.007500
4 0.652500 0.539375 0.010000 0.008750
4 0.678750 0.597500 0.027500 0.025000
4 0.704375 0.628125 0.023750 0.023750
4 0.734375 0.575000 0.016250 0.015000
4 0.748750 0.595625 0.015000 0.013750
4 0.711250 0.738125 0.012500 0.011250
4 0.718750 0.748125 0.012500 0.011250
4 0.727500 0.759375 0.010000 0.011250
4 0.735625 0.768125 0.011250 0.011250
4 0.711250 0.763125 0.010000 0.008750
4 0.910000 0.726250 0.015000 0.012500
4 0.921250 0.739375 0.017500 0.016250
4 0.910625 0.752500 0.013750 0.012500
4 0.941875 0.721250 0.011250 0.007500
4 0.933125 0.712500 0.011250 0.010000
4 0.923125 0.702500 0.011250 0.007500
4 0.931250 0.694375 0.010000 0.008750
4 0.941250 0.703125 0.010000 0.008750
4 0.951250 0.711875 0.012500 0.008750
