0 0.567500 0.681250 0.042500 0.022500
0 0.671250 0.521250 0.025000 0.022500
0 0.533750 0.415625 0.030000 0.018750
0 0.168125 0.536875 0.026250 0.023750
0 0.156250 0.621875 0.035000 0.021250
0 0.697500 0.483750 0.027500 0.012500
0 0.709375 0.500625 0.021250 0.016250
0 0.716875 0.523125 0.023750 0.016250
0 0.416875 0.877500 0.016250 0.010000
0 0.478125 0.814375 0.013750 0.013750
0 0.853125 0.902500 0.028750 0.017500
0 0.119375 0.556250 0.013750 0.012500
0 0.174375 0.645625 0.033750 0.018750
0 0.473125 0.640000 0.013750 0.015000
