6 0.615000 0.190000 0.020000 0.010000
6 0.502500 0.208750 0.012500 0.017500
6 0.386250 0.442500 0.015000 0.025000
6 0.368750 0.513750 0.010000 0.015000
6 0.550000 0.620000 0.015000 0.007500
6 0.485000 0.628750 0.022500 0.012500
6 0.918750 0.533750 0.007500 0.010000
6 0.910000 0.558750 0.007500 0.007500
6 0.916250 0.572500 0.007500 0.010000
6 0.273750 0.802500 0.015000 0.022500
6 0.131250 0.577500 0.010000 0.017500
6 0.137500 0.588750 0.012500 0.012500
6 0.051250 0.535000 0.057500 0.017500
6 0.085000 0.396250 0.010000 0.017500
6 0.068750 0.392500 0.015000 0.027500
6 0.067500 0.416250 0.012500 0.015000
6 0.471250 0.677500 0.012500 0.025000
6 0.108750 0.590000 0.022500 0.007500
6 0.651250 0.166250 0.027500 0.015000
