6 0.083750 0.038750 0.025000 0.012500
6 0.078750 0.598750 0.015000 0.025000
6 0.388750 0.090000 0.022500 0.015000
6 0.742500 0.192500 0.015000 0.017500
6 0.722500 0.340000 0.015000 0.025000
6 0.636250 0.760000 0.015000 0.020000
6 0.631250 0.708750 0.010000 0.020000
6 0.865000 0.173750 0.020000 0.010000
6 0.732500 0.403750 0.015000 0.017500
6 0.727500 0.418750 0.010000 0.012500
6 0.723750 0.433750 0.012500 0.015000
6 0.721250 0.448750 0.012500 0.015000
6 0.716250 0.472500 0.012500 0.017500
6 0.728750 0.593750 0.022500 0.010000
6 0.678750 0.638750 0.012500 0.022500
6 0.646250 0.653750 0.017500 0.022500
6 0.640000 0.670000 0.010000 0.017500
6 0.720000 0.722500 0.020000 0.010000
6 0.703750 0.733750 0.022500 0.010000
6 0.861250 0.881250 0.015000 0.017500
6 0.785000 0.816250 0.022500 0.010000
6 0.586250 0.885000 0.012500 0.022500
6 0.537500 0.770000 0.020000 0.005000
