6 0.073750 0.620000 0.025000 0.015000
6 0.102500 0.626250 0.022500 0.015000
6 0.368750 0.847500 0.015000 0.022500
6 0.373750 0.820000 0.012500 0.017500
6 0.207500 0.078750 0.010000 0.017500
6 0.196250 0.078750 0.012500 0.017500
6 0.202500 0.543750 0.022500 0.032500
6 0.827500 0.150000 0.020000 0.012500
6 0.805000 0.117500 0.017500 0.012500
6 0.558750 0.172500 0.010000 0.022500
6 0.701250 0.211250 0.022500 0.022500
6 0.462500 0.611250 0.020000 0.010000
6 0.471250 0.545000 0.017500 0.020000
6 0.677500 0.718750 0.017500 0.017500
6 0.833750 0.788750 0.025000 0.012500
6 0.043750 0.677500 0.012500 0.012500
