6 0.427500 0.991250 0.025000 0.012500
6 0.252500 0.497500 0.015000 0.017500
6 0.216250 0.477500 0.015000 0.015000
6 0.212500 0.491250 0.012500 0.015000
6 0.200000 0.476250 0.015000 0.015000
6 0.196250 0.493750 0.012500 0.020000
6 0.588750 0.417500 0.022500 0.037500
6 0.137500 0.136250 0.027500 0.015000
6 0.333750 0.446250 0.015000 0.012500
6 0.673750 0.082500 0.022500 0.020000
6 0.665000 0.113750 0.012500 0.020000
6 0.676250 0.026250 0.015000 0.020000
6 0.650000 0.005000 0.025000 0.015000
