6 0.052500 0.798750 0.042500 0.017500
6 0.103750 0.816250 0.020000 0.037500
6 0.000000 0.682500 0.057500 0.030000
6 0.175000 0.936250 0.010000 0.015000
6 0.105000 0.737500 0.025000 0.047500
6 0.517500 0.620000 0.030000 0.015000
6 0.525000 0.526250 0.017500 0.022500
6 0.628750 0.001250 0.012500 0.022500
6 0.618750 0.041250 0.015000 0.022500
6 0.557500 0.938750 0.017500 0.010000
6 0.557500 0.946250 0.010000 0.015000
6 0.566250 0.946250 0.010000 0.017500
6 0.750000 0.926250 0.022500 0.010000
6 0.865000 0.935000 0.027500 0.015000
6 0.780000 0.950000 0.022500 0.015000
6 0.811250 0.923750 0.030000 0.015000
6 0.856250 0.843750 0.020000 0.025000
6 0.986250 0.897500 0.030000 0.017500
6 0.630000 0.640000 0.015000 0.015000
6 0.615000 0.628750 0.025000 0.010000
6 0.662500 0.691250 0.015000 0.025000
6 0.768750 0.915000 0.017500 0.025000
6 0.757500 0.696250 0.012500 0.020000
6 0.963750 0.578750 0.015000 0.020000
6 0.953750 0.527500 0.017500 0.022500
6 0.970000 0.473750 0.015000 0.020000
6 0.852500 0.273750 0.012500 0.010000
6 0.981250 0.297500 0.015000 0.012500
