6 0.472500 0.185000 0.010000 0.015000
6 0.680000 0.266250 0.022500 0.010000
6 0.615000 0.585000 0.007500 0.012500
6 0.691250 0.617500 0.012500 0.017500
6 0.801250 0.607500 0.010000 0.017500
6 0.991250 0.367500 0.020000 0.010000
6 0.907500 0.662500 0.012500 0.012500
6 0.475000 0.617500 0.015000 0.007500
6 0.237500 0.856250 0.015000 0.017500
6 0.338750 0.480000 0.012500 0.020000
6 0.396250 0.366250 0.012500 0.010000
6 0.388750 0.431250 0.022500 0.015000
6 0.470000 0.090000 0.015000 0.020000
6 0.535000 0.650000 0.020000 0.010000
6 0.383750 0.437500 0.022500 0.012500
