6 0.221250 0.092500 0.020000 0.010000
6 0.211250 0.132500 0.020000 0.015000
6 0.112500 0.143750 0.015000 0.017500
6 0.002500 0.693750 0.025000 0.015000
6 0.252500 0.372500 0.015000 0.022500
6 0.682500 0.982500 0.012500 0.025000
6 0.746250 0.813750 0.020000 0.012500
6 0.813750 0.457500 0.015000 0.020000
6 0.831250 0.392500 0.012500 0.022500
6 0.895000 0.140000 0.015000 0.032500
6 0.741250 0.745000 0.012500 0.015000
6 0.955000 0.406250 0.017500 0.010000
6 0.923750 0.320000 0.025000 0.012500
6 0.596250 0.165000 0.012500 0.015000
6 0.911250 0.062500 0.012500 0.015000
6 0.871250 0.082500 0.020000 0.012500
6 0.893750 0.087500 0.015000 0.015000
6 0.968750 0.102500 0.017500 0.010000
