6 0.908750 0.237500 0.015000 0.017500
6 0.887500 0.361250 0.015000 0.017500
6 0.996250 0.392500 0.015000 0.020000
6 0.972500 0.392500 0.017500 0.010000
6 0.817500 0.902500 0.025000 0.012500
6 0.835000 0.906250 0.017500 0.015000
6 0.855000 0.912500 0.027500 0.012500
6 0.250000 0.955000 0.015000 0.017500
6 0.123750 0.163750 0.025000 0.012500
6 0.095000 0.157500 0.020000 0.007500
6 0.406250 0.138750 0.015000 0.020000
6 0.440000 0.132500 0.020000 0.017500
6 0.435000 0.158750 0.017500 0.020000
6 0.570000 0.241250 0.020000 0.010000
6 0.578750 0.252500 0.020000 0.010000
6 0.628750 0.258750 0.020000 0.010000
6 0.658750 0.266250 0.022500 0.010000
6 0.683750 0.273750 0.020000 0.010000
6 0.735000 0.281250 0.022500 0.007500
6 0.691250 0.243750 0.025000 0.010000
6 0.420000 0.298750 0.012500 0.017500
6 0.458750 0.338750 0.020000 0.007500
6 0.401250 0.350000 0.017500 0.015000
6 0.383750 0.420000 0.015000 0.012500
6 0.436250 0.507500 0.022500 0.007500
6 0.797500 0.390000 0.025000 0.027500
6 0.322500 0.580000 0.012500 0.017500
6 0.295000 0.710000 0.017500 0.020000
6 0.745000 0.827500 0.015000 0.017500
6 0.728750 0.738750 0.020000 0.010000
6 0.487500 0.882500 0.017500 0.025000
6 0.476250 0.932500 0.015000 0.020000
6 0.461250 0.990000 0.015000 0.017500
6 0.213750 0.180000 0.020000 0.007500
6 0.355000 0.337500 0.017500 0.010000
6 0.357500 0.330000 0.017500 0.007500
6 0.287500 0.325000 0.020000 0.007500
6 0.288750 0.315000 0.017500 0.007500
6 0.272500 0.311250 0.017500 0.010000
6 0.270000 0.318750 0.015000 0.007500
6 0.265000 0.325000 0.015000 0.007500
