6 0.817500 0.207500 0.025000 0.012500
6 0.835000 0.211250 0.017500 0.015000
6 0.855000 0.217500 0.027500 0.012500
6 0.968750 0.553750 0.010000 0.017500
6 0.901250 0.706250 0.012500 0.020000
6 0.835000 0.873750 0.017500 0.025000
6 0.782500 0.810000 0.025000 0.012500
6 0.805000 0.815000 0.020000 0.010000
6 0.017500 0.653750 0.017500 0.010000
6 0.207500 0.691250 0.025000 0.010000
6 0.252500 0.682500 0.020000 0.012500
6 0.277500 0.681250 0.010000 0.012500
6 0.065000 0.345000 0.020000 0.010000
6 0.145000 0.381250 0.017500 0.010000
6 0.250000 0.260000 0.015000 0.017500
6 0.295000 0.015000 0.017500 0.020000
6 0.745000 0.132500 0.015000 0.017500
6 0.728750 0.043750 0.020000 0.010000
6 0.487500 0.187500 0.017500 0.025000
6 0.476250 0.237500 0.015000 0.020000
6 0.461250 0.295000 0.015000 0.017500
6 0.193750 0.478750 0.010000 0.012500
6 0.162500 0.511250 0.015000 0.020000
6 0.541250 0.932500 0.012500 0.020000
6 0.570000 0.920000 0.010000 0.010000
6 0.682500 0.326250 0.012500 0.020000
6 0.693750 0.331250 0.020000 0.040000
6 0.925000 0.807500 0.020000 0.010000
6 0.843750 0.828750 0.020000 0.012500
