6 0.908750 0.987500 0.015000 0.017500
6 0.123750 0.913750 0.025000 0.012500
6 0.095000 0.907500 0.020000 0.007500
6 0.406250 0.888750 0.015000 0.020000
6 0.055000 0.576250 0.022500 0.010000
6 0.082500 0.583750 0.027500 0.015000
6 0.225000 0.606250 0.022500 0.010000
6 0.250000 0.532500 0.012500 0.012500
6 0.103750 0.260000 0.020000 0.010000
6 0.927500 0.426250 0.025000 0.010000
6 0.930000 0.446250 0.020000 0.010000
6 0.536250 0.488750 0.015000 0.020000
6 0.951250 0.615000 0.020000 0.012500
6 0.961250 0.723750 0.015000 0.020000
6 0.505000 0.670000 0.022500 0.022500
6 0.500000 0.688750 0.022500 0.017500
6 0.667500 0.617500 0.040000 0.015000
6 0.440000 0.882500 0.020000 0.017500
6 0.435000 0.908750 0.017500 0.020000
6 0.570000 0.991250 0.020000 0.010000
6 0.691250 0.993750 0.025000 0.010000
6 0.213750 0.930000 0.020000 0.007500
