6 0.627500 0.890000 0.027500 0.012500
6 0.431250 0.070000 0.010000 0.010000
6 0.697500 0.291250 0.015000 0.017500
6 0.673750 0.292500 0.020000 0.007500
6 0.645000 0.276250 0.020000 0.007500
6 0.645000 0.316250 0.022500 0.010000
6 0.357500 0.552500 0.022500 0.010000
6 0.557500 0.713750 0.015000 0.015000
6 0.372500 0.847500 0.022500 0.010000
6 0.357500 0.866250 0.020000 0.007500
6 0.382500 0.870000 0.020000 0.010000
6 0.561250 0.848750 0.012500 0.012500
6 0.807500 0.790000 0.020000 0.020000
6 0.762500 0.771250 0.020000 0.010000
6 0.822500 0.738750 0.017500 0.020000
6 0.850000 0.687500 0.010000 0.010000
6 0.852500 0.676250 0.010000 0.010000
6 0.855000 0.665000 0.007500 0.010000
6 0.860000 0.647500 0.012500 0.017500
6 0.863750 0.630000 0.007500 0.010000
6 0.773750 0.512500 0.022500 0.010000
6 0.978750 0.170000 0.010000 0.010000
6 0.080000 0.206250 0.020000 0.010000
6 0.092500 0.247500 0.015000 0.017500
6 0.232500 0.872500 0.010000 0.012500
6 0.385000 0.005000 0.017500 0.015000
