6 0.051250 0.122500 0.012500 0.017500
6 0.033750 0.138750 0.015000 0.017500
6 0.027500 0.213750 0.012500 0.017500
6 0.020000 0.245000 0.012500 0.020000
6 0.028750 0.256250 0.010000 0.020000
6 0.001250 0.281250 0.025000 0.015000
6 0.151250 0.358750 0.010000 0.015000
6 0.490000 0.770000 0.015000 0.010000
6 0.693750 0.761250 0.022500 0.010000
6 0.556250 0.011250 0.015000 0.022500
6 0.927500 0.027500 0.015000 0.020000
6 0.892500 0.230000 0.015000 0.017500
6 0.661250 0.162500 0.020000 0.010000
6 0.861250 0.372500 0.012500 0.017500
6 0.707500 0.806250 0.027500 0.027500
6 0.388750 0.656250 0.012500 0.020000
6 0.307500 0.803750 0.025000 0.010000
6 0.187500 0.147500 0.012500 0.015000
6 0.451250 0.162500 0.010000 0.015000
6 0.398750 0.251250 0.007500 0.010000
6 0.063750 0.212500 0.012500 0.017500
6 0.058750 0.240000 0.010000 0.012500
6 0.048750 0.280000 0.017500 0.022500
6 0.420000 0.400000 0.015000 0.007500
6 0.195000 0.441250 0.012500 0.015000
6 0.187500 0.462500 0.012500 0.012500
6 0.108750 0.003750 0.012500 0.017500
