6 0.996250 0.033750 0.012500 0.017500
6 0.995000 0.167500 0.012500 0.020000
6 0.911250 0.398750 0.015000 0.020000
6 0.920000 0.361250 0.012500 0.017500
6 0.893750 0.463750 0.012500 0.015000
6 0.868750 0.506250 0.017500 0.012500
6 0.831250 0.672500 0.017500 0.010000
6 0.801250 0.816250 0.012500 0.017500
6 0.783750 0.832500 0.015000 0.017500
6 0.777500 0.907500 0.012500 0.017500
6 0.770000 0.938750 0.012500 0.020000
6 0.778750 0.950000 0.010000 0.020000
6 0.751250 0.975000 0.025000 0.015000
6 0.937500 0.841250 0.012500 0.015000
6 0.813750 0.906250 0.012500 0.017500
6 0.808750 0.933750 0.010000 0.012500
6 0.798750 0.973750 0.017500 0.022500
6 0.858750 0.697500 0.012500 0.017500
