6 0.051250 0.066250 0.012500 0.017500
6 0.033750 0.082500 0.015000 0.017500
6 0.027500 0.157500 0.012500 0.017500
6 0.020000 0.188750 0.012500 0.020000
6 0.028750 0.200000 0.010000 0.020000
6 0.001250 0.225000 0.025000 0.015000
6 0.151250 0.302500 0.010000 0.015000
6 0.490000 0.713750 0.015000 0.010000
6 0.693750 0.705000 0.022500 0.010000
6 0.892500 0.173750 0.015000 0.017500
6 0.661250 0.106250 0.020000 0.010000
6 0.861250 0.316250 0.012500 0.017500
6 0.707500 0.750000 0.027500 0.027500
6 0.388750 0.600000 0.012500 0.020000
6 0.307500 0.747500 0.025000 0.010000
6 0.187500 0.091250 0.012500 0.015000
6 0.451250 0.106250 0.010000 0.015000
6 0.398750 0.195000 0.007500 0.010000
6 0.063750 0.156250 0.012500 0.017500
6 0.058750 0.183750 0.010000 0.012500
6 0.048750 0.223750 0.017500 0.022500
6 0.420000 0.343750 0.015000 0.007500
6 0.195000 0.385000 0.012500 0.015000
6 0.187500 0.406250 0.012500 0.012500
