0 0.305000 0.198750 0.045000 0.032500
0 0.278750 0.285000 0.050000 0.030000
0 0.247500 0.395000 0.050000 0.027500
0 0.201250 0.550000 0.052500 0.035000
0 0.167500 0.652500 0.045000 0.027500
0 0.127500 0.806250 0.050000 0.027500
6 0.756250 0.457500 0.012500 0.017500
6 0.755000 0.365000 0.015000 0.017500
6 0.621250 0.883750 0.012500 0.020000
6 0.722500 0.498750 0.012500 0.010000
6 0.708750 0.552500 0.012500 0.015000
6 0.711250 0.540000 0.010000 0.015000
6 0.665000 0.643750 0.017500 0.007500
6 0.561250 0.888750 0.010000 0.007500
6 0.605000 0.925000 0.015000 0.020000
6 0.601250 0.962500 0.010000 0.010000
6 0.920000 0.985000 0.010000 0.007500
6 0.858750 0.373750 0.022500 0.010000
6 0.722500 0.453750 0.020000 0.012500
6 0.717500 0.510000 0.010000 0.012500
6 0.821250 0.106250 0.007500 0.012500
6 0.760000 0.403750 0.007500 0.015000
