0 0.103750 0.056250 0.050000 0.027500
0 0.045000 0.265000 0.055000 0.030000
6 0.937500 0.271250 0.017500 0.010000
6 0.597500 0.133750 0.012500 0.020000
6 0.537500 0.138750 0.010000 0.007500
6 0.581250 0.175000 0.015000 0.020000
6 0.577500 0.212500 0.010000 0.010000
6 0.542500 0.290000 0.010000 0.015000
6 0.546250 0.323750 0.017500 0.027500
6 0.541250 0.358750 0.007500 0.012500
6 0.555000 0.382500 0.012500 0.017500
6 0.513750 0.400000 0.010000 0.012500
6 0.442500 0.732500 0.020000 0.047500
6 0.423750 0.753750 0.015000 0.012500
6 0.447500 0.703750 0.007500 0.010000
6 0.451250 0.695000 0.010000 0.005000
6 0.411250 0.820000 0.020000 0.007500
6 0.527500 0.863750 0.020000 0.012500
6 0.896250 0.235000 0.010000 0.007500
6 0.855000 0.548750 0.027500 0.017500
6 0.906250 0.558750 0.025000 0.015000
6 0.943750 0.617500 0.020000 0.030000
6 0.698750 0.583750 0.017500 0.010000
6 0.542500 0.423750 0.017500 0.035000
6 0.973750 0.510000 0.010000 0.012500
6 0.978750 0.491250 0.012500 0.017500
6 0.915000 0.736250 0.015000 0.022500
6 0.890000 0.795000 0.015000 0.010000
6 0.891250 0.818750 0.010000 0.017500
6 0.880000 0.822500 0.010000 0.017500
6 0.907500 0.776250 0.010000 0.015000
6 0.652500 0.888750 0.017500 0.007500
6 0.600000 0.851250 0.010000 0.015000
6 0.606250 0.825000 0.007500 0.015000
6 0.513750 0.888750 0.017500 0.010000
6 0.505000 0.467500 0.010000 0.015000
