6 0.098750 0.006250 0.025000 0.010000
6 0.413750 0.661250 0.017500 0.010000
6 0.433750 0.722500 0.010000 0.015000
6 0.430000 0.737500 0.012500 0.017500
6 0.248750 0.541250 0.017500 0.022500
6 0.431250 0.820000 0.010000 0.010000
6 0.978750 0.920000 0.010000 0.010000
6 0.080000 0.956250 0.020000 0.010000
6 0.092500 0.997500 0.015000 0.017500
6 0.261250 0.351250 0.025000 0.012500
6 0.385000 0.755000 0.017500 0.015000
6 0.473750 0.547500 0.015000 0.020000
6 0.470000 0.532500 0.017500 0.010000
6 0.641250 0.130000 0.015000 0.010000
