6 0.827500 0.831250 0.025000 0.020000
6 0.375000 0.130000 0.030000 0.015000
6 0.325000 0.128750 0.032500 0.015000
6 0.447500 0.048750 0.015000 0.022500
6 0.645000 0.175000 0.027500 0.015000
6 0.721250 0.181250 0.022500 0.012500
6 0.085000 0.428750 0.022500 0.012500
6 0.363750 0.812500 0.015000 0.017500
6 0.325000 0.707500 0.015000 0.022500
6 0.298750 0.703750 0.015000 0.022500
6 0.358750 0.573750 0.015000 0.020000
6 0.336250 0.661250 0.017500 0.027500
6 0.545000 0.513750 0.030000 0.012500
6 0.906250 0.342500 0.020000 0.025000
6 0.775000 0.818750 0.017500 0.020000
6 0.760000 0.840000 0.017500 0.017500
6 0.752500 0.860000 0.017500 0.022500
6 0.321250 0.622500 0.020000 0.020000
6 0.386250 0.322500 0.015000 0.020000
6 0.750000 0.267500 0.010000 0.017500
6 0.328750 0.736250 0.015000 0.012500
6 0.291250 0.732500 0.017500 0.020000
6 0.276250 0.291250 0.020000 0.007500
