6 0.248750 0.145000 0.027500 0.015000
6 0.065000 0.142500 0.030000 0.015000
6 0.497500 0.213750 0.025000 0.012500
6 0.237500 0.543750 0.020000 0.022500
6 0.286250 0.441250 0.015000 0.020000
6 0.387500 0.613750 0.025000 0.012500
6 0.340000 0.602500 0.025000 0.012500
6 0.313750 0.595000 0.027500 0.012500
6 0.285000 0.592500 0.025000 0.012500
6 0.055000 0.558750 0.022500 0.015000
6 0.350000 0.761250 0.015000 0.020000
6 0.332500 0.708750 0.015000 0.020000
6 0.837500 0.625000 0.015000 0.020000
6 0.852500 0.573750 0.015000 0.022500
6 0.995000 0.543750 0.015000 0.025000
6 0.886250 0.493750 0.015000 0.020000
6 0.937500 0.235000 0.017500 0.025000
6 0.986250 0.292500 0.055000 0.025000
6 0.947500 0.195000 0.012500 0.022500
6 0.081250 0.898750 0.022500 0.010000
6 0.240000 0.471250 0.020000 0.012500
