6 0.308750 0.191250 0.015000 0.017500
6 0.331250 0.207500 0.015000 0.020000
6 0.290000 0.297500 0.010000 0.022500
6 0.457500 0.122500 0.025000 0.012500
6 0.446250 0.088750 0.015000 0.020000
6 0.316250 0.260000 0.015000 0.022500
6 0.375000 0.553750 0.022500 0.012500
6 0.352500 0.550000 0.025000 0.015000
6 0.748750 0.413750 0.012500 0.017500
6 0.738750 0.395000 0.022500 0.010000
6 0.788750 0.351250 0.015000 0.022500
6 0.798750 0.306250 0.017500 0.020000
6 0.816250 0.237500 0.015000 0.025000
6 0.796250 0.218750 0.015000 0.020000
6 0.913750 0.181250 0.022500 0.010000
6 0.845000 0.168750 0.025000 0.015000
6 0.046250 0.857500 0.025000 0.012500
6 0.823750 0.992500 0.025000 0.015000
6 0.691250 0.786250 0.017500 0.022500
6 0.000000 0.096250 0.010000 0.015000
6 0.555000 0.210000 0.010000 0.015000
6 0.681250 0.528750 0.022500 0.010000
6 0.288750 0.532500 0.010000 0.012500
6 0.323750 0.530000 0.015000 0.012500
