6 0.206250 0.898750 0.012500 0.020000
6 0.441250 0.045000 0.015000 0.020000
6 0.407500 0.125000 0.020000 0.025000
6 0.972500 0.038750 0.015000 0.017500
6 0.960000 0.055000 0.022500 0.012500
6 0.818750 0.047500 0.012500 0.017500
6 0.712500 0.743750 0.020000 0.015000
6 0.425000 0.120000 0.017500 0.027500
6 0.570000 0.722500 0.017500 0.010000
6 0.408750 0.051250 0.020000 0.015000
6 0.412500 0.038750 0.017500 0.010000
6 0.398750 0.077500 0.020000 0.010000
6 0.390000 0.105000 0.020000 0.010000
6 0.427500 0.096250 0.012500 0.015000
