6 0.980000 0.591250 0.012500 0.022500
6 0.378750 0.951250 0.020000 0.010000
6 0.448750 0.965000 0.020000 0.010000
6 0.360000 0.581250 0.007500 0.015000
6 0.328750 0.686250 0.007500 0.015000
6 0.920000 0.167500 0.012500 0.015000
6 0.546250 0.108750 0.017500 0.010000
6 0.771250 0.363750 0.022500 0.012500
6 0.316250 0.730000 0.012500 0.020000
6 0.548750 0.796250 0.022500 0.012500
6 0.573750 0.800000 0.027500 0.012500
6 0.557500 0.812500 0.025000 0.015000
6 0.600000 0.801250 0.020000 0.007500
6 0.673750 0.858750 0.025000 0.010000
6 0.651250 0.855000 0.025000 0.010000
6 0.558750 0.975000 0.022500 0.010000
6 0.300000 0.735000 0.010000 0.015000
6 0.222500 0.555000 0.012500 0.015000
6 0.102500 0.510000 0.015000 0.015000
6 0.211250 0.478750 0.010000 0.015000
6 0.125000 0.076250 0.012500 0.015000
6 0.670000 0.868750 0.027500 0.012500
