6 0.093750 0.347500 0.022500 0.017500
6 0.276250 0.512500 0.010000 0.012500
6 0.080000 0.498750 0.007500 0.010000
6 0.622500 0.215000 0.012500 0.017500
6 0.098750 0.143750 0.012500 0.022500
6 0.115000 0.081250 0.017500 0.007500
6 0.121250 0.063750 0.017500 0.007500
6 0.258750 0.000000 0.022500 0.010000
6 0.530000 0.486250 0.020000 0.010000
6 0.992500 0.011250 0.022500 0.027500
6 0.960000 0.007500 0.030000 0.025000
6 0.955000 0.041250 0.015000 0.025000
6 0.970000 0.040000 0.015000 0.025000
6 0.961250 0.068750 0.015000 0.027500
6 0.986250 0.055000 0.032500 0.012500
