6 0.283750 0.431250 0.010000 0.015000
6 0.387500 0.912500 0.005000 0.010000
6 0.381250 0.911250 0.005000 0.010000
6 0.375000 0.920000 0.005000 0.007500
6 0.381250 0.920000 0.005000 0.007500
6 0.387500 0.922500 0.005000 0.007500
6 0.393750 0.925000 0.005000 0.010000
6 0.400000 0.927500 0.005000 0.010000
6 0.393750 0.913750 0.005000 0.007500
6 0.398750 0.915000 0.005000 0.007500
6 0.346250 0.956250 0.010000 0.017500
6 0.238750 0.950000 0.007500 0.010000
6 0.243750 0.953750 0.005000 0.012500
6 0.250000 0.953750 0.005000 0.010000
6 0.257500 0.956250 0.007500 0.012500
6 0.263750 0.960000 0.005000 0.012500
6 0.271250 0.945000 0.005000 0.007500
6 0.265000 0.943750 0.005000 0.007500
6 0.258750 0.942500 0.007500 0.007500
6 0.253750 0.941250 0.005000 0.007500
6 0.248750 0.938750 0.005000 0.007500
6 0.243750 0.937500 0.005000 0.007500
6 0.237500 0.936250 0.005000 0.007500
6 0.312500 0.965000 0.005000 0.012500
6 0.318750 0.965000 0.007500 0.010000
6 0.321250 0.957500 0.005000 0.012500
6 0.327500 0.957500 0.005000 0.010000
6 0.333750 0.957500 0.007500 0.010000
6 0.310000 0.981250 0.007500 0.012500
6 0.317500 0.980000 0.007500 0.012500
6 0.325000 0.980000 0.007500 0.020000
6 0.395000 0.955000 0.007500 0.012500
6 0.387500 0.952500 0.007500 0.015000
6 0.377500 0.950000 0.007500 0.015000
6 0.366250 0.945000 0.007500 0.015000
6 0.358750 0.943750 0.007500 0.015000
6 0.351250 0.938750 0.007500 0.015000
6 0.357500 0.923750 0.010000 0.012500
6 0.365000 0.927500 0.007500 0.012500
6 0.372500 0.930000 0.007500 0.012500
6 0.380000 0.932500 0.007500 0.015000
6 0.400000 0.941250 0.007500 0.012500
6 0.392500 0.938750 0.007500 0.015000
6 0.781250 0.035000 0.005000 0.012500
