6 0.318750 0.923750 0.020000 0.020000
4 0.067500 0.313750 0.015000 0.027500
4 0.057500 0.298750 0.012500 0.012500
4 0.067500 0.297500 0.012500 0.012500
6 0.387500 0.162500 0.005000 0.010000
6 0.381250 0.161250 0.005000 0.010000
6 0.375000 0.170000 0.005000 0.007500
6 0.381250 0.170000 0.005000 0.007500
6 0.387500 0.172500 0.005000 0.007500
6 0.393750 0.175000 0.005000 0.010000
6 0.400000 0.177500 0.005000 0.010000
6 0.393750 0.163750 0.005000 0.007500
6 0.398750 0.165000 0.005000 0.007500
6 0.346250 0.206250 0.010000 0.017500
6 0.238750 0.200000 0.007500 0.010000
6 0.243750 0.203750 0.005000 0.012500
6 0.250000 0.203750 0.005000 0.010000
6 0.257500 0.206250 0.007500 0.012500
6 0.263750 0.210000 0.005000 0.012500
6 0.271250 0.195000 0.005000 0.007500
6 0.265000 0.193750 0.005000 0.007500
6 0.258750 0.192500 0.007500 0.007500
6 0.253750 0.191250 0.005000 0.007500
6 0.248750 0.188750 0.005000 0.007500
6 0.243750 0.187500 0.005000 0.007500
6 0.237500 0.186250 0.005000 0.007500
6 0.312500 0.215000 0.005000 0.012500
6 0.318750 0.215000 0.007500 0.010000
6 0.321250 0.207500 0.005000 0.012500
6 0.327500 0.207500 0.005000 0.010000
6 0.333750 0.207500 0.007500 0.010000
6 0.310000 0.231250 0.007500 0.012500
6 0.317500 0.230000 0.007500 0.012500
6 0.325000 0.230000 0.007500 0.020000
6 0.395000 0.205000 0.007500 0.012500
6 0.387500 0.202500 0.007500 0.015000
6 0.377500 0.200000 0.007500 0.015000
6 0.366250 0.195000 0.007500 0.015000
6 0.358750 0.193750 0.007500 0.015000
6 0.351250 0.188750 0.007500 0.015000
6 0.357500 0.173750 0.010000 0.012500
6 0.365000 0.177500 0.007500 0.012500
6 0.372500 0.180000 0.007500 0.012500
6 0.380000 0.182500 0.007500 0.015000
6 0.400000 0.191250 0.007500 0.012500
6 0.392500 0.188750 0.007500 0.015000
6 0.098750 0.367500 0.042500 0.022500
4 0.053750 0.315000 0.017500 0.025000
6 0.002500 0.386250 0.035000 0.017500
