6 0.238750 0.737500 0.007500 0.012500
6 0.251250 0.738750 0.005000 0.010000
6 0.257500 0.740000 0.005000 0.010000
6 0.257500 0.721250 0.007500 0.012500
6 0.251250 0.721250 0.005000 0.012500
6 0.243750 0.748750 0.005000 0.010000
6 0.218750 0.736250 0.005000 0.010000
6 0.211250 0.735000 0.005000 0.007500
6 0.222500 0.748750 0.005000 0.010000
6 0.220000 0.718750 0.002500 0.010000
6 0.231250 0.718750 0.005000 0.007500
6 0.243750 0.720000 0.005000 0.010000
6 0.237500 0.718750 0.007500 0.007500
6 0.231250 0.748750 0.007500 0.012500
6 0.210000 0.747500 0.010000 0.015000
6 0.255000 0.750000 0.005000 0.010000
6 0.261250 0.751250 0.005000 0.012500
6 0.263750 0.740000 0.005000 0.010000
