6 0.616250 0.302500 0.045000 0.010000
6 0.623750 0.316250 0.042500 0.010000
6 0.666250 0.305000 0.042500 0.010000
6 0.683750 0.293750 0.017500 0.007500
6 0.983750 0.285000 0.012500 0.047500
6 0.915000 0.287500 0.022500 0.047500
6 0.915000 0.228750 0.032500 0.015000
6 0.933750 0.206250 0.040000 0.012500
6 0.947500 0.191250 0.050000 0.012500
6 0.925000 0.176250 0.030000 0.012500
6 0.857500 0.273750 0.010000 0.022500
6 0.686250 0.088750 0.022500 0.010000
6 0.776250 0.060000 0.017500 0.010000
6 0.776250 0.068750 0.015000 0.007500
6 0.816250 0.056250 0.007500 0.015000
6 0.825000 0.056250 0.010000 0.020000
6 0.833750 0.055000 0.007500 0.017500
6 0.853750 0.055000 0.012500 0.022500
6 0.881250 0.055000 0.007500 0.017500
