6 0.623750 0.076250 0.020000 0.012500
6 0.923750 0.677500 0.012500 0.017500
6 0.932500 0.783750 0.020000 0.012500
6 0.318750 0.183750 0.007500 0.007500
6 0.185000 0.005000 0.022500 0.015000
6 0.281250 0.022500 0.025000 0.012500
6 0.291250 0.041250 0.022500 0.010000
6 0.512500 0.087500 0.025000 0.012500
6 0.290000 0.263750 0.012500 0.015000
6 0.416250 0.438750 0.012500 0.015000
6 0.587500 0.353750 0.012500 0.017500
6 0.483750 0.390000 0.020000 0.010000
6 0.155000 0.731250 0.010000 0.017500
6 0.440000 0.472500 0.022500 0.032500
6 0.172500 0.793750 0.022500 0.022500
6 0.225000 0.781250 0.037500 0.015000
6 0.198750 0.800000 0.020000 0.007500
6 0.632500 0.862500 0.012500 0.017500
6 0.595000 0.820000 0.015000 0.010000
6 0.767500 0.883750 0.012500 0.020000
6 0.496250 0.715000 0.010000 0.015000
6 0.221250 0.582500 0.010000 0.010000
6 0.640000 0.495000 0.007500 0.010000
6 0.973750 0.452500 0.012500 0.015000
6 0.230000 0.385000 0.015000 0.010000
6 0.253750 0.411250 0.022500 0.015000
6 0.937500 0.202500 0.010000 0.012500
