6 0.177500 0.311250 0.027500 0.012500
6 0.183750 0.323750 0.020000 0.010000
6 0.060000 0.303750 0.020000 0.010000
6 0.283750 0.323750 0.050000 0.022500
6 0.256250 0.408750 0.010000 0.020000
6 0.077500 0.357500 0.010000 0.015000
6 0.122500 0.810000 0.017500 0.010000
6 0.935000 0.061250 0.022500 0.015000
6 0.675000 0.383750 0.015000 0.010000
6 0.645000 0.391250 0.017500 0.010000
6 0.503750 0.381250 0.025000 0.012500
6 0.905000 0.787500 0.010000 0.017500
6 0.625000 0.027500 0.022500 0.010000
6 0.557500 0.015000 0.030000 0.015000
6 0.523750 0.010000 0.032500 0.015000
6 0.233750 0.231250 0.012500 0.015000
6 0.383750 0.068750 0.010000 0.012500
6 0.205000 0.535000 0.012500 0.020000
6 0.318750 0.688750 0.010000 0.020000
6 0.353750 0.750000 0.010000 0.017500
6 0.922500 0.850000 0.022500 0.022500
6 0.975000 0.837500 0.037500 0.015000
6 0.948750 0.856250 0.020000 0.007500
6 0.971250 0.638750 0.010000 0.010000
6 0.980000 0.441250 0.015000 0.010000
6 0.290000 0.171250 0.020000 0.032500
6 0.125000 0.921250 0.012500 0.017500
6 0.251250 0.288750 0.012500 0.017500
