6 0.556250 0.340000 0.022500 0.012500
6 0.235000 0.327500 0.017500 0.010000
6 0.226250 0.702500 0.015000 0.017500
6 0.135000 0.985000 0.020000 0.017500
6 0.815000 0.986250 0.020000 0.017500
6 0.875000 0.941250 0.017500 0.012500
6 0.867500 0.928750 0.022500 0.017500
6 0.500000 0.465000 0.020000 0.017500
6 0.542500 0.440000 0.022500 0.017500
6 0.541250 0.421250 0.017500 0.012500
6 0.573750 0.405000 0.022500 0.017500
6 0.591250 0.416250 0.022500 0.012500
6 0.672500 0.387500 0.025000 0.012500
6 0.710000 0.378750 0.020000 0.012500
6 0.772500 0.346250 0.022500 0.012500
6 0.972500 0.772500 0.020000 0.010000
6 0.960000 0.790000 0.027500 0.020000
6 0.488750 0.133750 0.012500 0.015000
6 0.132500 0.080000 0.020000 0.017500
6 0.146250 0.063750 0.022500 0.017500
6 0.586250 0.431250 0.022500 0.012500
6 0.513750 0.436250 0.022500 0.015000
