6 0.553750 0.755000 0.015000 0.010000
6 0.065000 0.986250 0.020000 0.017500
6 0.125000 0.941250 0.017500 0.012500
6 0.117500 0.928750 0.022500 0.017500
6 0.362500 0.842500 0.022500 0.017500
6 0.022500 0.346250 0.022500 0.012500
6 0.222500 0.772500 0.020000 0.010000
6 0.468750 0.677500 0.017500 0.015000
6 0.612500 0.606250 0.017500 0.017500
6 0.210000 0.790000 0.027500 0.020000
6 0.321250 0.333750 0.025000 0.012500
6 0.416250 0.166250 0.012500 0.010000
6 0.590000 0.052500 0.022500 0.015000
6 0.500000 0.091250 0.017500 0.015000
6 0.878750 0.202500 0.020000 0.020000
6 0.880000 0.247500 0.017500 0.017500
6 0.783750 0.215000 0.025000 0.017500
6 0.787500 0.233750 0.015000 0.022500
6 0.512500 0.868750 0.020000 0.015000
