6 0.778750 0.187500 0.022500 0.017500
6 0.835000 0.517500 0.022500 0.015000
6 0.552500 0.443750 0.020000 0.017500
6 0.511250 0.456250 0.020000 0.017500
6 0.910000 0.632500 0.020000 0.017500
6 0.955000 0.641250 0.020000 0.012500
6 0.456250 0.165000 0.020000 0.017500
6 0.686250 0.813750 0.017500 0.015000
6 0.447500 0.797500 0.017500 0.015000
6 0.598750 0.992500 0.020000 0.010000
6 0.750000 0.813750 0.020000 0.017500
6 0.478750 0.297500 0.065000 0.042500
6 0.497500 0.293750 0.060000 0.045000
6 0.511250 0.281250 0.047500 0.040000
