6 0.226250 0.030000 0.025000 0.012500
6 0.316250 0.042500 0.090000 0.022500
6 0.925000 0.010000 0.010000 0.015000
6 0.913750 0.007500 0.012500 0.015000
6 0.886250 0.002500 0.012500 0.017500
6 0.018750 0.516250 0.017500 0.015000
6 0.093750 0.513750 0.020000 0.010000
6 0.238750 0.513750 0.017500 0.012500
6 0.397500 0.961250 0.017500 0.007500
6 0.323750 0.656250 0.007500 0.015000
6 0.322500 0.711250 0.007500 0.017500
6 0.321250 0.908750 0.010000 0.015000
6 0.551250 0.813750 0.015000 0.010000
6 0.722500 0.962500 0.015000 0.007500
6 0.778750 0.925000 0.015000 0.012500
6 0.760000 0.907500 0.012500 0.015000
6 0.743750 0.891250 0.015000 0.015000
6 0.876250 0.952500 0.012500 0.010000
6 0.900000 0.936250 0.017500 0.015000
6 0.935000 0.905000 0.015000 0.017500
6 0.925000 0.881250 0.017500 0.020000
6 0.660000 0.822500 0.017500 0.015000
6 0.572500 0.750000 0.015000 0.012500
6 0.553750 0.732500 0.012500 0.012500
6 0.486250 0.722500 0.012500 0.012500
6 0.425000 0.626250 0.022500 0.017500
6 0.323750 0.480000 0.020000 0.012500
6 0.316250 0.470000 0.017500 0.015000
6 0.353750 0.480000 0.017500 0.012500
6 0.346250 0.471250 0.015000 0.012500
6 0.370000 0.458750 0.017500 0.015000
6 0.382500 0.465000 0.015000 0.015000
6 0.398750 0.441250 0.020000 0.017500
6 0.405000 0.453750 0.015000 0.015000
6 0.432500 0.438750 0.022500 0.020000
6 0.418750 0.431250 0.015000 0.015000
6 0.295000 0.422500 0.010000 0.015000
6 0.370000 0.430000 0.057500 0.037500
6 0.318750 0.372500 0.017500 0.007500
6 0.535000 0.321250 0.015000 0.015000
6 0.582500 0.378750 0.055000 0.015000
6 0.680000 0.400000 0.017500 0.010000
6 0.662500 0.421250 0.020000 0.015000
6 0.690000 0.422500 0.020000 0.015000
6 0.705000 0.422500 0.020000 0.017500
6 0.723750 0.422500 0.015000 0.017500
6 0.738750 0.421250 0.020000 0.017500
6 0.765000 0.421250 0.022500 0.020000
6 0.793750 0.421250 0.022500 0.020000
6 0.822500 0.422500 0.020000 0.020000
6 0.910000 0.425000 0.020000 0.017500
6 0.942500 0.420000 0.020000 0.017500
6 0.232500 0.217500 0.012500 0.007500
6 0.281250 0.218750 0.012500 0.005000
6 0.406250 0.220000 0.010000 0.005000
6 0.341250 0.220000 0.010000 0.005000
6 0.421250 0.962500 0.020000 0.010000
6 0.525000 0.417500 0.012500 0.012500
6 0.541250 0.418750 0.012500 0.015000
6 0.322500 0.866250 0.012500 0.020000
