6 0.095000 0.947500 0.025000 0.010000
6 0.057500 0.470000 0.022500 0.010000
6 0.258750 0.598750 0.012500 0.017500
6 0.248750 0.626250 0.010000 0.015000
6 0.248750 0.653750 0.007500 0.015000
6 0.258750 0.656250 0.007500 0.017500
6 0.488750 0.861250 0.012500 0.020000
6 0.490000 0.746250 0.010000 0.012500
6 0.168750 0.413750 0.020000 0.015000
6 0.457500 0.035000 0.025000 0.010000
6 0.570000 0.033750 0.020000 0.010000
6 0.731250 0.035000 0.017500 0.012500
6 0.976250 0.030000 0.025000 0.012500
6 0.745000 0.485000 0.017500 0.010000
6 0.516250 0.543750 0.012500 0.015000
6 0.493750 0.578750 0.010000 0.017500
6 0.492500 0.678750 0.007500 0.015000
6 0.746250 0.518750 0.017500 0.010000
6 0.768750 0.516250 0.017500 0.015000
6 0.843750 0.513750 0.020000 0.010000
6 0.736250 0.938750 0.030000 0.015000
6 0.988750 0.513750 0.017500 0.012500
6 0.982500 0.217500 0.012500 0.007500
6 0.625000 0.412500 0.020000 0.007500
6 0.492500 0.723750 0.007500 0.010000
