6 0.872500 0.521250 0.020000 0.012500
6 0.852500 0.483750 0.022500 0.020000
6 0.851250 0.463750 0.025000 0.015000
6 0.823750 0.475000 0.015000 0.020000
6 0.743750 0.458750 0.025000 0.015000
6 0.697500 0.508750 0.025000 0.012500
6 0.465000 0.473750 0.025000 0.015000
6 0.462500 0.461250 0.022500 0.015000
6 0.355000 0.443750 0.025000 0.015000
6 0.312500 0.451250 0.020000 0.015000
6 0.296250 0.436250 0.017500 0.012500
6 0.336250 0.392500 0.015000 0.020000
6 0.675000 0.400000 0.012500 0.020000
6 0.676250 0.328750 0.012500 0.020000
6 0.591250 0.253750 0.020000 0.020000
6 0.601250 0.227500 0.017500 0.020000
6 0.628750 0.193750 0.017500 0.017500
6 0.483750 0.218750 0.022500 0.015000
6 0.717500 0.106250 0.010000 0.015000
6 0.710000 0.077500 0.017500 0.017500
6 0.740000 0.083750 0.020000 0.015000
6 0.376250 0.096250 0.015000 0.010000
6 0.368750 0.082500 0.015000 0.017500
6 0.352500 0.122500 0.017500 0.017500
6 0.867500 0.431250 0.015000 0.012500
6 0.858750 0.763750 0.045000 0.017500
