6 0.370000 0.061250 0.017500 0.025000
6 0.377500 0.028750 0.012500 0.022500
6 0.392500 0.030000 0.015000 0.017500
6 0.342500 0.177500 0.015000 0.022500
6 0.370000 0.197500 0.020000 0.022500
6 0.245000 0.345000 0.015000 0.022500
6 0.241250 0.423750 0.012500 0.017500
6 0.295000 0.543750 0.017500 0.022500
6 0.233750 0.578750 0.020000 0.025000
6 0.212500 0.618750 0.017500 0.025000
6 0.277500 0.662500 0.020000 0.025000
6 0.188750 0.758750 0.020000 0.025000
6 0.221250 0.922500 0.017500 0.022500
6 0.153750 0.981250 0.015000 0.020000
6 0.058750 0.920000 0.027500 0.020000
6 0.696250 0.200000 0.007500 0.017500
6 0.511250 0.083750 0.015000 0.010000
