6 0.948750 0.385000 0.012500 0.017500
6 0.937500 0.385000 0.012500 0.017500
6 0.873750 0.422500 0.012500 0.020000
6 0.851250 0.425000 0.015000 0.020000
6 0.791250 0.431250 0.017500 0.020000
6 0.728750 0.436250 0.015000 0.020000
6 0.912500 0.470000 0.017500 0.017500
6 0.882500 0.470000 0.020000 0.025000
6 0.823750 0.467500 0.022500 0.017500
6 0.928750 0.385000 0.010000 0.017500
6 0.920000 0.385000 0.010000 0.015000
6 0.911250 0.386250 0.012500 0.017500
6 0.901250 0.386250 0.010000 0.017500
6 0.891250 0.386250 0.010000 0.017500
6 0.882500 0.387500 0.010000 0.017500
6 0.865000 0.387500 0.015000 0.020000
6 0.853750 0.388750 0.010000 0.017500
6 0.845000 0.390000 0.010000 0.017500
6 0.837500 0.390000 0.012500 0.017500
6 0.828750 0.390000 0.012500 0.017500
6 0.817500 0.391250 0.012500 0.020000
6 0.802500 0.392500 0.010000 0.017500
6 0.792500 0.395000 0.012500 0.020000
6 0.781250 0.393750 0.010000 0.017500
6 0.765000 0.395000 0.012500 0.017500
6 0.756250 0.396250 0.012500 0.017500
6 0.746250 0.397500 0.012500 0.020000
6 0.726250 0.397500 0.012500 0.020000
6 0.716250 0.397500 0.012500 0.017500
6 0.707500 0.398750 0.012500 0.020000
6 0.697500 0.398750 0.012500 0.017500
6 0.732500 0.378750 0.022500 0.022500
6 0.782500 0.356250 0.017500 0.020000
6 0.755000 0.328750 0.060000 0.020000
6 0.800000 0.353750 0.020000 0.020000
6 0.820000 0.352500 0.020000 0.017500
6 0.841250 0.350000 0.020000 0.017500
6 0.867500 0.350000 0.022500 0.020000
6 0.906250 0.347500 0.020000 0.017500
6 0.922500 0.345000 0.020000 0.015000
6 0.885000 0.347500 0.020000 0.015000
6 0.696250 0.358750 0.012500 0.017500
6 0.686250 0.358750 0.012500 0.017500
6 0.676250 0.358750 0.010000 0.017500
6 0.667500 0.360000 0.012500 0.020000
6 0.651250 0.361250 0.012500 0.017500
6 0.640000 0.361250 0.010000 0.017500
6 0.642500 0.402500 0.012500 0.017500
6 0.651250 0.400000 0.010000 0.017500
6 0.660000 0.402500 0.010000 0.017500
6 0.670000 0.400000 0.010000 0.015000
6 0.687500 0.418750 0.015000 0.017500
6 0.702500 0.418750 0.012500 0.017500
6 0.653750 0.433750 0.017500 0.015000
6 0.666250 0.420000 0.017500 0.020000
6 0.686250 0.451250 0.020000 0.012500
6 0.682500 0.467500 0.022500 0.017500
6 0.707500 0.482500 0.020000 0.015000
6 0.655000 0.491250 0.017500 0.012500
6 0.647500 0.477500 0.022500 0.015000
6 0.647500 0.463750 0.020000 0.015000
6 0.651250 0.448750 0.022500 0.015000
6 0.912500 0.803750 0.017500 0.010000
6 0.867500 0.793750 0.020000 0.012500
6 0.890000 0.792500 0.020000 0.012500
6 0.890000 0.807500 0.017500 0.012500
6 0.811250 0.811250 0.020000 0.012500
6 0.791250 0.812500 0.017500 0.012500
6 0.826250 0.880000 0.017500 0.012500
6 0.721250 0.888750 0.025000 0.012500
6 0.766250 0.885000 0.025000 0.017500
6 0.813750 0.961250 0.012500 0.017500
6 0.721250 0.916250 0.017500 0.017500
6 0.743750 0.931250 0.010000 0.017500
6 0.732500 0.932500 0.012500 0.015000
6 0.721250 0.935000 0.010000 0.015000
6 0.687500 0.952500 0.020000 0.010000
6 0.751250 0.971250 0.017500 0.012500
6 0.753750 0.988750 0.020000 0.012500
6 0.692500 0.988750 0.020000 0.012500
6 0.693750 0.978750 0.017500 0.012500
6 0.690000 0.970000 0.015000 0.012500
6 0.731250 0.988750 0.025000 0.015000
6 0.590000 0.592500 0.017500 0.012500
6 0.588750 0.582500 0.020000 0.010000
6 0.593750 0.571250 0.022500 0.012500
6 0.588750 0.560000 0.020000 0.010000
6 0.587500 0.550000 0.025000 0.012500
6 0.631250 0.525000 0.017500 0.010000
6 0.582500 0.491250 0.022500 0.015000
6 0.547500 0.368750 0.017500 0.012500
6 0.547500 0.378750 0.017500 0.012500
6 0.546250 0.390000 0.015000 0.012500
6 0.553750 0.397500 0.022500 0.012500
6 0.551250 0.410000 0.020000 0.012500
6 0.550000 0.420000 0.017500 0.010000
6 0.580000 0.446250 0.017500 0.012500
6 0.490000 0.422500 0.027500 0.017500
6 0.487500 0.412500 0.020000 0.015000
6 0.485000 0.402500 0.017500 0.012500
6 0.483750 0.390000 0.020000 0.012500
6 0.486250 0.380000 0.017500 0.012500
6 0.486250 0.368750 0.015000 0.010000
6 0.385000 0.340000 0.022500 0.017500
6 0.237500 0.411250 0.022500 0.012500
6 0.243750 0.378750 0.020000 0.022500
6 0.231250 0.383750 0.012500 0.017500
6 0.220000 0.383750 0.015000 0.017500
6 0.202500 0.382500 0.022500 0.022500
6 0.171250 0.482500 0.022500 0.015000
6 0.121250 0.497500 0.025000 0.015000
6 0.126250 0.475000 0.017500 0.012500
6 0.127500 0.462500 0.017500 0.012500
6 0.123750 0.431250 0.012500 0.010000
6 0.127500 0.420000 0.012500 0.010000
6 0.007500 0.420000 0.025000 0.017500
6 0.285000 0.191250 0.027500 0.020000
6 0.026250 0.727500 0.022500 0.012500
6 0.046250 0.736250 0.020000 0.012500
6 0.066250 0.735000 0.022500 0.012500
6 0.058750 0.670000 0.020000 0.012500
6 0.058750 0.657500 0.022500 0.010000
6 0.012500 0.651250 0.012500 0.020000
6 0.012500 0.633750 0.020000 0.012500
6 0.136250 0.811250 0.020000 0.012500
6 0.198750 0.808750 0.020000 0.012500
6 0.196250 0.831250 0.020000 0.012500
6 0.108750 0.752500 0.020000 0.015000
6 0.152500 0.737500 0.017500 0.012500
6 0.151250 0.710000 0.012500 0.010000
6 0.148750 0.675000 0.015000 0.007500
6 0.151250 0.691250 0.015000 0.010000
6 0.151250 0.751250 0.010000 0.010000
6 0.151250 0.761250 0.012500 0.010000
6 0.677500 0.231250 0.025000 0.015000
6 0.561250 0.162500 0.020000 0.012500
6 0.535000 0.036250 0.017500 0.022500
6 0.380000 0.046250 0.017500 0.022500
6 0.367500 0.048750 0.015000 0.017500
6 0.327500 0.048750 0.012500 0.020000
6 0.385000 0.002500 0.015000 0.022500
6 0.365000 0.000000 0.012500 0.020000
6 0.355000 0.002500 0.015000 0.022500
6 0.342500 0.001250 0.010000 0.017500
6 0.332500 0.001250 0.012500 0.017500
6 0.323750 0.002500 0.012500 0.017500
6 0.302500 0.005000 0.012500 0.017500
6 0.291250 0.005000 0.015000 0.017500
6 0.281250 0.005000 0.012500 0.015000
6 0.238750 0.010000 0.015000 0.020000
6 0.250000 0.006250 0.012500 0.017500
6 0.260000 0.005000 0.010000 0.015000
6 0.270000 0.005000 0.010000 0.015000
6 0.220000 0.011250 0.010000 0.017500
6 0.210000 0.012500 0.010000 0.017500
6 0.197500 0.011250 0.012500 0.020000
6 0.232500 0.055000 0.012500 0.020000
6 0.201250 0.060000 0.012500 0.017500
6 0.165000 0.012500 0.015000 0.022500
6 0.145000 0.013750 0.015000 0.020000
6 0.115000 0.016250 0.015000 0.017500
6 0.073750 0.021250 0.015000 0.020000
6 0.306250 0.048750 0.012500 0.017500
6 0.011250 0.020000 0.010000 0.017500
6 0.150000 0.702500 0.012500 0.010000
