6 0.987500 0.411250 0.022500 0.012500
6 0.993750 0.378750 0.020000 0.022500
6 0.981250 0.383750 0.012500 0.017500
6 0.970000 0.383750 0.015000 0.017500
6 0.952500 0.382500 0.022500 0.022500
6 0.921250 0.482500 0.022500 0.015000
6 0.871250 0.497500 0.025000 0.015000
6 0.876250 0.475000 0.017500 0.012500
6 0.877500 0.462500 0.017500 0.012500
6 0.873750 0.431250 0.012500 0.010000
6 0.877500 0.420000 0.012500 0.010000
6 0.757500 0.420000 0.025000 0.017500
6 0.732500 0.376250 0.020000 0.012500
6 0.681250 0.367500 0.020000 0.015000
6 0.515000 0.412500 0.015000 0.017500
6 0.523750 0.418750 0.015000 0.015000
6 0.530000 0.428750 0.022500 0.012500
6 0.530000 0.447500 0.020000 0.015000
6 0.570000 0.508750 0.020000 0.015000
6 0.447500 0.416250 0.012500 0.020000
6 0.433750 0.416250 0.012500 0.017500
6 0.425000 0.417500 0.012500 0.017500
6 0.437500 0.435000 0.012500 0.020000
6 0.425000 0.436250 0.012500 0.017500
6 0.413750 0.418750 0.010000 0.017500
6 0.405000 0.438750 0.012500 0.017500
6 0.405000 0.420000 0.015000 0.020000
6 0.392500 0.422500 0.012500 0.017500
6 0.393750 0.441250 0.010000 0.017500
6 0.382500 0.425000 0.012500 0.017500
6 0.372500 0.425000 0.010000 0.017500
6 0.367500 0.445000 0.012500 0.017500
6 0.376250 0.443750 0.012500 0.020000
6 0.383750 0.442500 0.010000 0.017500
6 0.330000 0.430000 0.017500 0.012500
6 0.352500 0.475000 0.010000 0.017500
6 0.371250 0.478750 0.010000 0.015000
6 0.383750 0.476250 0.010000 0.017500
6 0.391250 0.477500 0.010000 0.017500
6 0.408750 0.471250 0.012500 0.017500
6 0.427500 0.453750 0.020000 0.012500
6 0.418750 0.491250 0.017500 0.012500
6 0.400000 0.493750 0.017500 0.012500
6 0.377500 0.495000 0.017500 0.012500
6 0.357500 0.496250 0.020000 0.015000
6 0.290000 0.477500 0.020000 0.012500
6 0.316250 0.538750 0.012500 0.017500
6 0.352500 0.537500 0.012500 0.020000
6 0.381250 0.533750 0.012500 0.020000
6 0.392500 0.535000 0.012500 0.017500
6 0.401250 0.533750 0.012500 0.017500
6 0.412500 0.533750 0.012500 0.017500
6 0.421250 0.533750 0.012500 0.017500
6 0.432500 0.531250 0.010000 0.015000
6 0.443750 0.532500 0.012500 0.015000
6 0.421250 0.475000 0.010000 0.015000
6 0.231250 0.407500 0.022500 0.017500
6 0.535000 0.537500 0.022500 0.012500
6 0.532500 0.530000 0.022500 0.015000
6 0.533750 0.520000 0.017500 0.012500
6 0.556250 0.591250 0.017500 0.012500
6 0.572500 0.592500 0.020000 0.012500
6 0.578750 0.602500 0.015000 0.012500
6 0.581250 0.612500 0.020000 0.012500
6 0.583750 0.623750 0.017500 0.010000
6 0.481250 0.658750 0.012500 0.020000
6 0.481250 0.673750 0.015000 0.017500
6 0.483750 0.691250 0.012500 0.015000
6 0.485000 0.708750 0.015000 0.015000
6 0.487500 0.726250 0.012500 0.020000
6 0.501250 0.620000 0.010000 0.015000
6 0.642500 0.660000 0.020000 0.012500
6 0.641250 0.690000 0.017500 0.012500
6 0.642500 0.702500 0.015000 0.012500
6 0.643750 0.708750 0.017500 0.012500
6 0.641250 0.673750 0.017500 0.012500
6 0.673750 0.588750 0.020000 0.010000
6 0.673750 0.598750 0.022500 0.012500
6 0.672500 0.610000 0.017500 0.010000
6 0.677500 0.617500 0.020000 0.010000
6 0.678750 0.652500 0.020000 0.012500
6 0.683750 0.690000 0.020000 0.015000
6 0.680000 0.701250 0.022500 0.012500
6 0.683750 0.707500 0.020000 0.012500
6 0.683750 0.718750 0.020000 0.012500
6 0.682500 0.728750 0.025000 0.015000
6 0.517500 0.853750 0.015000 0.020000
6 0.527500 0.852500 0.012500 0.017500
6 0.538750 0.851250 0.012500 0.020000
6 0.535000 0.832500 0.012500 0.017500
6 0.522500 0.832500 0.010000 0.017500
6 0.498750 0.835000 0.012500 0.020000
6 0.490000 0.818750 0.012500 0.017500
6 0.508750 0.835000 0.015000 0.020000
6 0.572500 0.826250 0.020000 0.012500
6 0.573750 0.836250 0.017500 0.010000
6 0.550000 0.827500 0.017500 0.007500
6 0.548750 0.838750 0.017500 0.012500
6 0.551250 0.846250 0.020000 0.012500
6 0.553750 0.855000 0.017500 0.010000
6 0.573750 0.856250 0.017500 0.012500
6 0.572500 0.847500 0.022500 0.012500
6 0.593750 0.825000 0.017500 0.012500
6 0.593750 0.845000 0.017500 0.012500
6 0.597500 0.855000 0.017500 0.010000
6 0.611250 0.843750 0.017500 0.012500
6 0.616250 0.853750 0.020000 0.012500
6 0.612500 0.823750 0.017500 0.010000
6 0.628750 0.843750 0.017500 0.012500
6 0.633750 0.853750 0.017500 0.010000
6 0.630000 0.822500 0.020000 0.010000
6 0.650000 0.820000 0.017500 0.012500
6 0.650000 0.841250 0.022500 0.012500
6 0.652500 0.851250 0.020000 0.010000
6 0.666250 0.821250 0.020000 0.012500
6 0.672500 0.851250 0.020000 0.010000
6 0.670000 0.841250 0.017500 0.012500
6 0.710000 0.827500 0.017500 0.012500
6 0.710000 0.837500 0.020000 0.010000
6 0.710000 0.847500 0.020000 0.012500
6 0.488750 0.798750 0.012500 0.020000
6 0.498750 0.796250 0.010000 0.017500
6 0.497500 0.777500 0.012500 0.017500
6 0.487500 0.780000 0.012500 0.015000
6 0.668750 0.782500 0.022500 0.012500
6 0.648750 0.780000 0.022500 0.012500
6 0.603750 0.752500 0.015000 0.020000
6 0.600000 0.717500 0.012500 0.017500
6 0.601250 0.733750 0.015000 0.015000
6 0.588750 0.732500 0.015000 0.010000
6 0.586250 0.723750 0.012500 0.010000
6 0.586250 0.712500 0.017500 0.012500
6 0.585000 0.700000 0.015000 0.010000
6 0.585000 0.691250 0.015000 0.010000
6 0.586250 0.682500 0.015000 0.010000
6 0.585000 0.673750 0.015000 0.010000
6 0.583750 0.663750 0.015000 0.010000
6 0.583750 0.653750 0.015000 0.010000
6 0.582500 0.642500 0.017500 0.010000
6 0.518750 0.670000 0.017500 0.012500
6 0.520000 0.688750 0.012500 0.010000
6 0.517500 0.647500 0.017500 0.010000
6 0.516250 0.638750 0.015000 0.010000
6 0.515000 0.628750 0.012500 0.007500
6 0.490000 0.618750 0.012500 0.015000
6 0.515000 0.616250 0.020000 0.012500
6 0.537500 0.616250 0.017500 0.010000
6 0.520000 0.660000 0.015000 0.010000
6 0.776250 0.727500 0.022500 0.012500
6 0.796250 0.736250 0.020000 0.012500
6 0.816250 0.735000 0.022500 0.012500
6 0.808750 0.670000 0.020000 0.012500
6 0.808750 0.657500 0.022500 0.010000
6 0.762500 0.651250 0.012500 0.020000
6 0.762500 0.633750 0.020000 0.012500
6 0.886250 0.811250 0.020000 0.012500
6 0.948750 0.808750 0.020000 0.012500
6 0.946250 0.831250 0.020000 0.012500
6 0.858750 0.752500 0.020000 0.015000
6 0.487500 0.535000 0.015000 0.022500
6 0.502500 0.535000 0.017500 0.017500
6 0.515000 0.530000 0.020000 0.027500
6 0.668750 0.553750 0.015000 0.020000
6 0.497500 0.508750 0.020000 0.012500
6 0.498750 0.517500 0.017500 0.012500
6 0.263750 0.516250 0.015000 0.020000
6 0.251250 0.518750 0.010000 0.017500
6 0.136250 0.466250 0.022500 0.020000
6 0.132500 0.450000 0.020000 0.012500
6 0.183750 0.530000 0.027500 0.020000
6 0.173750 0.517500 0.017500 0.015000
6 0.048750 0.581250 0.012500 0.020000
6 0.061250 0.505000 0.020000 0.015000
6 0.060000 0.492500 0.022500 0.015000
6 0.058750 0.480000 0.022500 0.015000
6 0.040000 0.447500 0.020000 0.017500
6 0.022500 0.450000 0.017500 0.015000
6 0.036250 0.467500 0.020000 0.017500
6 0.053750 0.466250 0.020000 0.015000
6 0.013750 0.458750 0.022500 0.015000
6 0.005000 0.467500 0.022500 0.012500
6 0.007500 0.480000 0.022500 0.015000
6 0.008750 0.491250 0.020000 0.010000
6 0.050000 0.557500 0.012500 0.020000
6 0.067500 0.553750 0.017500 0.022500
6 0.030000 0.562500 0.012500 0.017500
6 0.038750 0.558750 0.012500 0.020000
6 0.008750 0.546250 0.022500 0.012500
6 0.011250 0.536250 0.022500 0.015000
6 0.010000 0.525000 0.020000 0.015000
6 0.011250 0.513750 0.020000 0.015000
6 0.006250 0.500000 0.025000 0.012500
6 0.011250 0.622500 0.022500 0.012500
6 0.015000 0.690000 0.022500 0.015000
6 0.016250 0.711250 0.022500 0.012500
6 0.016250 0.721250 0.020000 0.012500
6 0.018750 0.731250 0.022500 0.012500
6 0.018750 0.742500 0.022500 0.012500
6 0.048750 0.768750 0.015000 0.020000
6 0.167500 0.602500 0.022500 0.015000
6 0.166250 0.621250 0.017500 0.012500
6 0.022500 0.776250 0.020000 0.012500
6 0.021250 0.786250 0.020000 0.012500
6 0.022500 0.797500 0.022500 0.015000
6 0.022500 0.810000 0.020000 0.012500
6 0.025000 0.827500 0.025000 0.015000
6 0.027500 0.841250 0.022500 0.012500
6 0.026250 0.860000 0.020000 0.012500
6 0.026250 0.872500 0.020000 0.015000
6 0.058750 0.876250 0.015000 0.020000
6 0.081250 0.840000 0.015000 0.015000
6 0.082500 0.826250 0.020000 0.015000
6 0.076250 0.791250 0.017500 0.017500
6 0.073750 0.736250 0.020000 0.012500
6 0.075000 0.748750 0.020000 0.012500
6 0.070000 0.717500 0.017500 0.010000
6 0.068750 0.676250 0.017500 0.012500
6 0.065000 0.665000 0.017500 0.012500
6 0.311250 0.893750 0.017500 0.012500
6 0.296250 0.897500 0.017500 0.020000
6 0.358750 0.888750 0.015000 0.020000
6 0.343750 0.890000 0.012500 0.017500
6 0.192500 0.901250 0.015000 0.020000
6 0.181250 0.901250 0.012500 0.017500
6 0.171250 0.903750 0.012500 0.017500
6 0.155000 0.903750 0.012500 0.017500
6 0.116250 0.903750 0.015000 0.017500
6 0.101250 0.906250 0.012500 0.017500
6 0.078750 0.906250 0.012500 0.015000
6 0.067500 0.907500 0.010000 0.017500
6 0.057500 0.907500 0.010000 0.015000
6 0.046250 0.911250 0.012500 0.015000
6 0.033750 0.912500 0.012500 0.017500
6 0.021250 0.911250 0.015000 0.015000
6 0.005000 0.911250 0.015000 0.015000
6 0.216250 0.760000 0.012500 0.020000
6 0.235000 0.801250 0.020000 0.012500
6 0.236250 0.791250 0.017500 0.010000
6 0.235000 0.783750 0.020000 0.010000
6 0.233750 0.775000 0.017500 0.010000
6 0.235000 0.765000 0.020000 0.010000
6 0.232500 0.756250 0.015000 0.010000
6 0.232500 0.747500 0.017500 0.010000
6 0.231250 0.737500 0.017500 0.010000
6 0.231250 0.728750 0.017500 0.012500
6 0.231250 0.720000 0.017500 0.010000
6 0.230000 0.710000 0.017500 0.007500
6 0.230000 0.702500 0.017500 0.010000
6 0.230000 0.693750 0.015000 0.012500
6 0.230000 0.683750 0.020000 0.010000
6 0.228750 0.676250 0.017500 0.012500
6 0.227500 0.667500 0.020000 0.012500
6 0.227500 0.657500 0.017500 0.010000
6 0.227500 0.647500 0.020000 0.010000
6 0.685000 0.548750 0.012500 0.015000
6 0.686250 0.563750 0.012500 0.015000
6 0.690000 0.577500 0.020000 0.010000
6 0.691250 0.587500 0.017500 0.010000
6 0.692500 0.596250 0.015000 0.010000
6 0.692500 0.606250 0.020000 0.012500
6 0.693750 0.615000 0.017500 0.010000
6 0.695000 0.623750 0.017500 0.007500
6 0.695000 0.632500 0.017500 0.010000
6 0.696250 0.641250 0.020000 0.007500
6 0.696250 0.651250 0.017500 0.012500
6 0.698750 0.662500 0.017500 0.012500
6 0.698750 0.678750 0.020000 0.012500
6 0.701250 0.690000 0.012500 0.007500
6 0.698750 0.700000 0.017500 0.010000
6 0.701250 0.708750 0.015000 0.010000
6 0.702500 0.717500 0.020000 0.010000
6 0.703750 0.726250 0.017500 0.010000
6 0.902500 0.737500 0.017500 0.012500
6 0.901250 0.710000 0.012500 0.010000
6 0.898750 0.675000 0.015000 0.007500
6 0.901250 0.691250 0.015000 0.010000
6 0.901250 0.751250 0.010000 0.010000
6 0.901250 0.761250 0.012500 0.010000
6 0.988750 0.010000 0.015000 0.020000
6 0.970000 0.011250 0.010000 0.017500
6 0.960000 0.012500 0.010000 0.017500
6 0.947500 0.011250 0.012500 0.020000
6 0.982500 0.055000 0.012500 0.020000
6 0.951250 0.060000 0.012500 0.017500
6 0.915000 0.012500 0.015000 0.022500
6 0.895000 0.013750 0.015000 0.020000
6 0.865000 0.016250 0.015000 0.017500
6 0.823750 0.021250 0.015000 0.020000
6 0.761250 0.020000 0.010000 0.017500
6 0.736250 0.005000 0.015000 0.020000
6 0.326250 0.117500 0.020000 0.015000
6 0.528750 0.781250 0.007500 0.022500
6 0.622500 0.516250 0.027500 0.010000
6 0.535000 0.465000 0.012500 0.010000
6 0.900000 0.702500 0.012500 0.010000
6 0.182500 0.530000 0.027500 0.020000
