6 0.085000 0.048750 0.027500 0.020000
6 0.136250 0.000000 0.027500 0.017500
6 0.136250 0.043750 0.055000 0.032500
6 0.920000 0.962500 0.012500 0.017500
6 0.908750 0.940000 0.017500 0.010000
6 0.902500 0.931250 0.017500 0.012500
6 0.898750 0.922500 0.017500 0.012500
6 0.893750 0.913750 0.017500 0.015000
6 0.890000 0.903750 0.017500 0.010000
6 0.883750 0.893750 0.017500 0.012500
6 0.878750 0.885000 0.017500 0.012500
6 0.875000 0.878750 0.017500 0.012500
6 0.871250 0.868750 0.017500 0.015000
6 0.865000 0.860000 0.015000 0.012500
6 0.860000 0.850000 0.012500 0.010000
6 0.855000 0.841250 0.020000 0.015000
6 0.850000 0.831250 0.017500 0.010000
6 0.845000 0.823750 0.015000 0.010000
6 0.841250 0.813750 0.017500 0.015000
6 0.835000 0.805000 0.020000 0.015000
6 0.853750 0.802500 0.015000 0.020000
6 0.833750 0.796250 0.017500 0.012500
6 0.827500 0.787500 0.020000 0.015000
6 0.821250 0.778750 0.017500 0.015000
6 0.863750 0.758750 0.020000 0.015000
6 0.871250 0.775000 0.017500 0.015000
6 0.878750 0.782500 0.017500 0.012500
6 0.883750 0.792500 0.017500 0.012500
6 0.890000 0.800000 0.020000 0.015000
6 0.896250 0.810000 0.015000 0.012500
6 0.898750 0.818750 0.022500 0.015000
6 0.911250 0.835000 0.022500 0.015000
6 0.921250 0.863750 0.020000 0.015000
6 0.931250 0.881250 0.020000 0.012500
6 0.936250 0.891250 0.020000 0.010000
6 0.940000 0.901250 0.015000 0.010000
6 0.653750 0.758750 0.012500 0.017500
6 0.638750 0.725000 0.022500 0.012500
6 0.750000 0.772500 0.020000 0.027500
6 0.767500 0.758750 0.012500 0.015000
6 0.848750 0.716250 0.017500 0.012500
6 0.748750 0.621250 0.030000 0.020000
6 0.742500 0.608750 0.017500 0.010000
6 0.732500 0.592500 0.022500 0.015000
6 0.727500 0.580000 0.020000 0.010000
6 0.696250 0.633750 0.035000 0.020000
6 0.641250 0.542500 0.020000 0.017500
6 0.303750 0.523750 0.015000 0.017500
6 0.278750 0.491250 0.017500 0.022500
6 0.326250 0.506250 0.015000 0.020000
6 0.357500 0.630000 0.017500 0.020000
6 0.371250 0.658750 0.020000 0.020000
6 0.446250 0.842500 0.017500 0.025000
6 0.365000 0.882500 0.012500 0.022500
6 0.291250 0.946250 0.015000 0.017500
6 0.310000 0.932500 0.012500 0.020000
6 0.325000 0.930000 0.012500 0.022500
6 0.343750 0.916250 0.015000 0.017500
6 0.348750 0.968750 0.017500 0.015000
6 0.423750 0.946250 0.015000 0.022500
6 0.451250 0.932500 0.020000 0.020000
6 0.472500 0.930000 0.017500 0.020000
6 0.471250 0.906250 0.017500 0.017500
6 0.492500 0.916250 0.015000 0.017500
6 0.271250 0.416250 0.012500 0.015000
6 0.647500 0.628750 0.015000 0.022500
6 0.348750 0.612500 0.025000 0.010000
6 0.023750 0.521250 0.015000 0.015000
6 0.481250 0.827500 0.027500 0.022500
6 0.703750 0.796250 0.015000 0.017500
6 0.785000 0.746250 0.017500 0.020000
6 0.775000 0.751250 0.015000 0.020000
6 0.816250 0.772500 0.017500 0.012500
6 0.927500 0.750000 0.012500 0.020000
6 0.881250 0.728750 0.012500 0.017500
