3 0.085625 0.391250 0.016250 0.052500
4 0.899375 0.735625 0.041250 0.038750
4 0.902500 0.781250 0.042500 0.040000
4 0.908125 0.823125 0.036250 0.028750
4 0.845625 0.740625 0.046250 0.041250
4 0.850000 0.786875 0.040000 0.038750
4 0.855625 0.829375 0.036250 0.028750
4 0.774375 0.741250 0.043750 0.037500
4 0.780000 0.783750 0.042500 0.037500
4 0.784375 0.831875 0.038750 0.038750
4 0.721250 0.745625 0.042500 0.038750
4 0.727500 0.790625 0.042500 0.036250
4 0.732500 0.836875 0.042500 0.036250
4 0.639375 0.763125 0.048750 0.043750
4 0.645000 0.825000 0.052500 0.047500
4 0.580625 0.767500 0.048750 0.047500
4 0.588125 0.831875 0.046250 0.046250
4 0.523750 0.774375 0.050000 0.043750
4 0.530000 0.836875 0.050000 0.046250
4 0.466875 0.781250 0.048750 0.045000
4 0.473125 0.843750 0.048750 0.045000
4 0.409375 0.787500 0.051250 0.045000
4 0.413125 0.847500 0.048750 0.045000
4 0.548750 0.519375 0.017500 0.016250
4 0.530625 0.519375 0.016250 0.016250
4 0.513750 0.520000 0.012500 0.012500
4 0.495000 0.520000 0.017500 0.012500
4 0.548125 0.496250 0.016250 0.015000
4 0.531875 0.496875 0.013750 0.016250
4 0.514375 0.496875 0.013750 0.016250
4 0.493750 0.496250 0.017500 0.015000
4 0.466250 0.520000 0.012500 0.012500
4 0.466250 0.497500 0.012500 0.012500
4 0.453750 0.496875 0.012500 0.013750
4 0.438125 0.496875 0.011250 0.013750
4 0.425625 0.496250 0.011250 0.015000
4 0.410000 0.495625 0.015000 0.013750
4 0.453750 0.520625 0.012500 0.013750
4 0.438750 0.519375 0.012500 0.016250
4 0.425000 0.519375 0.012500 0.016250
4 0.410000 0.519375 0.015000 0.016250
4 0.746875 0.469375 0.018750 0.018750
4 0.746250 0.445000 0.020000 0.017500
4 0.725000 0.444375 0.015000 0.018750
4 0.707500 0.445000 0.017500 0.020000
4 0.726875 0.469375 0.018750 0.018750
4 0.706250 0.468750 0.020000 0.017500
4 0.686250 0.466875 0.017500 0.016250
4 0.667500 0.468750 0.017500 0.017500
4 0.647500 0.467500 0.015000 0.015000
4 0.625000 0.467500 0.017500 0.015000
4 0.686250 0.443125 0.017500 0.016250
4 0.666875 0.444375 0.016250 0.018750
4 0.648125 0.443125 0.018750 0.021250
4 0.626250 0.443125 0.020000 0.016250
4 0.746875 0.396875 0.018750 0.018750
4 0.746250 0.367500 0.017500 0.017500
4 0.726875 0.368125 0.018750 0.018750
4 0.703125 0.367500 0.018750 0.020000
4 0.726250 0.395625 0.017500 0.021250
4 0.705000 0.397500 0.022500 0.020000
4 0.678750 0.396250 0.020000 0.022500
4 0.677500 0.368125 0.022500 0.021250
4 0.653750 0.368750 0.022500 0.020000
4 0.626875 0.368125 0.023750 0.021250
4 0.653125 0.396875 0.021250 0.023750
4 0.628125 0.396250 0.023750 0.022500
4 0.548750 0.456875 0.017500 0.018750
4 0.530625 0.456875 0.016250 0.016250
4 0.549375 0.433125 0.016250 0.018750
4 0.531875 0.433125 0.013750 0.016250
4 0.513750 0.433125 0.012500 0.016250
4 0.497500 0.433750 0.015000 0.017500
4 0.478750 0.433750 0.015000 0.020000
4 0.461250 0.431875 0.015000 0.013750
4 0.443125 0.431250 0.016250 0.015000
4 0.423750 0.433125 0.017500 0.016250
4 0.513125 0.456875 0.016250 0.016250
4 0.496875 0.455000 0.013750 0.015000
4 0.479375 0.455625 0.013750 0.013750
4 0.461875 0.455000 0.013750 0.015000
4 0.443125 0.454375 0.013750 0.013750
4 0.422500 0.454375 0.017500 0.013750
4 0.558750 0.379375 0.017500 0.016250
4 0.558750 0.353125 0.017500 0.016250
4 0.540000 0.351250 0.017500 0.017500
4 0.518125 0.351250 0.016250 0.017500
4 0.500625 0.351250 0.018750 0.017500
4 0.480625 0.350625 0.018750 0.016250
4 0.458750 0.351250 0.015000 0.017500
4 0.440000 0.350625 0.017500 0.016250
4 0.418125 0.350625 0.018750 0.018750
4 0.540000 0.378750 0.017500 0.017500
4 0.522500 0.377500 0.017500 0.015000
4 0.499375 0.378750 0.018750 0.017500
4 0.477500 0.376250 0.017500 0.017500
4 0.458750 0.377500 0.017500 0.015000
4 0.439375 0.376250 0.016250 0.017500
4 0.419375 0.378750 0.021250 0.017500
4 0.538750 0.306250 0.015000 0.017500
4 0.538750 0.278125 0.012500 0.016250
4 0.515625 0.277500 0.021250 0.020000
4 0.490625 0.276875 0.021250 0.018750
4 0.515000 0.304375 0.022500 0.021250
4 0.491875 0.303750 0.021250 0.022500
4 0.465000 0.304375 0.020000 0.021250
4 0.465000 0.275625 0.020000 0.021250
4 0.440000 0.275625 0.020000 0.023750
4 0.416250 0.275625 0.022500 0.021250
4 0.414375 0.304375 0.023750 0.023750
4 0.441250 0.304375 0.020000 0.023750
4 0.740000 0.317500 0.030000 0.027500
4 0.740625 0.281875 0.031250 0.026250
4 0.706250 0.281250 0.027500 0.027500
4 0.670000 0.281250 0.030000 0.027500
4 0.706250 0.316875 0.027500 0.026250
4 0.673125 0.316875 0.028750 0.026250
4 0.637500 0.315000 0.032500 0.027500
4 0.636250 0.280625 0.035000 0.026250
4 0.736250 0.221250 0.040000 0.037500
4 0.685625 0.220625 0.041250 0.036250
4 0.636875 0.220000 0.043750 0.037500
4 0.737500 0.172500 0.042500 0.037500
4 0.687500 0.170625 0.042500 0.038750
4 0.636250 0.169375 0.042500 0.036250
4 0.746875 0.113125 0.023750 0.021250
4 0.744375 0.086875 0.023750 0.021250
4 0.719375 0.086250 0.021250 0.020000
4 0.721250 0.113750 0.020000 0.020000
4 0.695625 0.113750 0.021250 0.022500
4 0.695625 0.087500 0.021250 0.020000
4 0.671250 0.087500 0.022500 0.020000
4 0.670625 0.113125 0.016250 0.023750
4 0.649375 0.087500 0.016250 0.017500
4 0.625000 0.086250 0.020000 0.017500
4 0.648750 0.112500 0.017500 0.017500
4 0.626250 0.111875 0.020000 0.016250
4 0.551875 0.187500 0.026250 0.027500
4 0.516875 0.188125 0.031250 0.028750
4 0.552500 0.223750 0.030000 0.027500
4 0.516250 0.222500 0.030000 0.025000
4 0.569375 0.126250 0.013750 0.012500
4 0.571250 0.108125 0.015000 0.011250
4 0.571250 0.090625 0.015000 0.011250
4 0.568750 0.072500 0.012500 0.012500
4 0.545000 0.121250 0.020000 0.022500
4 0.545000 0.098125 0.022500 0.018750
4 0.545000 0.074375 0.025000 0.018750
4 0.508750 0.120625 0.020000 0.021250
4 0.507500 0.097500 0.017500 0.017500
4 0.506250 0.072500 0.017500 0.015000
4 0.479375 0.121250 0.013750 0.022500
4 0.481250 0.097500 0.015000 0.017500
4 0.481250 0.072500 0.015000 0.015000
4 0.439375 0.126250 0.016250 0.012500
4 0.440000 0.106875 0.015000 0.011250
4 0.440000 0.090000 0.015000 0.012500
4 0.440000 0.071875 0.015000 0.011250
4 0.417500 0.126250 0.012500 0.012500
4 0.418750 0.107500 0.015000 0.012500
4 0.418125 0.090625 0.013750 0.013750
4 0.417500 0.071250 0.017500 0.012500
