6 0.115000 0.493750 0.025000 0.015000
6 0.507500 0.646250 0.022500 0.012500
6 0.453750 0.665000 0.017500 0.012500
6 0.450000 0.655000 0.020000 0.012500
6 0.446250 0.636250 0.017500 0.010000
6 0.502500 0.633750 0.025000 0.015000
6 0.437500 0.611250 0.022500 0.015000
6 0.508750 0.573750 0.017500 0.012500
6 0.455000 0.575000 0.022500 0.012500
6 0.431250 0.577500 0.015000 0.010000
6 0.483750 0.548750 0.017500 0.012500
6 0.502500 0.545000 0.017500 0.012500
6 0.477500 0.493750 0.015000 0.020000
6 0.496250 0.488750 0.015000 0.022500
6 0.515000 0.488750 0.012500 0.022500
6 0.213750 0.435000 0.020000 0.012500
6 0.332500 0.332500 0.022500 0.015000
6 0.488750 0.191250 0.017500 0.015000
6 0.447500 0.125000 0.020000 0.017500
6 0.465000 0.120000 0.020000 0.017500
6 0.570000 0.031250 0.015000 0.020000
6 0.256250 0.427500 0.050000 0.020000
6 0.443750 0.545000 0.025000 0.015000
