6 0.057500 0.912500 0.010000 0.022500
6 0.006250 0.871250 0.015000 0.012500
6 0.075000 0.906250 0.020000 0.017500
6 0.075000 0.878750 0.015000 0.017500
6 0.106250 0.847500 0.012500 0.022500
6 0.078750 0.780000 0.010000 0.017500
6 0.088750 0.752500 0.012500 0.025000
6 0.052500 0.028750 0.010000 0.015000
6 0.070000 0.026250 0.012500 0.022500
6 0.078750 0.010000 0.007500 0.007500
6 0.087500 0.022500 0.012500 0.017500
6 0.096250 0.018750 0.010000 0.017500
6 0.115000 0.003750 0.020000 0.012500
6 0.111250 0.017500 0.005000 0.010000
6 0.155000 0.012500 0.010000 0.017500
6 0.180000 0.007500 0.010000 0.017500
6 0.003750 0.136250 0.017500 0.007500
6 0.008750 0.181250 0.017500 0.007500
6 0.016250 0.312500 0.010000 0.017500
6 0.005000 0.328750 0.010000 0.020000
6 0.021250 0.345000 0.010000 0.022500
6 0.041250 0.308750 0.020000 0.012500
6 0.042500 0.332500 0.020000 0.010000
6 0.048750 0.416250 0.010000 0.017500
6 0.058750 0.435000 0.015000 0.020000
6 0.298750 0.428750 0.037500 0.017500
6 0.412500 0.416250 0.042500 0.017500
6 0.491250 0.261250 0.010000 0.017500
6 0.267500 0.733750 0.012500 0.012500
6 0.340000 0.685000 0.012500 0.015000
6 0.393750 0.691250 0.012500 0.022500
6 0.476250 0.682500 0.020000 0.015000
6 0.500000 0.437500 0.012500 0.020000
6 0.087500 0.460000 0.010000 0.007500
6 0.460000 0.637500 0.020000 0.022500
6 0.490000 0.643750 0.010000 0.007500
6 0.401250 0.661250 0.015000 0.020000
6 0.391250 0.662500 0.012500 0.015000
6 0.300000 0.775000 0.012500 0.012500
6 0.081250 0.708750 0.005000 0.010000
6 0.127500 0.875000 0.015000 0.015000
6 0.400000 0.721250 0.017500 0.012500
6 0.775000 0.443750 0.015000 0.015000
6 0.455000 0.581250 0.015000 0.007500
6 0.266250 0.130000 0.017500 0.012500
6 0.423750 0.102500 0.015000 0.032500
6 0.800000 0.278750 0.005000 0.007500
6 0.957500 0.190000 0.015000 0.015000
3 0.783750 0.646250 0.015000 0.015000
3 0.650000 0.880000 0.022500 0.027500
3 0.671250 0.885000 0.047500 0.070000
