6 0.710000 0.472500 0.015000 0.010000
6 0.532500 0.711250 0.017500 0.007500
6 0.547500 0.706250 0.017500 0.007500
6 0.421250 0.745000 0.017500 0.007500
6 0.403750 0.750000 0.012500 0.007500
6 0.295000 0.782500 0.015000 0.007500
6 0.252500 0.797500 0.012500 0.007500
6 0.233750 0.803750 0.015000 0.007500
6 0.217500 0.811250 0.017500 0.010000
6 0.301250 0.725000 0.010000 0.012500
6 0.312500 0.707500 0.012500 0.015000
6 0.440000 0.738750 0.015000 0.007500
6 0.155000 0.411250 0.010000 0.012500
6 0.003750 0.077500 0.007500 0.010000
6 0.635000 0.676250 0.015000 0.007500
6 0.572500 0.698750 0.015000 0.007500
6 0.490000 0.723750 0.017500 0.010000
6 0.250000 0.615000 0.010000 0.015000
6 0.372500 0.890000 0.010000 0.015000
6 0.636250 0.685000 0.020000 0.012500
6 0.026250 0.122500 0.017500 0.015000
6 0.606250 0.687500 0.017500 0.010000
6 0.511250 0.717500 0.017500 0.010000
6 0.370000 0.838750 0.012500 0.015000
6 0.305000 0.738750 0.010000 0.017500
6 0.400000 0.927500 0.010000 0.017500
6 0.622500 0.681250 0.017500 0.010000
6 0.232500 0.578750 0.007500 0.015000
6 0.685000 0.358750 0.017500 0.012500
6 0.582500 0.695000 0.017500 0.010000
6 0.218750 0.521250 0.010000 0.017500
6 0.692500 0.425000 0.027500 0.015000
6 0.367500 0.855000 0.010000 0.015000
6 0.263750 0.647500 0.010000 0.015000
6 0.257500 0.631250 0.010000 0.012500
