6 0.943750 0.661250 0.015000 0.012500
6 0.796250 0.232500 0.015000 0.015000
6 0.201250 0.983750 0.017500 0.012500
6 0.302500 0.993750 0.015000 0.017500
6 0.858750 0.777500 0.012500 0.015000
6 0.871250 0.805000 0.015000 0.007500
6 0.906250 0.818750 0.017500 0.015000
6 0.923750 0.832500 0.020000 0.017500
6 0.141250 0.536250 0.015000 0.010000
6 0.155000 0.520000 0.015000 0.015000
6 0.183750 0.486250 0.012500 0.012500
6 0.260000 0.427500 0.017500 0.015000
6 0.255000 0.403750 0.012500 0.015000
6 0.290000 0.395000 0.015000 0.015000
6 0.348750 0.308750 0.012500 0.012500
6 0.368750 0.303750 0.012500 0.012500
6 0.848750 0.807500 0.015000 0.007500
6 0.296250 0.350000 0.012500 0.015000
