6 0.683750 0.990000 0.022500 0.015000
6 0.487500 0.910000 0.025000 0.017500
6 0.608750 0.863750 0.020000 0.017500
6 0.897500 0.982500 0.015000 0.020000
6 0.973750 0.981250 0.025000 0.015000
6 0.958750 0.922500 0.020000 0.015000
6 0.970000 0.948750 0.017500 0.015000
6 0.965000 0.106250 0.022500 0.017500
6 0.948750 0.092500 0.022500 0.017500
6 0.965000 0.080000 0.020000 0.015000
6 0.950000 0.067500 0.020000 0.017500
6 0.932500 0.081250 0.020000 0.015000
6 0.492500 0.927500 0.022500 0.015000
