6 0.010000 0.653750 0.012500 0.015000
6 0.088750 0.638750 0.015000 0.020000
6 0.108750 0.633750 0.015000 0.020000
6 0.103750 0.580000 0.022500 0.015000
6 0.156250 0.550000 0.020000 0.015000
6 0.322500 0.578750 0.017500 0.015000
6 0.366250 0.600000 0.010000 0.012500
6 0.557500 0.331250 0.020000 0.015000
6 0.271250 0.585000 0.017500 0.010000
6 0.453750 0.975000 0.022500 0.017500
6 0.296250 0.588750 0.010000 0.010000
6 0.586250 0.793750 0.020000 0.015000
6 0.711250 0.638750 0.025000 0.020000
