6 0.432500 0.983750 0.017500 0.012500
6 0.533750 0.993750 0.015000 0.017500
6 0.372500 0.536250 0.015000 0.010000
6 0.386250 0.520000 0.015000 0.015000
6 0.415000 0.486250 0.012500 0.012500
6 0.491250 0.427500 0.017500 0.015000
6 0.486250 0.403750 0.012500 0.015000
6 0.521250 0.395000 0.015000 0.015000
6 0.580000 0.308750 0.012500 0.012500
6 0.600000 0.303750 0.012500 0.012500
6 0.057500 0.003750 0.012500 0.012500
6 0.043750 0.020000 0.012500 0.012500
6 0.031250 0.033750 0.015000 0.012500
6 0.527500 0.350000 0.012500 0.015000
