6 0.922500 0.407500 0.017500 0.012500
6 0.812500 0.557500 0.015000 0.017500
6 0.763750 0.567500 0.015000 0.010000
6 0.822500 0.521250 0.012500 0.012500
6 0.835000 0.506250 0.010000 0.012500
6 0.671250 0.698750 0.017500 0.017500
6 0.667500 0.663750 0.015000 0.012500
6 0.700000 0.665000 0.017500 0.015000
6 0.796250 0.982500 0.015000 0.015000
6 0.027500 0.551250 0.012500 0.012500
6 0.235000 0.307500 0.015000 0.017500
6 0.287500 0.218750 0.017500 0.015000
6 0.320000 0.177500 0.015000 0.012500
6 0.363750 0.126250 0.015000 0.015000
6 0.376250 0.111250 0.017500 0.017500
6 0.403750 0.083750 0.037500 0.040000
6 0.827500 0.446250 0.022500 0.015000
