6 0.118750 0.538750 0.020000 0.012500
6 0.137500 0.533750 0.012500 0.010000
6 0.027500 0.355000 0.012500 0.017500
6 0.041250 0.350000 0.012500 0.017500
6 0.288750 0.205000 0.022500 0.010000
6 0.428750 0.268750 0.012500 0.015000
6 0.380000 0.192500 0.020000 0.030000
6 0.395000 0.187500 0.017500 0.027500
6 0.427500 0.176250 0.020000 0.030000
6 0.265000 0.251250 0.020000 0.030000
6 0.301250 0.306250 0.015000 0.035000
6 0.288750 0.311250 0.020000 0.030000
6 0.936250 0.082500 0.020000 0.012500
6 0.773750 0.298750 0.010000 0.015000
