6 0.616250 0.097500 0.017500 0.007500
6 0.623750 0.083750 0.015000 0.007500
6 0.082500 0.170000 0.015000 0.032500
6 0.048750 0.196250 0.025000 0.015000
6 0.137500 0.210000 0.012500 0.020000
6 0.125000 0.215000 0.010000 0.017500
6 0.113750 0.217500 0.012500 0.015000
6 0.103750 0.217500 0.012500 0.017500
6 0.600000 0.796250 0.015000 0.007500
6 0.601250 0.808750 0.020000 0.005000
6 0.258750 0.772500 0.022500 0.010000
6 0.086250 0.771250 0.020000 0.010000
6 0.330000 0.442500 0.025000 0.010000
6 0.560000 0.735000 0.022500 0.010000
6 0.585000 0.176250 0.012500 0.020000
6 0.108750 0.166250 0.037500 0.045000
6 0.582500 0.733750 0.017500 0.010000
6 0.557500 0.075000 0.010000 0.020000
