6 0.188750 0.610000 0.065000 0.017500
6 0.086250 0.623750 0.052500 0.017500
6 0.170000 0.597500 0.050000 0.015000
6 0.651250 0.250000 0.020000 0.007500
6 0.201250 0.223750 0.015000 0.010000
6 0.216250 0.225000 0.020000 0.012500
6 0.056250 0.236250 0.020000 0.010000
6 0.073750 0.237500 0.017500 0.012500
6 0.151250 0.232500 0.017500 0.012500
6 0.717500 0.897500 0.007500 0.012500
6 0.096250 0.611250 0.040000 0.015000
6 0.931250 0.828750 0.010000 0.015000
6 0.253750 0.182500 0.012500 0.022500
6 0.312500 0.613750 0.032500 0.010000
6 0.641250 0.260000 0.065000 0.020000
6 0.506250 0.272500 0.030000 0.010000
6 0.796250 0.895000 0.007500 0.012500
6 0.786250 0.895000 0.007500 0.015000
6 0.808750 0.893750 0.007500 0.010000
