6 0.442500 0.121250 0.015000 0.005000
6 0.426250 0.122500 0.017500 0.005000
6 0.406250 0.122500 0.017500 0.007500
6 0.386250 0.122500 0.017500 0.007500
6 0.366250 0.122500 0.020000 0.005000
6 0.576250 0.075000 0.017500 0.010000
6 0.557500 0.075000 0.017500 0.005000
6 0.526250 0.075000 0.017500 0.005000
6 0.508750 0.075000 0.020000 0.005000
6 0.491250 0.076250 0.020000 0.007500
6 0.473750 0.076250 0.017500 0.005000
6 0.510000 0.046250 0.017500 0.007500
6 0.583750 0.131250 0.017500 0.010000
6 0.567500 0.131250 0.012500 0.005000
6 0.550000 0.131250 0.020000 0.005000
6 0.533750 0.130000 0.017500 0.007500
6 0.517500 0.128750 0.012500 0.007500
6 0.500000 0.128750 0.012500 0.007500
6 0.487500 0.128750 0.010000 0.007500
6 0.468750 0.127500 0.015000 0.010000
6 0.451250 0.128750 0.012500 0.007500
6 0.435000 0.130000 0.020000 0.007500
6 0.415000 0.130000 0.020000 0.010000
6 0.395000 0.128750 0.015000 0.007500
6 0.376250 0.128750 0.012500 0.007500
6 0.358750 0.130000 0.017500 0.007500
6 0.340000 0.128750 0.017500 0.010000
6 0.337500 0.115000 0.015000 0.005000
6 0.355000 0.115000 0.012500 0.005000
6 0.372500 0.115000 0.012500 0.005000
6 0.388750 0.115000 0.012500 0.005000
6 0.405000 0.115000 0.015000 0.005000
6 0.420000 0.115000 0.012500 0.005000
6 0.435000 0.115000 0.012500 0.005000
6 0.450000 0.113750 0.012500 0.005000
6 0.465000 0.115000 0.012500 0.005000
6 0.481250 0.115000 0.012500 0.005000
6 0.498750 0.115000 0.012500 0.005000
6 0.515000 0.116250 0.015000 0.005000
6 0.565000 0.107500 0.020000 0.007500
6 0.547500 0.107500 0.012500 0.007500
6 0.527500 0.108750 0.010000 0.007500
6 0.508750 0.107500 0.015000 0.007500
6 0.490000 0.108750 0.015000 0.007500
6 0.470000 0.107500 0.017500 0.005000
6 0.438750 0.101250 0.015000 0.007500
6 0.422500 0.100000 0.015000 0.007500
6 0.406250 0.102500 0.017500 0.007500
6 0.387500 0.100000 0.017500 0.007500
6 0.372500 0.101250 0.017500 0.007500
6 0.352500 0.101250 0.017500 0.007500
6 0.332500 0.101250 0.017500 0.007500
6 0.336250 0.106250 0.017500 0.007500
6 0.353750 0.107500 0.015000 0.005000
6 0.371250 0.108750 0.017500 0.005000
6 0.390000 0.108750 0.015000 0.007500
6 0.406250 0.107500 0.015000 0.005000
6 0.422500 0.107500 0.015000 0.005000
6 0.440000 0.107500 0.020000 0.007500
6 0.487500 0.092500 0.015000 0.007500
6 0.503750 0.092500 0.012500 0.005000
6 0.521250 0.093750 0.017500 0.007500
6 0.541250 0.093750 0.015000 0.007500
6 0.560000 0.091250 0.012500 0.007500
6 0.577500 0.092500 0.012500 0.007500
6 0.470000 0.091250 0.012500 0.007500
6 0.455000 0.092500 0.015000 0.007500
6 0.437500 0.092500 0.015000 0.005000
6 0.407500 0.093750 0.017500 0.007500
6 0.422500 0.092500 0.015000 0.007500
6 0.370000 0.093750 0.015000 0.007500
6 0.355000 0.093750 0.015000 0.005000
6 0.338750 0.093750 0.015000 0.007500
6 0.398750 0.087500 0.020000 0.007500
6 0.338750 0.088750 0.020000 0.007500
6 0.375000 0.087500 0.017500 0.005000
6 0.357500 0.088750 0.015000 0.007500
6 0.420000 0.086250 0.020000 0.007500
6 0.438750 0.086250 0.015000 0.007500
6 0.460000 0.083750 0.020000 0.007500
6 0.478750 0.083750 0.015000 0.005000
6 0.497500 0.083750 0.017500 0.007500
6 0.518750 0.083750 0.017500 0.007500
6 0.538750 0.083750 0.017500 0.007500
6 0.556250 0.083750 0.017500 0.007500
6 0.577500 0.085000 0.020000 0.007500
6 0.581250 0.061250 0.015000 0.007500
6 0.570000 0.067500 0.020000 0.007500
6 0.546250 0.067500 0.020000 0.007500
6 0.503750 0.067500 0.017500 0.007500
6 0.482500 0.066250 0.020000 0.007500
6 0.523750 0.066250 0.020000 0.007500
6 0.407500 0.078750 0.017500 0.007500
6 0.425000 0.078750 0.015000 0.007500
6 0.440000 0.077500 0.015000 0.007500
6 0.332500 0.081250 0.015000 0.007500
6 0.328750 0.071250 0.012500 0.005000
6 0.350000 0.072500 0.015000 0.007500
6 0.372500 0.071250 0.015000 0.005000
6 0.395000 0.072500 0.015000 0.007500
6 0.415000 0.071250 0.017500 0.007500
6 0.437500 0.070000 0.017500 0.007500
6 0.457500 0.067500 0.017500 0.007500
6 0.457500 0.076250 0.017500 0.005000
6 0.411250 0.062500 0.015000 0.007500
6 0.431250 0.061250 0.015000 0.007500
6 0.392500 0.062500 0.017500 0.007500
6 0.371250 0.063750 0.017500 0.007500
6 0.350000 0.063750 0.015000 0.007500
6 0.327500 0.063750 0.015000 0.007500
6 0.455000 0.061250 0.017500 0.007500
6 0.477500 0.060000 0.015000 0.005000
6 0.506250 0.060000 0.020000 0.007500
6 0.558750 0.060000 0.017500 0.005000
6 0.581250 0.053750 0.017500 0.005000
6 0.571250 0.046250 0.020000 0.005000
6 0.547500 0.047500 0.022500 0.007500
6 0.526250 0.046250 0.022500 0.005000
6 0.465000 0.046250 0.020000 0.007500
6 0.485000 0.047500 0.020000 0.007500
6 0.368750 0.055000 0.017500 0.007500
6 0.348750 0.056250 0.017500 0.007500
6 0.328750 0.057500 0.017500 0.005000
6 0.390000 0.053750 0.020000 0.007500
6 0.410000 0.055000 0.017500 0.007500
6 0.453750 0.052500 0.017500 0.005000
6 0.472500 0.052500 0.022500 0.007500
6 0.537500 0.053750 0.020000 0.005000
6 0.560000 0.053750 0.020000 0.007500
6 0.516250 0.052500 0.022500 0.005000
6 0.490000 0.060000 0.012500 0.007500
6 0.536250 0.058750 0.037500 0.005000
6 0.495000 0.051250 0.025000 0.005000
6 0.725000 0.225000 0.060000 0.015000
6 0.805000 0.070000 0.015000 0.060000
6 0.822500 0.068750 0.020000 0.065000
6 0.350000 0.080000 0.017500 0.007500
6 0.370000 0.080000 0.020000 0.007500
