6 0.615000 0.472500 0.007500 0.012500
6 0.625000 0.471250 0.010000 0.015000
6 0.598750 0.472500 0.007500 0.015000
6 0.588750 0.473750 0.010000 0.015000
6 0.578750 0.472500 0.010000 0.015000
6 0.568750 0.476250 0.010000 0.012500
6 0.640000 0.471250 0.007500 0.012500
6 0.655000 0.460000 0.020000 0.007500
6 0.631250 0.470000 0.007500 0.012500
6 0.021250 0.057500 0.017500 0.007500
6 0.048750 0.057500 0.022500 0.012500
6 0.075000 0.058750 0.022500 0.010000
6 0.107500 0.057500 0.017500 0.010000
6 0.655000 0.568750 0.020000 0.050000
6 0.587500 0.553750 0.012500 0.017500
6 0.546250 0.552500 0.017500 0.007500
6 0.545000 0.561250 0.015000 0.007500
6 0.548750 0.567500 0.015000 0.005000
6 0.548750 0.573750 0.020000 0.005000
6 0.605000 0.555000 0.007500 0.012500
6 0.617500 0.552500 0.010000 0.015000
6 0.627500 0.552500 0.007500 0.015000
6 0.637500 0.552500 0.007500 0.015000
6 0.582500 0.588750 0.010000 0.010000
6 0.570000 0.608750 0.007500 0.010000
6 0.578750 0.608750 0.005000 0.012500
6 0.590000 0.607500 0.012500 0.015000
6 0.598750 0.591250 0.007500 0.010000
6 0.608750 0.591250 0.007500 0.007500
6 0.608750 0.606250 0.007500 0.012500
6 0.627500 0.588750 0.010000 0.015000
6 0.623750 0.605000 0.007500 0.010000
6 0.583750 0.642500 0.007500 0.010000
6 0.610000 0.640000 0.012500 0.010000
6 0.670000 0.610000 0.007500 0.012500
6 0.660000 0.608750 0.007500 0.015000
6 0.653750 0.623750 0.010000 0.015000
6 0.677500 0.608750 0.010000 0.012500
6 0.641250 0.588750 0.010000 0.015000
6 0.670000 0.542500 0.012500 0.015000
6 0.672500 0.626250 0.007500 0.012500
6 0.571250 0.553750 0.007500 0.012500
6 0.753750 0.480000 0.012500 0.015000
6 0.717500 0.483750 0.007500 0.017500
6 0.727500 0.482500 0.010000 0.017500
6 0.736250 0.477500 0.010000 0.015000
6 0.651250 0.451250 0.020000 0.007500
6 0.650000 0.391250 0.017500 0.025000
6 0.578750 0.553750 0.007500 0.012500
6 0.596250 0.553750 0.007500 0.012500
6 0.635000 0.590000 0.007500 0.012500
6 0.617500 0.591250 0.007500 0.012500
6 0.591250 0.591250 0.007500 0.012500
6 0.573750 0.591250 0.010000 0.015000
6 0.600000 0.607500 0.010000 0.015000
6 0.616250 0.605000 0.010000 0.012500
6 0.663750 0.622500 0.007500 0.015000
6 0.678750 0.622500 0.007500 0.012500
6 0.635000 0.638750 0.010000 0.007500
6 0.650000 0.637500 0.005000 0.007500
6 0.658750 0.637500 0.007500 0.010000
6 0.562500 0.588750 0.010000 0.007500
6 0.550000 0.581250 0.017500 0.007500
6 0.672500 0.557500 0.010000 0.012500
6 0.570000 0.531250 0.025000 0.010000
6 0.647500 0.470000 0.007500 0.012500
6 0.657500 0.472500 0.017500 0.007500
6 0.656250 0.465000 0.015000 0.005000
6 0.743750 0.482500 0.010000 0.017500
6 0.607500 0.478750 0.010000 0.020000
