6 0.572500 0.052500 0.027500 0.015000
6 0.597500 0.068750 0.020000 0.015000
6 0.545000 0.013750 0.027500 0.007500
6 0.613750 0.088750 0.017500 0.017500
6 0.601250 0.131250 0.027500 0.010000
6 0.635000 0.157500 0.025000 0.010000
6 0.683750 0.145000 0.027500 0.007500
6 0.680000 0.133750 0.022500 0.007500
6 0.447500 0.033750 0.027500 0.010000
6 0.416250 0.031250 0.027500 0.010000
6 0.140000 0.027500 0.017500 0.017500
6 0.068750 0.320000 0.052500 0.017500
6 0.038750 0.202500 0.030000 0.017500
6 0.026250 0.185000 0.032500 0.027500
