6 0.140000 0.398750 0.020000 0.020000
6 0.267500 0.438750 0.012500 0.020000
6 0.333750 0.340000 0.032500 0.007500
6 0.571250 0.358750 0.025000 0.010000
6 0.656250 0.495000 0.015000 0.017500
6 0.703750 0.632500 0.012500 0.020000
6 0.692500 0.678750 0.015000 0.020000
6 0.332500 0.697500 0.027500 0.010000
6 0.446250 0.786250 0.015000 0.017500
6 0.886250 0.911250 0.012500 0.012500
6 0.751250 0.840000 0.017500 0.020000
6 0.877500 0.655000 0.027500 0.010000
6 0.908750 0.653750 0.027500 0.010000
6 0.948750 0.332500 0.012500 0.015000
6 0.895000 0.292500 0.030000 0.012500
6 0.007500 0.197500 0.022500 0.012500
6 0.028750 0.333750 0.020000 0.010000
6 0.193750 0.158750 0.020000 0.007500
6 0.881250 0.200000 0.025000 0.012500
6 0.870000 0.163750 0.017500 0.012500
6 0.886250 0.163750 0.017500 0.015000
6 0.295000 0.006250 0.017500 0.020000
6 0.720000 0.002500 0.032500 0.012500
6 0.717500 0.063750 0.015000 0.020000
