6 0.977500 0.548750 0.017500 0.030000
6 0.963750 0.551250 0.017500 0.037500
6 0.975000 0.591250 0.025000 0.035000
6 0.811250 0.602500 0.012500 0.020000
6 0.866250 0.676250 0.010000 0.012500
6 0.845000 0.697500 0.012500 0.017500
6 0.795000 0.876250 0.025000 0.005000
6 0.773750 0.318750 0.022500 0.010000
6 0.565000 0.383750 0.022500 0.010000
6 0.442500 0.403750 0.020000 0.012500
6 0.211250 0.898750 0.007500 0.012500
6 0.203750 0.902500 0.007500 0.010000
6 0.193750 0.902500 0.007500 0.012500
6 0.187500 0.905000 0.007500 0.010000
6 0.178750 0.907500 0.012500 0.010000
6 0.175000 0.921250 0.010000 0.015000
6 0.203750 0.917500 0.007500 0.010000
6 0.357500 0.982500 0.017500 0.007500
6 0.267500 0.973750 0.020000 0.007500
6 0.052500 0.143750 0.012500 0.007500
6 0.171250 0.907500 0.007500 0.012500
6 0.208750 0.992500 0.020000 0.012500
6 0.447500 0.696250 0.010000 0.017500
6 0.010000 0.547500 0.025000 0.042500
6 0.380000 0.976250 0.017500 0.007500
6 0.273750 0.980000 0.030000 0.017500
6 0.436250 0.667500 0.012500 0.015000
