6 0.400000 0.991250 0.037500 0.035000
6 0.111250 0.343750 0.027500 0.015000
6 0.696250 0.020000 0.010000 0.012500
6 0.675000 0.041250 0.012500 0.017500
6 0.625000 0.220000 0.025000 0.005000
6 0.041250 0.242500 0.007500 0.012500
6 0.033750 0.246250 0.007500 0.010000
6 0.023750 0.246250 0.007500 0.012500
6 0.017500 0.248750 0.007500 0.010000
6 0.008750 0.251250 0.012500 0.010000
6 0.005000 0.265000 0.010000 0.015000
6 0.033750 0.261250 0.007500 0.010000
6 0.187500 0.326250 0.017500 0.007500
6 0.097500 0.317500 0.020000 0.007500
6 0.001250 0.251250 0.007500 0.012500
6 0.078750 0.462500 0.015000 0.015000
6 0.038750 0.336250 0.020000 0.012500
6 0.277500 0.040000 0.010000 0.017500
6 0.210000 0.320000 0.017500 0.007500
6 0.103750 0.323750 0.030000 0.017500
6 0.266250 0.011250 0.012500 0.015000
