6 0.520000 0.518750 0.017500 0.007500
6 0.891250 0.603750 0.015000 0.010000
6 0.950000 0.593750 0.015000 0.010000
6 0.852500 0.623750 0.020000 0.010000
6 0.727500 0.615000 0.020000 0.007500
6 0.730000 0.560000 0.017500 0.005000
6 0.696250 0.570000 0.017500 0.007500
6 0.742500 0.603750 0.022500 0.007500
6 0.721250 0.606250 0.015000 0.007500
6 0.898750 0.730000 0.012500 0.007500
6 0.975000 0.700000 0.015000 0.007500
6 0.958750 0.708750 0.007500 0.012500
6 0.917500 0.720000 0.010000 0.012500
6 0.800000 0.523750 0.022500 0.010000
6 0.683750 0.260000 0.017500 0.007500
6 0.891250 0.230000 0.017500 0.007500
6 0.557500 0.538750 0.020000 0.007500
6 0.577500 0.040000 0.020000 0.010000
6 0.713750 0.588750 0.017500 0.010000
6 0.715000 0.597500 0.025000 0.007500
6 0.917500 0.687500 0.012500 0.012500
6 0.901250 0.693750 0.007500 0.015000
6 0.907500 0.690000 0.010000 0.012500
6 0.936250 0.717500 0.010000 0.015000
6 0.631250 0.265000 0.020000 0.007500
6 0.175000 0.068750 0.010000 0.017500
6 0.210000 0.607500 0.010000 0.012500
6 0.751250 0.020000 0.012500 0.017500
6 0.768750 0.033750 0.012500 0.025000
6 0.741250 0.017500 0.012500 0.025000
6 0.348750 0.178750 0.010000 0.015000
6 0.435000 0.143750 0.015000 0.007500
6 0.070000 0.957500 0.010000 0.012500
6 0.062500 0.945000 0.012500 0.010000
6 0.367500 0.328750 0.005000 0.017500
6 0.745000 0.627500 0.027500 0.012500
6 0.736250 0.596250 0.020000 0.007500
6 0.808750 0.593750 0.020000 0.010000
6 0.706250 0.617500 0.015000 0.010000
6 0.705000 0.558750 0.020000 0.007500
6 0.768750 0.663750 0.015000 0.005000
6 0.727500 0.581250 0.017500 0.007500
6 0.742500 0.660000 0.025000 0.012500
6 0.890000 0.695000 0.010000 0.012500
6 0.928750 0.718750 0.010000 0.015000
6 0.923750 0.685000 0.010000 0.012500
6 0.943750 0.680000 0.010000 0.015000
6 0.953750 0.676250 0.010000 0.012500
6 0.943750 0.713750 0.010000 0.012500
6 0.965000 0.672500 0.012500 0.015000
6 0.973750 0.670000 0.007500 0.015000
6 0.980000 0.667500 0.010000 0.015000
6 0.706250 0.260000 0.010000 0.005000
6 0.570000 0.268750 0.015000 0.005000
6 0.803750 0.577500 0.017500 0.007500
6 0.797500 0.563750 0.017500 0.007500
6 0.702500 0.576250 0.015000 0.007500
6 0.720000 0.576250 0.017500 0.005000
6 0.732500 0.567500 0.020000 0.007500
6 0.708750 0.582500 0.020000 0.007500
6 0.678750 0.570000 0.017500 0.005000
6 0.818750 0.615000 0.025000 0.010000
6 0.697500 0.598750 0.012500 0.007500
6 0.687500 0.585000 0.020000 0.007500
6 0.806250 0.586250 0.022500 0.012500
6 0.723750 0.650000 0.035000 0.025000
6 0.747500 0.613750 0.027500 0.015000
6 0.691250 0.590000 0.027500 0.012500
6 0.795000 0.555000 0.020000 0.012500
6 0.701250 0.608750 0.022500 0.012500
6 0.712500 0.568750 0.017500 0.012500
6 0.698750 0.551250 0.030000 0.015000
6 0.800000 0.570000 0.022500 0.015000
6 0.865000 0.517500 0.032500 0.017500
6 0.735000 0.575000 0.017500 0.007500
6 0.813750 0.603750 0.022500 0.017500
6 0.731250 0.588750 0.027500 0.015000
6 0.770000 0.653750 0.037500 0.017500
6 0.780000 0.026250 0.017500 0.035000
6 0.682500 0.577500 0.025000 0.012500
6 0.080000 0.970000 0.012500 0.010000
