6 0.161250 0.649375 0.012500 0.006250
6 0.231875 0.574375 0.006250 0.013750
6 0.523750 0.570625 0.015000 0.006250
6 0.205625 0.536250 0.006250 0.010000
6 0.207500 0.551250 0.005000 0.012500
6 0.748125 0.784375 0.021250 0.011250
6 0.676875 0.740625 0.016250 0.006250
6 0.734375 0.721875 0.008750 0.008750
6 0.555000 0.600000 0.012500 0.010000
6 0.575625 0.571875 0.013750 0.008750
6 0.611875 0.303750 0.013750 0.005000
6 0.633125 0.396875 0.006250 0.011250
6 0.620625 0.399375 0.006250 0.011250
6 0.163750 0.331250 0.012500 0.005000
6 0.215625 0.335000 0.003750 0.010000
6 0.177500 0.422500 0.015000 0.005000
6 0.158750 0.422500 0.017500 0.005000
6 0.223750 0.040625 0.007500 0.011250
6 0.043750 0.228125 0.007500 0.011250
6 0.339375 0.628750 0.016250 0.007500
6 0.495625 0.046250 0.013750 0.012500
6 0.495000 0.058750 0.012500 0.005000
6 0.497500 0.065625 0.012500 0.003750
6 0.584375 0.941250 0.008750 0.012500
6 0.730625 0.960000 0.008750 0.012500
6 0.656250 0.523125 0.015000 0.006250
6 0.596875 0.201875 0.016250 0.006250
6 0.922500 0.055000 0.010000 0.012500
6 0.951875 0.085000 0.013750 0.005000
6 0.972500 0.085000 0.015000 0.005000
6 0.815000 0.397500 0.015000 0.007500
6 0.902500 0.444375 0.007500 0.013750
6 0.922500 0.620000 0.010000 0.010000
6 0.933125 0.635625 0.011250 0.013750
6 0.840000 0.651250 0.012500 0.007500
6 0.951875 0.688750 0.016250 0.012500
6 0.973750 0.850000 0.015000 0.010000
6 0.841250 0.815625 0.010000 0.013750
6 0.782500 0.758750 0.017500 0.007500
