6 0.497500 0.955000 0.035000 0.007500
6 0.616250 0.946250 0.030000 0.010000
6 0.617500 0.937500 0.030000 0.010000
6 0.501250 0.945000 0.027500 0.007500
6 0.507500 0.935000 0.022500 0.010000
6 0.490000 0.965000 0.030000 0.012500
6 0.623750 0.928750 0.027500 0.010000
6 0.743750 0.048750 0.020000 0.020000
6 0.711250 0.058750 0.025000 0.020000
6 0.672500 0.078750 0.025000 0.020000
6 0.645000 0.136250 0.020000 0.022500
6 0.655000 0.173750 0.022500 0.020000
6 0.502500 0.211250 0.020000 0.020000
6 0.488750 0.208750 0.022500 0.020000
6 0.462500 0.277500 0.020000 0.017500
6 0.385000 0.218750 0.020000 0.025000
6 0.407500 0.227500 0.025000 0.022500
6 0.443750 0.271250 0.020000 0.017500
6 0.430000 0.260000 0.020000 0.025000
6 0.417500 0.243750 0.025000 0.017500
6 0.575000 0.281250 0.030000 0.032500
6 0.557500 0.332500 0.022500 0.020000
6 0.510000 0.366250 0.022500 0.022500
6 0.473750 0.417500 0.020000 0.020000
6 0.486250 0.432500 0.025000 0.015000
6 0.723750 0.288750 0.030000 0.015000
6 0.708750 0.316250 0.032500 0.015000
6 0.793750 0.256250 0.020000 0.025000
6 0.810000 0.358750 0.025000 0.015000
6 0.695000 0.337500 0.035000 0.017500
6 0.690000 0.350000 0.030000 0.012500
6 0.787500 0.382500 0.027500 0.015000
6 0.756250 0.387500 0.025000 0.015000
6 0.737500 0.406250 0.027500 0.020000
6 0.725000 0.426250 0.027500 0.017500
6 0.663750 0.385000 0.030000 0.012500
6 0.670000 0.373750 0.035000 0.015000
6 0.651250 0.397500 0.032500 0.017500
6 0.650000 0.443750 0.022500 0.020000
6 0.602500 0.448750 0.017500 0.020000
6 0.593750 0.460000 0.020000 0.015000
6 0.610000 0.438750 0.020000 0.017500
6 0.861250 0.435000 0.025000 0.022500
6 0.977500 0.536250 0.035000 0.020000
6 0.216250 0.286250 0.030000 0.017500
6 0.193750 0.303750 0.032500 0.022500
6 0.422500 0.461250 0.020000 0.015000
6 0.438750 0.500000 0.025000 0.025000
6 0.398750 0.533750 0.027500 0.020000
6 0.163750 0.536250 0.032500 0.017500
6 0.106250 0.503750 0.025000 0.015000
6 0.078750 0.508750 0.032500 0.015000
6 0.291250 0.547500 0.042500 0.012500
6 0.408750 0.591250 0.032500 0.017500
6 0.455000 0.628750 0.032500 0.012500
6 0.588750 0.623750 0.027500 0.020000
6 0.601250 0.605000 0.025000 0.017500
6 0.615000 0.587500 0.022500 0.020000
6 0.612500 0.653750 0.027500 0.015000
6 0.712500 0.683750 0.032500 0.015000
6 0.646250 0.665000 0.032500 0.017500
6 0.822500 0.615000 0.030000 0.015000
6 0.888750 0.643750 0.025000 0.015000
6 0.886250 0.656250 0.030000 0.015000
6 0.841250 0.708750 0.050000 0.020000
6 0.876250 0.663750 0.030000 0.012500
6 0.866250 0.683750 0.030000 0.015000
6 0.858750 0.692500 0.035000 0.012500
6 0.850000 0.698750 0.030000 0.015000
6 0.992500 0.667500 0.027500 0.015000
6 0.965000 0.702500 0.030000 0.020000
6 0.762500 0.728750 0.035000 0.010000
6 0.757500 0.737500 0.032500 0.012500
6 0.751250 0.746250 0.030000 0.010000
6 0.747500 0.757500 0.027500 0.010000
6 0.741250 0.765000 0.030000 0.007500
6 0.727500 0.742500 0.025000 0.025000
6 0.747500 0.690000 0.030000 0.017500
6 0.778750 0.688750 0.027500 0.010000
6 0.777500 0.698750 0.032500 0.010000
6 0.670000 0.712500 0.030000 0.012500
6 0.662500 0.721250 0.030000 0.012500
6 0.612500 0.753750 0.020000 0.020000
6 0.711250 0.767500 0.020000 0.025000
6 0.657500 0.728750 0.030000 0.012500
6 0.650000 0.738750 0.030000 0.015000
6 0.641250 0.747500 0.027500 0.015000
6 0.635000 0.756250 0.027500 0.010000
6 0.630000 0.765000 0.030000 0.012500
6 0.615000 0.787500 0.030000 0.015000
6 0.616250 0.805000 0.035000 0.012500
6 0.653750 0.788750 0.025000 0.020000
6 0.642500 0.815000 0.020000 0.017500
6 0.732500 0.775000 0.025000 0.010000
6 0.710000 0.806250 0.025000 0.010000
6 0.703750 0.816250 0.027500 0.007500
6 0.698750 0.826250 0.027500 0.007500
6 0.673750 0.858750 0.030000 0.007500
6 0.570000 0.905000 0.025000 0.017500
6 0.543750 0.890000 0.025000 0.010000
6 0.537500 0.898750 0.027500 0.010000
6 0.526250 0.915000 0.030000 0.012500
6 0.518750 0.923750 0.025000 0.010000
6 0.680000 0.847500 0.027500 0.010000
6 0.651250 0.890000 0.027500 0.010000
6 0.665000 0.870000 0.030000 0.012500
6 0.517500 0.651250 0.030000 0.015000
6 0.315000 0.700000 0.020000 0.022500
6 0.291250 0.731250 0.020000 0.022500
6 0.331250 0.748750 0.030000 0.012500
6 0.341250 0.718750 0.015000 0.017500
6 0.356250 0.727500 0.020000 0.015000
6 0.388750 0.735000 0.015000 0.017500
6 0.402500 0.740000 0.017500 0.022500
6 0.418750 0.742500 0.017500 0.015000
6 0.432500 0.746250 0.017500 0.017500
6 0.303750 0.772500 0.017500 0.020000
6 0.451250 0.748750 0.012500 0.015000
6 0.458750 0.812500 0.015000 0.017500
6 0.442500 0.811250 0.015000 0.017500
6 0.331250 0.781250 0.015000 0.015000
6 0.240000 0.652500 0.030000 0.010000
6 0.222500 0.672500 0.030000 0.015000
6 0.211250 0.685000 0.027500 0.010000
6 0.203750 0.695000 0.035000 0.012500
6 0.203750 0.706250 0.030000 0.010000
6 0.191250 0.717500 0.030000 0.010000
6 0.177500 0.731250 0.027500 0.012500
6 0.173750 0.742500 0.032500 0.010000
6 0.146250 0.777500 0.027500 0.010000
6 0.142500 0.790000 0.030000 0.012500
6 0.133750 0.798750 0.025000 0.010000
6 0.125000 0.811250 0.025000 0.010000
6 0.121250 0.823750 0.035000 0.015000
6 0.118750 0.837500 0.025000 0.010000
6 0.107500 0.848750 0.030000 0.012500
6 0.105000 0.861250 0.025000 0.010000
6 0.062500 0.926250 0.027500 0.010000
6 0.080000 0.898750 0.025000 0.007500
6 0.037500 0.795000 0.022500 0.017500
6 0.055000 0.837500 0.035000 0.015000
6 0.207500 0.848750 0.020000 0.017500
6 0.157500 0.766250 0.027500 0.010000
6 0.167500 0.752500 0.030000 0.010000
6 0.986250 0.073750 0.027500 0.012500
6 0.973750 0.090000 0.025000 0.010000
6 0.346250 0.787500 0.017500 0.017500
6 0.403750 0.801250 0.017500 0.017500
6 0.463750 0.756250 0.015000 0.022500
6 0.492500 0.763750 0.015000 0.020000
6 0.088750 0.887500 0.030000 0.010000
6 0.070000 0.912500 0.025000 0.012500
6 0.055000 0.936250 0.035000 0.012500
6 0.035000 0.963750 0.030000 0.010000
6 0.125000 0.940000 0.030000 0.027500
6 0.690000 0.836250 0.027500 0.007500
6 0.871250 0.673750 0.022500 0.010000
6 0.505000 0.785000 0.027500 0.012500
6 0.477500 0.760000 0.017500 0.020000
6 0.262500 0.781250 0.025000 0.020000
6 0.007500 0.903750 0.025000 0.007500
6 0.025000 0.880000 0.025000 0.007500
6 0.376250 0.792500 0.012500 0.015000
6 0.317500 0.777500 0.017500 0.020000
6 0.373750 0.731250 0.017500 0.017500
6 0.736250 0.588750 0.025000 0.012500
6 0.825000 0.350000 0.030000 0.015000
6 0.408750 0.498750 0.030000 0.022500
6 0.210000 0.535000 0.032500 0.015000
6 0.992500 0.681250 0.035000 0.015000
6 0.985000 0.687500 0.037500 0.017500
6 0.216250 0.556250 0.032500 0.015000
