6 0.955625 0.915625 0.008750 0.013750
6 0.476250 0.915000 0.015000 0.010000
6 0.362500 0.873125 0.015000 0.011250
6 0.316875 0.856875 0.013750 0.008750
6 0.261250 0.850625 0.015000 0.011250
6 0.038750 0.790625 0.015000 0.008750
6 0.505625 0.728750 0.008750 0.012500
6 0.512500 0.695625 0.007500 0.011250
6 0.523750 0.660000 0.007500 0.012500
6 0.578125 0.592500 0.016250 0.010000
6 0.650000 0.564375 0.015000 0.011250
6 0.670625 0.556250 0.013750 0.012500
6 0.576875 0.280000 0.008750 0.012500
6 0.589375 0.273750 0.008750 0.012500
6 0.530000 0.236250 0.010000 0.007500
6 0.600000 0.235000 0.010000 0.012500
6 0.593750 0.197500 0.012500 0.012500
6 0.609375 0.191875 0.011250 0.013750
6 0.623125 0.186875 0.011250 0.011250
6 0.534375 0.217500 0.011250 0.012500
6 0.517500 0.203125 0.015000 0.008750
6 0.550000 0.190000 0.012500 0.007500
6 0.531875 0.172500 0.011250 0.010000
6 0.632500 0.158125 0.015000 0.008750
6 0.659375 0.120000 0.011250 0.010000
6 0.827500 0.076875 0.012500 0.011250
6 0.825625 0.051875 0.011250 0.008750
6 0.921250 0.038125 0.012500 0.008750
6 0.277500 0.231250 0.012500 0.007500
6 0.340000 0.219375 0.012500 0.008750
