6 0.762500 0.018750 0.020000 0.015000
6 0.738750 0.077500 0.025000 0.027500
6 0.728750 0.107500 0.027500 0.030000
6 0.710000 0.166250 0.025000 0.030000
6 0.687500 0.276250 0.025000 0.030000
6 0.666250 0.280000 0.020000 0.017500
6 0.653750 0.325000 0.022500 0.022500
6 0.633750 0.367500 0.015000 0.012500
6 0.628750 0.385000 0.017500 0.015000
6 0.543750 0.352500 0.020000 0.025000
6 0.837500 0.330000 0.032500 0.012500
6 0.986250 0.266250 0.015000 0.017500
6 0.973750 0.298750 0.015000 0.015000
6 0.865000 0.178750 0.017500 0.020000
6 0.707500 0.095000 0.027500 0.012500
6 0.318750 0.106250 0.027500 0.017500
6 0.297500 0.102500 0.022500 0.015000
6 0.603750 0.515000 0.012500 0.012500
6 0.593750 0.578750 0.017500 0.015000
6 0.535000 0.637500 0.017500 0.020000
6 0.545000 0.652500 0.022500 0.020000
6 0.556250 0.667500 0.017500 0.015000
6 0.553750 0.688750 0.017500 0.017500
6 0.515000 0.692500 0.022500 0.025000
6 0.518750 0.736250 0.015000 0.022500
6 0.531250 0.747500 0.012500 0.020000
6 0.550000 0.740000 0.015000 0.015000
6 0.530000 0.770000 0.012500 0.020000
6 0.547500 0.807500 0.012500 0.017500
6 0.467500 0.838750 0.027500 0.020000
6 0.546250 0.836250 0.017500 0.020000
6 0.546250 0.863750 0.017500 0.020000
6 0.433750 0.881250 0.017500 0.017500
6 0.545000 0.885000 0.015000 0.017500
6 0.547500 0.917500 0.015000 0.017500
6 0.550000 0.938750 0.015000 0.020000
6 0.542500 0.996250 0.020000 0.020000
6 0.396250 0.941250 0.012500 0.020000
6 0.528750 0.997500 0.015000 0.020000
6 0.827500 0.022500 0.045000 0.025000
6 0.880000 0.043750 0.032500 0.025000
6 0.712500 0.077500 0.022500 0.022500
6 0.106250 0.483750 0.025000 0.020000
6 0.391250 0.255000 0.017500 0.007500
