6 0.761250 0.991250 0.032500 0.017500
6 0.732500 0.971250 0.035000 0.010000
6 0.737500 0.938750 0.025000 0.017500
6 0.872500 0.758750 0.027500 0.015000
6 0.861250 0.765000 0.022500 0.015000
6 0.852500 0.778750 0.025000 0.017500
6 0.835000 0.785000 0.022500 0.015000
6 0.990000 0.456250 0.020000 0.017500
6 0.977500 0.461250 0.025000 0.017500
6 0.967500 0.470000 0.027500 0.017500
6 0.811250 0.508750 0.022500 0.012500
6 0.785000 0.523750 0.025000 0.017500
6 0.737500 0.548750 0.027500 0.017500
6 0.712500 0.565000 0.022500 0.015000
6 0.687500 0.577500 0.022500 0.015000
6 0.662500 0.592500 0.027500 0.017500
6 0.623750 0.616250 0.025000 0.017500
6 0.596250 0.630000 0.022500 0.017500
6 0.571250 0.646250 0.025000 0.017500
6 0.541250 0.665000 0.025000 0.017500
6 0.517500 0.681250 0.025000 0.017500
6 0.495000 0.696250 0.022500 0.012500
6 0.472500 0.711250 0.020000 0.017500
6 0.451250 0.730000 0.020000 0.017500
6 0.428750 0.747500 0.020000 0.017500
6 0.408750 0.763750 0.017500 0.017500
6 0.502500 0.783750 0.022500 0.022500
6 0.428750 0.826250 0.032500 0.025000
6 0.362500 0.807500 0.025000 0.015000
6 0.343750 0.822500 0.015000 0.015000
6 0.330000 0.845000 0.012500 0.015000
6 0.307500 0.857500 0.020000 0.012500
6 0.275000 0.893750 0.022500 0.020000
6 0.261250 0.910000 0.015000 0.015000
6 0.270000 0.625000 0.017500 0.017500
6 0.263750 0.711250 0.027500 0.020000
6 0.082500 0.081250 0.022500 0.015000
6 0.062500 0.093750 0.022500 0.015000
6 0.037500 0.108750 0.022500 0.020000
6 0.016250 0.125000 0.025000 0.017500
6 0.195000 0.037500 0.032500 0.015000
6 0.216250 0.016250 0.027500 0.012500
6 0.446250 0.021250 0.027500 0.020000
6 0.440000 0.050000 0.022500 0.020000
6 0.470000 0.040000 0.020000 0.015000
6 0.461250 0.068750 0.020000 0.017500
6 0.480000 0.082500 0.020000 0.017500
6 0.538750 0.092500 0.022500 0.020000
6 0.625000 0.180000 0.027500 0.020000
6 0.695000 0.238750 0.030000 0.020000
6 0.788750 0.321250 0.022500 0.017500
6 0.807500 0.337500 0.025000 0.020000
6 0.827500 0.352500 0.020000 0.015000
6 0.846250 0.370000 0.017500 0.012500
6 0.757500 0.808750 0.022500 0.015000
6 0.650000 0.292500 0.022500 0.015000
6 0.890000 0.561250 0.022500 0.017500
6 0.861250 0.576250 0.022500 0.015000
6 0.835000 0.587500 0.022500 0.015000
6 0.795000 0.615000 0.022500 0.015000
6 0.768750 0.631250 0.022500 0.015000
6 0.742500 0.643750 0.017500 0.010000
6 0.206250 0.971250 0.017500 0.012500
6 0.228750 0.953750 0.012500 0.012500
