6 0.800000 0.847500 0.085000 0.025000
6 0.886250 0.860000 0.087500 0.022500
6 0.167500 0.565000 0.027500 0.012500
6 0.271250 0.588750 0.035000 0.015000
6 0.307500 0.592500 0.027500 0.012500
6 0.361250 0.602500 0.030000 0.012500
6 0.200000 0.603750 0.032500 0.010000
6 0.240000 0.610000 0.027500 0.015000
6 0.308750 0.621250 0.027500 0.010000
6 0.380000 0.632500 0.022500 0.010000
6 0.416250 0.610000 0.047500 0.017500
6 0.458750 0.617500 0.030000 0.010000
6 0.491250 0.621250 0.025000 0.010000
6 0.530000 0.628750 0.025000 0.010000
6 0.551250 0.673750 0.025000 0.017500
6 0.507500 0.653750 0.027500 0.010000
6 0.512500 0.675000 0.022500 0.015000
6 0.490000 0.690000 0.025000 0.017500
6 0.582500 0.668750 0.022500 0.015000
6 0.413750 0.708750 0.032500 0.012500
6 0.426250 0.740000 0.032500 0.010000
6 0.446250 0.756250 0.027500 0.010000
6 0.213750 0.717500 0.030000 0.010000
6 0.176250 0.880000 0.030000 0.010000
6 0.437500 0.847500 0.032500 0.015000
6 0.446250 0.861250 0.032500 0.012500
6 0.643750 0.878750 0.032500 0.012500
6 0.031250 0.025000 0.032500 0.015000
6 0.072500 0.048750 0.025000 0.012500
6 0.082500 0.035000 0.025000 0.010000
6 0.110000 0.067500 0.025000 0.010000
6 0.146250 0.058750 0.032500 0.012500
6 0.167500 0.075000 0.042500 0.015000
6 0.198750 0.052500 0.030000 0.012500
6 0.235000 0.072500 0.030000 0.012500
6 0.196250 0.092500 0.032500 0.010000
6 0.290000 0.080000 0.027500 0.010000
6 0.316250 0.072500 0.030000 0.012500
6 0.281250 0.097500 0.032500 0.012500
6 0.353750 0.060000 0.027500 0.012500
6 0.345000 0.103750 0.027500 0.012500
6 0.375000 0.095000 0.025000 0.012500
6 0.420000 0.090000 0.025000 0.012500
6 0.438750 0.125000 0.032500 0.015000
6 0.467500 0.143750 0.050000 0.017500
6 0.501250 0.130000 0.027500 0.010000
6 0.561250 0.148750 0.027500 0.010000
6 0.390000 0.183750 0.015000 0.020000
6 0.408750 0.181250 0.012500 0.020000
6 0.430000 0.183750 0.017500 0.015000
6 0.452500 0.187500 0.017500 0.017500
6 0.471250 0.187500 0.012500 0.015000
6 0.485000 0.190000 0.012500 0.015000
6 0.498750 0.195000 0.015000 0.017500
6 0.515000 0.196250 0.012500 0.012500
6 0.531250 0.198750 0.012500 0.015000
6 0.423750 0.207500 0.015000 0.017500
6 0.437500 0.208750 0.015000 0.015000
6 0.452500 0.211250 0.017500 0.017500
6 0.491250 0.213750 0.020000 0.020000
6 0.506250 0.221250 0.017500 0.022500
6 0.526250 0.218750 0.015000 0.017500
6 0.545000 0.221250 0.020000 0.020000
6 0.550000 0.201250 0.020000 0.017500
6 0.385000 0.215000 0.027500 0.012500
6 0.380000 0.227500 0.035000 0.010000
6 0.426250 0.255000 0.017500 0.017500
6 0.442500 0.253750 0.015000 0.015000
6 0.456250 0.256250 0.015000 0.015000
6 0.392500 0.280000 0.025000 0.015000
6 0.406250 0.262500 0.012500 0.015000
6 0.470000 0.262500 0.017500 0.017500
6 0.515000 0.268750 0.012500 0.017500
6 0.372500 0.237500 0.030000 0.010000
6 0.372500 0.247500 0.027500 0.010000
6 0.361250 0.260000 0.012500 0.017500
6 0.552500 0.108750 0.022500 0.010000
6 0.633750 0.125000 0.025000 0.010000
6 0.651250 0.153750 0.032500 0.012500
6 0.625000 0.176250 0.027500 0.010000
6 0.645000 0.190000 0.022500 0.015000
6 0.836250 0.125000 0.025000 0.012500
6 0.790000 0.148750 0.030000 0.010000
6 0.782500 0.188750 0.027500 0.012500
6 0.887500 0.168750 0.027500 0.012500
6 0.851250 0.197500 0.030000 0.010000
6 0.837500 0.171250 0.030000 0.012500
6 0.931250 0.183750 0.027500 0.012500
6 0.950000 0.176250 0.022500 0.010000
6 0.946250 0.203750 0.027500 0.010000
6 0.935000 0.213750 0.025000 0.010000
6 0.977500 0.658750 0.030000 0.015000
6 0.962500 0.652500 0.022500 0.015000
6 0.940000 0.647500 0.022500 0.017500
6 0.921250 0.643750 0.025000 0.015000
6 0.900000 0.640000 0.020000 0.015000
6 0.878750 0.637500 0.020000 0.012500
6 0.860000 0.635000 0.025000 0.020000
6 0.838750 0.631250 0.030000 0.017500
6 0.817500 0.628750 0.025000 0.020000
6 0.798750 0.623750 0.027500 0.017500
6 0.758750 0.620000 0.027500 0.017500
6 0.885000 0.677500 0.020000 0.015000
6 0.905000 0.681250 0.020000 0.015000
6 0.921250 0.682500 0.017500 0.015000
6 0.982500 0.690000 0.020000 0.017500
6 0.717500 0.603750 0.020000 0.017500
6 0.685000 0.572500 0.027500 0.022500
6 0.656250 0.597500 0.022500 0.020000
6 0.616250 0.610000 0.027500 0.017500
6 0.665000 0.688750 0.017500 0.017500
6 0.871250 0.078750 0.015000 0.017500
6 0.890000 0.082500 0.017500 0.020000
6 0.907500 0.082500 0.015000 0.022500
6 0.501250 0.002500 0.015000 0.017500
6 0.441250 0.020000 0.032500 0.010000
6 0.361250 0.007500 0.030000 0.012500
6 0.431250 0.047500 0.027500 0.010000
6 0.381250 0.297500 0.020000 0.017500
6 0.350000 0.308750 0.020000 0.015000
6 0.325000 0.326250 0.020000 0.017500
6 0.298750 0.343750 0.022500 0.017500
6 0.270000 0.358750 0.027500 0.020000
6 0.207500 0.395000 0.015000 0.012500
6 0.191250 0.407500 0.025000 0.020000
6 0.170000 0.425000 0.020000 0.017500
6 0.526250 0.255000 0.030000 0.012500
6 0.543750 0.272500 0.017500 0.020000
6 0.528750 0.270000 0.015000 0.017500
6 0.533750 0.286250 0.030000 0.012500
6 0.607500 0.332500 0.015000 0.020000
6 0.545000 0.303750 0.017500 0.017500
6 0.590000 0.288750 0.015000 0.017500
6 0.612500 0.272500 0.030000 0.012500
