6 0.255000 0.930000 0.027500 0.012500
6 0.263750 0.948750 0.022500 0.012500
6 0.268750 0.957500 0.025000 0.015000
6 0.288750 0.896250 0.017500 0.022500
6 0.326250 0.908750 0.027500 0.017500
6 0.308750 0.937500 0.017500 0.015000
6 0.246250 0.920000 0.027500 0.012500
6 0.341250 0.897500 0.025000 0.017500
6 0.457500 0.880000 0.025000 0.020000
6 0.470000 0.873750 0.025000 0.015000
6 0.481250 0.867500 0.022500 0.015000
6 0.501250 0.865000 0.030000 0.017500
6 0.513750 0.858750 0.027500 0.020000
6 0.536250 0.855000 0.022500 0.020000
6 0.550000 0.848750 0.022500 0.017500
6 0.572500 0.850000 0.022500 0.017500
6 0.626250 0.857500 0.032500 0.015000
6 0.558750 0.891250 0.017500 0.017500
6 0.538750 0.893750 0.017500 0.017500
6 0.521250 0.896250 0.017500 0.020000
6 0.461250 0.911250 0.017500 0.020000
6 0.445000 0.912500 0.017500 0.017500
6 0.412500 0.920000 0.020000 0.020000
6 0.397500 0.923750 0.017500 0.020000
6 0.368750 0.928750 0.020000 0.020000
6 0.351250 0.933750 0.017500 0.015000
6 0.492500 0.905000 0.015000 0.017500
6 0.812500 0.721250 0.037500 0.015000
6 0.816250 0.740000 0.030000 0.015000
6 0.793750 0.692500 0.027500 0.017500
6 0.805000 0.707500 0.025000 0.012500
6 0.781250 0.663750 0.027500 0.015000
6 0.777500 0.652500 0.027500 0.012500
6 0.771250 0.640000 0.027500 0.010000
6 0.767500 0.628750 0.025000 0.012500
6 0.756250 0.611250 0.022500 0.015000
6 0.748750 0.598750 0.032500 0.017500
6 0.747500 0.582500 0.030000 0.015000
6 0.742500 0.571250 0.027500 0.012500
6 0.728750 0.552500 0.027500 0.012500
6 0.721250 0.537500 0.027500 0.012500
6 0.716250 0.522500 0.027500 0.012500
6 0.707500 0.507500 0.025000 0.012500
6 0.675000 0.436250 0.025000 0.012500
6 0.445000 0.433750 0.027500 0.012500
6 0.657500 0.301250 0.022500 0.015000
6 0.652500 0.288750 0.022500 0.015000
6 0.646250 0.275000 0.030000 0.015000
6 0.641250 0.262500 0.030000 0.017500
6 0.621250 0.325000 0.017500 0.017500
6 0.610000 0.260000 0.020000 0.020000
6 0.625000 0.226250 0.025000 0.015000
6 0.617500 0.213750 0.025000 0.015000
6 0.552500 0.193750 0.022500 0.022500
6 0.163750 0.276250 0.017500 0.017500
6 0.598750 0.281250 0.022500 0.017500
6 0.582500 0.260000 0.017500 0.017500
6 0.568750 0.235000 0.017500 0.017500
6 0.566250 0.217500 0.015000 0.012500
6 0.501250 0.085000 0.017500 0.020000
6 0.511250 0.106250 0.015000 0.017500
6 0.553750 0.090000 0.015000 0.015000
6 0.581250 0.151250 0.015000 0.017500
6 0.532500 0.151250 0.015000 0.017500
6 0.523750 0.185000 0.012500 0.012500
6 0.492500 0.060000 0.017500 0.020000
6 0.475000 0.025000 0.017500 0.020000
6 0.503750 0.037500 0.017500 0.017500
6 0.532500 0.047500 0.015000 0.017500
6 0.431250 0.030000 0.012500 0.015000
6 0.292500 0.118750 0.017500 0.020000
6 0.326250 0.177500 0.017500 0.017500
6 0.331250 0.193750 0.017500 0.017500
6 0.065000 0.676250 0.027500 0.015000
