6 0.061250 0.437500 0.030000 0.012500
6 0.038750 0.460000 0.027500 0.010000
6 0.036250 0.483750 0.025000 0.010000
6 0.075000 0.466250 0.025000 0.007500
6 0.065000 0.473750 0.025000 0.010000
6 0.100000 0.445000 0.030000 0.012500
6 0.100000 0.482500 0.032500 0.012500
6 0.055000 0.422500 0.025000 0.010000
6 0.092500 0.430000 0.027500 0.010000
6 0.130000 0.436250 0.030000 0.010000
6 0.171250 0.446250 0.027500 0.012500
6 0.138750 0.456250 0.027500 0.010000
6 0.185000 0.465000 0.025000 0.010000
6 0.107500 0.470000 0.025000 0.012500
6 0.172500 0.483750 0.042500 0.017500
6 0.138750 0.486250 0.025000 0.010000
6 0.173750 0.496250 0.027500 0.012500
6 0.211250 0.455000 0.027500 0.010000
6 0.315000 0.523750 0.037500 0.012500
6 0.362500 0.517500 0.027500 0.010000
6 0.417500 0.532500 0.025000 0.010000
6 0.302500 0.540000 0.027500 0.015000
6 0.263750 0.535000 0.022500 0.015000
6 0.260000 0.557500 0.022500 0.017500
6 0.227500 0.560000 0.022500 0.020000
6 0.202500 0.602500 0.015000 0.022500
6 0.362500 0.612500 0.022500 0.020000
6 0.338750 0.633750 0.027500 0.015000
6 0.136250 0.613750 0.015000 0.020000
6 0.192500 0.678750 0.017500 0.020000
6 0.292500 0.703750 0.015000 0.017500
6 0.282500 0.723750 0.017500 0.015000
6 0.113750 0.682500 0.017500 0.017500
6 0.180000 0.653750 0.015000 0.017500
6 0.210000 0.628750 0.015000 0.015000
6 0.260000 0.778750 0.015000 0.020000
6 0.253750 0.801250 0.015000 0.017500
6 0.243750 0.825000 0.012500 0.017500
6 0.221250 0.875000 0.012500 0.017500
6 0.728750 0.738750 0.020000 0.017500
6 0.586250 0.841250 0.025000 0.007500
6 0.555000 0.835000 0.025000 0.010000
6 0.545000 0.846250 0.020000 0.010000
6 0.532500 0.866250 0.027500 0.012500
6 0.781250 0.572500 0.027500 0.012500
6 0.861250 0.573750 0.032500 0.012500
6 0.846250 0.583750 0.035000 0.015000
6 0.821250 0.595000 0.025000 0.010000
6 0.865000 0.602500 0.032500 0.012500
6 0.903750 0.591250 0.030000 0.012500
6 0.927500 0.611250 0.030000 0.012500
6 0.963750 0.602500 0.032500 0.012500
6 0.992500 0.663750 0.030000 0.012500
6 0.990000 0.675000 0.025000 0.012500
6 0.981250 0.685000 0.027500 0.010000
6 0.907500 0.460000 0.027500 0.010000
6 0.788750 0.452500 0.027500 0.010000
6 0.796250 0.487500 0.042500 0.015000
6 0.910000 0.480000 0.032500 0.015000
6 0.991250 0.521250 0.037500 0.015000
6 0.010000 0.405000 0.022500 0.022500
6 0.053750 0.112500 0.017500 0.020000
6 0.025000 0.128750 0.015000 0.017500
6 0.061250 0.143750 0.020000 0.017500
6 0.028750 0.166250 0.017500 0.020000
6 0.035000 0.197500 0.022500 0.025000
6 0.005000 0.198750 0.017500 0.017500
6 0.073750 0.210000 0.022500 0.030000
6 0.007500 0.231250 0.015000 0.020000
6 0.007500 0.277500 0.025000 0.020000
6 0.060000 0.276250 0.017500 0.020000
6 0.137500 0.313750 0.030000 0.015000
6 0.127500 0.331250 0.030000 0.015000
6 0.201250 0.346250 0.030000 0.012500
6 0.218750 0.362500 0.025000 0.012500
6 0.130000 0.398750 0.032500 0.015000
6 0.223750 0.393750 0.042500 0.012500
6 0.316250 0.285000 0.015000 0.017500
6 0.298750 0.273750 0.017500 0.020000
6 0.285000 0.261250 0.017500 0.017500
6 0.265000 0.287500 0.020000 0.015000
6 0.282500 0.296250 0.032500 0.017500
6 0.316250 0.238750 0.022500 0.020000
6 0.307500 0.207500 0.017500 0.020000
6 0.331250 0.212500 0.020000 0.020000
6 0.353750 0.208750 0.017500 0.017500
6 0.342500 0.233750 0.020000 0.017500
6 0.332500 0.258750 0.020000 0.020000
6 0.295000 0.240000 0.017500 0.017500
6 0.345000 0.185000 0.030000 0.030000
6 0.320000 0.178750 0.020000 0.017500
6 0.380000 0.141250 0.017500 0.020000
6 0.351250 0.150000 0.017500 0.017500
6 0.331250 0.150000 0.020000 0.020000
6 0.143750 0.086250 0.020000 0.020000
6 0.120000 0.095000 0.022500 0.030000
6 0.105000 0.085000 0.015000 0.015000
6 0.225000 0.018750 0.047500 0.022500
6 0.100000 0.017500 0.020000 0.017500
6 0.738750 0.057500 0.027500 0.007500
6 0.405000 0.068750 0.017500 0.017500
6 0.522500 0.411250 0.030000 0.012500
6 0.455000 0.425000 0.032500 0.015000
6 0.535000 0.426250 0.037500 0.015000
6 0.420000 0.433750 0.032500 0.012500
6 0.746250 0.416250 0.025000 0.012500
6 0.477500 0.553750 0.075000 0.025000
6 0.600000 0.015000 0.032500 0.012500
