6 0.053750 0.862500 0.017500 0.020000
6 0.025000 0.878750 0.015000 0.017500
6 0.061250 0.893750 0.020000 0.017500
6 0.028750 0.916250 0.017500 0.020000
6 0.035000 0.947500 0.022500 0.025000
6 0.005000 0.948750 0.017500 0.017500
6 0.073750 0.960000 0.022500 0.030000
6 0.007500 0.981250 0.015000 0.020000
6 0.316250 0.988750 0.022500 0.020000
6 0.307500 0.957500 0.017500 0.020000
6 0.331250 0.962500 0.020000 0.020000
6 0.353750 0.958750 0.017500 0.017500
6 0.342500 0.983750 0.020000 0.017500
6 0.295000 0.990000 0.017500 0.017500
6 0.345000 0.935000 0.030000 0.030000
6 0.320000 0.928750 0.020000 0.017500
6 0.380000 0.891250 0.017500 0.020000
6 0.351250 0.900000 0.017500 0.017500
6 0.331250 0.900000 0.020000 0.020000
6 0.143750 0.836250 0.020000 0.020000
6 0.120000 0.845000 0.022500 0.030000
6 0.105000 0.835000 0.015000 0.015000
6 0.225000 0.768750 0.047500 0.022500
6 0.100000 0.767500 0.020000 0.017500
6 0.151250 0.683750 0.017500 0.017500
6 0.135000 0.661250 0.020000 0.017500
6 0.972500 0.648750 0.022500 0.025000
6 0.951250 0.651250 0.020000 0.022500
6 0.738750 0.807500 0.027500 0.007500
6 0.405000 0.818750 0.017500 0.017500
6 0.528750 0.568750 0.017500 0.020000
6 0.510000 0.567500 0.010000 0.015000
6 0.487500 0.542500 0.017500 0.017500
6 0.480000 0.562500 0.017500 0.017500
6 0.458750 0.558750 0.017500 0.020000
6 0.568750 0.503750 0.030000 0.010000
6 0.596250 0.465000 0.027500 0.017500
6 0.498750 0.448750 0.020000 0.012500
6 0.492500 0.460000 0.027500 0.007500
6 0.523750 0.460000 0.022500 0.025000
6 0.586250 0.480000 0.027500 0.007500
6 0.597500 0.441250 0.022500 0.017500
6 0.713750 0.396250 0.015000 0.017500
6 0.167500 0.612500 0.020000 0.017500
6 0.175000 0.567500 0.015000 0.017500
6 0.210000 0.548750 0.020000 0.020000
6 0.235000 0.487500 0.015000 0.017500
6 0.220000 0.475000 0.012500 0.015000
6 0.197500 0.463750 0.015000 0.015000
6 0.208750 0.446250 0.012500 0.017500
6 0.262500 0.366250 0.022500 0.022500
6 0.285000 0.365000 0.017500 0.020000
6 0.363750 0.340000 0.020000 0.017500
6 0.260000 0.306250 0.017500 0.017500
6 0.250000 0.335000 0.017500 0.017500
6 0.237500 0.363750 0.015000 0.017500
6 0.315000 0.288750 0.022500 0.022500
6 0.280000 0.317500 0.017500 0.020000
6 0.335000 0.187500 0.017500 0.022500
6 0.322500 0.157500 0.017500 0.017500
6 0.332500 0.132500 0.017500 0.015000
6 0.353750 0.151250 0.020000 0.020000
6 0.441250 0.093750 0.020000 0.022500
6 0.486250 0.010000 0.020000 0.020000
6 0.296250 0.422500 0.015000 0.020000
6 0.248750 0.431250 0.015000 0.017500
6 0.293750 0.467500 0.020000 0.020000
6 0.260000 0.558750 0.012500 0.020000
6 0.037500 0.627500 0.025000 0.012500
6 0.001250 0.640000 0.022500 0.015000
6 0.325000 0.365000 0.015000 0.017500
6 0.317500 0.335000 0.017500 0.020000
6 0.358750 0.310000 0.020000 0.022500
6 0.301250 0.320000 0.020000 0.017500
6 0.268750 0.281250 0.017500 0.015000
6 0.280000 0.260000 0.020000 0.020000
6 0.302500 0.256250 0.017500 0.017500
6 0.387500 0.266250 0.017500 0.017500
6 0.400000 0.147500 0.015000 0.017500
6 0.385000 0.070000 0.015000 0.015000
6 0.382500 0.002500 0.012500 0.017500
6 0.518750 0.338750 0.027500 0.012500
6 0.730000 0.400000 0.012500 0.017500
6 0.745000 0.401250 0.012500 0.012500
6 0.761250 0.405000 0.015000 0.015000
6 0.600000 0.765000 0.032500 0.012500
6 0.533750 0.547500 0.015000 0.017500
