6 0.218750 0.020000 0.017500 0.017500
6 0.212500 0.002500 0.020000 0.017500
6 0.231250 0.046250 0.020000 0.020000
6 0.228750 0.146250 0.020000 0.015000
6 0.257500 0.148750 0.015000 0.017500
6 0.282500 0.150000 0.022500 0.020000
6 0.237500 0.180000 0.017500 0.017500
6 0.256250 0.181250 0.015000 0.020000
6 0.272500 0.178750 0.020000 0.017500
6 0.293750 0.177500 0.015000 0.012500
6 0.283750 0.196250 0.017500 0.017500
6 0.257500 0.227500 0.030000 0.015000
6 0.335000 0.208750 0.022500 0.022500
6 0.328750 0.247500 0.020000 0.020000
6 0.372500 0.248750 0.015000 0.017500
6 0.338750 0.270000 0.017500 0.012500
6 0.351250 0.290000 0.017500 0.017500
6 0.363750 0.318750 0.017500 0.017500
6 0.380000 0.297500 0.020000 0.020000
6 0.388750 0.340000 0.015000 0.017500
6 0.437500 0.318750 0.017500 0.017500
6 0.455000 0.316250 0.020000 0.022500
6 0.473750 0.316250 0.017500 0.020000
6 0.473750 0.356250 0.030000 0.017500
6 0.491250 0.351250 0.030000 0.017500
6 0.502500 0.342500 0.025000 0.015000
6 0.513750 0.335000 0.025000 0.015000
6 0.396250 0.363750 0.020000 0.020000
6 0.418750 0.371250 0.022500 0.020000
6 0.346250 0.395000 0.030000 0.012500
6 0.313750 0.401250 0.030000 0.015000
6 0.427500 0.428750 0.022500 0.022500
6 0.265000 0.438750 0.025000 0.012500
6 0.438750 0.465000 0.015000 0.015000
6 0.485000 0.471250 0.015000 0.015000
6 0.503750 0.521250 0.015000 0.017500
6 0.516250 0.541250 0.017500 0.017500
6 0.407500 0.457500 0.020000 0.017500
6 0.567500 0.642500 0.015000 0.017500
6 0.577500 0.662500 0.020000 0.015000
6 0.510000 0.640000 0.017500 0.017500
6 0.521250 0.660000 0.017500 0.017500
6 0.397500 0.666250 0.050000 0.027500
6 0.668750 0.748750 0.027500 0.012500
6 0.473750 0.636250 0.030000 0.017500
6 0.485000 0.646250 0.022500 0.017500
6 0.020000 0.696250 0.017500 0.020000
6 0.007500 0.702500 0.015000 0.015000
6 0.022500 0.461250 0.030000 0.012500
6 0.100000 0.443750 0.027500 0.010000
6 0.112500 0.468750 0.030000 0.012500
6 0.215000 0.450000 0.030000 0.012500
6 0.142500 0.523750 0.035000 0.012500
6 0.068750 0.261250 0.017500 0.020000
6 0.053750 0.265000 0.017500 0.017500
6 0.048750 0.216250 0.020000 0.022500
6 0.065000 0.212500 0.017500 0.020000
6 0.100000 0.237500 0.032500 0.012500
6 0.086250 0.256250 0.020000 0.017500
6 0.806250 0.017500 0.022500 0.012500
6 0.831250 0.102500 0.027500 0.012500
6 0.738750 0.283750 0.022500 0.007500
6 0.746250 0.293750 0.030000 0.015000
6 0.798750 0.267500 0.027500 0.012500
6 0.785000 0.250000 0.022500 0.010000
6 0.796250 0.256250 0.020000 0.012500
6 0.787500 0.238750 0.022500 0.007500
6 0.493750 0.490000 0.015000 0.012500
6 0.543750 0.586250 0.020000 0.020000
6 0.298750 0.707500 0.052500 0.025000
6 0.515000 0.730000 0.050000 0.012500
6 0.310000 0.743750 0.055000 0.017500
6 0.033750 0.833750 0.025000 0.010000
6 0.026250 0.850000 0.025000 0.012500
6 0.128750 0.493750 0.030000 0.012500
6 0.133750 0.503750 0.030000 0.015000
6 0.603750 0.370000 0.030000 0.012500
6 0.023750 0.912500 0.027500 0.025000
6 0.482500 0.525000 0.015000 0.017500
6 0.470000 0.380000 0.030000 0.012500
6 0.412500 0.390000 0.017500 0.015000
6 0.256250 0.058750 0.015000 0.020000
6 0.238750 0.063750 0.015000 0.012500
6 0.252500 0.087500 0.015000 0.015000
6 0.740000 0.956250 0.017500 0.015000
6 0.821250 0.288750 0.037500 0.017500
6 0.330000 0.491250 0.027500 0.032500
