6 0.246250 0.995000 0.020000 0.017500
6 0.277500 0.996250 0.022500 0.020000
6 0.228750 0.971250 0.022500 0.017500
6 0.241250 0.955000 0.025000 0.017500
6 0.265000 0.966250 0.025000 0.022500
6 0.285000 0.960000 0.017500 0.017500
6 0.301250 0.960000 0.025000 0.017500
6 0.292500 0.935000 0.030000 0.022500
6 0.316250 0.911250 0.022500 0.017500
6 0.298750 0.877500 0.020000 0.017500
6 0.357500 0.912500 0.030000 0.010000
6 0.312500 0.853750 0.017500 0.017500
6 0.396250 0.867500 0.020000 0.017500
6 0.383750 0.917500 0.020000 0.010000
6 0.356250 0.842500 0.020000 0.022500
6 0.348750 0.811250 0.015000 0.017500
6 0.331250 0.815000 0.020000 0.017500
6 0.431250 0.883750 0.030000 0.015000
6 0.597500 0.953750 0.030000 0.012500
6 0.732500 0.935000 0.025000 0.010000
6 0.772500 0.941250 0.025000 0.012500
6 0.810000 0.946250 0.027500 0.012500
6 0.842500 0.951250 0.032500 0.012500
6 0.731250 0.956250 0.030000 0.012500
6 0.878750 0.958750 0.030000 0.012500
6 0.920000 0.966250 0.030000 0.012500
6 0.953750 0.972500 0.032500 0.015000
6 0.988750 0.977500 0.027500 0.012500
6 0.935000 0.992500 0.027500 0.015000
6 0.371250 0.765000 0.020000 0.020000
6 0.352500 0.767500 0.015000 0.022500
6 0.371250 0.722500 0.020000 0.020000
6 0.361250 0.745000 0.020000 0.020000
6 0.381250 0.698750 0.017500 0.020000
6 0.397500 0.710000 0.017500 0.017500
6 0.417500 0.751250 0.017500 0.017500
6 0.408750 0.777500 0.020000 0.022500
6 0.387500 0.821250 0.020000 0.022500
6 0.391250 0.675000 0.020000 0.017500
6 0.401250 0.645000 0.017500 0.017500
6 0.412500 0.625000 0.017500 0.017500
6 0.421250 0.602500 0.020000 0.020000
6 0.430000 0.580000 0.017500 0.020000
6 0.440000 0.562500 0.017500 0.017500
6 0.466250 0.562500 0.022500 0.025000
6 0.513750 0.568750 0.017500 0.020000
6 0.493750 0.572500 0.017500 0.017500
6 0.486250 0.598750 0.015000 0.017500
6 0.473750 0.616250 0.020000 0.020000
6 0.448750 0.542500 0.017500 0.017500
6 0.457500 0.518750 0.015000 0.017500
6 0.466250 0.498750 0.017500 0.017500
6 0.473750 0.481250 0.020000 0.017500
6 0.483750 0.461250 0.020000 0.020000
6 0.528750 0.495000 0.017500 0.017500
6 0.521250 0.513750 0.017500 0.017500
6 0.495000 0.435000 0.017500 0.017500
6 0.507500 0.407500 0.017500 0.017500
6 0.546250 0.456250 0.015000 0.017500
6 0.537500 0.475000 0.012500 0.015000
6 0.521250 0.372500 0.017500 0.020000
6 0.530000 0.352500 0.020000 0.017500
6 0.583750 0.375000 0.017500 0.020000
6 0.572500 0.396250 0.015000 0.017500
6 0.561250 0.418750 0.017500 0.020000
6 0.591250 0.352500 0.020000 0.022500
6 0.558750 0.288750 0.017500 0.017500
6 0.540000 0.330000 0.015000 0.017500
6 0.610000 0.311250 0.017500 0.020000
6 0.547500 0.310000 0.017500 0.015000
6 0.571250 0.262500 0.015000 0.022500
6 0.587500 0.217500 0.022500 0.022500
6 0.597500 0.198750 0.017500 0.017500
6 0.606250 0.176250 0.020000 0.017500
6 0.635000 0.160000 0.020000 0.020000
6 0.673750 0.165000 0.012500 0.020000
6 0.660000 0.201250 0.025000 0.022500
6 0.640000 0.245000 0.020000 0.020000
6 0.620000 0.288750 0.012500 0.015000
6 0.682500 0.145000 0.015000 0.017500
6 0.625000 0.131250 0.012500 0.020000
6 0.680000 0.100000 0.017500 0.020000
6 0.646250 0.085000 0.015000 0.022500
6 0.657500 0.062500 0.012500 0.017500
6 0.690000 0.031250 0.015000 0.017500
6 0.733750 0.031250 0.012500 0.017500
6 0.703750 0.047500 0.012500 0.017500
6 0.792500 0.031250 0.027500 0.010000
6 0.717500 0.062500 0.012500 0.015000
6 0.917500 0.613750 0.025000 0.012500
6 0.885000 0.607500 0.025000 0.010000
6 0.853750 0.603750 0.027500 0.010000
6 0.883750 0.627500 0.025000 0.010000
6 0.775000 0.610000 0.027500 0.010000
6 0.800000 0.583750 0.022500 0.010000
6 0.746250 0.588750 0.030000 0.012500
