6 0.548750 0.825000 0.030000 0.012500
6 0.648750 0.863750 0.027500 0.010000
6 0.650000 0.855000 0.032500 0.012500
6 0.651250 0.843750 0.027500 0.010000
6 0.650000 0.881250 0.027500 0.007500
6 0.651250 0.833750 0.030000 0.007500
6 0.487500 0.898750 0.030000 0.010000
6 0.486250 0.887500 0.030000 0.007500
6 0.647500 0.945000 0.012500 0.020000
6 0.725000 0.942500 0.012500 0.022500
6 0.616250 0.926250 0.012500 0.020000
6 0.630000 0.925000 0.010000 0.020000
6 0.557500 0.950000 0.010000 0.017500
6 0.588750 0.950000 0.012500 0.017500
6 0.318750 0.881250 0.025000 0.012500
6 0.318750 0.895000 0.022500 0.010000
6 0.325000 0.903750 0.020000 0.010000
6 0.327500 0.915000 0.017500 0.007500
6 0.332500 0.923750 0.025000 0.007500
6 0.327500 0.933750 0.022500 0.007500
6 0.323750 0.942500 0.022500 0.010000
6 0.375000 0.997500 0.012500 0.017500
6 0.327500 0.963750 0.025000 0.010000
6 0.478750 0.936250 0.010000 0.020000
6 0.510000 0.931250 0.015000 0.022500
6 0.480000 0.956250 0.012500 0.017500
6 0.493750 0.935000 0.015000 0.020000
6 0.541250 0.931250 0.017500 0.025000
6 0.451250 0.998750 0.010000 0.017500
6 0.482500 0.997500 0.012500 0.017500
6 0.541250 0.993750 0.010000 0.015000
6 0.571250 0.993750 0.010000 0.017500
6 0.587500 0.992500 0.015000 0.022500
6 0.635000 0.987500 0.012500 0.020000
6 0.650000 0.987500 0.012500 0.022500
6 0.678750 0.985000 0.015000 0.022500
6 0.601250 0.947500 0.015000 0.020000
6 0.600000 0.927500 0.015000 0.020000
6 0.412500 0.882500 0.022500 0.010000
6 0.386250 0.892500 0.027500 0.007500
6 0.386250 0.901250 0.025000 0.010000
6 0.385000 0.922500 0.027500 0.010000
6 0.387500 0.931250 0.027500 0.007500
6 0.390000 0.938750 0.027500 0.010000
6 0.391250 0.950000 0.027500 0.010000
6 0.415000 0.890000 0.027500 0.010000
6 0.420000 0.901250 0.025000 0.010000
6 0.551250 0.873750 0.027500 0.010000
6 0.662500 0.925000 0.015000 0.025000
6 0.677500 0.923750 0.012500 0.022500
6 0.633750 0.947500 0.012500 0.020000
6 0.573750 0.950000 0.012500 0.017500
6 0.570000 0.930000 0.015000 0.025000
6 0.583750 0.930000 0.015000 0.022500
6 0.663750 0.943750 0.012500 0.020000
6 0.678750 0.942500 0.015000 0.022500
6 0.707500 0.945000 0.015000 0.022500
6 0.693750 0.945000 0.012500 0.022500
6 0.708750 0.985000 0.012500 0.020000
6 0.723750 0.983750 0.012500 0.022500
6 0.737500 0.980000 0.012500 0.022500
6 0.751250 0.940000 0.010000 0.017500
6 0.753750 0.980000 0.010000 0.015000
6 0.738750 0.810000 0.032500 0.010000
6 0.737500 0.822500 0.027500 0.012500
6 0.741250 0.868750 0.025000 0.007500
6 0.423750 0.960000 0.030000 0.010000
6 0.422500 0.931250 0.025000 0.010000
6 0.423750 0.941250 0.027500 0.007500
6 0.483750 0.830000 0.025000 0.007500
6 0.483750 0.878750 0.027500 0.010000
6 0.486250 0.857500 0.027500 0.010000
6 0.583750 0.883750 0.025000 0.010000
6 0.553750 0.865000 0.027500 0.007500
6 0.556250 0.852500 0.025000 0.010000
6 0.482500 0.837500 0.025000 0.007500
6 0.548750 0.806250 0.027500 0.012500
6 0.548750 0.815000 0.030000 0.010000
6 0.582500 0.803750 0.022500 0.010000
6 0.585000 0.816250 0.025000 0.007500
6 0.583750 0.825000 0.027500 0.010000
6 0.548750 0.836250 0.025000 0.012500
6 0.582500 0.836250 0.025000 0.012500
6 0.645000 0.801250 0.025000 0.007500
6 0.648750 0.826250 0.032500 0.010000
6 0.648750 0.812500 0.027500 0.010000
6 0.680000 0.803750 0.027500 0.010000
6 0.680000 0.813750 0.027500 0.007500
6 0.682500 0.823750 0.027500 0.010000
6 0.680000 0.843750 0.027500 0.010000
6 0.680000 0.852500 0.025000 0.010000
6 0.681250 0.860000 0.025000 0.010000
6 0.681250 0.870000 0.027500 0.007500
6 0.678750 0.881250 0.027500 0.007500
6 0.681250 0.892500 0.027500 0.007500
6 0.581250 0.892500 0.025000 0.010000
6 0.741250 0.877500 0.027500 0.010000
6 0.838750 0.925000 0.025000 0.020000
6 0.875000 0.901250 0.012500 0.020000
6 0.872500 0.975000 0.012500 0.020000
6 0.931250 0.506250 0.012500 0.020000
6 0.921250 0.557500 0.012500 0.017500
6 0.933750 0.538750 0.015000 0.022500
6 0.390000 0.997500 0.012500 0.017500
6 0.556250 0.892500 0.027500 0.007500
6 0.485000 0.868750 0.030000 0.007500
6 0.483750 0.810000 0.030000 0.007500
6 0.495000 0.953750 0.015000 0.017500
6 0.422500 0.950000 0.032500 0.010000
6 0.663750 0.986250 0.015000 0.017500
