6 0.001250 0.190000 0.010000 0.017500
6 0.003750 0.230000 0.010000 0.015000
6 0.088750 0.175000 0.025000 0.020000
6 0.130000 0.412500 0.010000 0.017500
6 0.125000 0.151250 0.012500 0.020000
6 0.122500 0.225000 0.012500 0.020000
6 0.285000 0.001250 0.030000 0.012500
6 0.368750 0.116250 0.012500 0.017500
6 0.381250 0.116250 0.012500 0.017500
6 0.397500 0.096250 0.012500 0.022500
6 0.368750 0.053750 0.012500 0.017500
6 0.425000 0.057500 0.010000 0.017500
6 0.445000 0.098750 0.012500 0.020000
6 0.462500 0.118750 0.010000 0.020000
6 0.413750 0.117500 0.015000 0.020000
6 0.430000 0.101250 0.015000 0.017500
6 0.431250 0.115000 0.010000 0.017500
6 0.446250 0.118750 0.010000 0.022500
6 0.296250 0.137500 0.020000 0.012500
6 0.381250 0.168750 0.015000 0.020000
6 0.330000 0.170000 0.015000 0.022500
6 0.415000 0.168750 0.012500 0.025000
6 0.497500 0.236250 0.037500 0.010000
6 0.496250 0.267500 0.047500 0.015000
6 0.502500 0.313750 0.032500 0.015000
6 0.622500 0.318750 0.035000 0.012500
6 0.502500 0.416250 0.055000 0.012500
6 0.608750 0.366250 0.027500 0.012500
6 0.607500 0.376250 0.027500 0.010000
6 0.662500 0.537500 0.035000 0.015000
6 0.736250 0.536250 0.020000 0.015000
6 0.716250 0.006250 0.012500 0.017500
6 0.867500 0.013750 0.010000 0.022500
6 0.852500 0.011250 0.012500 0.022500
6 0.773750 0.008750 0.015000 0.015000
6 0.838750 0.010000 0.015000 0.020000
6 0.960000 0.013750 0.010000 0.020000
6 0.753750 0.066250 0.012500 0.022500
6 0.773750 0.066250 0.012500 0.017500
6 0.788750 0.068750 0.015000 0.020000
6 0.806250 0.066250 0.015000 0.017500
6 0.908750 0.071250 0.015000 0.020000
6 0.286250 0.682500 0.010000 0.020000
6 0.303750 0.681250 0.010000 0.015000
6 0.117500 0.852500 0.012500 0.020000
6 0.170000 0.946250 0.010000 0.025000
6 0.122500 0.975000 0.012500 0.020000
6 0.106250 0.936250 0.012500 0.017500
6 0.143750 0.926250 0.017500 0.032500
6 0.538750 0.017500 0.032500 0.007500
6 0.088750 0.931250 0.012500 0.017500
6 0.090000 0.913750 0.010000 0.012500
