6 0.508750 0.000000 0.015000 0.015000
6 0.556250 0.002500 0.012500 0.015000
6 0.588750 0.005000 0.025000 0.015000
6 0.198750 0.032500 0.017500 0.030000
6 0.212500 0.241250 0.015000 0.020000
6 0.356250 0.283750 0.030000 0.015000
6 0.360000 0.643750 0.030000 0.012500
6 0.513750 0.632500 0.027500 0.012500
6 0.660000 0.625000 0.025000 0.010000
6 0.875000 0.621250 0.032500 0.010000
6 0.487500 0.325000 0.020000 0.007500
6 0.013750 0.506250 0.030000 0.007500
6 0.025000 0.540000 0.015000 0.020000
6 0.041250 0.538750 0.012500 0.020000
6 0.057500 0.538750 0.015000 0.017500
6 0.076250 0.537500 0.015000 0.022500
6 0.188750 0.512500 0.015000 0.017500
6 0.186250 0.531250 0.012500 0.012500
6 0.186250 0.555000 0.015000 0.012500
6 0.003750 0.656250 0.072500 0.017500
6 0.775000 0.726250 0.032500 0.012500
6 0.882500 0.740000 0.030000 0.012500
6 0.793750 0.741250 0.027500 0.012500
6 0.717500 0.747500 0.035000 0.010000
6 0.888750 0.865000 0.022500 0.007500
6 0.890000 0.853750 0.020000 0.010000
6 0.890000 0.841250 0.017500 0.010000
6 0.158750 0.051250 0.022500 0.010000
6 0.828750 0.538750 0.032500 0.012500
6 0.828750 0.577500 0.037500 0.015000
6 0.732500 0.573750 0.027500 0.012500
6 0.588750 0.585000 0.022500 0.015000
6 0.658750 0.578750 0.027500 0.017500
6 0.763750 0.573750 0.032500 0.015000
6 0.196250 0.441250 0.010000 0.020000
6 0.028750 0.696250 0.030000 0.017500
6 0.003750 0.676250 0.037500 0.017500
6 0.635000 0.082500 0.032500 0.007500
6 0.361250 0.658750 0.047500 0.015000
6 0.771250 0.615000 0.030000 0.007500
