6 0.051250 0.595000 0.027500 0.017500
6 0.052500 0.606250 0.025000 0.015000
6 0.037500 0.640000 0.027500 0.020000
6 0.015000 0.548750 0.012500 0.020000
6 0.031250 0.547500 0.012500 0.020000
6 0.047500 0.545000 0.015000 0.020000
6 0.061250 0.543750 0.015000 0.022500
6 0.076250 0.540000 0.015000 0.022500
6 0.092500 0.543750 0.017500 0.025000
6 0.086250 0.565000 0.025000 0.017500
6 0.197500 0.453750 0.027500 0.012500
6 0.196250 0.462500 0.025000 0.010000
6 0.197500 0.472500 0.027500 0.012500
6 0.198750 0.481250 0.027500 0.010000
6 0.198750 0.492500 0.027500 0.010000
6 0.196250 0.500000 0.032500 0.010000
6 0.197500 0.510000 0.027500 0.012500
6 0.251250 0.452500 0.020000 0.015000
6 0.250000 0.465000 0.022500 0.017500
6 0.195000 0.520000 0.030000 0.010000
6 0.196250 0.536250 0.027500 0.010000
6 0.180000 0.566250 0.017500 0.007500
6 0.431250 0.538750 0.015000 0.020000
6 0.096250 0.253750 0.035000 0.010000
6 0.948750 0.032500 0.017500 0.030000
6 0.962500 0.241250 0.015000 0.020000
6 0.183750 0.197500 0.012500 0.022500
6 0.185000 0.172500 0.012500 0.015000
6 0.187500 0.152500 0.012500 0.020000
6 0.190000 0.126250 0.015000 0.020000
6 0.193750 0.090000 0.015000 0.015000
6 0.325000 0.306250 0.022500 0.015000
6 0.340000 0.316250 0.017500 0.012500
6 0.352500 0.331250 0.022500 0.015000
6 0.372500 0.347500 0.020000 0.017500
6 0.387500 0.362500 0.017500 0.012500
6 0.120000 0.333750 0.012500 0.020000
6 0.162500 0.397500 0.017500 0.020000
6 0.233750 0.196250 0.022500 0.020000
6 0.291250 0.273750 0.020000 0.015000
6 0.245000 0.203750 0.022500 0.017500
6 0.256250 0.210000 0.025000 0.015000
6 0.273750 0.227500 0.027500 0.017500
6 0.280000 0.237500 0.025000 0.015000
6 0.263750 0.221250 0.022500 0.015000
6 0.056250 0.266250 0.015000 0.015000
6 0.012500 0.310000 0.020000 0.030000
6 0.652500 0.552500 0.010000 0.015000
6 0.695000 0.548750 0.017500 0.017500
6 0.743750 0.543750 0.017500 0.017500
6 0.763750 0.506250 0.030000 0.007500
6 0.687500 0.505000 0.017500 0.010000
6 0.686250 0.515000 0.017500 0.007500
6 0.775000 0.540000 0.015000 0.020000
6 0.791250 0.538750 0.012500 0.020000
6 0.807500 0.538750 0.015000 0.017500
6 0.826250 0.537500 0.015000 0.022500
6 0.938750 0.512500 0.015000 0.017500
6 0.936250 0.531250 0.012500 0.012500
6 0.936250 0.555000 0.015000 0.012500
6 0.112500 0.742500 0.032500 0.012500
6 0.255000 0.705000 0.030000 0.010000
6 0.083750 0.788750 0.032500 0.010000
6 0.252500 0.778750 0.035000 0.012500
6 0.023750 0.813750 0.027500 0.010000
6 0.035000 0.791250 0.030000 0.010000
6 0.007500 0.826250 0.025000 0.012500
6 0.110000 0.830000 0.025000 0.007500
6 0.093750 0.802500 0.017500 0.007500
6 0.066250 0.811250 0.030000 0.012500
6 0.062500 0.825000 0.035000 0.012500
6 0.141250 0.807500 0.025000 0.010000
6 0.156250 0.782500 0.025000 0.012500
6 0.181250 0.797500 0.030000 0.010000
6 0.257500 0.811250 0.027500 0.010000
6 0.212500 0.815000 0.042500 0.012500
6 0.171250 0.828750 0.025000 0.010000
6 0.302500 0.796250 0.035000 0.010000
6 0.297500 0.810000 0.022500 0.007500
6 0.352500 0.795000 0.027500 0.010000
6 0.318750 0.776250 0.025000 0.010000
6 0.285000 0.863750 0.027500 0.010000
6 0.382500 0.813750 0.045000 0.012500
6 0.388750 0.775000 0.025000 0.012500
6 0.405000 0.786250 0.027500 0.010000
6 0.401250 0.795000 0.020000 0.007500
6 0.485000 0.773750 0.027500 0.010000
6 0.456250 0.782500 0.025000 0.007500
6 0.447500 0.796250 0.027500 0.010000
6 0.537500 0.778750 0.022500 0.010000
6 0.512500 0.805000 0.022500 0.007500
6 0.591250 0.771250 0.025000 0.010000
6 0.652500 0.786250 0.027500 0.007500
6 0.645000 0.772500 0.027500 0.010000
6 0.203750 0.705000 0.047500 0.015000
6 0.395000 0.696250 0.045000 0.015000
6 0.311250 0.698750 0.027500 0.010000
6 0.343750 0.697500 0.030000 0.012500
6 0.281250 0.702500 0.022500 0.010000
6 0.302500 0.727500 0.030000 0.012500
6 0.447500 0.685000 0.027500 0.012500
6 0.485000 0.682500 0.027500 0.010000
6 0.466250 0.701250 0.030000 0.012500
6 0.435000 0.723750 0.045000 0.015000
6 0.591250 0.711250 0.030000 0.012500
6 0.560000 0.673750 0.037500 0.012500
6 0.753750 0.656250 0.072500 0.017500
6 0.615000 0.670000 0.045000 0.015000
6 0.148750 0.553750 0.012500 0.017500
6 0.150000 0.533750 0.012500 0.015000
6 0.152500 0.513750 0.015000 0.020000
6 0.153750 0.483750 0.015000 0.020000
6 0.156250 0.461250 0.012500 0.017500
6 0.163750 0.376250 0.012500 0.015000
6 0.908750 0.051250 0.022500 0.010000
6 0.160000 0.443750 0.010000 0.017500
6 0.168750 0.358750 0.012500 0.022500
6 0.168750 0.336250 0.010000 0.022500
6 0.172500 0.312500 0.007500 0.017500
6 0.175000 0.295000 0.010000 0.020000
6 0.176250 0.272500 0.015000 0.025000
6 0.023750 0.266250 0.020000 0.020000
6 0.041250 0.350000 0.012500 0.022500
6 0.095000 0.690000 0.020000 0.020000
6 0.145000 0.618750 0.012500 0.022500
6 0.151250 0.652500 0.015000 0.025000
6 0.946250 0.441250 0.010000 0.020000
6 0.778750 0.696250 0.030000 0.017500
6 0.710000 0.700000 0.020000 0.007500
6 0.753750 0.676250 0.037500 0.017500
6 0.710000 0.682500 0.040000 0.015000
6 0.331250 0.810000 0.020000 0.007500
6 0.647500 0.752500 0.017500 0.010000
6 0.031250 0.802500 0.042500 0.012500
6 0.508750 0.791250 0.025000 0.012500
6 0.207500 0.780000 0.032500 0.010000
6 0.432500 0.775000 0.030000 0.010000
6 0.041250 0.623750 0.030000 0.020000
