6 0.093750 0.128750 0.102500 0.020000
6 0.216250 0.103750 0.032500 0.010000
6 0.362500 0.082500 0.035000 0.012500
6 0.020000 0.116250 0.032500 0.010000
6 0.001250 0.107500 0.030000 0.012500
6 0.026250 0.092500 0.032500 0.010000
6 0.058750 0.101250 0.027500 0.012500
6 0.076250 0.087500 0.022500 0.012500
6 0.167500 0.085000 0.040000 0.012500
6 0.161250 0.108750 0.032500 0.012500
6 0.188750 0.118750 0.045000 0.015000
6 0.123750 0.086250 0.025000 0.010000
6 0.126250 0.096250 0.022500 0.010000
6 0.107500 0.113750 0.025000 0.012500
6 0.196250 0.093750 0.032500 0.010000
6 0.238750 0.078750 0.030000 0.012500
6 0.251250 0.092500 0.032500 0.010000
6 0.270000 0.101250 0.032500 0.012500
6 0.238750 0.117500 0.027500 0.015000
6 0.297500 0.112500 0.027500 0.015000
6 0.072500 0.067500 0.032500 0.010000
6 0.105000 0.056250 0.027500 0.010000
6 0.073750 0.023750 0.030000 0.012500
6 0.123750 0.021250 0.025000 0.010000
6 0.181250 0.016250 0.030000 0.010000
6 0.183750 0.037500 0.027500 0.007500
6 0.215000 0.016250 0.025000 0.010000
6 0.246250 0.015000 0.027500 0.010000
6 0.321250 0.008750 0.032500 0.010000
6 0.356250 0.006250 0.030000 0.010000
6 0.281250 0.057500 0.030000 0.012500
6 0.303750 0.090000 0.040000 0.012500
6 0.335000 0.096250 0.030000 0.010000
6 0.337500 0.108750 0.035000 0.012500
6 0.303750 0.075000 0.032500 0.012500
6 0.347500 0.051250 0.027500 0.010000
6 0.253750 0.036250 0.030000 0.010000
6 0.356250 0.037500 0.035000 0.010000
6 0.430000 0.045000 0.030000 0.010000
6 0.372500 0.070000 0.037500 0.017500
6 0.430000 0.005000 0.047500 0.020000
6 0.443750 0.067500 0.025000 0.010000
6 0.412500 0.078750 0.027500 0.012500
6 0.393750 0.092500 0.030000 0.012500
6 0.436250 0.090000 0.027500 0.012500
6 0.462500 0.076250 0.030000 0.012500
6 0.481250 0.087500 0.025000 0.010000
6 0.505000 0.096250 0.030000 0.015000
6 0.533750 0.022500 0.032500 0.010000
6 0.520000 0.037500 0.032500 0.012500
6 0.507500 0.068750 0.027500 0.012500
6 0.521250 0.081250 0.030000 0.010000
6 0.571250 0.053750 0.027500 0.010000
6 0.833750 0.038750 0.032500 0.010000
6 0.736250 0.025000 0.027500 0.012500
6 0.563750 0.092500 0.025000 0.012500
6 0.638750 0.062500 0.030000 0.012500
6 0.735000 0.045000 0.030000 0.010000
6 0.728750 0.056250 0.027500 0.010000
6 0.723750 0.067500 0.030000 0.010000
6 0.606250 0.076250 0.027500 0.010000
6 0.567500 0.080000 0.032500 0.012500
6 0.542500 0.070000 0.030000 0.012500
6 0.537500 0.058750 0.030000 0.012500
6 0.587500 0.067500 0.030000 0.010000
6 0.612500 0.053750 0.027500 0.010000
6 0.611250 0.087500 0.025000 0.012500
6 0.685000 0.083750 0.030000 0.010000
6 0.672500 0.071250 0.025000 0.010000
6 0.677500 0.057500 0.027500 0.010000
6 0.681250 0.017500 0.027500 0.015000
6 0.773750 0.063750 0.027500 0.010000
6 0.785000 0.041250 0.030000 0.010000
6 0.757500 0.076250 0.025000 0.012500
6 0.860000 0.080000 0.025000 0.007500
6 0.843750 0.052500 0.017500 0.007500
6 0.816250 0.061250 0.030000 0.012500
6 0.812500 0.075000 0.035000 0.012500
6 0.891250 0.057500 0.025000 0.010000
6 0.906250 0.032500 0.025000 0.012500
6 0.931250 0.047500 0.030000 0.010000
6 0.962500 0.065000 0.042500 0.012500
6 0.921250 0.078750 0.025000 0.010000
6 0.781250 0.052500 0.042500 0.012500
6 0.957500 0.030000 0.032500 0.010000
6 0.671250 0.047500 0.030000 0.010000
6 0.448750 0.101250 0.030000 0.012500
6 0.402500 0.101250 0.027500 0.010000
