6 0.933750 0.025000 0.032500 0.010000
6 0.953750 0.045000 0.032500 0.015000
6 0.833750 0.056250 0.032500 0.012500
6 0.756250 0.061250 0.027500 0.010000
6 0.607500 0.090000 0.017500 0.017500
6 0.608750 0.107500 0.017500 0.020000
6 0.421250 0.000000 0.017500 0.017500
6 0.402500 0.031250 0.017500 0.022500
6 0.393750 0.097500 0.030000 0.010000
6 0.406250 0.127500 0.025000 0.010000
6 0.413750 0.138750 0.022500 0.007500
6 0.526250 0.213750 0.027500 0.012500
6 0.523750 0.230000 0.035000 0.012500
6 0.617500 0.180000 0.022500 0.022500
6 0.173750 0.423750 0.030000 0.007500
6 0.205000 0.423750 0.025000 0.010000
6 0.235000 0.427500 0.025000 0.010000
6 0.265000 0.428750 0.022500 0.012500
6 0.293750 0.430000 0.025000 0.010000
6 0.316250 0.431250 0.025000 0.010000
6 0.161250 0.455000 0.012500 0.017500
6 0.177500 0.458750 0.017500 0.015000
6 0.147500 0.523750 0.027500 0.012500
6 0.178750 0.521250 0.025000 0.012500
6 0.192500 0.531250 0.025000 0.012500
6 0.216250 0.525000 0.022500 0.010000
6 0.226250 0.532500 0.027500 0.010000
6 0.257500 0.535000 0.027500 0.012500
6 0.287500 0.537500 0.025000 0.012500
6 0.311250 0.533750 0.020000 0.007500
6 0.343750 0.536250 0.032500 0.010000
6 0.360000 0.527500 0.030000 0.010000
6 0.361250 0.517500 0.030000 0.010000
6 0.363750 0.508750 0.030000 0.012500
6 0.365000 0.493750 0.027500 0.017500
6 0.371250 0.476250 0.015000 0.015000
6 0.320000 0.562500 0.042500 0.012500
6 0.320000 0.572500 0.032500 0.010000
6 0.316250 0.582500 0.032500 0.007500
6 0.318750 0.590000 0.030000 0.005000
6 0.317500 0.598750 0.027500 0.010000
6 0.318750 0.608750 0.045000 0.012500
6 0.311250 0.620000 0.032500 0.012500
6 0.342500 0.578750 0.015000 0.025000
6 0.388750 0.602500 0.017500 0.017500
6 0.367500 0.623750 0.022500 0.017500
6 0.046250 0.647500 0.015000 0.017500
6 0.356250 0.367500 0.030000 0.012500
6 0.646250 0.266250 0.020000 0.017500
6 0.681250 0.366250 0.015000 0.022500
6 0.501250 0.461250 0.030000 0.067500
6 0.526250 0.583750 0.027500 0.037500
6 0.917500 0.961250 0.025000 0.012500
6 0.966250 0.981250 0.032500 0.022500
6 0.988750 0.206250 0.035000 0.010000
