6 0.008750 0.439375 0.015000 0.018750
6 0.305000 0.456250 0.012500 0.012500
6 0.312500 0.441875 0.012500 0.011250
6 0.431250 0.826250 0.010000 0.012500
6 0.426250 0.840625 0.012500 0.016250
6 0.406250 0.833750 0.012500 0.012500
6 0.401250 0.850625 0.010000 0.011250
6 0.450625 0.729375 0.011250 0.013750
6 0.468750 0.740625 0.007500 0.016250
6 0.436875 0.766250 0.011250 0.012500
6 0.343125 0.906875 0.018750 0.008750
6 0.321875 0.876875 0.013750 0.016250
6 0.481875 0.916250 0.016250 0.012500
