6 0.202500 0.153750 0.022500 0.017500
6 0.231250 0.160000 0.022500 0.015000
6 0.255000 0.171250 0.025000 0.012500
6 0.271250 0.180000 0.022500 0.015000
6 0.285000 0.182500 0.025000 0.010000
6 0.330000 0.201250 0.020000 0.015000
6 0.345000 0.205000 0.015000 0.012500
6 0.356250 0.211250 0.025000 0.012500
6 0.355000 0.223750 0.030000 0.015000
6 0.186250 0.181250 0.025000 0.017500
6 0.213750 0.191250 0.027500 0.017500
6 0.241250 0.205000 0.030000 0.015000
6 0.303750 0.236250 0.022500 0.020000
6 0.316250 0.241250 0.025000 0.022500
6 0.328750 0.245000 0.027500 0.020000
6 0.342500 0.251250 0.025000 0.020000
6 0.356250 0.251250 0.020000 0.020000
6 0.242500 0.242500 0.022500 0.012500
6 0.248750 0.220000 0.035000 0.012500
6 0.231250 0.250000 0.020000 0.012500
6 0.225000 0.262500 0.030000 0.012500
6 0.246250 0.301250 0.022500 0.017500
6 0.285000 0.286250 0.032500 0.012500
6 0.333750 0.281250 0.025000 0.012500
6 0.382500 0.285000 0.022500 0.010000
6 0.186250 0.298750 0.025000 0.012500
6 0.273750 0.313750 0.030000 0.017500
6 0.190000 0.323750 0.025000 0.017500
6 0.235000 0.335000 0.027500 0.015000
6 0.176250 0.353750 0.015000 0.017500
6 0.273750 0.336250 0.025000 0.012500
6 0.395000 0.251250 0.057500 0.045000
6 0.451250 0.316250 0.020000 0.015000
6 0.460000 0.328750 0.025000 0.017500
6 0.488750 0.332500 0.015000 0.020000
6 0.522500 0.343750 0.017500 0.012500
6 0.571250 0.361250 0.022500 0.012500
6 0.582500 0.366250 0.020000 0.015000
6 0.608750 0.376250 0.017500 0.012500
6 0.621250 0.381250 0.017500 0.015000
6 0.636250 0.387500 0.022500 0.015000
6 0.648750 0.393750 0.017500 0.012500
6 0.663750 0.397500 0.017500 0.012500
6 0.688750 0.408750 0.017500 0.015000
6 0.705000 0.415000 0.020000 0.012500
6 0.567500 0.395000 0.027500 0.015000
6 0.491250 0.686250 0.025000 0.012500
6 0.498750 0.700000 0.030000 0.012500
6 0.513750 0.715000 0.027500 0.015000
6 0.401250 0.940000 0.030000 0.010000
6 0.743750 0.006250 0.030000 0.017500
6 0.206250 0.003750 0.032500 0.010000
6 0.378750 0.002500 0.017500 0.020000
6 0.400000 0.011250 0.017500 0.022500
6 0.418750 0.020000 0.020000 0.022500
6 0.435000 0.023750 0.015000 0.017500
6 0.456250 0.032500 0.015000 0.015000
6 0.472500 0.041250 0.015000 0.020000
6 0.491250 0.045000 0.012500 0.017500
6 0.510000 0.055000 0.022500 0.022500
6 0.527500 0.058750 0.020000 0.017500
6 0.551250 0.065000 0.020000 0.020000
6 0.457500 0.067500 0.027500 0.020000
6 0.608750 0.070000 0.022500 0.015000
6 0.302500 0.043750 0.030000 0.012500
6 0.331250 0.052500 0.025000 0.010000
6 0.358750 0.063750 0.027500 0.015000
6 0.390000 0.075000 0.030000 0.015000
6 0.413750 0.082500 0.025000 0.012500
6 0.441250 0.093750 0.030000 0.015000
6 0.297500 0.068750 0.010000 0.017500
6 0.315000 0.076250 0.012500 0.017500
6 0.328750 0.082500 0.015000 0.020000
6 0.346250 0.087500 0.015000 0.020000
6 0.363750 0.093750 0.012500 0.022500
6 0.377500 0.101250 0.012500 0.020000
6 0.586250 0.113750 0.045000 0.022500
6 0.646250 0.098750 0.022500 0.012500
6 0.665000 0.060000 0.025000 0.012500
6 0.651250 0.071250 0.020000 0.015000
6 0.662500 0.077500 0.020000 0.015000
6 0.672500 0.082500 0.020000 0.017500
6 0.691250 0.068750 0.022500 0.015000
6 0.712500 0.075000 0.025000 0.015000
6 0.690000 0.086250 0.015000 0.017500
6 0.706250 0.090000 0.015000 0.017500
6 0.657500 0.091250 0.027500 0.015000
6 0.685000 0.100000 0.030000 0.015000
6 0.713750 0.106250 0.022500 0.022500
6 0.661250 0.116250 0.025000 0.017500
6 0.760000 0.126250 0.022500 0.020000
6 0.678750 0.148750 0.032500 0.020000
6 0.565000 0.145000 0.032500 0.015000
6 0.587500 0.152500 0.030000 0.017500
6 0.612500 0.162500 0.027500 0.015000
6 0.732500 0.172500 0.025000 0.015000
6 0.771250 0.163750 0.035000 0.020000
6 0.670000 0.185000 0.030000 0.015000
6 0.701250 0.198750 0.027500 0.015000
6 0.582500 0.165000 0.027500 0.012500
6 0.608750 0.175000 0.027500 0.015000
6 0.651250 0.190000 0.025000 0.015000
6 0.680000 0.202500 0.030000 0.015000
6 0.710000 0.212500 0.027500 0.015000
6 0.733750 0.210000 0.027500 0.015000
6 0.737500 0.223750 0.027500 0.012500
6 0.767500 0.226250 0.030000 0.017500
6 0.795000 0.238750 0.025000 0.017500
6 0.775000 0.240000 0.022500 0.012500
6 0.822500 0.247500 0.027500 0.015000
6 0.807500 0.252500 0.025000 0.012500
6 0.858750 0.248750 0.042500 0.022500
6 0.921250 0.198750 0.027500 0.015000
6 0.895000 0.212500 0.025000 0.017500
6 0.921250 0.225000 0.030000 0.022500
6 0.957500 0.236250 0.027500 0.017500
6 0.991250 0.250000 0.030000 0.017500
6 0.976250 0.222500 0.027500 0.017500
6 0.947500 0.210000 0.030000 0.020000
6 0.835000 0.265000 0.025000 0.012500
6 0.851250 0.262500 0.027500 0.015000
6 0.881250 0.270000 0.025000 0.015000
6 0.863750 0.276250 0.022500 0.012500
6 0.905000 0.283750 0.022500 0.012500
6 0.933750 0.295000 0.027500 0.012500
6 0.970000 0.307500 0.032500 0.015000
6 0.971250 0.346250 0.027500 0.015000
6 0.957500 0.355000 0.020000 0.012500
6 0.878750 0.437500 0.027500 0.015000
6 0.845000 0.468750 0.020000 0.010000
6 0.868750 0.203750 0.020000 0.012500
6 0.523750 0.378750 0.032500 0.017500
6 0.897500 0.108750 0.027500 0.022500
6 0.760000 0.171250 0.030000 0.020000
