3 0.812500 0.853750 0.040000 0.080000
6 0.085000 0.492500 0.057500 0.030000
6 0.131250 0.481250 0.052500 0.022500
6 0.183750 0.507500 0.027500 0.022500
6 0.397500 0.650000 0.027500 0.015000
6 0.533750 0.605000 0.012500 0.022500
6 0.297500 0.328750 0.017500 0.020000
6 0.315000 0.327500 0.012500 0.020000
6 0.343750 0.323750 0.017500 0.020000
6 0.357500 0.153750 0.015000 0.022500
6 0.376250 0.155000 0.015000 0.020000
6 0.322500 0.146250 0.020000 0.022500
6 0.358750 0.177500 0.017500 0.022500
6 0.357500 0.198750 0.015000 0.020000
6 0.373750 0.201250 0.015000 0.020000
6 0.220000 0.165000 0.032500 0.015000
6 0.181250 0.100000 0.030000 0.025000
6 0.125000 0.113750 0.022500 0.017500
6 0.103750 0.131250 0.025000 0.020000
6 0.135000 0.143750 0.027500 0.022500
6 0.105000 0.168750 0.020000 0.020000
6 0.040000 0.198750 0.025000 0.020000
6 0.126250 0.077500 0.030000 0.015000
6 0.137500 0.062500 0.037500 0.012500
6 0.140000 0.056250 0.025000 0.012500
6 0.151250 0.048750 0.027500 0.015000
6 0.153750 0.038750 0.030000 0.012500
6 0.163750 0.031250 0.030000 0.012500
6 0.168750 0.016250 0.027500 0.012500
6 0.222500 0.038750 0.025000 0.012500
6 0.211250 0.056250 0.025000 0.015000
6 0.128750 0.027500 0.035000 0.030000
3 0.872500 0.993750 0.145000 0.030000
6 0.366250 0.996250 0.020000 0.030000
6 0.498750 0.861250 0.030000 0.012500
6 0.693750 0.918750 0.015000 0.020000
6 0.713750 0.918750 0.015000 0.020000
6 0.825000 0.916250 0.022500 0.027500
3 0.791250 0.898750 0.015000 0.052500
6 0.351250 0.588750 0.040000 0.015000
