6 0.342500 0.175000 0.025000 0.017500
6 0.461250 0.286250 0.030000 0.017500
6 0.323750 0.407500 0.022500 0.017500
6 0.451250 0.422500 0.025000 0.012500
6 0.338750 0.420000 0.022500 0.012500
6 0.753750 0.228750 0.045000 0.012500
6 0.956250 0.257500 0.020000 0.020000
6 0.910000 0.337500 0.017500 0.025000
6 0.928750 0.331250 0.015000 0.020000
6 0.933750 0.572500 0.017500 0.035000
6 0.835000 0.478750 0.015000 0.017500
6 0.693750 0.477500 0.012500 0.015000
6 0.586250 0.496250 0.040000 0.012500
3 0.298750 0.021250 0.055000 0.045000
6 0.628750 0.887500 0.025000 0.015000
6 0.607500 0.865000 0.012500 0.017500
6 0.592500 0.862500 0.012500 0.020000
6 0.613750 0.876250 0.017500 0.015000
6 0.620000 0.925000 0.022500 0.017500
