6 0.970000 0.845000 0.015000 0.022500
6 0.077500 0.873750 0.012500 0.020000
6 0.092500 0.875000 0.015000 0.020000
6 0.112500 0.876250 0.015000 0.025000
6 0.838750 0.793750 0.012500 0.022500
6 0.856250 0.791250 0.017500 0.020000
6 0.850000 0.766250 0.020000 0.022500
6 0.967500 0.796250 0.030000 0.017500
6 0.988750 0.765000 0.027500 0.012500
6 0.968750 0.688750 0.017500 0.022500
6 0.950000 0.688750 0.020000 0.020000
6 0.933750 0.691250 0.017500 0.017500
6 0.918750 0.692500 0.017500 0.022500
6 0.883750 0.688750 0.015000 0.020000
6 0.872500 0.677500 0.020000 0.020000
6 0.761250 0.551250 0.012500 0.020000
6 0.753750 0.516250 0.020000 0.020000
6 0.813750 0.542500 0.022500 0.017500
6 0.805000 0.503750 0.025000 0.020000
6 0.828750 0.511250 0.017500 0.022500
6 0.727500 0.472500 0.027500 0.010000
6 0.732500 0.460000 0.030000 0.007500
6 0.771250 0.466250 0.020000 0.017500
6 0.728750 0.403750 0.035000 0.015000
6 0.728750 0.418750 0.035000 0.010000
6 0.730000 0.430000 0.035000 0.010000
6 0.727500 0.440000 0.030000 0.007500
6 0.731250 0.450000 0.037500 0.007500
6 0.718750 0.371250 0.032500 0.020000
6 0.713750 0.348750 0.032500 0.017500
6 0.708750 0.302500 0.032500 0.015000
6 0.701250 0.266250 0.035000 0.012500
6 0.702500 0.282500 0.032500 0.012500
6 0.755000 0.283750 0.025000 0.015000
6 0.748750 0.260000 0.017500 0.015000
6 0.747500 0.241250 0.017500 0.012500
6 0.738750 0.218750 0.020000 0.017500
6 0.731250 0.185000 0.015000 0.017500
6 0.725000 0.147500 0.020000 0.015000
6 0.718750 0.123750 0.017500 0.020000
6 0.690000 0.252500 0.032500 0.012500
6 0.703750 0.058750 0.017500 0.020000
6 0.698750 0.037500 0.017500 0.020000
6 0.716250 0.031250 0.020000 0.017500
6 0.615000 0.008750 0.032500 0.012500
6 0.613750 0.023750 0.030000 0.012500
6 0.612500 0.035000 0.030000 0.007500
6 0.625000 0.061250 0.030000 0.007500
6 0.760000 0.805000 0.017500 0.015000
6 0.775000 0.803750 0.015000 0.015000
6 0.790000 0.797500 0.012500 0.020000
6 0.806250 0.796250 0.020000 0.020000
6 0.825000 0.793750 0.015000 0.020000
6 0.818750 0.780000 0.025000 0.010000
6 0.888750 0.773750 0.027500 0.032500
6 0.866250 0.816250 0.037500 0.010000
6 0.972500 0.818750 0.017500 0.025000
6 0.623750 0.071250 0.027500 0.010000
6 0.630000 0.081250 0.025000 0.010000
6 0.635000 0.091250 0.022500 0.010000
6 0.636250 0.102500 0.030000 0.015000
6 0.813750 0.523750 0.020000 0.020000
6 0.723750 0.490000 0.025000 0.012500
6 0.731250 0.502500 0.022500 0.010000
