6 0.171250 0.000000 0.027500 0.007500
6 0.042500 0.110000 0.030000 0.015000
6 0.013750 0.117500 0.032500 0.010000
6 0.097500 0.108750 0.030000 0.010000
6 0.106250 0.122500 0.030000 0.012500
6 0.218750 0.123750 0.027500 0.010000
6 0.250000 0.123750 0.027500 0.010000
6 0.060000 0.075000 0.027500 0.012500
6 0.060000 0.061250 0.022500 0.010000
6 0.058750 0.048750 0.027500 0.010000
6 0.062500 0.038750 0.025000 0.010000
6 0.057500 0.028750 0.030000 0.012500
6 0.116250 0.063750 0.027500 0.015000
6 0.117500 0.041250 0.025000 0.017500
6 0.137500 0.026250 0.015000 0.015000
6 0.176250 0.096250 0.022500 0.017500
6 0.200000 0.095000 0.020000 0.017500
6 0.217500 0.096250 0.020000 0.020000
6 0.251250 0.092500 0.020000 0.017500
6 0.267500 0.093750 0.015000 0.015000
6 0.285000 0.092500 0.020000 0.020000
6 0.170000 0.061250 0.030000 0.007500
6 0.171250 0.051250 0.027500 0.012500
6 0.171250 0.040000 0.030000 0.007500
6 0.170000 0.030000 0.027500 0.012500
6 0.170000 0.020000 0.027500 0.012500
6 0.292500 0.048750 0.025000 0.012500
6 0.366250 0.102500 0.025000 0.007500
6 0.362500 0.090000 0.030000 0.007500
6 0.361250 0.078750 0.032500 0.010000
6 0.363750 0.060000 0.032500 0.010000
6 0.467500 0.031250 0.012500 0.022500
6 0.495000 0.030000 0.017500 0.015000
6 0.543750 0.008750 0.030000 0.012500
6 0.512500 0.028750 0.012500 0.020000
6 0.236250 0.030000 0.027500 0.007500
6 0.237500 0.000000 0.025000 0.007500
6 0.293750 0.186250 0.015000 0.015000
6 0.277500 0.182500 0.015000 0.017500
6 0.318750 0.191250 0.012500 0.015000
6 0.336250 0.188750 0.020000 0.017500
6 0.353750 0.186250 0.017500 0.020000
6 0.367500 0.180000 0.022500 0.017500
6 0.380000 0.172500 0.017500 0.015000
6 0.397500 0.170000 0.017500 0.017500
6 0.413750 0.166250 0.020000 0.017500
6 0.428750 0.157500 0.025000 0.017500
6 0.445000 0.152500 0.022500 0.020000
6 0.460000 0.148750 0.025000 0.017500
6 0.470000 0.140000 0.025000 0.020000
6 0.485000 0.135000 0.025000 0.017500
6 0.497500 0.130000 0.025000 0.017500
6 0.352500 0.128750 0.030000 0.015000
6 0.388750 0.125000 0.030000 0.015000
6 0.723750 0.340000 0.027500 0.020000
6 0.770000 0.343750 0.025000 0.022500
6 0.677500 0.406250 0.027500 0.017500
6 0.705000 0.405000 0.027500 0.017500
6 0.817500 0.393750 0.030000 0.030000
6 0.645000 0.450000 0.027500 0.025000
6 0.671250 0.482500 0.025000 0.017500
6 0.618750 0.526250 0.022500 0.020000
6 0.630000 0.545000 0.032500 0.022500
6 0.576250 0.553750 0.022500 0.015000
6 0.597500 0.590000 0.025000 0.015000
6 0.568750 0.601250 0.025000 0.017500
6 0.553750 0.581250 0.020000 0.017500
6 0.521250 0.628750 0.025000 0.020000
6 0.501250 0.658750 0.020000 0.017500
6 0.527500 0.653750 0.025000 0.017500
6 0.472500 0.687500 0.025000 0.017500
6 0.455000 0.716250 0.027500 0.020000
6 0.545000 0.665000 0.025000 0.017500
6 0.500000 0.692500 0.030000 0.025000
6 0.488750 0.737500 0.032500 0.027500
6 0.447500 0.752500 0.025000 0.022500
6 0.503750 0.762500 0.025000 0.020000
6 0.428750 0.752500 0.025000 0.015000
6 0.398750 0.780000 0.025000 0.017500
6 0.367500 0.818750 0.022500 0.015000
6 0.412500 0.796250 0.032500 0.020000
6 0.387500 0.827500 0.025000 0.017500
6 0.396250 0.850000 0.027500 0.017500
6 0.350000 0.875000 0.025000 0.015000
6 0.358750 0.891250 0.025000 0.020000
6 0.478750 0.826250 0.030000 0.025000
6 0.290000 0.916250 0.027500 0.020000
6 0.113750 0.575000 0.025000 0.020000
6 0.071250 0.121250 0.025000 0.015000
6 0.000000 0.145000 0.030000 0.015000
6 0.260000 0.181250 0.017500 0.020000
6 0.177500 0.125000 0.027500 0.012500
6 0.135000 0.098750 0.022500 0.015000
6 0.172500 0.008750 0.027500 0.010000
6 0.230000 0.010000 0.022500 0.010000
6 0.266250 0.057500 0.032500 0.015000
6 0.625000 0.100000 0.022500 0.015000
6 0.877500 0.003750 0.030000 0.020000
6 0.810000 0.082500 0.027500 0.020000
6 0.272500 0.166250 0.007500 0.010000
6 0.735000 0.391250 0.012500 0.017500
