6 0.187500 0.923750 0.030000 0.017500
6 0.208750 0.892500 0.027500 0.012500
6 0.188750 0.816250 0.017500 0.022500
6 0.192500 0.946250 0.017500 0.025000
6 0.215000 0.880000 0.027500 0.010000
6 0.216250 0.870000 0.030000 0.012500
6 0.216250 0.858750 0.030000 0.012500
6 0.226250 0.837500 0.030000 0.012500
6 0.223750 0.847500 0.037500 0.012500
6 0.207500 0.815000 0.022500 0.022500
6 0.270000 0.828750 0.020000 0.020000
6 0.288750 0.827500 0.015000 0.022500
6 0.307500 0.825000 0.020000 0.025000
6 0.356250 0.823750 0.017500 0.022500
6 0.368750 0.820000 0.022500 0.025000
6 0.402500 0.815000 0.015000 0.022500
6 0.418750 0.813750 0.015000 0.020000
6 0.447500 0.815000 0.015000 0.025000
6 0.461250 0.810000 0.017500 0.020000
6 0.400000 0.771250 0.032500 0.015000
6 0.515000 0.783750 0.037500 0.010000
6 0.507500 0.773750 0.035000 0.007500
6 0.510000 0.762500 0.030000 0.010000
6 0.500000 0.753750 0.027500 0.010000
6 0.500000 0.742500 0.037500 0.015000
6 0.445000 0.758750 0.032500 0.012500
6 0.446250 0.747500 0.030000 0.007500
6 0.377500 0.662500 0.017500 0.017500
6 0.431250 0.685000 0.032500 0.010000
6 0.430000 0.655000 0.027500 0.010000
6 0.492500 0.677500 0.035000 0.007500
6 0.495000 0.690000 0.035000 0.012500
6 0.496250 0.701250 0.032500 0.007500
6 0.496250 0.710000 0.032500 0.010000
6 0.498750 0.721250 0.032500 0.010000
6 0.500000 0.731250 0.035000 0.010000
6 0.486250 0.648750 0.040000 0.010000
6 0.488750 0.637500 0.030000 0.007500
6 0.486250 0.627500 0.035000 0.007500
6 0.426250 0.627500 0.030000 0.012500
6 0.325000 0.640000 0.020000 0.015000
6 0.380000 0.687500 0.020000 0.020000
6 0.491250 0.617500 0.045000 0.012500
6 0.235000 0.435000 0.032500 0.015000
6 0.238750 0.451250 0.030000 0.015000
6 0.221250 0.418750 0.032500 0.015000
6 0.207500 0.205000 0.030000 0.012500
6 0.222500 0.177500 0.032500 0.015000
6 0.355000 0.123750 0.012500 0.017500
6 0.980000 0.826250 0.022500 0.017500
6 0.950000 0.733750 0.015000 0.015000
6 0.982500 0.732500 0.027500 0.017500
6 0.922500 0.738750 0.027500 0.017500
6 0.442500 0.706250 0.027500 0.010000
6 0.447500 0.727500 0.022500 0.010000
6 0.451250 0.738750 0.020000 0.007500
6 0.438750 0.695000 0.030000 0.010000
6 0.388750 0.710000 0.025000 0.020000
6 0.813750 0.566250 0.027500 0.010000
6 0.865000 0.432500 0.032500 0.012500
6 0.882500 0.397500 0.020000 0.017500
6 0.666250 0.363750 0.020000 0.022500
6 0.853750 0.260000 0.020000 0.017500
6 0.851250 0.235000 0.027500 0.017500
6 0.766250 0.038750 0.037500 0.010000
6 0.577500 0.145000 0.015000 0.017500
6 0.380000 0.130000 0.017500 0.025000
6 0.338750 0.128750 0.017500 0.022500
6 0.592500 0.145000 0.015000 0.020000
6 0.636250 0.447500 0.015000 0.020000
6 0.841250 0.432500 0.012500 0.025000
6 0.942500 0.436250 0.030000 0.017500
6 0.765000 0.051250 0.052500 0.015000
6 0.886250 0.061250 0.017500 0.022500
6 0.932500 0.046250 0.015000 0.020000
6 0.913750 0.048750 0.015000 0.025000
6 0.771250 0.146250 0.020000 0.015000
6 0.787500 0.145000 0.027500 0.012500
6 0.841250 0.192500 0.010000 0.017500
6 0.996250 0.057500 0.012500 0.020000
6 0.428750 0.665000 0.027500 0.012500
6 0.431250 0.676250 0.025000 0.012500
6 0.427500 0.638750 0.030000 0.012500
6 0.493750 0.668750 0.022500 0.012500
6 0.490000 0.660000 0.035000 0.010000
6 0.433750 0.813750 0.012500 0.020000
6 0.385000 0.817500 0.015000 0.022500
6 0.492500 0.806250 0.012500 0.025000
6 0.476250 0.805000 0.015000 0.025000
6 0.208750 0.900000 0.022500 0.012500
6 0.902500 0.708750 0.030000 0.012500
6 0.967500 0.742500 0.015000 0.005000
6 0.967500 0.737500 0.017500 0.007500
