6 0.037500 0.281250 0.030000 0.020000
6 0.056250 0.292500 0.030000 0.017500
6 0.203750 0.356250 0.035000 0.015000
6 0.243750 0.356250 0.032500 0.010000
6 0.300000 0.352500 0.032500 0.010000
6 0.358750 0.351250 0.032500 0.007500
6 0.367500 0.370000 0.032500 0.007500
6 0.258750 0.372500 0.037500 0.010000
6 0.411250 0.351250 0.027500 0.010000
6 0.650000 0.362500 0.027500 0.012500
6 0.756250 0.390000 0.017500 0.022500
6 0.766250 0.365000 0.107500 0.015000
6 0.855000 0.387500 0.025000 0.015000
6 0.892500 0.388750 0.022500 0.015000
6 0.915000 0.390000 0.027500 0.015000
6 0.141250 0.580000 0.022500 0.020000
6 0.247500 0.655000 0.025000 0.020000
6 0.268750 0.567500 0.030000 0.017500
6 0.823750 0.482500 0.032500 0.015000
6 0.741250 0.482500 0.037500 0.015000
6 0.996250 0.301250 0.022500 0.022500
6 0.985000 0.277500 0.030000 0.015000
6 0.907500 0.252500 0.020000 0.020000
6 0.922500 0.252500 0.017500 0.022500
6 0.940000 0.251250 0.017500 0.022500
6 0.548750 0.200000 0.027500 0.010000
6 0.643750 0.203750 0.032500 0.017500
6 0.665000 0.232500 0.035000 0.017500
6 0.660000 0.220000 0.032500 0.012500
6 0.177500 0.966250 0.040000 0.015000
6 0.266250 0.886250 0.022500 0.020000
6 0.240000 0.856250 0.020000 0.022500
6 0.490000 0.861250 0.012500 0.017500
6 0.510000 0.862500 0.020000 0.017500
6 0.366250 0.892500 0.022500 0.037500
6 0.282500 0.207500 0.050000 0.017500
6 0.285000 0.221250 0.050000 0.015000
6 0.291250 0.236250 0.050000 0.017500
6 0.306250 0.252500 0.037500 0.012500
6 0.317500 0.266250 0.042500 0.015000
6 0.243750 0.183750 0.025000 0.012500
6 0.248750 0.191250 0.025000 0.010000
6 0.245000 0.170000 0.045000 0.022500
6 0.286250 0.125000 0.050000 0.012500
6 0.440000 0.092500 0.027500 0.010000
6 0.440000 0.101250 0.027500 0.007500
6 0.283750 0.067500 0.045000 0.010000
6 0.038750 0.053750 0.040000 0.010000
6 0.948750 0.048750 0.020000 0.020000
6 0.960000 0.086250 0.027500 0.017500
6 0.976250 0.096250 0.027500 0.017500
6 0.978750 0.105000 0.022500 0.017500
6 0.987500 0.112500 0.025000 0.017500
6 0.991250 0.127500 0.025000 0.015000
6 0.992500 0.213750 0.025000 0.015000
6 0.998750 0.222500 0.017500 0.015000
6 0.956250 0.252500 0.010000 0.017500
6 0.888750 0.252500 0.010000 0.015000
6 0.877500 0.255000 0.012500 0.017500
6 0.803750 0.380000 0.022500 0.010000
6 0.741250 0.082500 0.052500 0.032500
6 0.616250 0.095000 0.037500 0.020000
6 0.550000 0.233750 0.027500 0.012500
6 0.551250 0.246250 0.027500 0.015000
6 0.213750 0.127500 0.040000 0.022500
6 0.273750 0.182500 0.025000 0.012500
6 0.283750 0.080000 0.045000 0.012500
6 0.527500 0.158750 0.010000 0.022500
6 0.557500 0.350000 0.025000 0.010000
6 0.566250 0.357500 0.030000 0.007500
6 0.230000 0.628750 0.017500 0.025000
6 0.307500 0.147500 0.022500 0.015000
6 0.293750 0.112500 0.027500 0.012500
6 0.295000 0.090000 0.030000 0.012500
6 0.386250 0.022500 0.015000 0.022500
6 0.171250 0.052500 0.020000 0.015000
6 0.173750 0.066250 0.022500 0.020000
6 0.177500 0.077500 0.027500 0.022500
6 0.190000 0.101250 0.020000 0.017500
6 0.182500 0.090000 0.022500 0.012500
6 0.521250 0.536250 0.055000 0.017500
6 0.492500 0.433750 0.055000 0.025000
6 0.416250 0.886250 0.030000 0.045000
6 0.396250 0.991250 0.037500 0.040000
