6 0.130000 0.238750 0.030000 0.020000
6 0.021250 0.473750 0.030000 0.017500
6 0.030000 0.463750 0.025000 0.012500
6 0.037500 0.453750 0.025000 0.010000
6 0.136250 0.375000 0.012500 0.015000
6 0.113750 0.021250 0.030000 0.012500
6 0.092500 0.003750 0.022500 0.022500
6 0.110000 0.002500 0.017500 0.020000
6 0.225000 0.056250 0.035000 0.012500
6 0.303750 0.072500 0.012500 0.017500
6 0.268750 0.053750 0.025000 0.007500
6 0.388750 0.053750 0.025000 0.010000
6 0.327500 0.002500 0.015000 0.017500
6 0.401250 0.037500 0.030000 0.017500
6 0.365000 0.002500 0.020000 0.022500
6 0.380000 0.000000 0.015000 0.017500
6 0.441250 0.017500 0.020000 0.027500
6 0.468750 0.017500 0.015000 0.020000
6 0.507500 0.011250 0.012500 0.020000
6 0.528750 0.012500 0.015000 0.020000
6 0.550000 0.011250 0.020000 0.015000
6 0.575000 0.092500 0.022500 0.020000
6 0.575000 0.145000 0.022500 0.022500
6 0.577500 0.177500 0.020000 0.022500
6 0.642500 0.003750 0.017500 0.020000
6 0.662500 0.083750 0.020000 0.017500
6 0.686250 0.073750 0.017500 0.022500
6 0.665000 0.126250 0.025000 0.042500
6 0.558750 0.270000 0.022500 0.020000
6 0.235000 0.732500 0.027500 0.015000
6 0.216250 0.773750 0.022500 0.017500
6 0.555000 0.315000 0.015000 0.020000
6 0.556250 0.360000 0.017500 0.022500
6 0.580000 0.347500 0.015000 0.022500
6 0.605000 0.307500 0.022500 0.025000
6 0.586250 0.432500 0.022500 0.032500
6 0.586250 0.500000 0.020000 0.030000
6 0.531250 0.725000 0.027500 0.047500
6 0.591250 0.798750 0.022500 0.042500
6 0.670000 0.350000 0.015000 0.017500
6 0.670000 0.410000 0.012500 0.020000
6 0.673750 0.505000 0.017500 0.020000
6 0.672500 0.561250 0.020000 0.020000
6 0.672500 0.586250 0.015000 0.017500
6 0.676250 0.611250 0.017500 0.015000
6 0.910000 0.630000 0.017500 0.027500
6 0.930000 0.628750 0.020000 0.020000
6 0.740000 0.445000 0.022500 0.010000
6 0.736250 0.467500 0.027500 0.007500
6 0.741250 0.488750 0.027500 0.010000
6 0.742500 0.498750 0.022500 0.007500
6 0.743750 0.507500 0.030000 0.010000
6 0.743750 0.533750 0.025000 0.010000
6 0.743750 0.547500 0.025000 0.007500
6 0.742500 0.560000 0.025000 0.010000
6 0.742500 0.571250 0.030000 0.010000
6 0.746250 0.587500 0.025000 0.007500
6 0.746250 0.605000 0.027500 0.010000
6 0.745000 0.615000 0.027500 0.010000
6 0.743750 0.635000 0.030000 0.010000
6 0.743750 0.626250 0.027500 0.010000
6 0.745000 0.650000 0.027500 0.010000
6 0.746250 0.661250 0.020000 0.007500
6 0.746250 0.672500 0.027500 0.010000
6 0.746250 0.681250 0.022500 0.007500
6 0.747500 0.692500 0.027500 0.012500
6 0.743750 0.727500 0.030000 0.010000
6 0.677500 0.768750 0.012500 0.020000
6 0.747500 0.828750 0.027500 0.010000
6 0.677500 0.790000 0.015000 0.020000
6 0.747500 0.842500 0.025000 0.010000
6 0.746250 0.853750 0.030000 0.010000
6 0.750000 0.862500 0.027500 0.007500
6 0.750000 0.883750 0.025000 0.007500
6 0.752500 0.903750 0.030000 0.010000
6 0.678750 0.875000 0.015000 0.017500
6 0.747500 0.942500 0.030000 0.010000
6 0.750000 0.967500 0.030000 0.007500
6 0.676250 0.851250 0.012500 0.022500
6 0.700000 0.728750 0.015000 0.017500
6 0.676250 0.677500 0.015000 0.020000
6 0.673750 0.652500 0.012500 0.020000
6 0.676250 0.631250 0.015000 0.020000
6 0.558750 0.855000 0.025000 0.007500
6 0.287500 0.896250 0.025000 0.022500
6 0.375000 0.857500 0.030000 0.010000
6 0.378750 0.897500 0.010000 0.015000
6 0.392500 0.891250 0.012500 0.015000
6 0.406250 0.926250 0.015000 0.017500
6 0.100000 0.866250 0.027500 0.012500
6 0.048750 0.921250 0.025000 0.010000
6 0.106250 0.938750 0.025000 0.017500
6 0.286250 0.935000 0.027500 0.032500
6 0.148750 0.812500 0.030000 0.012500
6 0.240000 0.748750 0.015000 0.017500
6 0.446250 0.858750 0.025000 0.010000
6 0.750000 0.913750 0.032500 0.010000
6 0.736250 0.383750 0.025000 0.010000
6 0.736250 0.397500 0.035000 0.012500
6 0.736250 0.412500 0.032500 0.012500
6 0.736250 0.425000 0.032500 0.010000
6 0.736250 0.435000 0.030000 0.007500
6 0.697500 0.441250 0.015000 0.012500
6 0.521250 0.570000 0.015000 0.017500
6 0.680000 0.743750 0.025000 0.030000
