6 0.682500 0.762500 0.027500 0.015000
6 0.716250 0.775000 0.027500 0.012500
6 0.565000 0.673750 0.020000 0.017500
6 0.578750 0.680000 0.015000 0.015000
6 0.591250 0.686250 0.020000 0.017500
6 0.603750 0.692500 0.017500 0.017500
6 0.637500 0.703750 0.017500 0.020000
6 0.657500 0.711250 0.022500 0.022500
6 0.673750 0.718750 0.015000 0.017500
6 0.703750 0.730000 0.020000 0.020000
6 0.733750 0.740000 0.017500 0.017500
6 0.747500 0.746250 0.017500 0.017500
6 0.540000 0.981250 0.055000 0.025000
6 0.340000 0.995000 0.030000 0.020000
6 0.742500 0.986250 0.070000 0.037500
6 0.741250 0.938750 0.027500 0.027500
6 0.108750 0.417500 0.012500 0.020000
6 0.207500 0.436250 0.027500 0.012500
6 0.202500 0.527500 0.020000 0.015000
6 0.220000 0.508750 0.017500 0.012500
6 0.306250 0.476250 0.027500 0.015000
6 0.333750 0.487500 0.027500 0.012500
6 0.402500 0.512500 0.022500 0.010000
6 0.550000 0.392500 0.025000 0.010000
6 0.440000 0.526250 0.025000 0.012500
6 0.470000 0.538750 0.027500 0.015000
6 0.576250 0.580000 0.025000 0.012500
6 0.625000 0.600000 0.022500 0.012500
6 0.763750 0.653750 0.027500 0.012500
6 0.942500 0.745000 0.020000 0.015000
6 0.838750 0.973750 0.030000 0.025000
6 0.860000 0.981250 0.032500 0.030000
6 0.821250 0.676250 0.027500 0.012500
6 0.088750 0.221250 0.027500 0.015000
6 0.316250 0.286250 0.032500 0.015000
6 0.562500 0.168750 0.020000 0.015000
6 0.632500 0.400000 0.027500 0.015000
6 0.660000 0.611250 0.030000 0.015000
6 0.790000 0.661250 0.030000 0.015000
6 0.997500 0.943750 0.027500 0.017500
6 0.972500 0.945000 0.032500 0.020000
6 0.956250 0.936250 0.027500 0.022500
6 0.942500 0.927500 0.020000 0.017500
