6 0.075000 0.112500 0.027500 0.012500
6 0.722500 0.007500 0.042500 0.020000
6 0.725000 0.023750 0.027500 0.015000
6 0.781250 0.041250 0.030000 0.020000
6 0.882500 0.073750 0.030000 0.017500
6 0.957500 0.076250 0.025000 0.017500
6 0.895000 0.062500 0.027500 0.015000
6 0.971250 0.095000 0.032500 0.012500
6 0.986250 0.157500 0.025000 0.012500
6 0.115000 0.288750 0.027500 0.015000
6 0.102500 0.235000 0.030000 0.015000
6 0.138750 0.235000 0.032500 0.012500
6 0.188750 0.236250 0.032500 0.012500
6 0.232500 0.236250 0.030000 0.012500
6 0.266250 0.237500 0.027500 0.012500
6 0.365000 0.237500 0.027500 0.012500
6 0.425000 0.240000 0.032500 0.012500
6 0.157500 0.286250 0.027500 0.010000
6 0.206250 0.290000 0.030000 0.012500
6 0.246250 0.297500 0.030000 0.012500
6 0.405000 0.295000 0.025000 0.020000
6 0.318750 0.261250 0.050000 0.020000
6 0.313750 0.236250 0.057500 0.015000
6 0.376250 0.355000 0.027500 0.020000
6 0.405000 0.375000 0.030000 0.015000
6 0.523750 0.410000 0.022500 0.017500
6 0.752500 0.270000 0.022500 0.015000
6 0.840000 0.328750 0.030000 0.017500
6 0.795000 0.220000 0.027500 0.015000
6 0.856250 0.211250 0.030000 0.015000
6 0.630000 0.170000 0.027500 0.020000
6 0.787500 0.147500 0.027500 0.012500
6 0.483750 0.125000 0.032500 0.015000
6 0.482500 0.140000 0.020000 0.010000
6 0.686250 0.207500 0.022500 0.017500
6 0.536250 0.181250 0.032500 0.015000
6 0.356250 0.165000 0.027500 0.010000
6 0.173750 0.131250 0.047500 0.015000
6 0.501250 0.081250 0.025000 0.015000
6 0.471250 0.086250 0.025000 0.017500
6 0.426250 0.052500 0.035000 0.022500
6 0.368750 0.012500 0.030000 0.017500
6 0.691250 0.128750 0.030000 0.010000
6 0.708750 0.531250 0.030000 0.022500
6 0.947500 0.495000 0.022500 0.017500
6 0.891250 0.478750 0.040000 0.025000
6 0.985000 0.901250 0.012500 0.020000
6 0.970000 0.900000 0.012500 0.020000
6 0.955000 0.896250 0.012500 0.020000
6 0.966250 0.753750 0.022500 0.015000
6 0.857500 0.747500 0.025000 0.020000
6 0.880000 0.760000 0.022500 0.020000
6 0.898750 0.771250 0.022500 0.015000
6 0.910000 0.778750 0.025000 0.017500
6 0.921250 0.786250 0.022500 0.015000
6 0.931250 0.793750 0.022500 0.017500
6 0.940000 0.802500 0.022500 0.017500
6 0.953750 0.808750 0.022500 0.015000
6 0.963750 0.817500 0.025000 0.017500
6 0.988750 0.830000 0.030000 0.017500
6 0.997500 0.836250 0.020000 0.012500
6 0.937500 0.853750 0.012500 0.020000
6 0.921250 0.858750 0.012500 0.022500
6 0.903750 0.857500 0.012500 0.020000
6 0.887500 0.857500 0.012500 0.020000
6 0.907500 0.836250 0.012500 0.017500
6 0.891250 0.837500 0.012500 0.020000
6 0.940000 0.900000 0.012500 0.020000
6 0.925000 0.901250 0.012500 0.025000
6 0.895000 0.901250 0.012500 0.020000
6 0.758750 0.735000 0.030000 0.012500
6 0.760000 0.756250 0.025000 0.010000
6 0.758750 0.766250 0.022500 0.007500
6 0.758750 0.775000 0.022500 0.007500
6 0.833750 0.796250 0.027500 0.010000
6 0.813750 0.803750 0.012500 0.020000
6 0.878750 0.898750 0.012500 0.020000
6 0.880000 0.917500 0.027500 0.010000
6 0.830000 0.856250 0.022500 0.010000
6 0.832500 0.875000 0.022500 0.007500
6 0.831250 0.866250 0.022500 0.010000
6 0.862500 0.901250 0.010000 0.020000
6 0.832500 0.827500 0.025000 0.010000
6 0.835000 0.837500 0.027500 0.010000
6 0.632500 0.702500 0.012500 0.017500
6 0.650000 0.698750 0.012500 0.015000
6 0.666250 0.698750 0.010000 0.015000
6 0.682500 0.698750 0.010000 0.015000
6 0.670000 0.652500 0.025000 0.017500
6 0.787500 0.696250 0.020000 0.015000
6 0.756250 0.677500 0.025000 0.022500
6 0.703750 0.642500 0.022500 0.020000
6 0.695000 0.635000 0.020000 0.017500
6 0.683750 0.626250 0.025000 0.017500
6 0.650000 0.603750 0.025000 0.017500
6 0.611250 0.652500 0.025000 0.012500
6 0.588750 0.625000 0.030000 0.012500
6 0.613750 0.665000 0.027500 0.010000
6 0.588750 0.603750 0.030000 0.012500
6 0.571250 0.583750 0.012500 0.022500
6 0.581250 0.897500 0.012500 0.025000
6 0.565000 0.892500 0.012500 0.020000
6 0.547500 0.892500 0.012500 0.020000
6 0.526250 0.891250 0.015000 0.020000
6 0.508750 0.891250 0.012500 0.022500
6 0.618750 0.928750 0.030000 0.010000
6 0.407500 0.896250 0.020000 0.020000
6 0.390000 0.900000 0.020000 0.020000
6 0.328750 0.902500 0.022500 0.025000
6 0.311250 0.903750 0.020000 0.025000
6 0.291250 0.903750 0.020000 0.022500
6 0.358750 0.938750 0.030000 0.012500
6 0.325000 0.940000 0.027500 0.012500
6 0.287500 0.941250 0.027500 0.012500
6 0.363750 0.817500 0.012500 0.017500
6 0.335000 0.820000 0.012500 0.020000
6 0.320000 0.820000 0.012500 0.020000
6 0.412500 0.768750 0.015000 0.022500
6 0.450000 0.788750 0.025000 0.020000
6 0.412500 0.743750 0.015000 0.025000
6 0.383750 0.738750 0.010000 0.020000
6 0.368750 0.733750 0.012500 0.020000
6 0.352500 0.736250 0.012500 0.022500
6 0.228750 0.562500 0.012500 0.022500
6 0.178750 0.561250 0.015000 0.022500
6 0.608750 0.993750 0.027500 0.012500
6 0.673750 0.973750 0.030000 0.012500
6 0.373750 0.186250 0.100000 0.017500
6 0.928750 0.170000 0.035000 0.012500
6 0.732500 0.231250 0.025000 0.017500
