6 0.361250 0.111250 0.012500 0.020000
6 0.386250 0.161250 0.017500 0.022500
6 0.362500 0.152500 0.015000 0.020000
6 0.083750 0.278750 0.022500 0.022500
6 0.157500 0.277500 0.017500 0.025000
6 0.306250 0.233750 0.015000 0.020000
6 0.323750 0.218750 0.015000 0.020000
6 0.342500 0.221250 0.015000 0.020000
6 0.362500 0.222500 0.012500 0.017500
6 0.286250 0.231250 0.012500 0.017500
6 0.261250 0.262500 0.027500 0.015000
6 0.257500 0.242500 0.025000 0.007500
6 0.292500 0.261250 0.025000 0.015000
6 0.311250 0.275000 0.010000 0.017500
6 0.326250 0.278750 0.010000 0.012500
6 0.342500 0.276250 0.012500 0.015000
6 0.138750 0.265000 0.015000 0.015000
6 0.103750 0.263750 0.012500 0.022500
6 0.527500 0.335000 0.025000 0.012500
6 0.715000 0.402500 0.017500 0.017500
6 0.728750 0.406250 0.012500 0.015000
6 0.758750 0.412500 0.017500 0.015000
6 0.772500 0.413750 0.015000 0.017500
6 0.483750 0.005000 0.027500 0.010000
6 0.555000 0.170000 0.030000 0.007500
6 0.615000 0.150000 0.015000 0.020000
6 0.648750 0.178750 0.032500 0.007500
6 0.547500 0.217500 0.030000 0.007500
6 0.572500 0.217500 0.022500 0.012500
6 0.790000 0.417500 0.017500 0.020000
6 0.815000 0.422500 0.017500 0.017500
6 0.830000 0.425000 0.017500 0.022500
6 0.842500 0.430000 0.012500 0.020000
6 0.858750 0.432500 0.017500 0.017500
6 0.872500 0.436250 0.012500 0.015000
6 0.887500 0.441250 0.015000 0.015000
6 0.902500 0.441250 0.012500 0.012500
6 0.930000 0.450000 0.015000 0.020000
6 0.945000 0.450000 0.012500 0.015000
6 0.970000 0.455000 0.015000 0.020000
6 0.565000 0.625000 0.025000 0.015000
6 0.571250 0.638750 0.027500 0.012500
6 0.637500 0.663750 0.020000 0.020000
6 0.657500 0.665000 0.022500 0.020000
6 0.675000 0.672500 0.025000 0.022500
