6 0.003750 0.741250 0.035000 0.015000
6 0.201250 0.721250 0.030000 0.010000
6 0.142500 0.705000 0.025000 0.010000
6 0.080000 0.670000 0.022500 0.025000
6 0.157500 0.618750 0.012500 0.015000
6 0.945000 0.333750 0.015000 0.017500
6 0.690000 0.308750 0.017500 0.020000
6 0.633750 0.240000 0.015000 0.017500
6 0.655000 0.200000 0.015000 0.017500
6 0.616250 0.198750 0.015000 0.022500
6 0.643750 0.128750 0.020000 0.012500
6 0.641250 0.107500 0.025000 0.017500
6 0.628750 0.092500 0.017500 0.015000
6 0.586250 0.063750 0.015000 0.020000
6 0.573750 0.006250 0.012500 0.017500
6 0.542500 0.016250 0.025000 0.010000
6 0.606250 0.016250 0.012500 0.020000
6 0.610000 0.063750 0.017500 0.027500
6 0.143750 0.053750 0.015000 0.022500
6 0.198750 0.197500 0.015000 0.017500
6 0.252500 0.372500 0.017500 0.017500
6 0.241250 0.332500 0.012500 0.015000
