6 0.158750 0.028750 0.010000 0.017500
6 0.011250 0.040000 0.012500 0.007500
6 0.103750 0.208750 0.015000 0.010000
6 0.205000 0.460000 0.030000 0.012500
6 0.133750 0.475000 0.025000 0.010000
6 0.351250 0.522500 0.020000 0.010000
6 0.331250 0.528750 0.027500 0.012500
6 0.450000 0.513750 0.020000 0.010000
6 0.512500 0.558750 0.025000 0.010000
6 0.598750 0.548750 0.020000 0.007500
6 0.661250 0.598750 0.020000 0.010000
6 0.675000 0.571250 0.020000 0.010000
6 0.710000 0.566250 0.027500 0.010000
6 0.725000 0.605000 0.022500 0.012500
6 0.803750 0.602500 0.022500 0.012500
6 0.912500 0.618750 0.022500 0.012500
6 0.741250 0.646250 0.025000 0.015000
6 0.326250 0.592500 0.012500 0.010000
6 0.333750 0.626250 0.020000 0.015000
6 0.341250 0.617500 0.020000 0.010000
6 0.358750 0.608750 0.025000 0.012500
6 0.342500 0.668750 0.020000 0.012500
6 0.371250 0.637500 0.025000 0.010000
6 0.387500 0.620000 0.020000 0.012500
6 0.378750 0.690000 0.015000 0.010000
6 0.391250 0.701250 0.020000 0.012500
6 0.401250 0.715000 0.012500 0.012500
6 0.411250 0.723750 0.010000 0.012500
6 0.447500 0.760000 0.015000 0.015000
6 0.437500 0.787500 0.017500 0.015000
6 0.465000 0.815000 0.012500 0.015000
6 0.500000 0.787500 0.012500 0.012500
6 0.516250 0.823750 0.012500 0.015000
6 0.545000 0.802500 0.017500 0.017500
6 0.557500 0.797500 0.012500 0.015000
6 0.558750 0.763750 0.022500 0.017500
6 0.575000 0.783750 0.017500 0.015000
6 0.590000 0.773750 0.022500 0.020000
6 0.603750 0.726250 0.015000 0.010000
6 0.640000 0.720000 0.022500 0.017500
6 0.813750 0.132500 0.015000 0.010000
6 0.772500 0.723750 0.015000 0.012500
6 0.743750 0.660000 0.025000 0.010000
6 0.826250 0.672500 0.020000 0.010000
6 0.862500 0.683750 0.025000 0.010000
6 0.946250 0.835000 0.012500 0.017500
6 0.563750 0.816250 0.020000 0.007500
6 0.552500 0.822500 0.017500 0.007500
6 0.125000 0.027500 0.017500 0.007500
