6 0.126250 0.066250 0.015000 0.007500
6 0.187500 0.070000 0.017500 0.005000
6 0.125000 0.076250 0.015000 0.005000
6 0.125000 0.087500 0.015000 0.005000
6 0.121250 0.096250 0.015000 0.005000
6 0.117500 0.136250 0.015000 0.007500
6 0.115000 0.153750 0.017500 0.007500
6 0.098750 0.157500 0.015000 0.025000
6 0.187500 0.253750 0.010000 0.010000
6 0.037500 0.357500 0.017500 0.007500
6 0.025000 0.343750 0.022500 0.007500
6 0.192500 0.363750 0.020000 0.007500
6 0.261250 0.377500 0.010000 0.015000
6 0.272500 0.380000 0.010000 0.015000
6 0.283750 0.378750 0.010000 0.012500
6 0.131250 0.388750 0.020000 0.010000
6 0.132500 0.403750 0.017500 0.007500
6 0.143750 0.433750 0.022500 0.010000
6 0.031250 0.493750 0.015000 0.005000
6 0.210000 0.497500 0.015000 0.007500
6 0.028750 0.680000 0.012500 0.015000
6 0.041250 0.682500 0.012500 0.015000
6 0.052500 0.683750 0.015000 0.015000
6 0.061250 0.688750 0.015000 0.017500
6 0.081250 0.696250 0.012500 0.012500
6 0.150000 0.727500 0.010000 0.010000
6 0.233750 0.756250 0.010000 0.012500
6 0.257500 0.760000 0.015000 0.012500
6 0.330000 0.760000 0.015000 0.012500
6 0.240000 0.840000 0.015000 0.015000
6 0.227500 0.856250 0.015000 0.012500
6 0.277500 0.837500 0.022500 0.017500
6 0.166250 0.938750 0.012500 0.012500
6 0.218750 0.926250 0.012500 0.012500
6 0.233750 0.907500 0.015000 0.012500
6 0.091250 0.972500 0.022500 0.007500
6 0.448750 0.907500 0.020000 0.007500
6 0.557500 0.912500 0.017500 0.012500
6 0.485000 0.890000 0.022500 0.015000
6 0.500000 0.867500 0.020000 0.010000
6 0.545000 0.812500 0.022500 0.012500
6 0.596250 0.791250 0.017500 0.010000
6 0.608750 0.771250 0.020000 0.010000
6 0.571250 0.773750 0.015000 0.010000
6 0.580000 0.767500 0.020000 0.007500
6 0.643750 0.753750 0.012500 0.020000
6 0.596250 0.738750 0.020000 0.007500
6 0.598750 0.732500 0.017500 0.010000
6 0.612500 0.718750 0.020000 0.012500
6 0.632500 0.731250 0.025000 0.007500
6 0.406250 0.677500 0.017500 0.017500
6 0.432500 0.645000 0.015000 0.012500
6 0.480000 0.647500 0.017500 0.015000
6 0.340000 0.526250 0.025000 0.010000
6 0.398750 0.551250 0.027500 0.015000
6 0.443750 0.560000 0.020000 0.010000
6 0.470000 0.575000 0.020000 0.005000
6 0.341250 0.391250 0.007500 0.012500
6 0.351250 0.393750 0.010000 0.010000
6 0.403750 0.401250 0.012500 0.015000
6 0.427500 0.408750 0.012500 0.012500
6 0.443750 0.411250 0.010000 0.012500
6 0.470000 0.412500 0.022500 0.015000
6 0.533750 0.580000 0.032500 0.027500
6 0.515000 0.605000 0.022500 0.017500
6 0.617500 0.556250 0.015000 0.007500
6 0.423750 0.245000 0.012500 0.015000
6 0.445000 0.248750 0.015000 0.017500
6 0.498750 0.271250 0.025000 0.007500
6 0.532500 0.280000 0.020000 0.012500
6 0.601250 0.257500 0.017500 0.007500
6 0.602500 0.247500 0.020000 0.007500
6 0.607500 0.231250 0.020000 0.007500
6 0.641250 0.251250 0.012500 0.012500
6 0.593750 0.201250 0.025000 0.007500
6 0.610000 0.215000 0.027500 0.010000
6 0.696250 0.291250 0.032500 0.020000
6 0.665000 0.312500 0.015000 0.015000
6 0.652500 0.323750 0.010000 0.010000
6 0.640000 0.340000 0.015000 0.012500
6 0.606250 0.371250 0.015000 0.017500
6 0.575000 0.465000 0.027500 0.025000
6 0.587500 0.438750 0.020000 0.025000
6 0.507500 0.532500 0.012500 0.015000
6 0.672500 0.531250 0.010000 0.015000
6 0.681250 0.530000 0.007500 0.012500
6 0.733750 0.525000 0.010000 0.017500
6 0.722500 0.551250 0.022500 0.010000
6 0.632500 0.533750 0.007500 0.015000
6 0.687500 0.686250 0.015000 0.012500
6 0.603750 0.238750 0.020000 0.005000
6 0.720000 0.956250 0.015000 0.017500
6 0.761250 0.960000 0.012500 0.012500
6 0.730000 0.935000 0.012500 0.015000
6 0.772500 0.935000 0.015000 0.015000
6 0.780000 0.918750 0.015000 0.015000
6 0.798750 0.875000 0.010000 0.015000
6 0.797500 0.792500 0.012500 0.017500
6 0.805000 0.776250 0.012500 0.012500
6 0.833750 0.792500 0.012500 0.017500
6 0.812500 0.760000 0.010000 0.012500
6 0.891250 0.726250 0.022500 0.010000
6 0.831250 0.720000 0.012500 0.015000
6 0.840000 0.701250 0.015000 0.015000
6 0.857500 0.667500 0.015000 0.015000
6 0.880000 0.615000 0.012500 0.012500
6 0.771250 0.522500 0.010000 0.015000
6 0.798750 0.521250 0.010000 0.012500
6 0.888750 0.595000 0.007500 0.012500
6 0.995000 0.450000 0.020000 0.015000
6 0.800000 0.418750 0.020000 0.012500
6 0.930000 0.292500 0.017500 0.015000
6 0.733750 0.253750 0.020000 0.015000
6 0.883750 0.691250 0.010000 0.010000
