6 0.000000 0.647500 0.012500 0.012500
6 0.003750 0.628750 0.012500 0.015000
6 0.006250 0.612500 0.010000 0.015000
6 0.016250 0.512500 0.015000 0.017500
6 0.020000 0.398750 0.010000 0.015000
6 0.053750 0.441250 0.010000 0.017500
6 0.063750 0.443750 0.010000 0.017500
6 0.083750 0.446250 0.010000 0.012500
6 0.018750 0.381250 0.007500 0.015000
6 0.010000 0.352500 0.007500 0.012500
6 0.005000 0.175000 0.012500 0.017500
6 0.013750 0.133750 0.012500 0.020000
6 0.032500 0.107500 0.010000 0.015000
6 0.016250 0.112500 0.015000 0.015000
6 0.095000 0.235000 0.015000 0.007500
6 0.118750 0.240000 0.015000 0.007500
6 0.056250 0.065000 0.007500 0.012500
6 0.178750 0.011250 0.010000 0.012500
6 0.190000 0.013750 0.012500 0.012500
6 0.418750 0.030000 0.020000 0.010000
6 0.412500 0.038750 0.017500 0.007500
6 0.192500 0.227500 0.030000 0.020000
6 0.173750 0.227500 0.017500 0.012500
6 0.163750 0.223750 0.010000 0.015000
6 0.157500 0.221250 0.012500 0.017500
6 0.141250 0.355000 0.010000 0.010000
6 0.033750 0.668750 0.020000 0.007500
6 0.168750 0.703750 0.015000 0.005000
6 0.235000 0.668750 0.012500 0.015000
6 0.268750 0.673750 0.010000 0.015000
6 0.231250 0.730000 0.012500 0.017500
6 0.275000 0.748750 0.015000 0.015000
6 0.248750 0.752500 0.015000 0.010000
6 0.002500 0.893750 0.020000 0.010000
6 0.006250 0.910000 0.020000 0.012500
6 0.025000 0.907500 0.020000 0.010000
6 0.065000 0.931250 0.025000 0.022500
6 0.082500 0.955000 0.022500 0.012500
6 0.043750 0.922500 0.015000 0.015000
6 0.277500 0.900000 0.017500 0.010000
6 0.257500 0.877500 0.017500 0.012500
6 0.165000 0.992500 0.012500 0.017500
6 0.175000 0.996250 0.010000 0.015000
6 0.575000 0.990000 0.015000 0.012500
6 0.531250 0.951250 0.012500 0.012500
6 0.418750 0.858750 0.015000 0.012500
6 0.357500 0.807500 0.015000 0.012500
6 0.345000 0.796250 0.015000 0.010000
6 0.326250 0.787500 0.017500 0.010000
6 0.305000 0.773750 0.017500 0.010000
6 0.287500 0.762500 0.015000 0.010000
6 0.691250 0.816250 0.017500 0.007500
6 0.451250 0.633750 0.025000 0.020000
6 0.473750 0.525000 0.020000 0.007500
6 0.532500 0.602500 0.017500 0.020000
6 0.498750 0.480000 0.012500 0.015000
6 0.477500 0.436250 0.010000 0.015000
6 0.576250 0.412500 0.012500 0.015000
6 0.580000 0.392500 0.010000 0.012500
6 0.582500 0.373750 0.010000 0.012500
6 0.480000 0.360000 0.015000 0.007500
6 0.481250 0.348750 0.012500 0.005000
6 0.483750 0.340000 0.015000 0.005000
6 0.515000 0.341250 0.010000 0.012500
6 0.503750 0.312500 0.010000 0.015000
6 0.480000 0.298750 0.015000 0.005000
6 0.478750 0.307500 0.015000 0.005000
6 0.485000 0.273750 0.020000 0.007500
6 0.488750 0.267500 0.017500 0.007500
6 0.532500 0.260000 0.017500 0.007500
6 0.490000 0.257500 0.020000 0.007500
6 0.535000 0.241250 0.020000 0.007500
6 0.492500 0.237500 0.020000 0.010000
6 0.491250 0.230000 0.015000 0.010000
6 0.496250 0.220000 0.020000 0.010000
6 0.536250 0.221250 0.022500 0.010000
6 0.500000 0.206250 0.015000 0.007500
6 0.533750 0.193750 0.017500 0.010000
6 0.446250 0.082500 0.017500 0.010000
6 0.480000 0.060000 0.017500 0.012500
6 0.461250 0.037500 0.012500 0.012500
6 0.633750 0.081250 0.022500 0.007500
6 0.660000 0.067500 0.012500 0.015000
6 0.667500 0.071250 0.010000 0.010000
6 0.677500 0.076250 0.012500 0.012500
6 0.688750 0.077500 0.012500 0.010000
6 0.697500 0.083750 0.015000 0.012500
6 0.711250 0.093750 0.012500 0.012500
6 0.720000 0.098750 0.012500 0.012500
6 0.728750 0.105000 0.015000 0.012500
6 0.632500 0.107500 0.020000 0.007500
6 0.633750 0.117500 0.022500 0.007500
6 0.630000 0.126250 0.020000 0.005000
6 0.630000 0.135000 0.020000 0.005000
6 0.628750 0.143750 0.020000 0.007500
6 0.632500 0.153750 0.020000 0.007500
6 0.632500 0.163750 0.022500 0.010000
6 0.631250 0.171250 0.020000 0.007500
6 0.631250 0.180000 0.017500 0.005000
6 0.631250 0.188750 0.020000 0.010000
6 0.631250 0.202500 0.017500 0.007500
6 0.672500 0.131250 0.015000 0.015000
6 0.681250 0.136250 0.015000 0.012500
6 0.691250 0.138750 0.012500 0.012500
6 0.703750 0.143750 0.015000 0.015000
6 0.718750 0.148750 0.012500 0.015000
6 0.750000 0.113750 0.017500 0.012500
6 0.763750 0.117500 0.015000 0.015000
6 0.780000 0.121250 0.017500 0.017500
6 0.732500 0.152500 0.015000 0.015000
6 0.742500 0.157500 0.012500 0.015000
6 0.861250 0.151250 0.012500 0.015000
6 0.877500 0.153750 0.012500 0.017500
6 0.890000 0.156250 0.012500 0.017500
6 0.900000 0.155000 0.010000 0.015000
6 0.947500 0.156250 0.020000 0.010000
6 0.875000 0.200000 0.020000 0.007500
6 0.928750 0.211250 0.015000 0.020000
6 0.705000 0.208750 0.015000 0.015000
6 0.687500 0.221250 0.017500 0.012500
6 0.943750 0.247500 0.012500 0.012500
6 0.953750 0.248750 0.012500 0.012500
6 0.963750 0.253750 0.012500 0.015000
6 0.977500 0.255000 0.012500 0.015000
6 0.987500 0.257500 0.010000 0.015000
6 0.721250 0.642500 0.022500 0.007500
6 0.697500 0.706250 0.017500 0.010000
6 0.055000 0.993750 0.035000 0.020000
