6 0.181250 0.910000 0.025000 0.010000
6 0.217500 0.205000 0.025000 0.012500
6 0.351250 0.028750 0.017500 0.012500
6 0.345000 0.038750 0.020000 0.012500
6 0.311250 0.066250 0.017500 0.017500
6 0.280000 0.092500 0.020000 0.012500
6 0.266250 0.103750 0.020000 0.012500
6 0.260000 0.111250 0.017500 0.010000
6 0.276250 0.125000 0.012500 0.010000
6 0.163750 0.113750 0.017500 0.012500
6 0.450000 0.183750 0.020000 0.012500
6 0.457500 0.177500 0.020000 0.012500
6 0.466250 0.170000 0.022500 0.017500
6 0.478750 0.156250 0.017500 0.010000
6 0.487500 0.150000 0.017500 0.010000
6 0.498750 0.140000 0.020000 0.012500
