6 0.610000 0.123750 0.017500 0.012500
6 0.766250 0.192500 0.020000 0.015000
6 0.140000 0.508750 0.020000 0.012500
6 0.306250 0.597500 0.012500 0.012500
6 0.318750 0.600000 0.015000 0.020000
6 0.000000 0.863750 0.017500 0.012500
6 0.013750 0.867500 0.015000 0.015000
6 0.030000 0.871250 0.017500 0.017500
6 0.111250 0.901250 0.012500 0.015000
6 0.127500 0.903750 0.012500 0.017500
6 0.140000 0.906250 0.012500 0.017500
6 0.150000 0.905000 0.010000 0.015000
6 0.197500 0.906250 0.020000 0.010000
6 0.125000 0.950000 0.020000 0.007500
6 0.178750 0.961250 0.015000 0.020000
6 0.193750 0.997500 0.012500 0.012500
6 0.203750 0.998750 0.012500 0.012500
6 0.460000 0.716250 0.020000 0.020000
6 0.600000 0.597500 0.017500 0.015000
6 0.668750 0.460000 0.015000 0.012500
6 0.477500 0.383750 0.012500 0.017500
6 0.652500 0.353750 0.015000 0.015000
6 0.636250 0.326250 0.015000 0.012500
6 0.750000 0.360000 0.047500 0.037500
6 0.746250 0.313750 0.017500 0.012500
6 0.795000 0.271250 0.050000 0.050000
6 0.863750 0.103750 0.020000 0.017500
6 0.981250 0.078750 0.040000 0.035000
6 0.490000 0.685000 0.025000 0.025000
6 0.492500 0.362500 0.015000 0.015000
