6 0.803750 0.790000 0.017500 0.015000
6 0.812500 0.802500 0.012500 0.012500
6 0.825000 0.805000 0.017500 0.017500
6 0.831250 0.808750 0.017500 0.015000
6 0.842500 0.815000 0.017500 0.015000
6 0.855000 0.822500 0.020000 0.015000
6 0.022500 0.012500 0.017500 0.017500
6 0.161250 0.130000 0.020000 0.012500
6 0.168750 0.123750 0.020000 0.012500
6 0.177500 0.116250 0.022500 0.017500
6 0.190000 0.102500 0.017500 0.010000
6 0.198750 0.096250 0.017500 0.010000
6 0.210000 0.086250 0.020000 0.012500
6 0.785000 0.563750 0.022500 0.010000
6 0.942500 0.621250 0.020000 0.015000
