6 0.262500 0.553750 0.010000 0.025000
6 0.311250 0.611250 0.017500 0.020000
6 0.273750 0.796250 0.010000 0.015000
6 0.152500 0.475000 0.020000 0.007500
6 0.126250 0.477500 0.007500 0.005000
6 0.298750 0.341250 0.005000 0.010000
6 0.087500 0.892500 0.015000 0.007500
6 0.322500 0.912500 0.007500 0.017500
6 0.310000 0.725000 0.007500 0.012500
6 0.262500 0.578750 0.007500 0.027500
6 0.081250 0.731250 0.020000 0.012500
6 0.270000 0.768750 0.015000 0.017500
6 0.328750 0.393750 0.020000 0.010000
6 0.006250 0.740000 0.022500 0.017500
6 0.150000 0.727500 0.020000 0.012500
