6 0.273750 0.963750 0.010000 0.020000
6 0.792500 0.995000 0.015000 0.020000
6 0.320000 0.890000 0.015000 0.020000
6 0.395000 0.783750 0.017500 0.020000
6 0.741250 0.605000 0.020000 0.010000
6 0.295000 0.943750 0.015000 0.022500
6 0.610000 0.471250 0.020000 0.020000
6 0.515000 0.591250 0.015000 0.020000
6 0.592500 0.471250 0.015000 0.015000
6 0.672500 0.761250 0.022500 0.017500
6 0.397500 0.758750 0.022500 0.022500
6 0.250000 0.976250 0.020000 0.020000
6 0.181250 0.998750 0.020000 0.025000
6 0.431250 0.710000 0.015000 0.020000
6 0.876250 0.085000 0.017500 0.017500
6 0.851250 0.092500 0.017500 0.020000
6 0.636250 0.430000 0.015000 0.020000
6 0.617500 0.435000 0.020000 0.025000
6 0.731250 0.831250 0.015000 0.010000
6 0.781250 0.196250 0.015000 0.015000
6 0.823750 0.135000 0.015000 0.020000
6 0.841250 0.136250 0.012500 0.015000
6 0.642500 0.397500 0.020000 0.025000
6 0.498750 0.642500 0.022500 0.025000
6 0.340000 0.858750 0.015000 0.022500
