6 0.231250 0.292500 0.025000 0.027500
6 0.010000 0.147500 0.025000 0.020000
6 0.970000 0.631250 0.032500 0.030000
6 0.321250 0.482500 0.025000 0.020000
6 0.312500 0.537500 0.017500 0.022500
6 0.345000 0.546250 0.007500 0.015000
6 0.765000 0.621250 0.030000 0.027500
6 0.877500 0.706250 0.015000 0.025000
6 0.753750 0.888750 0.017500 0.025000
6 0.778750 0.940000 0.032500 0.025000
6 0.280000 0.681250 0.010000 0.022500
6 0.795000 0.890000 0.007500 0.020000
6 0.783750 0.892500 0.012500 0.030000
6 0.850000 0.993750 0.007500 0.015000
6 0.155000 0.250000 0.015000 0.012500
6 0.205000 0.280000 0.022500 0.015000
6 0.192500 0.256250 0.015000 0.010000
6 0.031250 0.255000 0.012500 0.010000
6 0.775000 0.008750 0.007500 0.010000
6 0.772500 0.072500 0.010000 0.010000
6 0.736250 0.191250 0.010000 0.012500
6 0.607500 0.112500 0.010000 0.012500
6 0.161250 0.590000 0.015000 0.012500
6 0.307500 0.722500 0.022500 0.015000
6 0.318750 0.713750 0.022500 0.010000
6 0.315000 0.706250 0.025000 0.012500
6 0.753750 0.075000 0.005000 0.005000
6 0.745000 0.130000 0.010000 0.010000
6 0.718750 0.123750 0.007500 0.007500
6 0.688750 0.121250 0.007500 0.005000
6 0.716250 0.190000 0.010000 0.007500
6 0.543750 0.102500 0.010000 0.005000
6 0.806250 0.980000 0.022500 0.015000
6 0.798750 0.971250 0.012500 0.015000
6 0.035000 0.302500 0.017500 0.020000
6 0.021250 0.942500 0.072500 0.020000
6 0.177500 0.361250 0.015000 0.012500
6 0.665000 0.455000 0.022500 0.015000
6 0.578750 0.496250 0.020000 0.015000
6 0.640000 0.533750 0.020000 0.012500
6 0.881250 0.683750 0.020000 0.012500
6 0.821250 0.900000 0.027500 0.060000
6 0.413750 0.962500 0.060000 0.020000
6 0.430000 0.976250 0.050000 0.012500
6 0.427500 0.988750 0.047500 0.017500
6 0.936250 0.477500 0.020000 0.017500
6 0.990000 0.520000 0.017500 0.015000
6 0.763750 0.007500 0.010000 0.007500
6 0.747500 0.005000 0.007500 0.007500
6 0.727500 0.187500 0.010000 0.005000
6 0.731250 0.886250 0.010000 0.022500
6 0.742500 0.888750 0.010000 0.022500
6 0.065000 0.147500 0.022500 0.012500
6 0.772500 0.897500 0.007500 0.017500
6 0.015000 0.005000 0.015000 0.015000
6 0.006250 0.246250 0.015000 0.017500
6 0.242500 0.281250 0.015000 0.015000
6 0.378750 0.500000 0.020000 0.007500
6 0.000000 0.372500 0.017500 0.020000
6 0.043750 0.371250 0.012500 0.022500
6 0.003750 0.278750 0.015000 0.027500
6 0.106250 0.272500 0.020000 0.012500
6 0.247500 0.722500 0.022500 0.015000
6 0.046250 0.235000 0.017500 0.020000
6 0.378750 0.510000 0.022500 0.010000
6 0.077500 0.040000 0.017500 0.020000
6 0.716250 0.882500 0.012500 0.015000
6 0.037500 0.001250 0.022500 0.020000
6 0.025000 0.028750 0.020000 0.015000
6 0.050000 0.041250 0.017500 0.015000
6 0.016250 0.252500 0.022500 0.020000
6 0.267500 0.300000 0.017500 0.012500
6 0.668750 0.341250 0.025000 0.022500
6 0.368750 0.362500 0.015000 0.022500
6 0.203750 0.292500 0.020000 0.017500
6 0.951250 0.722500 0.020000 0.012500
6 0.238750 0.076250 0.015000 0.022500
6 0.332500 0.465000 0.025000 0.017500
6 0.215000 0.270000 0.017500 0.015000
6 0.885000 0.597500 0.025000 0.020000
6 0.420000 0.420000 0.022500 0.015000
6 0.558750 0.817500 0.010000 0.035000
6 0.332500 0.540000 0.012500 0.022500
6 0.280000 0.727500 0.030000 0.017500
6 0.362500 0.217500 0.017500 0.017500
6 0.002500 0.061250 0.017500 0.020000
6 0.266250 0.143750 0.017500 0.025000
6 0.721250 0.596250 0.017500 0.020000
6 0.172500 0.245000 0.022500 0.015000
6 0.050000 0.212500 0.017500 0.020000
6 0.881250 0.415000 0.012500 0.020000
6 0.166250 0.270000 0.030000 0.012500
6 0.256250 0.307500 0.020000 0.015000
6 0.016250 0.272500 0.017500 0.015000
6 0.071250 0.056250 0.022500 0.020000
6 0.655000 0.555000 0.017500 0.017500
6 0.140000 0.000000 0.020000 0.015000
6 0.281250 0.321250 0.017500 0.015000
6 0.057500 0.308750 0.012500 0.020000
6 0.196250 0.535000 0.022500 0.015000
6 0.017500 0.213750 0.015000 0.020000
6 0.183750 0.263750 0.027500 0.015000
6 0.250000 0.322500 0.022500 0.020000
6 0.042500 0.021250 0.020000 0.017500
6 0.007500 0.313750 0.020000 0.025000
6 0.077500 0.013750 0.020000 0.010000
