6 0.688750 0.841250 0.015000 0.022500
6 0.187500 0.820000 0.012500 0.012500
6 0.183750 0.802500 0.012500 0.015000
6 0.311250 0.755000 0.020000 0.007500
6 0.455000 0.748750 0.020000 0.012500
6 0.362500 0.650000 0.007500 0.012500
6 0.676250 0.593750 0.012500 0.020000
6 0.688750 0.540000 0.017500 0.020000
6 0.532500 0.911250 0.025000 0.012500
6 0.692500 0.636250 0.010000 0.025000
6 0.902500 0.475000 0.020000 0.007500
6 0.876250 0.477500 0.007500 0.005000
6 0.837500 0.892500 0.015000 0.007500
6 0.105000 0.511250 0.015000 0.010000
6 0.598750 0.923750 0.010000 0.020000
6 0.357500 0.861250 0.007500 0.017500
6 0.531250 0.658750 0.007500 0.020000
6 0.325000 0.918750 0.020000 0.010000
6 0.683750 0.773750 0.007500 0.017500
6 0.643750 0.741250 0.022500 0.015000
6 0.503750 0.155000 0.010000 0.020000
6 0.570000 0.746250 0.017500 0.015000
6 0.831250 0.731250 0.020000 0.012500
6 0.173750 0.227500 0.010000 0.022500
6 0.335000 0.756250 0.020000 0.012500
6 0.503750 0.748750 0.020000 0.010000
6 0.337500 0.117500 0.015000 0.032500
6 0.392500 0.753750 0.025000 0.017500
6 0.756250 0.740000 0.022500 0.017500
6 0.900000 0.727500 0.020000 0.012500
6 0.595000 0.742500 0.017500 0.017500
6 0.253750 0.503750 0.020000 0.010000
6 0.507500 0.910000 0.015000 0.007500
6 0.511250 0.665000 0.012500 0.017500
6 0.288750 0.940000 0.020000 0.020000
6 0.205000 0.850000 0.015000 0.020000
6 0.166250 0.266250 0.012500 0.022500
6 0.188750 0.838750 0.012500 0.015000
6 0.003750 0.101250 0.010000 0.030000
6 0.280000 0.501250 0.025000 0.015000
6 0.478750 0.912500 0.017500 0.012500
6 0.681250 0.703750 0.017500 0.025000
