6 0.066250 0.091250 0.015000 0.022500
6 0.401250 0.046250 0.010000 0.015000
6 0.263750 0.620000 0.025000 0.012500
6 0.297500 0.586250 0.017500 0.017500
6 0.177500 0.465000 0.022500 0.012500
6 0.197500 0.471250 0.025000 0.012500
6 0.257500 0.480000 0.032500 0.017500
6 0.292500 0.491250 0.022500 0.015000
6 0.215000 0.142500 0.015000 0.007500
6 0.450000 0.162500 0.007500 0.017500
6 0.061250 0.023750 0.007500 0.017500
6 0.367500 0.522500 0.015000 0.017500
6 0.397500 0.018750 0.015000 0.017500
6 0.978750 0.842500 0.017500 0.020000
6 0.853750 0.623750 0.017500 0.012500
6 0.853750 0.698750 0.017500 0.017500
6 0.908750 0.946250 0.015000 0.015000
6 0.766250 0.582500 0.025000 0.017500
6 0.951250 0.885000 0.015000 0.020000
6 0.968750 0.886250 0.012500 0.015000
