6 0.787500 0.806250 0.020000 0.012500
6 0.232500 0.246250 0.012500 0.020000
6 0.247500 0.250000 0.017500 0.015000
6 0.167500 0.885000 0.025000 0.015000
6 0.281250 0.850000 0.017500 0.030000
6 0.890000 0.276250 0.020000 0.010000
6 0.376250 0.422500 0.012500 0.017500
6 0.742500 0.606250 0.017500 0.012500
6 0.786250 0.630000 0.017500 0.015000
6 0.228750 0.070000 0.020000 0.007500
6 0.680000 0.621250 0.010000 0.007500
6 0.103750 0.878750 0.017500 0.007500
6 0.753750 0.823750 0.022500 0.010000
6 0.857500 0.800000 0.020000 0.010000
6 0.358750 0.917500 0.020000 0.007500
6 0.830000 0.857500 0.020000 0.010000
6 0.466250 0.311250 0.022500 0.010000
6 0.407500 0.896250 0.015000 0.005000
6 0.282500 0.822500 0.020000 0.020000
6 0.620000 0.886250 0.020000 0.020000
6 0.727500 0.878750 0.017500 0.007500
6 0.773750 0.918750 0.007500 0.022500
6 0.317500 0.867500 0.020000 0.017500
6 0.611250 0.825000 0.020000 0.010000
6 0.278750 0.767500 0.010000 0.020000
6 0.602500 0.877500 0.020000 0.020000
6 0.693750 0.818750 0.022500 0.027500
6 0.188750 0.870000 0.020000 0.022500
