6 0.315000 0.048750 0.010000 0.020000
6 0.030000 0.761250 0.015000 0.025000
6 0.481250 0.970000 0.012500 0.020000
6 0.470000 0.968750 0.010000 0.017500
6 0.441250 0.963750 0.007500 0.020000
6 0.708750 0.270000 0.015000 0.012500
6 0.842500 0.117500 0.020000 0.012500
6 0.715000 0.255000 0.020000 0.015000
6 0.460000 0.882500 0.020000 0.017500
6 0.456250 0.928750 0.022500 0.017500
6 0.455000 0.911250 0.025000 0.015000
6 0.702500 0.297500 0.017500 0.020000
6 0.070000 0.895000 0.020000 0.020000
