6 0.140000 0.356250 0.015000 0.025000
6 0.351250 0.488750 0.012500 0.020000
6 0.610000 0.287500 0.020000 0.010000
6 0.627500 0.290000 0.020000 0.012500
6 0.118750 0.512500 0.012500 0.017500
6 0.495000 0.535000 0.012500 0.020000
6 0.406250 0.893750 0.017500 0.010000
6 0.570000 0.045000 0.010000 0.012500
6 0.168750 0.075000 0.017500 0.007500
6 0.170000 0.085000 0.020000 0.012500
6 0.436250 0.305000 0.020000 0.010000
6 0.135000 0.398750 0.010000 0.017500
6 0.215000 0.146250 0.022500 0.012500
6 0.122500 0.481250 0.012500 0.027500
6 0.130000 0.431250 0.005000 0.022500
6 0.226250 0.163750 0.017500 0.010000
6 0.450000 0.812500 0.010000 0.017500
