6 0.392500 0.806250 0.012500 0.022500
6 0.200000 0.076875 0.017500 0.041250
6 0.233125 0.805625 0.008750 0.016250
6 0.041875 0.945625 0.008750 0.013750
6 0.328125 0.828750 0.008750 0.020000
6 0.320000 0.917500 0.010000 0.022500
6 0.420625 0.900000 0.008750 0.020000
6 0.433125 0.900000 0.008750 0.017500
6 0.133125 0.951875 0.008750 0.021250
6 0.476250 0.795000 0.007500 0.015000
6 0.551875 0.881875 0.008750 0.018750
6 0.567500 0.898750 0.010000 0.022500
6 0.458125 0.838750 0.016250 0.010000
6 0.455000 0.828750 0.017500 0.010000
6 0.523750 0.785000 0.010000 0.012500
6 0.741250 0.852500 0.012500 0.020000
6 0.764375 0.844375 0.008750 0.018750
6 0.770000 0.754375 0.010000 0.016250
6 0.778125 0.747500 0.008750 0.015000
6 0.781250 0.762500 0.007500 0.015000
6 0.971250 0.696250 0.020000 0.012500
6 0.620625 0.233125 0.018750 0.011250
6 0.355000 0.812500 0.010000 0.017500
