6 0.685000 0.377500 0.030000 0.017500
6 0.757500 0.393750 0.030000 0.012500
6 0.913750 0.423750 0.027500 0.020000
6 0.373750 0.283750 0.017500 0.020000
6 0.207500 0.248750 0.017500 0.022500
6 0.193750 0.246250 0.015000 0.022500
6 0.377500 0.318750 0.025000 0.015000
6 0.253750 0.165000 0.012500 0.020000
6 0.073750 0.278750 0.025000 0.015000
6 0.735000 0.155000 0.017500 0.022500
6 0.720000 0.157500 0.010000 0.025000
6 0.703750 0.153750 0.015000 0.017500
6 0.686250 0.148750 0.015000 0.022500
6 0.850000 0.142500 0.032500 0.015000
6 0.310000 0.226250 0.017500 0.017500
6 0.383750 0.242500 0.025000 0.025000
6 0.436250 0.255000 0.015000 0.022500
6 0.302500 0.270000 0.015000 0.017500
6 0.402500 0.287500 0.022500 0.025000
6 0.451250 0.256250 0.017500 0.020000
6 0.672500 0.150000 0.015000 0.020000
6 0.765000 0.157500 0.017500 0.025000
6 0.007500 0.201250 0.020000 0.017500
6 0.990000 0.452500 0.037500 0.012500
6 0.747500 0.405000 0.037500 0.017500
