6 0.171250 0.477500 0.020000 0.025000
6 0.110000 0.696250 0.025000 0.020000
6 0.432500 0.790000 0.030000 0.015000
6 0.721250 0.843750 0.030000 0.020000
6 0.155000 0.691250 0.017500 0.017500
6 0.026250 0.993750 0.025000 0.015000
6 0.563750 0.816250 0.017500 0.007500
6 0.470000 0.998750 0.047500 0.022500
6 0.683750 0.836250 0.027500 0.012500
6 0.680000 0.096250 0.027500 0.032500
6 0.743750 0.032500 0.020000 0.017500
6 0.730000 0.031250 0.015000 0.020000
6 0.732500 0.083750 0.022500 0.012500
6 0.720000 0.103750 0.020000 0.007500
6 0.200000 0.511250 0.022500 0.025000
6 0.166250 0.735000 0.027500 0.010000
6 0.038750 0.566250 0.022500 0.010000
6 0.272500 0.758750 0.020000 0.012500
