6 0.150000 0.120000 0.027500 0.010000
6 0.182500 0.140000 0.030000 0.012500
6 0.418750 0.100000 0.022500 0.012500
6 0.453750 0.103750 0.025000 0.010000
6 0.406250 0.173750 0.032500 0.015000
6 0.516250 0.193750 0.025000 0.012500
6 0.600000 0.136250 0.027500 0.015000
6 0.505000 0.115000 0.022500 0.017500
6 0.250000 0.000000 0.012500 0.020000
6 0.742500 0.075000 0.020000 0.020000
6 0.723750 0.086250 0.017500 0.020000
6 0.706250 0.100000 0.020000 0.022500
6 0.671250 0.237500 0.020000 0.012500
6 0.776250 0.243750 0.025000 0.015000
6 0.716250 0.188750 0.025000 0.015000
