6 0.022500 0.005000 0.017500 0.020000
6 0.007500 0.001250 0.015000 0.020000
6 0.015000 0.020000 0.017500 0.020000
6 0.006250 0.028750 0.015000 0.017500
6 0.038750 0.011250 0.017500 0.020000
6 0.067500 0.016250 0.015000 0.020000
6 0.056250 0.020000 0.017500 0.020000
6 0.032500 0.027500 0.017500 0.022500
6 0.048750 0.032500 0.020000 0.020000
6 0.023750 0.040000 0.017500 0.020000
6 0.060000 0.033750 0.015000 0.015000
6 0.992500 0.391250 0.025000 0.020000
6 0.957500 0.446250 0.020000 0.015000
6 0.941250 0.465000 0.025000 0.017500
6 0.770000 0.641250 0.030000 0.020000
6 0.740000 0.950000 0.027500 0.025000
6 0.726250 0.943750 0.027500 0.022500
6 0.376250 0.746250 0.030000 0.027500
6 0.393750 0.757500 0.032500 0.032500
6 0.411250 0.762500 0.027500 0.027500
6 0.443750 0.782500 0.027500 0.027500
6 0.490000 0.666250 0.032500 0.027500
6 0.616250 0.555000 0.017500 0.010000
6 0.565000 0.522500 0.022500 0.010000
6 0.537500 0.507500 0.022500 0.012500
6 0.273750 0.642500 0.050000 0.050000
6 0.246250 0.633750 0.055000 0.047500
6 0.190000 0.603750 0.050000 0.052500
6 0.138750 0.572500 0.052500 0.052500
6 0.350000 0.590000 0.037500 0.037500
6 0.322500 0.588750 0.055000 0.052500
6 0.301250 0.576250 0.055000 0.052500
6 0.282500 0.562500 0.050000 0.050000
6 0.267500 0.552500 0.055000 0.052500
6 0.248750 0.541250 0.052500 0.050000
6 0.230000 0.533750 0.052500 0.047500
6 0.208750 0.523750 0.052500 0.052500
6 0.190000 0.513750 0.052500 0.050000
6 0.173750 0.500000 0.037500 0.032500
6 0.076250 0.533750 0.040000 0.025000
6 0.086250 0.522500 0.032500 0.022500
6 0.452500 0.643750 0.037500 0.035000
6 0.038750 0.396250 0.020000 0.037500
6 0.136250 0.468750 0.045000 0.030000
6 0.015000 0.205000 0.030000 0.017500
6 0.056250 0.190000 0.042500 0.020000
6 0.165000 0.158750 0.022500 0.015000
6 0.327500 0.402500 0.020000 0.015000
6 0.340000 0.412500 0.020000 0.017500
6 0.348750 0.416250 0.017500 0.017500
6 0.368750 0.426250 0.020000 0.020000
6 0.383750 0.440000 0.020000 0.020000
6 0.401250 0.451250 0.017500 0.017500
6 0.371250 0.365000 0.020000 0.017500
6 0.380000 0.372500 0.017500 0.017500
6 0.396250 0.382500 0.017500 0.017500
6 0.410000 0.390000 0.017500 0.017500
6 0.541250 0.362500 0.015000 0.017500
6 0.568750 0.332500 0.017500 0.022500
6 0.355000 0.336250 0.022500 0.017500
6 0.368750 0.325000 0.022500 0.015000
6 0.375000 0.312500 0.020000 0.017500
6 0.273750 0.303750 0.020000 0.015000
6 0.291250 0.313750 0.020000 0.012500
6 0.281250 0.297500 0.025000 0.017500
6 0.300000 0.308750 0.020000 0.015000
6 0.291250 0.290000 0.017500 0.015000
6 0.306250 0.300000 0.015000 0.012500
6 0.297500 0.283750 0.020000 0.017500
6 0.315000 0.295000 0.022500 0.017500
6 0.301250 0.273750 0.022500 0.015000
6 0.322500 0.286250 0.022500 0.015000
6 0.225000 0.251250 0.022500 0.012500
6 0.228750 0.241250 0.022500 0.012500
6 0.235000 0.235000 0.025000 0.012500
6 0.237500 0.226250 0.022500 0.012500
6 0.242500 0.216250 0.022500 0.012500
6 0.248750 0.206250 0.025000 0.015000
6 0.390000 0.296250 0.020000 0.012500
6 0.253750 0.191250 0.022500 0.012500
6 0.258750 0.182500 0.025000 0.015000
6 0.262500 0.173750 0.022500 0.012500
6 0.307500 0.211250 0.017500 0.017500
6 0.321250 0.257500 0.020000 0.017500
6 0.327500 0.251250 0.020000 0.017500
6 0.341250 0.268750 0.022500 0.017500
6 0.398750 0.288750 0.022500 0.015000
6 0.347500 0.258750 0.022500 0.015000
6 0.335000 0.241250 0.020000 0.017500
6 0.353750 0.253750 0.025000 0.017500
6 0.343750 0.232500 0.020000 0.015000
6 0.360000 0.246250 0.022500 0.017500
6 0.348750 0.221250 0.020000 0.015000
6 0.367500 0.238750 0.022500 0.017500
6 0.317500 0.187500 0.020000 0.010000
6 0.357500 0.212500 0.020000 0.015000
6 0.373750 0.230000 0.025000 0.015000
6 0.406250 0.280000 0.027500 0.015000
6 0.426250 0.253750 0.022500 0.015000
6 0.436250 0.247500 0.020000 0.012500
6 0.443750 0.240000 0.022500 0.017500
6 0.422500 0.182500 0.022500 0.015000
6 0.460000 0.225000 0.022500 0.017500
6 0.481250 0.200000 0.022500 0.017500
6 0.488750 0.190000 0.022500 0.012500
6 0.373750 0.195000 0.020000 0.012500
6 0.382500 0.222500 0.022500 0.012500
6 0.431250 0.172500 0.022500 0.015000
6 0.267500 0.162500 0.022500 0.015000
6 0.445000 0.156250 0.022500 0.017500
6 0.460000 0.141250 0.020000 0.015000
6 0.276250 0.146250 0.022500 0.012500
6 0.292500 0.135000 0.015000 0.015000
6 0.303750 0.133750 0.012500 0.017500
6 0.326250 0.126250 0.012500 0.015000
6 0.358750 0.120000 0.015000 0.017500
6 0.398750 0.106250 0.015000 0.017500
6 0.413750 0.101250 0.015000 0.017500
6 0.430000 0.095000 0.017500 0.017500
6 0.442500 0.092500 0.017500 0.020000
6 0.451250 0.087500 0.015000 0.017500
6 0.400000 0.170000 0.017500 0.012500
6 0.462500 0.083750 0.015000 0.017500
6 0.475000 0.075000 0.017500 0.015000
6 0.487500 0.071250 0.020000 0.017500
6 0.497500 0.063750 0.020000 0.017500
6 0.510000 0.052500 0.017500 0.017500
6 0.587500 0.038750 0.025000 0.022500
6 0.607500 0.047500 0.017500 0.015000
6 0.626250 0.060000 0.017500 0.017500
6 0.651250 0.071250 0.017500 0.015000
6 0.661250 0.080000 0.020000 0.017500
6 0.673750 0.086250 0.017500 0.017500
6 0.698750 0.101250 0.017500 0.015000
6 0.711250 0.110000 0.020000 0.017500
6 0.722500 0.115000 0.017500 0.015000
6 0.413750 0.273750 0.025000 0.015000
6 0.473750 0.210000 0.025000 0.020000
