6 0.152500 0.953750 0.015000 0.020000
6 0.117500 0.418750 0.015000 0.015000
6 0.410000 0.593750 0.017500 0.015000
6 0.641250 0.436250 0.012500 0.010000
6 0.742500 0.573750 0.017500 0.017500
6 0.610000 0.540000 0.015000 0.012500
6 0.875000 0.698750 0.020000 0.012500
6 0.631250 0.695000 0.017500 0.017500
6 0.650000 0.742500 0.020000 0.010000
6 0.651250 0.751250 0.020000 0.010000
6 0.650000 0.760000 0.020000 0.010000
6 0.980000 0.817500 0.015000 0.015000
6 0.941250 0.982500 0.015000 0.012500
6 0.907500 0.981250 0.012500 0.015000
6 0.585000 0.665000 0.012500 0.017500
6 0.593750 0.701250 0.012500 0.017500
6 0.380000 0.732500 0.015000 0.017500
6 0.380000 0.758750 0.015000 0.017500
6 0.640000 0.898750 0.015000 0.017500
6 0.916250 0.925000 0.012500 0.015000
6 0.958750 0.887500 0.012500 0.015000
6 0.922500 0.892500 0.012500 0.015000
6 0.930000 0.862500 0.012500 0.015000
6 0.605000 0.837500 0.010000 0.017500
