6 0.306250 0.675000 0.020000 0.007500
6 0.306250 0.663750 0.020000 0.010000
6 0.125000 0.698750 0.020000 0.012500
6 0.230000 0.817500 0.015000 0.015000
6 0.251250 0.781250 0.045000 0.012500
6 0.255000 0.773750 0.020000 0.010000
6 0.191250 0.982500 0.015000 0.012500
6 0.157500 0.981250 0.012500 0.015000
6 0.703750 0.993750 0.015000 0.017500
6 0.851250 0.956250 0.022500 0.010000
6 0.695000 0.950000 0.012500 0.015000
6 0.747500 0.933750 0.015000 0.015000
6 0.701250 0.910000 0.012500 0.015000
6 0.751250 0.905000 0.012500 0.010000
6 0.697500 0.876250 0.012500 0.015000
6 0.733750 0.866250 0.015000 0.017500
6 0.751250 0.872500 0.012500 0.012500
6 0.707500 0.845000 0.015000 0.015000
6 0.751250 0.851250 0.015000 0.015000
6 0.750000 0.822500 0.015000 0.015000
6 0.756250 0.796250 0.012500 0.015000
6 0.712500 0.722500 0.015000 0.012500
6 0.752500 0.727500 0.012500 0.015000
6 0.760000 0.670000 0.017500 0.017500
6 0.760000 0.651250 0.012500 0.012500
6 0.741250 0.635000 0.012500 0.015000
6 0.760000 0.633750 0.015000 0.015000
6 0.760000 0.583750 0.012500 0.015000
6 0.761250 0.560000 0.015000 0.015000
6 0.696250 0.548750 0.020000 0.010000
6 0.698750 0.528750 0.015000 0.007500
6 0.715000 0.521250 0.012500 0.012500
6 0.715000 0.505000 0.015000 0.015000
6 0.780000 0.505000 0.017500 0.012500
6 0.808750 0.513750 0.022500 0.010000
6 0.808750 0.506250 0.025000 0.010000
6 0.808750 0.497500 0.022500 0.010000
6 0.790000 0.461250 0.015000 0.017500
6 0.745000 0.442500 0.017500 0.015000
6 0.781250 0.441250 0.012500 0.012500
6 0.776250 0.415000 0.017500 0.012500
6 0.821250 0.405000 0.020000 0.010000
6 0.807500 0.451250 0.017500 0.010000
6 0.805000 0.346250 0.015000 0.015000
6 0.832500 0.320000 0.012500 0.015000
6 0.838750 0.303750 0.015000 0.012500
6 0.891250 0.243750 0.020000 0.010000
6 0.865000 0.215000 0.015000 0.017500
6 0.857500 0.162500 0.017500 0.015000
6 0.928750 0.165000 0.017500 0.010000
6 0.976250 0.071250 0.017500 0.015000
6 0.968750 0.051250 0.015000 0.015000
6 0.922500 0.013750 0.017500 0.017500
6 0.933750 0.940000 0.012500 0.010000
6 0.166250 0.925000 0.012500 0.015000
6 0.208750 0.887500 0.012500 0.015000
6 0.172500 0.892500 0.012500 0.015000
6 0.180000 0.862500 0.012500 0.015000
6 0.823750 0.977500 0.040000 0.012500
6 0.503750 0.877500 0.022500 0.010000
6 0.505000 0.867500 0.025000 0.007500
6 0.502500 0.858750 0.020000 0.007500
