6 0.087500 0.032500 0.017500 0.007500
6 0.089375 0.040625 0.013750 0.006250
6 0.091875 0.050000 0.016250 0.007500
6 0.096250 0.063750 0.012500 0.007500
6 0.122500 0.016250 0.017500 0.007500
6 0.125000 0.026250 0.022500 0.007500
6 0.127500 0.038750 0.012500 0.007500
6 0.130625 0.053750 0.013750 0.010000
6 0.115000 0.070625 0.010000 0.013750
6 0.123125 0.067500 0.008750 0.012500
6 0.220000 0.098750 0.012500 0.017500
6 0.206250 0.341875 0.015000 0.008750
6 0.137500 0.380625 0.012500 0.006250
6 0.058125 0.384375 0.018750 0.006250
6 0.082500 0.393125 0.017500 0.008750
6 0.153750 0.363125 0.030000 0.008750
6 0.616250 0.038125 0.015000 0.008750
6 0.616875 0.045625 0.016250 0.008750
6 0.621875 0.059375 0.011250 0.008750
6 0.625000 0.069375 0.017500 0.008750
6 0.803125 0.021250 0.011250 0.015000
6 0.886250 0.069375 0.010000 0.016250
6 0.880625 0.100000 0.011250 0.017500
6 0.989375 0.401250 0.011250 0.020000
6 0.970625 0.322500 0.008750 0.015000
6 0.955000 0.495000 0.015000 0.007500
6 0.936250 0.502500 0.015000 0.012500
6 0.920625 0.508750 0.011250 0.010000
6 0.903750 0.514375 0.012500 0.013750
6 0.886250 0.519375 0.015000 0.011250
6 0.839375 0.532500 0.013750 0.010000
6 0.769375 0.556250 0.018750 0.010000
6 0.455000 0.951875 0.015000 0.008750
6 0.521250 0.931875 0.012500 0.008750
6 0.693125 0.880625 0.016250 0.008750
6 0.680000 0.916250 0.007500 0.012500
6 0.143750 0.455000 0.012500 0.012500
6 0.186250 0.473125 0.010000 0.016250
6 0.188125 0.495625 0.008750 0.013750
6 0.178750 0.578125 0.010000 0.018750
6 0.205625 0.574375 0.008750 0.021250
6 0.242500 0.570625 0.007500 0.016250
6 0.163750 0.623125 0.012500 0.008750
6 0.165625 0.632500 0.016250 0.007500
6 0.258750 0.585625 0.010000 0.011250
6 0.248750 0.586250 0.010000 0.012500
6 0.239375 0.590000 0.008750 0.015000
6 0.195000 0.593125 0.015000 0.013750
6 0.203125 0.491875 0.008750 0.013750
6 0.213125 0.490000 0.008750 0.017500
6 0.372500 0.817500 0.005000 0.017500
6 0.333125 0.798125 0.006250 0.016250
6 0.185000 0.981250 0.012500 0.015000
6 0.174375 0.952500 0.011250 0.015000
6 0.166875 0.935625 0.011250 0.016250
6 0.304375 0.913125 0.006250 0.013750
