6 0.036875 0.080625 0.013750 0.008750
6 0.098750 0.046875 0.015000 0.013750
6 0.135000 0.021250 0.017500 0.007500
6 0.734375 0.086250 0.016250 0.017500
6 0.769375 0.108125 0.013750 0.013750
6 0.806875 0.115625 0.016250 0.018750
6 0.365625 0.868125 0.011250 0.016250
6 0.521250 0.873125 0.010000 0.013750
6 0.506875 0.902500 0.016250 0.012500
6 0.526875 0.869375 0.011250 0.011250
6 0.555625 0.853750 0.011250 0.015000
6 0.562500 0.848750 0.010000 0.012500
6 0.561250 0.889375 0.012500 0.013750
6 0.790000 0.936250 0.012500 0.015000
6 0.827500 0.806875 0.017500 0.011250
6 0.823750 0.860000 0.015000 0.017500
6 0.830000 0.857500 0.007500 0.017500
6 0.837500 0.853125 0.012500 0.016250
6 0.845000 0.845000 0.012500 0.012500
6 0.858750 0.838125 0.015000 0.013750
6 0.828750 0.958125 0.017500 0.013750
6 0.889375 0.277500 0.008750 0.012500
0 0.430000 0.822500 0.070000 0.087500
