6 0.440000 0.000000 0.012500 0.017500
6 0.775000 0.796250 0.010000 0.017500
6 0.791250 0.795000 0.010000 0.015000
6 0.426250 0.161250 0.017500 0.007500
6 0.432500 0.178750 0.017500 0.010000
6 0.211250 0.308750 0.020000 0.015000
6 0.607500 0.258750 0.012500 0.020000
6 0.550000 0.305000 0.010000 0.015000
6 0.435000 0.190000 0.020000 0.017500
6 0.436250 0.218750 0.020000 0.015000
6 0.590000 0.301250 0.010000 0.017500
6 0.037500 0.262500 0.022500 0.012500
6 0.537500 0.286250 0.020000 0.022500
6 0.586250 0.257500 0.015000 0.020000
6 0.431250 0.171250 0.020000 0.012500
6 0.542500 0.237500 0.007500 0.012500
6 0.553750 0.243750 0.007500 0.017500
6 0.580000 0.303750 0.012500 0.020000
6 0.551250 0.257500 0.010000 0.017500
6 0.571250 0.303750 0.012500 0.020000
