6 0.583750 0.398750 0.015000 0.022500
6 0.901250 0.256250 0.015000 0.007500
6 0.552500 0.430000 0.022500 0.015000
6 0.047500 0.295000 0.015000 0.017500
6 0.966250 0.261250 0.017500 0.007500
6 0.552500 0.201250 0.020000 0.012500
6 0.526250 0.225000 0.012500 0.015000
6 0.933750 0.258750 0.022500 0.012500
6 0.591250 0.442500 0.025000 0.015000
6 0.625000 0.635000 0.012500 0.015000
6 0.605000 0.645000 0.012500 0.010000
6 0.466250 0.442500 0.012500 0.020000
6 0.482500 0.445000 0.015000 0.017500
6 0.491250 0.448750 0.010000 0.020000
6 0.742500 0.463750 0.012500 0.020000
6 0.751250 0.467500 0.010000 0.017500
6 0.758750 0.472500 0.015000 0.022500
6 0.732500 0.527500 0.010000 0.017500
6 0.716250 0.518750 0.017500 0.020000
6 0.740000 0.528750 0.010000 0.017500
6 0.883750 0.255000 0.022500 0.010000
