6 0.703750 0.382500 0.007500 0.020000
6 0.651250 0.547500 0.020000 0.007500
6 0.690000 0.502500 0.010000 0.017500
6 0.655000 0.536250 0.017500 0.007500
6 0.131250 0.462500 0.010000 0.012500
6 0.106250 0.427500 0.012500 0.017500
6 0.140000 0.433750 0.010000 0.012500
6 0.596250 0.595000 0.012500 0.010000
6 0.573750 0.572500 0.012500 0.010000
6 0.598750 0.576250 0.015000 0.010000
6 0.603750 0.550000 0.015000 0.007500
6 0.651250 0.557500 0.015000 0.010000
6 0.650000 0.563750 0.015000 0.010000
6 0.700000 0.575000 0.010000 0.017500
6 0.166250 0.063750 0.017500 0.012500
6 0.721250 0.947500 0.017500 0.010000
6 0.013750 0.202500 0.022500 0.015000
6 0.021250 0.195000 0.015000 0.010000
6 0.435000 0.263750 0.022500 0.012500
6 0.395000 0.546250 0.017500 0.012500
6 0.362500 0.565000 0.010000 0.015000
6 0.405000 0.627500 0.012500 0.017500
6 0.433750 0.633750 0.015000 0.020000
6 0.475000 0.637500 0.015000 0.025000
6 0.485000 0.637500 0.012500 0.015000
6 0.078750 0.823750 0.017500 0.012500
6 0.057500 0.768750 0.010000 0.015000
6 0.052500 0.733750 0.012500 0.017500
6 0.053750 0.713750 0.017500 0.022500
6 0.046250 0.791250 0.010000 0.015000
6 0.085000 0.762500 0.015000 0.017500
6 0.048750 0.775000 0.015000 0.022500
6 0.051250 0.807500 0.017500 0.017500
6 0.058750 0.948750 0.012500 0.015000
6 0.146250 0.465000 0.012500 0.022500
6 0.160000 0.463750 0.010000 0.015000
6 0.170000 0.463750 0.010000 0.015000
6 0.066250 0.636250 0.007500 0.012500
6 0.081250 0.835000 0.017500 0.010000
6 0.093750 0.846250 0.020000 0.012500
6 0.543750 0.438750 0.022500 0.012500
6 0.455000 0.566250 0.020000 0.010000
6 0.455000 0.577500 0.015000 0.010000
6 0.391250 0.583750 0.020000 0.010000
6 0.388750 0.591250 0.017500 0.010000
6 0.356250 0.587500 0.012500 0.017500
6 0.682500 0.603750 0.010000 0.017500
6 0.856250 0.698750 0.020000 0.015000
6 0.852500 0.720000 0.020000 0.015000
6 0.855000 0.727500 0.020000 0.015000
6 0.850000 0.775000 0.025000 0.015000
6 0.831250 0.901250 0.012500 0.022500
6 0.828750 0.922500 0.012500 0.020000
6 0.815000 0.947500 0.025000 0.020000
6 0.741250 0.948750 0.020000 0.012500
6 0.760000 0.948750 0.020000 0.010000
6 0.790000 0.980000 0.015000 0.017500
6 0.701250 0.992500 0.010000 0.022500
6 0.722500 0.993750 0.010000 0.022500
6 0.731250 0.992500 0.007500 0.017500
6 0.740000 0.993750 0.010000 0.020000
6 0.750000 0.993750 0.010000 0.020000
6 0.061250 0.676250 0.010000 0.017500
6 0.075000 0.652500 0.012500 0.027500
6 0.701250 0.943750 0.017500 0.007500
6 0.060000 0.753750 0.010000 0.020000
6 0.061250 0.695000 0.010000 0.015000
6 0.072500 0.600000 0.010000 0.022500
6 0.063750 0.656250 0.007500 0.017500
