6 0.676250 0.188750 0.017500 0.022500
6 0.670000 0.216250 0.017500 0.027500
6 0.932500 0.081250 0.007500 0.015000
6 0.905000 0.491250 0.015000 0.010000
6 0.830000 0.925000 0.020000 0.012500
6 0.853750 0.922500 0.012500 0.010000
6 0.081250 0.962500 0.015000 0.020000
6 0.320000 0.233750 0.022500 0.010000
6 0.098750 0.281250 0.020000 0.012500
6 0.143750 0.653750 0.010000 0.017500
6 0.138750 0.686250 0.010000 0.015000
6 0.136250 0.706250 0.007500 0.015000
6 0.098750 0.740000 0.025000 0.010000
6 0.128750 0.751250 0.015000 0.022500
6 0.077500 0.280000 0.022500 0.010000
6 0.433750 0.103750 0.017500 0.007500
6 0.490000 0.096250 0.020000 0.007500
6 0.490000 0.105000 0.015000 0.005000
6 0.491250 0.113750 0.017500 0.005000
6 0.442500 0.165000 0.017500 0.012500
6 0.441250 0.185000 0.015000 0.010000
6 0.438750 0.195000 0.012500 0.010000
6 0.440000 0.205000 0.020000 0.012500
6 0.141250 0.291250 0.007500 0.012500
6 0.726250 0.733750 0.012500 0.025000
6 0.870000 0.733750 0.022500 0.007500
6 0.910000 0.851250 0.010000 0.017500
6 0.907500 0.873750 0.010000 0.022500
6 0.833750 0.708750 0.020000 0.012500
6 0.888750 0.727500 0.012500 0.012500
6 0.822500 0.623750 0.022500 0.015000
6 0.741250 0.603750 0.010000 0.020000
6 0.958750 0.406250 0.015000 0.012500
6 0.966250 0.120000 0.022500 0.010000
6 0.553750 0.165000 0.017500 0.015000
6 0.247500 0.223750 0.015000 0.010000
6 0.445000 0.173750 0.017500 0.010000
6 0.201250 0.048750 0.042500 0.040000
6 0.077500 0.325000 0.010000 0.020000
6 0.072500 0.352500 0.010000 0.022500
6 0.062500 0.353750 0.010000 0.022500
6 0.052500 0.351250 0.010000 0.017500
6 0.041250 0.351250 0.010000 0.017500
6 0.032500 0.348750 0.010000 0.015000
6 0.023750 0.347500 0.010000 0.022500
6 0.013750 0.341250 0.010000 0.020000
6 0.025000 0.312500 0.010000 0.020000
6 0.031250 0.276250 0.017500 0.010000
6 0.030000 0.286250 0.017500 0.007500
6 0.028750 0.295000 0.017500 0.010000
6 0.060000 0.218750 0.022500 0.007500
6 0.038750 0.435000 0.010000 0.022500
6 0.135000 0.408750 0.010000 0.015000
6 0.131250 0.443750 0.012500 0.020000
6 0.003750 0.202500 0.022500 0.010000
6 0.062500 0.210000 0.020000 0.012500
6 0.123750 0.227500 0.022500 0.012500
6 0.097500 0.216250 0.022500 0.010000
6 0.153750 0.227500 0.025000 0.010000
6 0.125000 0.242500 0.022500 0.012500
6 0.328750 0.243750 0.025000 0.015000
6 0.361250 0.258750 0.020000 0.010000
6 0.385000 0.251250 0.022500 0.010000
6 0.385000 0.261250 0.020000 0.010000
6 0.371250 0.240000 0.022500 0.012500
6 0.413750 0.262500 0.020000 0.010000
6 0.412500 0.252500 0.017500 0.010000
6 0.436250 0.255000 0.017500 0.010000
6 0.416250 0.245000 0.022500 0.010000
6 0.436250 0.267500 0.015000 0.010000
6 0.451250 0.277500 0.017500 0.007500
6 0.465000 0.261250 0.025000 0.010000
6 0.466250 0.271250 0.022500 0.012500
6 0.502500 0.255000 0.017500 0.007500
6 0.491250 0.261250 0.017500 0.010000
6 0.482500 0.252500 0.017500 0.010000
6 0.488750 0.272500 0.020000 0.012500
6 0.495000 0.285000 0.022500 0.012500
6 0.531250 0.297500 0.020000 0.012500
6 0.523750 0.276250 0.022500 0.012500
6 0.545000 0.291250 0.020000 0.010000
6 0.553750 0.268750 0.020000 0.012500
6 0.562500 0.261250 0.017500 0.007500
6 0.548750 0.278750 0.020000 0.010000
6 0.595000 0.266250 0.025000 0.015000
6 0.580000 0.273750 0.022500 0.012500
6 0.758750 0.281250 0.025000 0.012500
6 0.722500 0.298750 0.020000 0.010000
6 0.672500 0.310000 0.017500 0.010000
6 0.668750 0.298750 0.020000 0.007500
6 0.642500 0.298750 0.020000 0.010000
6 0.817500 0.283750 0.025000 0.012500
6 0.908750 0.455000 0.017500 0.012500
6 0.948750 0.486250 0.017500 0.015000
6 0.951250 0.461250 0.017500 0.015000
6 0.950000 0.448750 0.020000 0.017500
6 0.952500 0.436250 0.015000 0.017500
6 0.956250 0.415000 0.017500 0.015000
6 0.958750 0.406250 0.015000 0.012500
6 0.965000 0.440000 0.012500 0.027500
6 0.961250 0.492500 0.010000 0.022500
6 0.986250 0.511250 0.010000 0.020000
6 0.758750 0.427500 0.010000 0.020000
6 0.756250 0.451250 0.012500 0.020000
6 0.753750 0.477500 0.012500 0.020000
6 0.751250 0.502500 0.010000 0.017500
6 0.713750 0.311250 0.022500 0.010000
6 0.730000 0.585000 0.012500 0.022500
6 0.743750 0.577500 0.010000 0.022500
6 0.015000 0.412500 0.020000 0.010000
6 0.012500 0.420000 0.022500 0.010000
6 0.012500 0.428750 0.022500 0.012500
6 0.012500 0.438750 0.020000 0.010000
6 0.007500 0.447500 0.022500 0.010000
6 0.012500 0.383750 0.010000 0.022500
6 0.060000 0.450000 0.020000 0.010000
6 0.183750 0.235000 0.025000 0.012500
6 0.065000 0.398750 0.017500 0.010000
6 0.098750 0.887500 0.010000 0.020000
6 0.418750 0.502500 0.022500 0.015000
6 0.676250 0.951250 0.022500 0.010000
6 0.675000 0.958750 0.020000 0.010000
6 0.673750 0.966250 0.017500 0.010000
6 0.697500 0.972500 0.007500 0.017500
6 0.673750 0.975000 0.020000 0.010000
6 0.696250 0.998750 0.012500 0.017500
6 0.782500 0.603750 0.025000 0.012500
6 0.853750 0.910000 0.015000 0.010000
6 0.871250 0.745000 0.022500 0.012500
6 0.468750 0.500000 0.017500 0.010000
6 0.686250 0.268750 0.020000 0.022500
6 0.703750 0.937500 0.017500 0.025000
6 0.352500 0.248750 0.020000 0.012500
6 0.056250 0.458750 0.017500 0.010000
6 0.831250 0.741250 0.020000 0.012500
6 0.707500 0.923750 0.012500 0.030000
6 0.715000 0.826250 0.010000 0.035000
6 0.718750 0.787500 0.012500 0.020000
6 0.876250 0.657500 0.017500 0.010000
6 0.843750 0.947500 0.020000 0.015000
6 0.707500 0.892500 0.015000 0.020000
6 0.877500 0.678750 0.020000 0.015000
6 0.471250 0.486250 0.020000 0.012500
6 0.138750 0.361250 0.010000 0.015000
6 0.681250 0.156250 0.012500 0.025000
6 0.937500 0.293750 0.022500 0.022500
6 0.538750 0.258750 0.015000 0.012500
6 0.686250 0.086250 0.015000 0.022500
6 0.891250 0.677500 0.012500 0.020000
6 0.118750 0.205000 0.020000 0.015000
6 0.067500 0.390000 0.015000 0.010000
6 0.426250 0.482500 0.022500 0.015000
6 0.696250 0.017500 0.017500 0.025000
6 0.888750 0.701250 0.012500 0.022500
6 0.177500 0.508750 0.012500 0.022500
6 0.878750 0.631250 0.022500 0.015000
6 0.877500 0.643750 0.020000 0.012500
6 0.830000 0.753750 0.022500 0.020000
6 0.088750 0.203750 0.022500 0.012500
6 0.492500 0.087500 0.015000 0.012500
6 0.893750 0.655000 0.012500 0.020000
6 0.833750 0.718750 0.020000 0.017500
6 0.093750 0.918750 0.007500 0.020000
6 0.016250 0.316250 0.015000 0.020000
6 0.031250 0.393750 0.012500 0.020000
6 0.137500 0.382500 0.010000 0.015000
6 0.691250 0.066250 0.012500 0.022500
6 0.882500 0.802500 0.012500 0.022500
6 0.436250 0.097500 0.015000 0.010000
6 0.906250 0.905000 0.015000 0.025000
6 0.811250 0.713750 0.017500 0.012500
6 0.881250 0.830000 0.012500 0.020000
6 0.110000 0.863750 0.007500 0.015000
6 0.002500 0.381250 0.007500 0.017500
6 0.063750 0.421250 0.017500 0.007500
6 0.120000 0.101250 0.012500 0.017500
6 0.678750 0.136250 0.012500 0.020000
6 0.240000 0.256250 0.022500 0.010000
6 0.065000 0.415000 0.015000 0.012500
6 0.761250 0.400000 0.012500 0.022500
6 0.728750 0.613750 0.012500 0.020000
6 0.075000 0.740000 0.020000 0.007500
6 0.035000 0.207500 0.022500 0.010000
6 0.845000 0.960000 0.020000 0.015000
6 0.720000 0.757500 0.015000 0.017500
6 0.582500 0.283750 0.022500 0.010000
6 0.301250 0.242500 0.022500 0.015000
6 0.392500 0.273750 0.020000 0.010000
6 0.042500 0.390000 0.007500 0.017500
6 0.063750 0.430000 0.017500 0.012500
6 0.062500 0.405000 0.017500 0.012500
6 0.682500 0.117500 0.007500 0.015000
6 0.692500 0.302500 0.020000 0.012500
6 0.986250 0.241250 0.020000 0.022500
6 0.867500 0.946250 0.017500 0.010000
6 0.093750 0.225000 0.020000 0.010000
6 0.766250 0.366250 0.015000 0.025000
6 0.730000 0.656250 0.015000 0.020000
6 0.030000 0.217500 0.015000 0.015000
6 0.436250 0.086250 0.017500 0.012500
6 0.865000 0.810000 0.022500 0.017500
6 0.867500 0.825000 0.020000 0.015000
6 0.868750 0.957500 0.020000 0.012500
6 0.022500 0.386250 0.010000 0.017500
6 0.873750 0.667500 0.022500 0.012500
6 0.507500 0.450000 0.012500 0.020000
6 0.838750 0.628750 0.017500 0.022500
6 0.051250 0.388750 0.010000 0.015000
6 0.830000 0.731250 0.015000 0.012500
6 0.028750 0.436250 0.010000 0.017500
