6 0.496250 0.225000 0.010000 0.017500
6 0.798750 0.577500 0.020000 0.027500
6 0.317500 0.713750 0.015000 0.022500
6 0.351250 0.723750 0.015000 0.022500
6 0.316250 0.795000 0.015000 0.030000
6 0.263750 0.745000 0.022500 0.017500
6 0.277500 0.850000 0.012500 0.017500
6 0.275000 0.891250 0.012500 0.020000
6 0.262500 0.928750 0.012500 0.017500
6 0.235000 0.938750 0.012500 0.022500
6 0.086250 0.978750 0.012500 0.012500
6 0.081250 0.988750 0.017500 0.012500
6 0.580000 0.007500 0.015000 0.020000
6 0.395000 0.468750 0.012500 0.020000
6 0.415000 0.446250 0.010000 0.015000
6 0.253750 0.986250 0.010000 0.022500
6 0.003750 0.646250 0.022500 0.020000
6 0.336250 0.730000 0.015000 0.020000
6 0.227500 0.707500 0.010000 0.020000
6 0.227500 0.995000 0.015000 0.027500
6 0.027500 0.653750 0.017500 0.015000
6 0.230000 0.800000 0.017500 0.027500
