7 0.731875 0.062500 0.006250 0.017500
7 0.734375 0.250625 0.003750 0.011250
7 0.756250 0.156250 0.012500 0.017500
7 0.700000 0.349375 0.007500 0.021250
7 0.693125 0.426250 0.011250 0.020000
7 0.598750 0.458750 0.017500 0.020000
7 0.443125 0.515000 0.011250 0.025000
7 0.342500 0.438125 0.012500 0.016250
7 0.428125 0.632500 0.011250 0.020000
7 0.188750 0.728125 0.017500 0.016250
7 0.282500 0.737500 0.012500 0.020000
7 0.352500 0.671250 0.007500 0.015000
7 0.136250 0.786250 0.010000 0.017500
