6 0.993750 0.885000 0.020000 0.012500
6 0.715000 0.056250 0.020000 0.025000
6 0.442500 0.018750 0.017500 0.032500
6 0.302500 0.058750 0.015000 0.007500
6 0.472500 0.398750 0.020000 0.010000
6 0.503750 0.450000 0.012500 0.017500
6 0.403750 0.665000 0.015000 0.010000
6 0.618750 0.675000 0.010000 0.015000
6 0.603750 0.697500 0.012500 0.012500
6 0.611250 0.717500 0.010000 0.010000
6 0.537500 0.703750 0.017500 0.007500
6 0.616250 0.775000 0.012500 0.015000
6 0.623750 0.841250 0.007500 0.015000
6 0.477500 0.797500 0.010000 0.015000
6 0.493750 0.787500 0.012500 0.017500
6 0.551250 0.741250 0.017500 0.007500
6 0.550000 0.757500 0.020000 0.012500
6 0.548750 0.767500 0.017500 0.007500
6 0.553750 0.776250 0.020000 0.007500
6 0.638750 0.870000 0.022500 0.025000
6 0.567500 0.827500 0.020000 0.010000
6 0.565000 0.845000 0.020000 0.007500
6 0.563750 0.855000 0.020000 0.010000
6 0.565000 0.867500 0.020000 0.010000
6 0.560000 0.885000 0.017500 0.007500
6 0.558750 0.892500 0.017500 0.007500
6 0.570000 0.902500 0.020000 0.010000
6 0.487500 0.837500 0.015000 0.012500
6 0.587500 0.926250 0.020000 0.010000
6 0.591250 0.963750 0.017500 0.007500
6 0.892500 0.853750 0.025000 0.012500
6 0.883750 0.926250 0.015000 0.025000
6 0.907500 0.907500 0.027500 0.012500
6 0.345000 0.725000 0.012500 0.017500
6 0.371250 0.717500 0.010000 0.017500
6 0.545000 0.685000 0.017500 0.010000
6 0.447500 0.823750 0.015000 0.010000
6 0.287500 0.770000 0.010000 0.017500
6 0.382500 0.715000 0.010000 0.015000
6 0.298750 0.820000 0.017500 0.010000
6 0.422500 0.771250 0.007500 0.015000
6 0.433750 0.780000 0.010000 0.017500
6 0.450000 0.776250 0.010000 0.017500
6 0.393750 0.712500 0.010000 0.017500
6 0.402500 0.710000 0.010000 0.015000
6 0.418750 0.710000 0.010000 0.017500
6 0.430000 0.712500 0.012500 0.017500
6 0.387500 0.747500 0.010000 0.015000
6 0.182500 0.798750 0.020000 0.010000
6 0.123750 0.841250 0.012500 0.027500
6 0.138750 0.842500 0.020000 0.027500
6 0.150000 0.838750 0.017500 0.027500
6 0.162500 0.840000 0.015000 0.025000
6 0.116250 0.867500 0.022500 0.032500
6 0.128750 0.901250 0.022500 0.027500
6 0.136250 0.876250 0.012500 0.017500
6 0.145000 0.875000 0.012500 0.017500
6 0.142500 0.901250 0.022500 0.030000
6 0.155000 0.896250 0.020000 0.027500
6 0.183750 0.865000 0.022500 0.032500
6 0.170000 0.902500 0.017500 0.030000
6 0.181250 0.897500 0.022500 0.032500
6 0.193750 0.893750 0.017500 0.027500
6 0.203750 0.887500 0.020000 0.030000
6 0.220000 0.885000 0.025000 0.032500
6 0.110000 0.843750 0.015000 0.017500
6 0.093750 0.857500 0.020000 0.015000
6 0.182500 0.812500 0.037500 0.015000
6 0.072500 0.793750 0.020000 0.012500
6 0.073750 0.801250 0.017500 0.010000
6 0.078750 0.817500 0.020000 0.010000
6 0.083750 0.827500 0.020000 0.010000
6 0.075000 0.810000 0.020000 0.007500
6 0.108750 0.806250 0.020000 0.010000
6 0.182500 0.787500 0.030000 0.010000
6 0.037500 0.502500 0.067500 0.025000
6 0.035000 0.487500 0.067500 0.025000
6 0.031250 0.473750 0.065000 0.032500
6 0.225000 0.838750 0.025000 0.012500
6 0.228750 0.848750 0.025000 0.010000
6 0.232500 0.858750 0.017500 0.010000
