6 0.075000 0.006250 0.015000 0.037500
6 0.351250 0.006250 0.010000 0.022500
6 0.900000 0.013750 0.017500 0.020000
6 0.896250 0.002500 0.020000 0.017500
6 0.661250 0.055000 0.022500 0.007500
6 0.663750 0.077500 0.022500 0.010000
6 0.656250 0.270000 0.022500 0.010000
6 0.420000 0.307500 0.012500 0.015000
6 0.461250 0.460000 0.020000 0.020000
6 0.480000 0.485000 0.012500 0.015000
6 0.442500 0.432500 0.022500 0.017500
6 0.436250 0.423750 0.027500 0.020000
6 0.227500 0.685000 0.012500 0.012500
6 0.552500 0.433750 0.022500 0.012500
6 0.431250 0.413750 0.040000 0.027500
6 0.003750 0.981250 0.027500 0.022500
6 0.131250 0.000000 0.015000 0.032500
6 0.400000 0.135000 0.015000 0.042500
6 0.562500 0.441250 0.027500 0.010000
6 0.533750 0.443750 0.020000 0.020000
6 0.421250 0.401250 0.037500 0.040000
6 0.403750 0.455000 0.042500 0.037500
6 0.402500 0.472500 0.042500 0.037500
6 0.105000 0.005000 0.012500 0.027500
6 0.215000 0.000000 0.010000 0.022500
