6 0.065000 0.207500 0.010000 0.015000
6 0.076250 0.203750 0.010000 0.017500
6 0.178750 0.123750 0.017500 0.012500
6 0.196250 0.128750 0.015000 0.010000
6 0.382500 0.105000 0.010000 0.012500
6 0.097500 0.716250 0.007500 0.015000
6 0.013750 0.658750 0.012500 0.022500
6 0.006250 0.701250 0.020000 0.012500
6 0.036250 0.920000 0.010000 0.017500
6 0.021250 0.933750 0.027500 0.012500
6 0.073750 0.911250 0.012500 0.017500
6 0.138750 0.897500 0.012500 0.017500
6 0.301250 0.813750 0.017500 0.010000
6 0.368750 0.873750 0.017500 0.010000
6 0.352500 0.876250 0.017500 0.012500
6 0.367500 0.886250 0.017500 0.007500
6 0.721250 0.890000 0.010000 0.025000
