6 0.615000 0.087500 0.020000 0.017500
6 0.071250 0.145000 0.022500 0.025000
6 0.092500 0.133750 0.015000 0.020000
6 0.103750 0.126250 0.015000 0.017500
6 0.245000 0.145000 0.017500 0.015000
6 0.270000 0.005000 0.015000 0.010000
6 0.262500 0.000000 0.012500 0.010000
6 0.342500 0.028750 0.022500 0.020000
6 0.188750 0.283750 0.017500 0.012500
6 0.145000 0.382500 0.012500 0.015000
6 0.533750 0.656250 0.015000 0.015000
6 0.265000 0.426250 0.012500 0.015000
6 0.193750 0.432500 0.017500 0.017500
6 0.150000 0.403750 0.015000 0.012500
6 0.161250 0.345000 0.017500 0.017500
6 0.358750 0.425000 0.020000 0.017500
6 0.351250 0.431250 0.012500 0.015000
6 0.345000 0.437500 0.015000 0.015000
6 0.322500 0.431250 0.017500 0.015000
6 0.310000 0.420000 0.015000 0.015000
6 0.422500 0.416250 0.015000 0.012500
6 0.436250 0.437500 0.017500 0.017500
6 0.442500 0.448750 0.015000 0.015000
6 0.403750 0.392500 0.020000 0.020000
6 0.135000 0.156250 0.022500 0.025000
6 0.188750 0.093750 0.025000 0.017500
6 0.171250 0.065000 0.020000 0.020000
6 0.506250 0.020000 0.015000 0.012500
6 0.475000 0.043750 0.012500 0.012500
6 0.147500 0.921250 0.015000 0.012500
6 0.162500 0.936250 0.015000 0.015000
6 0.092500 0.675000 0.015000 0.015000
6 0.900000 0.707500 0.025000 0.025000
6 0.890000 0.716250 0.025000 0.027500
6 0.907500 0.698750 0.020000 0.017500
6 0.881250 0.718750 0.025000 0.025000
6 0.868750 0.726250 0.020000 0.022500
6 0.807500 0.300000 0.015000 0.017500
6 0.753750 0.231250 0.027500 0.022500
6 0.715000 0.197500 0.017500 0.010000
6 0.571250 0.792500 0.017500 0.020000
6 0.272500 0.830000 0.017500 0.017500
6 0.790000 0.723750 0.017500 0.017500
6 0.795000 0.741250 0.027500 0.022500
6 0.856250 0.671250 0.015000 0.012500
6 0.476250 0.572500 0.017500 0.020000
6 0.331250 0.437500 0.012500 0.015000
6 0.337500 0.401250 0.012500 0.015000
6 0.188750 0.383750 0.010000 0.027500
6 0.436250 0.025000 0.020000 0.010000
6 0.345000 0.051250 0.010000 0.012500
3 0.433750 0.512500 0.017500 0.025000
3 0.380000 0.505000 0.022500 0.020000
3 0.376250 0.447500 0.020000 0.017500
6 0.762500 0.725000 0.035000 0.027500
6 0.770000 0.732500 0.030000 0.037500
6 0.917500 0.690000 0.027500 0.035000
6 0.940000 0.673750 0.030000 0.035000
6 0.538750 0.098750 0.020000 0.040000
6 0.662500 0.522500 0.015000 0.012500
