6 0.036250 0.693750 0.015000 0.030000
6 0.075000 0.756250 0.015000 0.037500
6 0.146250 0.591250 0.012500 0.032500
6 0.123750 0.568750 0.035000 0.015000
6 0.155000 0.532500 0.010000 0.020000
6 0.180000 0.536250 0.010000 0.015000
6 0.170000 0.551250 0.020000 0.012500
6 0.225000 0.747500 0.007500 0.020000
6 0.202500 0.747500 0.012500 0.017500
6 0.315000 0.702500 0.020000 0.010000
6 0.340000 0.620000 0.010000 0.020000
6 0.350000 0.617500 0.007500 0.017500
6 0.351250 0.756250 0.010000 0.022500
6 0.385000 0.736250 0.017500 0.007500
6 0.398750 0.540000 0.015000 0.015000
6 0.410000 0.566250 0.012500 0.017500
6 0.418750 0.562500 0.007500 0.017500
6 0.400000 0.525000 0.017500 0.015000
6 0.471250 0.602500 0.025000 0.005000
6 0.475000 0.616250 0.017500 0.007500
6 0.472500 0.642500 0.017500 0.007500
6 0.470000 0.652500 0.015000 0.007500
6 0.493750 0.642500 0.015000 0.010000
6 0.425000 0.735000 0.012500 0.030000
6 0.563750 0.606250 0.027500 0.012500
6 0.561250 0.587500 0.022500 0.010000
6 0.888750 0.726250 0.027500 0.020000
6 0.886250 0.705000 0.030000 0.010000
6 0.900000 0.763750 0.017500 0.020000
6 0.896250 0.752500 0.020000 0.017500
6 0.888750 0.746250 0.017500 0.015000
6 0.661250 0.805000 0.022500 0.007500
6 0.663750 0.827500 0.022500 0.010000
6 0.940000 0.522500 0.010000 0.017500
6 0.925000 0.613750 0.025000 0.012500
6 0.976250 0.527500 0.010000 0.020000
6 0.967500 0.562500 0.022500 0.015000
6 0.931250 0.601250 0.022500 0.007500
6 0.926250 0.637500 0.020000 0.010000
6 0.966250 0.543750 0.010000 0.017500
6 0.967500 0.526250 0.010000 0.020000
6 0.957500 0.525000 0.010000 0.020000
6 0.885000 0.606250 0.010000 0.022500
6 0.261250 0.076250 0.015000 0.017500
6 0.477500 0.218750 0.010000 0.020000
6 0.476250 0.193750 0.017500 0.010000
6 0.472500 0.127500 0.020000 0.007500
6 0.500000 0.047500 0.007500 0.015000
6 0.588750 0.070000 0.015000 0.007500
6 0.480000 0.026250 0.012500 0.017500
6 0.466250 0.028750 0.007500 0.017500
6 0.467500 0.046250 0.007500 0.015000
6 0.181250 0.266250 0.035000 0.015000
6 0.240000 0.691250 0.010000 0.017500
6 0.281250 0.735000 0.015000 0.020000
6 0.131250 0.750000 0.015000 0.032500
6 0.166250 0.493750 0.012500 0.025000
6 0.500000 0.026250 0.007500 0.017500
6 0.400000 0.885000 0.015000 0.042500
6 0.105000 0.755000 0.012500 0.027500
6 0.215000 0.750000 0.010000 0.022500
6 0.010000 0.691250 0.012500 0.027500
6 0.940000 0.741250 0.015000 0.030000
6 0.117500 0.280000 0.027500 0.015000
6 0.150000 0.558750 0.025000 0.022500
6 0.922500 0.745000 0.022500 0.042500
3 0.628750 0.382500 0.035000 0.015000
3 0.465000 0.162500 0.012500 0.025000
6 0.555000 0.402500 0.045000 0.017500
6 0.178750 0.501250 0.010000 0.035000
