6 0.138750 0.726250 0.027500 0.020000
6 0.136250 0.705000 0.030000 0.010000
6 0.150000 0.763750 0.017500 0.020000
6 0.146250 0.752500 0.020000 0.017500
6 0.138750 0.746250 0.017500 0.015000
6 0.190000 0.522500 0.010000 0.017500
6 0.175000 0.613750 0.025000 0.012500
6 0.226250 0.527500 0.010000 0.020000
6 0.217500 0.562500 0.022500 0.015000
6 0.181250 0.601250 0.022500 0.007500
6 0.176250 0.637500 0.020000 0.010000
6 0.216250 0.543750 0.010000 0.017500
6 0.217500 0.526250 0.010000 0.020000
6 0.207500 0.525000 0.010000 0.020000
6 0.135000 0.606250 0.010000 0.022500
6 0.190000 0.741250 0.015000 0.030000
6 0.172500 0.745000 0.022500 0.042500
