6 0.620000 0.023750 0.022500 0.040000
6 0.628750 0.061250 0.015000 0.020000
6 0.652500 0.040000 0.012500 0.020000
6 0.668750 0.032500 0.015000 0.022500
6 0.717500 0.020000 0.012500 0.020000
6 0.757500 0.012500 0.012500 0.020000
6 0.777500 0.006250 0.012500 0.022500
6 0.760000 0.058750 0.012500 0.020000
6 0.768750 0.057500 0.010000 0.020000
6 0.787500 0.051250 0.010000 0.017500
6 0.643750 0.108750 0.012500 0.020000
6 0.047500 0.601250 0.012500 0.017500
6 0.673750 0.082500 0.012500 0.022500
6 0.701250 0.003750 0.022500 0.025000
6 0.766250 0.010000 0.015000 0.027500
6 0.687500 0.027500 0.015000 0.030000
6 0.711250 0.072500 0.015000 0.032500
6 0.637500 0.091250 0.010000 0.017500
6 0.697500 0.025000 0.015000 0.027500
6 0.721250 0.070000 0.015000 0.027500
6 0.777500 0.055000 0.012500 0.027500
6 0.703750 0.075000 0.017500 0.030000
6 0.708750 0.022500 0.015000 0.025000
