6 0.210000 0.201250 0.010000 0.017500
6 0.247500 0.216250 0.015000 0.012500
6 0.237500 0.206250 0.010000 0.010000
6 0.360000 0.243750 0.012500 0.020000
6 0.291250 0.200000 0.007500 0.015000
6 0.288750 0.166250 0.015000 0.017500
6 0.328750 0.177500 0.017500 0.012500
6 0.350000 0.187500 0.017500 0.012500
6 0.351250 0.180000 0.017500 0.012500
6 0.353750 0.173750 0.017500 0.015000
6 0.356250 0.163750 0.017500 0.010000
6 0.363750 0.158750 0.017500 0.012500
6 0.366250 0.151250 0.020000 0.012500
6 0.368750 0.142500 0.015000 0.012500
6 0.371250 0.188750 0.010000 0.017500
6 0.381250 0.170000 0.012500 0.017500
6 0.377500 0.202500 0.017500 0.010000
6 0.336250 0.171250 0.015000 0.012500
6 0.340000 0.165000 0.020000 0.015000
6 0.346250 0.157500 0.020000 0.015000
6 0.348750 0.151250 0.015000 0.010000
6 0.350000 0.143750 0.017500 0.012500
6 0.353750 0.135000 0.015000 0.012500
6 0.358750 0.128750 0.015000 0.015000
6 0.362500 0.122500 0.015000 0.010000
6 0.363750 0.113750 0.015000 0.010000
6 0.367500 0.106250 0.015000 0.015000
6 0.371250 0.098750 0.012500 0.012500
6 0.376250 0.093750 0.020000 0.012500
6 0.400000 0.066250 0.020000 0.012500
6 0.376250 0.002500 0.020000 0.015000
6 0.368750 0.011250 0.020000 0.015000
6 0.385000 0.017500 0.015000 0.012500
6 0.390000 0.012500 0.017500 0.012500
6 0.392500 0.003750 0.020000 0.017500
6 0.365000 0.017500 0.012500 0.010000
6 0.378750 0.025000 0.017500 0.012500
6 0.361250 0.025000 0.015000 0.012500
6 0.376250 0.031250 0.017500 0.010000
6 0.357500 0.032500 0.015000 0.010000
6 0.356250 0.036250 0.015000 0.010000
6 0.367500 0.043750 0.012500 0.012500
6 0.343750 0.048750 0.012500 0.010000
6 0.360000 0.057500 0.022500 0.017500
6 0.336250 0.056250 0.012500 0.010000
6 0.353750 0.065000 0.030000 0.017500
6 0.337500 0.063750 0.015000 0.010000
6 0.348750 0.072500 0.020000 0.015000
6 0.335000 0.073750 0.015000 0.012500
6 0.343750 0.077500 0.017500 0.012500
6 0.327500 0.076250 0.012500 0.012500
6 0.341250 0.083750 0.020000 0.015000
6 0.323750 0.085000 0.017500 0.012500
6 0.336250 0.091250 0.015000 0.012500
6 0.320000 0.090000 0.012500 0.010000
6 0.333750 0.097500 0.015000 0.015000
6 0.318750 0.100000 0.017500 0.015000
6 0.331250 0.106250 0.017500 0.017500
6 0.323750 0.112500 0.015000 0.012500
6 0.305000 0.117500 0.015000 0.012500
6 0.311250 0.113750 0.020000 0.015000
6 0.322500 0.118750 0.015000 0.010000
6 0.318750 0.126250 0.017500 0.012500
6 0.313750 0.133750 0.015000 0.017500
6 0.303750 0.125000 0.015000 0.007500
6 0.300000 0.133750 0.020000 0.015000
6 0.305000 0.147500 0.020000 0.012500
6 0.291250 0.147500 0.017500 0.015000
6 0.305000 0.156250 0.017500 0.015000
6 0.627500 0.032500 0.017500 0.012500
6 0.622500 0.043750 0.017500 0.012500
6 0.613750 0.043750 0.012500 0.012500
6 0.592500 0.081250 0.020000 0.015000
6 0.575000 0.060000 0.010000 0.010000
6 0.581250 0.068750 0.012500 0.015000
6 0.566250 0.078750 0.010000 0.015000
6 0.551250 0.096250 0.012500 0.015000
6 0.560000 0.086250 0.007500 0.015000
6 0.570000 0.091250 0.015000 0.017500
6 0.597500 0.091250 0.020000 0.010000
6 0.575000 0.138750 0.015000 0.010000
6 0.577500 0.128750 0.012500 0.010000
6 0.748750 0.121250 0.012500 0.015000
6 0.698750 0.207500 0.022500 0.025000
6 0.385000 0.406250 0.010000 0.010000
6 0.075000 0.842500 0.010000 0.010000
6 0.057500 0.663750 0.015000 0.010000
6 0.063750 0.655000 0.012500 0.007500
6 0.067500 0.650000 0.010000 0.010000
6 0.072500 0.643750 0.017500 0.015000
6 0.075000 0.633750 0.015000 0.012500
6 0.128750 0.651250 0.015000 0.012500
6 0.151250 0.660000 0.015000 0.010000
6 0.040000 0.706250 0.017500 0.010000
6 0.180000 0.673750 0.022500 0.017500
6 0.208750 0.685000 0.020000 0.015000
6 0.225000 0.695000 0.017500 0.012500
6 0.243750 0.701250 0.015000 0.010000
6 0.231250 0.725000 0.010000 0.015000
6 0.445000 0.611250 0.020000 0.015000
6 0.482500 0.616250 0.012500 0.017500
6 0.683750 0.688750 0.015000 0.015000
6 0.662500 0.547500 0.020000 0.020000
6 0.195000 0.142500 0.017500 0.012500
6 0.200000 0.136250 0.017500 0.010000
6 0.203750 0.128750 0.010000 0.010000
6 0.207500 0.122500 0.010000 0.007500
6 0.211250 0.116250 0.010000 0.007500
6 0.215000 0.108750 0.012500 0.010000
6 0.277500 0.226250 0.015000 0.010000
6 0.285000 0.231250 0.015000 0.010000
6 0.292500 0.235000 0.015000 0.010000
6 0.298750 0.240000 0.012500 0.010000
6 0.980000 0.271250 0.012500 0.017500
6 0.323750 0.772500 0.015000 0.017500
6 0.352500 0.063750 0.015000 0.010000
6 0.195000 0.151250 0.012500 0.012500
6 0.430000 0.002500 0.015000 0.010000
6 0.785000 0.325000 0.012500 0.017500
6 0.876250 0.581250 0.015000 0.017500
6 0.428750 0.392500 0.007500 0.012500
6 0.333750 0.335000 0.010000 0.010000
6 0.592500 0.100000 0.012500 0.005000
6 0.390000 0.373750 0.007500 0.015000
6 0.400000 0.378750 0.007500 0.015000
6 0.223750 0.241250 0.007500 0.015000
6 0.217500 0.291250 0.007500 0.015000
6 0.400000 0.087500 0.017500 0.007500
6 0.556250 0.742500 0.015000 0.015000
6 0.647500 0.922500 0.010000 0.012500
6 0.295000 0.318750 0.015000 0.012500
6 0.200000 0.282500 0.007500 0.017500
6 0.216250 0.718750 0.010000 0.015000
6 0.372500 0.363750 0.007500 0.012500
6 0.257500 0.293750 0.010000 0.010000
6 0.280000 0.308750 0.010000 0.012500
6 0.331250 0.350000 0.007500 0.012500
6 0.376250 0.131250 0.015000 0.007500
6 0.406250 0.081250 0.015000 0.007500
6 0.600000 0.011250 0.007500 0.015000
6 0.878750 0.427500 0.012500 0.015000
6 0.202500 0.260000 0.010000 0.012500
6 0.291250 0.333750 0.007500 0.015000
6 0.297500 0.336250 0.007500 0.017500
6 0.783750 0.560000 0.010000 0.015000
6 0.510000 0.823750 0.012500 0.015000
6 0.247500 0.731250 0.010000 0.017500
6 0.390000 0.351250 0.005000 0.012500
6 0.215000 0.271250 0.012500 0.007500
6 0.375000 0.275000 0.012500 0.015000
6 0.381250 0.123750 0.012500 0.007500
6 0.613750 0.012500 0.007500 0.015000
6 0.857500 0.563750 0.037500 0.035000
6 0.996250 0.211250 0.010000 0.015000
6 0.238750 0.728750 0.007500 0.015000
6 0.347500 0.042500 0.015000 0.007500
6 0.915000 0.545000 0.012500 0.017500
6 0.341250 0.030000 0.010000 0.015000
6 0.436250 0.250000 0.012500 0.012500
6 0.555000 0.112500 0.010000 0.015000
6 0.937500 0.137500 0.015000 0.020000
6 0.728750 0.823750 0.012500 0.017500
6 0.381250 0.370000 0.007500 0.012500
6 0.402500 0.161250 0.015000 0.007500
6 0.411250 0.073750 0.015000 0.007500
6 0.885000 0.171250 0.012500 0.017500
6 0.850000 0.210000 0.012500 0.017500
6 0.762500 0.748750 0.015000 0.020000
6 0.447500 0.380000 0.007500 0.015000
6 0.578750 0.051250 0.010000 0.015000
6 0.875000 0.602500 0.015000 0.020000
6 0.185000 0.273750 0.007500 0.015000
6 0.271250 0.325000 0.007500 0.017500
6 0.316250 0.068750 0.012500 0.015000
6 0.455000 0.260000 0.012500 0.007500
6 0.420000 0.366250 0.010000 0.015000
6 0.233750 0.278750 0.010000 0.010000
6 0.245000 0.145000 0.017500 0.007500
6 0.596250 0.025000 0.007500 0.012500
6 0.812500 0.278750 0.017500 0.020000
6 0.720000 0.483750 0.010000 0.015000
6 0.607500 0.675000 0.010000 0.015000
6 0.207500 0.715000 0.012500 0.015000
6 0.291250 0.000000 0.010000 0.012500
6 0.585000 0.118750 0.012500 0.005000
6 0.013750 0.835000 0.017500 0.010000
6 0.440000 0.395000 0.007500 0.012500
6 0.260000 0.253750 0.005000 0.015000
6 0.216250 0.240000 0.005000 0.015000
6 0.318750 0.323750 0.010000 0.010000
6 0.368750 0.038750 0.015000 0.010000
6 0.588750 0.053750 0.007500 0.012500
6 0.973750 0.165000 0.012500 0.022500
6 0.683750 0.933750 0.012500 0.015000
6 0.071250 0.877500 0.020000 0.012500
6 0.035000 0.942500 0.020000 0.012500
6 0.281250 0.266250 0.007500 0.015000
6 0.231250 0.243750 0.005000 0.015000
6 0.232500 0.300000 0.007500 0.015000
6 0.326250 0.051250 0.010000 0.012500
6 0.328750 0.292500 0.005000 0.015000
6 0.288750 0.270000 0.005000 0.015000
6 0.057500 0.897500 0.015000 0.015000
6 0.410000 0.382500 0.010000 0.017500
6 0.336250 0.296250 0.005000 0.015000
6 0.310000 0.281250 0.007500 0.017500
6 0.326250 0.330000 0.012500 0.012500
6 0.256250 0.313750 0.007500 0.015000
6 0.335000 0.257500 0.012500 0.012500
6 0.577500 0.102500 0.007500 0.012500
6 0.032500 0.951250 0.015000 0.007500
6 0.418750 0.386250 0.007500 0.017500
6 0.225000 0.273750 0.012500 0.012500
6 0.263750 0.298750 0.012500 0.010000
6 0.951250 0.455000 0.010000 0.015000
6 0.341250 0.341250 0.012500 0.010000
6 0.315000 0.342500 0.007500 0.017500
6 0.398750 0.170000 0.015000 0.005000
6 0.353750 0.012500 0.010000 0.012500
6 0.850000 0.451250 0.012500 0.015000
6 0.273750 0.262500 0.007500 0.017500
6 0.311250 0.141250 0.015000 0.007500
6 0.587500 0.110000 0.015000 0.005000
6 0.930000 0.521250 0.012500 0.020000
6 0.438750 0.375000 0.005000 0.017500
6 0.280000 0.328750 0.007500 0.015000
6 0.590000 0.032500 0.007500 0.012500
6 0.632500 0.020000 0.015000 0.010000
6 0.861250 0.376250 0.010000 0.015000
6 0.248750 0.307500 0.007500 0.015000
6 0.223750 0.721250 0.010000 0.017500
6 0.348750 0.260000 0.010000 0.015000
6 0.238750 0.246250 0.007500 0.017500
6 0.211250 0.263750 0.012500 0.010000
6 0.287500 0.313750 0.010000 0.012500
6 0.208750 0.288750 0.010000 0.017500
6 0.910000 0.090000 0.010000 0.020000
6 0.382500 0.348750 0.005000 0.015000
6 0.408750 0.365000 0.007500 0.015000
6 0.252500 0.248750 0.007500 0.017500
6 0.245000 0.246250 0.005000 0.015000
6 0.241250 0.285000 0.010000 0.012500
6 0.605000 0.026250 0.010000 0.012500
6 0.317500 0.283750 0.007500 0.015000
6 0.300000 0.276250 0.007500 0.015000
6 0.192500 0.257500 0.010000 0.010000
6 0.322500 0.348750 0.007500 0.015000
6 0.311250 0.103750 0.017500 0.010000
6 0.646250 0.661250 0.012500 0.017500
6 0.202500 0.213750 0.010000 0.012500
6 0.307500 0.336250 0.007500 0.012500
6 0.370000 0.136250 0.012500 0.007500
6 0.945000 0.313750 0.010000 0.012500
6 0.990000 0.396250 0.012500 0.017500
6 0.430000 0.370000 0.007500 0.015000
6 0.226250 0.296250 0.007500 0.015000
6 0.385000 0.116250 0.012500 0.007500
6 0.597500 0.040000 0.007500 0.012500
6 0.893750 0.500000 0.010000 0.012500
6 0.551250 0.982500 0.010000 0.015000
6 0.267500 0.258750 0.005000 0.015000
6 0.191250 0.277500 0.007500 0.015000
6 0.263750 0.316250 0.007500 0.012500
6 0.367500 0.341250 0.007500 0.012500
6 0.400000 0.358750 0.007500 0.015000
6 0.306250 0.086250 0.012500 0.012500
6 0.607500 0.003750 0.005000 0.012500
6 0.930000 0.450000 0.015000 0.017500
6 0.641250 0.695000 0.010000 0.015000
6 0.250000 0.288750 0.012500 0.010000
6 0.272500 0.302500 0.012500 0.010000
6 0.307500 0.321250 0.010000 0.010000
6 0.240000 0.303750 0.007500 0.017500
6 0.383750 0.258750 0.010000 0.015000
6 0.361250 0.051250 0.015000 0.005000
