6 0.182500 0.137500 0.017500 0.017500
6 0.197500 0.132500 0.017500 0.012500
6 0.201250 0.122500 0.017500 0.012500
6 0.150000 0.121250 0.020000 0.015000
6 0.177500 0.005000 0.012500 0.007500
6 0.197500 0.088750 0.017500 0.015000
6 0.200000 0.105000 0.012500 0.012500
6 0.201250 0.112500 0.017500 0.012500
6 0.022500 0.753750 0.017500 0.012500
6 0.036250 0.760000 0.017500 0.015000
6 0.265000 0.653750 0.022500 0.015000
6 0.267500 0.616250 0.025000 0.012500
6 0.446250 0.700000 0.027500 0.020000
6 0.167500 0.570000 0.017500 0.015000
6 0.168750 0.577500 0.025000 0.012500
6 0.108750 0.756250 0.037500 0.045000
6 0.283750 0.036250 0.020000 0.007500
6 0.230000 0.192500 0.010000 0.017500
6 0.261250 0.566250 0.020000 0.010000
6 0.298750 0.523750 0.020000 0.010000
6 0.283750 0.045000 0.017500 0.007500
6 0.302500 0.911250 0.017500 0.012500
6 0.300000 0.880000 0.017500 0.012500
6 0.261250 0.260000 0.017500 0.007500
6 0.977500 0.795000 0.055000 0.035000
6 0.237500 0.026250 0.020000 0.010000
6 0.236250 0.266250 0.010000 0.017500
6 0.266250 0.370000 0.017500 0.007500
6 0.283750 0.053750 0.015000 0.007500
6 0.383750 0.296250 0.010000 0.017500
6 0.395000 0.437500 0.010000 0.015000
6 0.253750 0.095000 0.017500 0.010000
6 0.263750 0.331250 0.017500 0.007500
6 0.265000 0.340000 0.017500 0.010000
6 0.298750 0.543750 0.015000 0.007500
6 0.290000 0.252500 0.015000 0.015000
6 0.257500 0.211250 0.017500 0.012500
6 0.966250 0.803750 0.047500 0.030000
6 0.283750 0.022500 0.017500 0.012500
6 0.293750 0.283750 0.020000 0.010000
6 0.261250 0.251250 0.020000 0.012500
6 0.266250 0.360000 0.015000 0.010000
6 0.282500 0.003750 0.017500 0.012500
6 0.240000 0.086250 0.017500 0.010000
6 0.243750 0.342500 0.010000 0.015000
6 0.923750 0.777500 0.047500 0.032500
6 0.301250 0.890000 0.020000 0.010000
6 0.271250 0.792500 0.015000 0.010000
6 0.261250 0.292500 0.017500 0.010000
6 0.283750 0.083750 0.017500 0.012500
6 0.303750 0.773750 0.017500 0.012500
6 0.255000 0.005000 0.017500 0.015000
6 0.258750 0.190000 0.020000 0.010000
6 0.932500 0.770000 0.045000 0.030000
6 0.268750 0.763750 0.022500 0.010000
6 0.300000 0.553750 0.020000 0.010000
6 0.260000 0.271250 0.020000 0.010000
6 0.262500 0.600000 0.020000 0.010000
6 0.946250 0.751250 0.045000 0.032500
6 0.240000 0.077500 0.020000 0.010000
6 0.257500 0.126250 0.017500 0.010000
6 0.256250 0.115000 0.017500 0.012500
6 0.258750 0.230000 0.017500 0.010000
6 0.257500 0.177500 0.015000 0.012500
6 0.300000 0.533750 0.017500 0.010000
6 0.302500 0.735000 0.017500 0.010000
6 0.238750 0.012500 0.015000 0.012500
6 0.260000 0.240000 0.020000 0.010000
6 0.263750 0.322500 0.017500 0.010000
6 0.238750 0.307500 0.010000 0.017500
6 0.301250 0.513750 0.017500 0.010000
6 0.301250 0.786250 0.012500 0.010000
6 0.303750 0.747500 0.017500 0.012500
6 0.288750 0.263750 0.017500 0.010000
6 0.300000 0.922500 0.017500 0.010000
6 0.238750 0.061250 0.020000 0.012500
6 0.263750 0.311250 0.017500 0.012500
6 0.987500 0.776250 0.052500 0.037500
6 0.326250 0.313750 0.010000 0.017500
6 0.261250 0.282500 0.017500 0.010000
6 0.263750 0.300000 0.020000 0.007500
6 0.263750 0.351250 0.020000 0.010000
6 0.303750 0.867500 0.020000 0.012500
6 0.303750 0.817500 0.020000 0.007500
6 0.266250 0.380000 0.017500 0.012500
6 0.282500 0.071250 0.017500 0.010000
6 0.257500 0.200000 0.017500 0.007500
6 0.258750 0.221250 0.017500 0.007500
