6 0.148750 0.972500 0.012500 0.017500
6 0.168750 0.967500 0.010000 0.015000
6 0.201250 0.995000 0.010000 0.015000
6 0.123750 0.948750 0.010000 0.020000
6 0.273750 0.986250 0.020000 0.015000
6 0.363750 0.991250 0.010000 0.017500
6 0.340000 0.991250 0.010000 0.017500
6 0.332500 0.987500 0.010000 0.015000
6 0.323750 0.982500 0.010000 0.017500
6 0.317500 0.977500 0.010000 0.015000
6 0.311250 0.968750 0.010000 0.015000
6 0.292500 0.966250 0.012500 0.020000
6 0.283750 0.952500 0.010000 0.017500
6 0.416250 0.995000 0.020000 0.010000
6 0.351250 0.976250 0.010000 0.015000
6 0.343750 0.975000 0.010000 0.017500
6 0.335000 0.972500 0.010000 0.015000
6 0.313750 0.955000 0.010000 0.017500
6 0.307500 0.948750 0.010000 0.017500
6 0.300000 0.943750 0.010000 0.017500
6 0.202500 0.945000 0.015000 0.012500
6 0.226250 0.941250 0.012500 0.010000
6 0.231250 0.947500 0.015000 0.010000
6 0.216250 0.935000 0.020000 0.012500
6 0.197500 0.937500 0.017500 0.012500
6 0.190000 0.935000 0.020000 0.012500
6 0.198750 0.920000 0.012500 0.010000
6 0.193750 0.915000 0.012500 0.007500
6 0.187500 0.908750 0.012500 0.007500
6 0.172500 0.916250 0.017500 0.010000
6 0.182500 0.928750 0.017500 0.010000
6 0.213750 0.956250 0.017500 0.012500
6 0.215000 0.987500 0.012500 0.012500
6 0.437500 0.992500 0.017500 0.012500
6 0.382500 0.971250 0.017500 0.010000
6 0.370000 0.961250 0.015000 0.007500
6 0.157500 0.906250 0.015000 0.010000
6 0.172500 0.898750 0.020000 0.012500
6 0.161250 0.885000 0.015000 0.012500
6 0.162500 0.815000 0.012500 0.015000
6 0.170000 0.810000 0.015000 0.020000
6 0.176250 0.805000 0.015000 0.017500
6 0.182500 0.797500 0.015000 0.015000
6 0.187500 0.792500 0.012500 0.017500
6 0.235000 0.838750 0.030000 0.007500
6 0.282500 0.887500 0.017500 0.007500
6 0.275000 0.877500 0.015000 0.007500
6 0.396250 0.935000 0.017500 0.007500
6 0.387500 0.930000 0.017500 0.007500
6 0.375000 0.916250 0.015000 0.005000
6 0.380000 0.922500 0.015000 0.007500
6 0.367500 0.912500 0.015000 0.005000
6 0.352500 0.901250 0.017500 0.007500
6 0.262500 0.870000 0.020000 0.007500
6 0.598750 0.476250 0.017500 0.010000
6 0.552500 0.465000 0.007500 0.017500
6 0.525000 0.485000 0.007500 0.017500
6 0.476250 0.581250 0.012500 0.017500
6 0.456250 0.576250 0.017500 0.017500
6 0.620000 0.476250 0.012500 0.012500
6 0.622500 0.496250 0.017500 0.010000
6 0.615000 0.507500 0.017500 0.010000
6 0.585000 0.495000 0.020000 0.010000
6 0.576250 0.486250 0.020000 0.012500
6 0.592500 0.462500 0.017500 0.007500
6 0.575000 0.450000 0.007500 0.015000
6 0.542500 0.473750 0.007500 0.017500
6 0.517500 0.491250 0.007500 0.015000
6 0.510000 0.496250 0.007500 0.015000
6 0.637500 0.508750 0.017500 0.010000
6 0.646250 0.513750 0.017500 0.007500
6 0.675000 0.537500 0.017500 0.010000
6 0.661250 0.535000 0.015000 0.010000
6 0.646250 0.532500 0.015000 0.010000
6 0.638750 0.525000 0.015000 0.010000
6 0.630000 0.520000 0.015000 0.007500
6 0.622500 0.513750 0.017500 0.010000
6 0.672500 0.491250 0.010000 0.017500
6 0.663750 0.486250 0.007500 0.017500
6 0.655000 0.482500 0.007500 0.015000
6 0.552500 0.498750 0.017500 0.007500
6 0.560000 0.507500 0.017500 0.010000
6 0.548750 0.525000 0.010000 0.017500
6 0.557500 0.525000 0.010000 0.015000
6 0.566250 0.530000 0.007500 0.015000
6 0.575000 0.532500 0.010000 0.017500
6 0.583750 0.538750 0.010000 0.017500
6 0.593750 0.542500 0.010000 0.017500
6 0.611250 0.550000 0.010000 0.017500
6 0.621250 0.551250 0.010000 0.017500
6 0.585000 0.556250 0.017500 0.010000
6 0.553750 0.537500 0.020000 0.010000
6 0.606250 0.568750 0.015000 0.007500
6 0.613750 0.573750 0.017500 0.012500
6 0.627500 0.588750 0.017500 0.007500
6 0.650000 0.601250 0.017500 0.010000
6 0.668750 0.613750 0.017500 0.007500
6 0.500000 0.557500 0.007500 0.015000
6 0.508750 0.562500 0.007500 0.017500
6 0.517500 0.562500 0.010000 0.015000
6 0.528750 0.566250 0.010000 0.015000
6 0.550000 0.580000 0.010000 0.017500
6 0.560000 0.586250 0.010000 0.015000
6 0.568750 0.591250 0.007500 0.012500
6 0.578750 0.597500 0.007500 0.015000
6 0.590000 0.606250 0.010000 0.015000
6 0.600000 0.608750 0.010000 0.017500
6 0.622500 0.617500 0.012500 0.017500
6 0.653750 0.522500 0.017500 0.010000
6 0.680000 0.543750 0.017500 0.010000
6 0.636250 0.631250 0.012500 0.020000
6 0.617500 0.627500 0.012500 0.017500
6 0.607500 0.626250 0.010000 0.017500
6 0.587500 0.618750 0.010000 0.017500
6 0.567500 0.610000 0.007500 0.015000
6 0.556250 0.598750 0.010000 0.017500
6 0.536250 0.588750 0.010000 0.017500
6 0.516250 0.580000 0.010000 0.017500
6 0.498750 0.572500 0.010000 0.015000
6 0.488750 0.566250 0.010000 0.017500
6 0.477500 0.618750 0.015000 0.007500
6 0.468750 0.611250 0.017500 0.007500
6 0.463750 0.603750 0.017500 0.010000
6 0.456250 0.597500 0.017500 0.010000
6 0.447500 0.588750 0.015000 0.005000
6 0.437500 0.582500 0.017500 0.007500
6 0.493750 0.633750 0.020000 0.010000
6 0.501250 0.641250 0.020000 0.010000
6 0.508750 0.648750 0.022500 0.007500
6 0.525000 0.661250 0.020000 0.007500
6 0.610000 0.728750 0.017500 0.010000
6 0.601250 0.720000 0.010000 0.007500
6 0.592500 0.716250 0.020000 0.010000
6 0.585000 0.710000 0.020000 0.010000
6 0.572500 0.703750 0.020000 0.012500
6 0.535000 0.668750 0.017500 0.010000
6 0.545000 0.675000 0.020000 0.007500
6 0.602500 0.546250 0.012500 0.017500
6 0.152500 0.878750 0.017500 0.015000
6 0.245000 0.890000 0.010000 0.015000
6 0.657500 0.608750 0.015000 0.010000
6 0.057500 0.883750 0.017500 0.012500
6 0.916250 0.347500 0.012500 0.015000
6 0.595000 0.581250 0.017500 0.015000
6 0.546250 0.595000 0.010000 0.020000
6 0.237500 0.951250 0.017500 0.017500
6 0.961250 0.287500 0.012500 0.015000
6 0.250000 0.913750 0.010000 0.015000
6 0.128750 0.931250 0.012500 0.020000
6 0.565000 0.455000 0.007500 0.017500
6 0.130000 0.911250 0.017500 0.010000
6 0.620000 0.515000 0.017500 0.010000
6 0.611250 0.610000 0.012500 0.017500
6 0.535000 0.531250 0.015000 0.020000
6 0.175000 0.970000 0.012500 0.020000
6 0.340000 0.933750 0.020000 0.005000
6 0.356250 0.946250 0.017500 0.005000
6 0.680000 0.545000 0.017500 0.007500
6 0.602500 0.502500 0.017500 0.007500
6 0.570000 0.597500 0.010000 0.017500
6 0.207500 0.951250 0.020000 0.015000
6 0.815000 0.551250 0.010000 0.015000
6 0.588750 0.562500 0.020000 0.010000
6 0.621250 0.580000 0.020000 0.012500
6 0.512500 0.611250 0.020000 0.012500
6 0.488750 0.606250 0.017500 0.017500
6 0.077500 0.902500 0.010000 0.015000
6 0.635000 0.476250 0.007500 0.015000
6 0.155000 0.953750 0.010000 0.020000
6 0.920000 0.185000 0.010000 0.012500
6 0.685000 0.863750 0.012500 0.015000
6 0.282500 0.995000 0.017500 0.012500
6 0.632500 0.597500 0.020000 0.012500
6 0.230000 0.876250 0.012500 0.022500
6 0.927500 0.327500 0.015000 0.017500
6 0.882500 0.408750 0.012500 0.015000
6 0.231250 0.967500 0.017500 0.010000
6 0.683750 0.575000 0.017500 0.020000
6 0.321250 0.958750 0.010000 0.020000
6 0.733750 0.758750 0.015000 0.020000
6 0.350000 0.940000 0.015000 0.005000
6 0.363750 0.953750 0.017500 0.007500
6 0.193750 0.868750 0.007500 0.015000
6 0.671250 0.491250 0.007500 0.015000
6 0.688750 0.503750 0.007500 0.020000
6 0.532500 0.481250 0.012500 0.015000
6 0.537500 0.573750 0.010000 0.020000
6 0.150000 0.901250 0.020000 0.012500
6 0.805000 0.545000 0.012500 0.015000
6 0.601250 0.485000 0.017500 0.010000
6 0.627500 0.635000 0.010000 0.020000
6 0.576250 0.615000 0.015000 0.017500
6 0.195000 0.985000 0.010000 0.017500
6 0.751250 0.632500 0.012500 0.015000
6 0.131250 0.956250 0.010000 0.015000
6 0.632500 0.458750 0.017500 0.007500
6 0.532500 0.555000 0.022500 0.012500
6 0.663750 0.487500 0.007500 0.017500
6 0.212500 0.861250 0.010000 0.015000
6 0.325000 0.916250 0.020000 0.005000
6 0.693750 0.487500 0.017500 0.010000
6 0.525000 0.582500 0.010000 0.020000
6 0.433750 0.573750 0.025000 0.012500
6 0.507500 0.575000 0.010000 0.017500
6 0.182500 0.901250 0.020000 0.012500
6 0.941250 0.297500 0.022500 0.030000
6 0.761250 0.613750 0.015000 0.015000
6 0.673750 0.538750 0.015000 0.007500
6 0.596250 0.622500 0.012500 0.025000
6 0.141250 0.945000 0.010000 0.015000
6 0.330000 0.925000 0.017500 0.005000
6 0.655000 0.483750 0.007500 0.015000
6 0.630000 0.501250 0.017500 0.007500
6 0.303750 0.963750 0.012500 0.017500
6 0.932500 0.343750 0.015000 0.015000
6 0.891250 0.416250 0.010000 0.015000
6 0.176250 0.993750 0.007500 0.015000
6 0.946250 0.316250 0.015000 0.015000
6 0.865000 0.440000 0.012500 0.015000
6 0.492500 0.557500 0.010000 0.015000
6 0.206250 0.880000 0.010000 0.020000
6 0.896250 0.506250 0.012500 0.015000
6 0.232500 0.905000 0.012500 0.020000
6 0.173750 0.923750 0.020000 0.010000
6 0.583750 0.446250 0.010000 0.025000
6 0.501250 0.500000 0.010000 0.017500
6 0.305000 0.992500 0.020000 0.012500
6 0.645000 0.481250 0.010000 0.015000
6 0.267500 0.908750 0.007500 0.015000
6 0.218750 0.893750 0.007500 0.020000
6 0.167500 0.990000 0.010000 0.015000
6 0.255000 0.896250 0.010000 0.017500
6 0.562500 0.546250 0.022500 0.012500
6 0.960000 0.262500 0.012500 0.017500
