6 0.517500 0.957500 0.010000 0.005000
6 0.852500 0.707500 0.015000 0.010000
6 0.820000 0.956250 0.017500 0.012500
6 0.462500 0.161250 0.015000 0.012500
6 0.501250 0.133750 0.015000 0.010000
6 0.576250 0.080000 0.015000 0.015000
6 0.036250 0.405000 0.012500 0.015000
6 0.483750 0.147500 0.015000 0.010000
6 0.866250 0.701250 0.015000 0.010000
6 0.693750 0.195000 0.015000 0.015000
6 0.970000 0.308750 0.015000 0.015000
6 0.830000 0.977500 0.017500 0.012500
6 0.801250 0.856250 0.015000 0.012500
6 0.887500 0.966250 0.012500 0.017500
6 0.812500 0.913750 0.020000 0.012500
6 0.648750 0.092500 0.010000 0.012500
6 0.803750 0.870000 0.017500 0.010000
6 0.888750 0.691250 0.020000 0.010000
6 0.448750 0.168750 0.015000 0.010000
6 0.436250 0.538750 0.015000 0.015000
6 0.573750 0.241250 0.012500 0.017500
6 0.796250 0.818750 0.020000 0.012500
6 0.318750 0.277500 0.017500 0.010000
6 0.670000 0.096250 0.012500 0.012500
6 0.823750 0.000000 0.015000 0.010000
6 0.806250 0.892500 0.025000 0.012500
6 0.806250 0.880000 0.015000 0.010000
