6 0.090625 0.465625 0.018750 0.008750
6 0.122500 0.482500 0.020000 0.010000
6 0.211875 0.531250 0.023750 0.010000
6 0.182500 0.466875 0.020000 0.008750
6 0.271875 0.468125 0.018750 0.008750
6 0.278750 0.486250 0.017500 0.010000
6 0.383125 0.462500 0.026250 0.017500
6 0.882500 0.625625 0.007500 0.018750
6 0.891250 0.875000 0.010000 0.022500
6 0.702500 0.891875 0.042500 0.011250
6 0.267500 0.995625 0.017500 0.008750
6 0.289375 0.994375 0.018750 0.008750
6 0.361875 0.993750 0.016250 0.007500
6 0.434375 0.996250 0.018750 0.007500
6 0.480000 0.993750 0.020000 0.007500
6 0.503750 0.996250 0.017500 0.007500
6 0.529375 0.994375 0.021250 0.008750
6 0.579375 0.995625 0.018750 0.008750
6 0.643750 0.995000 0.020000 0.007500
6 0.711250 0.994375 0.022500 0.008750
6 0.734375 0.996250 0.018750 0.007500
6 0.758125 0.995625 0.021250 0.008750
6 0.441875 0.215000 0.026250 0.012500
