6 0.390000 0.822500 0.012500 0.017500
6 0.378750 0.817500 0.010000 0.015000
6 0.367500 0.813750 0.012500 0.017500
6 0.412500 0.801250 0.017500 0.010000
6 0.408750 0.795000 0.015000 0.012500
6 0.391250 0.788750 0.020000 0.015000
6 0.380000 0.781250 0.015000 0.012500
6 0.488750 0.643750 0.015000 0.010000
6 0.997500 0.981250 0.030000 0.025000
6 0.907500 0.973750 0.025000 0.035000
6 0.895000 0.982500 0.025000 0.035000
6 0.888750 0.991250 0.025000 0.032500
6 0.930000 0.960000 0.017500 0.020000
6 0.765000 0.987500 0.020000 0.010000
6 0.757500 0.978750 0.022500 0.012500
6 0.752500 0.970000 0.017500 0.010000
6 0.716250 0.905000 0.012500 0.015000
6 0.751250 0.878750 0.012500 0.017500
6 0.762500 0.893750 0.012500 0.017500
6 0.678750 0.862500 0.015000 0.017500
6 0.670000 0.870000 0.012500 0.015000
6 0.691250 0.856250 0.022500 0.022500
6 0.702500 0.821250 0.015000 0.017500
6 0.695000 0.835000 0.022500 0.025000
6 0.736250 0.805000 0.020000 0.020000
6 0.833750 0.825000 0.010000 0.012500
6 0.830000 0.826250 0.010000 0.010000
6 0.827500 0.831250 0.010000 0.010000
6 0.815000 0.788750 0.030000 0.032500
6 0.803750 0.791250 0.017500 0.022500
6 0.795000 0.797500 0.025000 0.030000
6 0.758750 0.838750 0.012500 0.015000
6 0.748750 0.825000 0.012500 0.015000
6 0.752500 0.820000 0.015000 0.015000
6 0.761250 0.816250 0.012500 0.015000
6 0.765000 0.811250 0.012500 0.015000
6 0.770000 0.807500 0.012500 0.015000
6 0.775000 0.802500 0.012500 0.015000
6 0.770000 0.840000 0.022500 0.027500
6 0.776250 0.838750 0.022500 0.027500
6 0.782500 0.833750 0.025000 0.027500
6 0.790000 0.831250 0.020000 0.025000
6 0.787500 0.817500 0.015000 0.017500
6 0.782500 0.822500 0.015000 0.015000
6 0.716250 0.848750 0.027500 0.032500
6 0.746250 0.887500 0.015000 0.015000
6 0.748750 0.788750 0.020000 0.022500
6 0.740000 0.793750 0.022500 0.025000
6 0.761250 0.791250 0.015000 0.017500
6 0.766250 0.786250 0.010000 0.012500
6 0.836250 0.815000 0.017500 0.022500
6 0.563750 0.628750 0.015000 0.010000
6 0.582500 0.601250 0.012500 0.015000
6 0.493750 0.636250 0.017500 0.010000
6 0.983750 0.002500 0.012500 0.012500
6 0.993750 0.008750 0.012500 0.015000
6 0.502500 0.615000 0.017500 0.010000
6 0.282500 0.991250 0.017500 0.010000
6 0.466250 0.671250 0.015000 0.007500
6 0.416250 0.835000 0.007500 0.015000
6 0.268750 0.986250 0.015000 0.010000
6 0.497500 0.626250 0.017500 0.010000
6 0.537500 0.668750 0.015000 0.010000
6 0.472500 0.662500 0.020000 0.010000
6 0.251250 0.975000 0.015000 0.010000
6 0.771250 0.256250 0.007500 0.012500
6 0.577500 0.591250 0.010000 0.017500
6 0.570000 0.621250 0.012500 0.010000
6 0.560000 0.636250 0.017500 0.010000
6 0.407500 0.831250 0.010000 0.015000
6 0.566250 0.592500 0.012500 0.015000
6 0.588750 0.587500 0.010000 0.012500
6 0.553750 0.643750 0.017500 0.010000
6 0.550000 0.651250 0.015000 0.010000
6 0.543750 0.660000 0.017500 0.010000
