6 0.067500 0.922500 0.017500 0.010000
6 0.373750 0.207500 0.010000 0.005000
6 0.700000 0.357500 0.007500 0.012500
6 0.676250 0.206250 0.017500 0.012500
6 0.277500 0.980000 0.017500 0.012500
6 0.691250 0.316250 0.007500 0.015000
6 0.687500 0.250000 0.015000 0.012500
6 0.686250 0.227500 0.017500 0.012500
6 0.657500 0.106250 0.015000 0.012500
6 0.743750 0.216250 0.012500 0.017500
6 0.668750 0.163750 0.020000 0.012500
6 0.660000 0.120000 0.017500 0.010000
6 0.652500 0.068750 0.020000 0.012500
6 0.360000 0.920000 0.017500 0.012500
6 0.662500 0.142500 0.025000 0.012500
6 0.662500 0.130000 0.015000 0.010000
