0 0.370000 0.962500 0.037500 0.035000
6 0.906250 0.496250 0.015000 0.007500
6 0.355000 0.015000 0.007500 0.017500
6 0.908750 0.486250 0.015000 0.007500
6 0.881250 0.536250 0.015000 0.005000
6 0.346250 0.246250 0.010000 0.012500
6 0.346250 0.011250 0.007500 0.015000
6 0.350000 0.261250 0.010000 0.015000
6 0.591250 0.213750 0.015000 0.017500
6 0.832500 0.625000 0.017500 0.007500
6 0.842500 0.382500 0.020000 0.010000
6 0.862500 0.572500 0.017500 0.007500
6 0.337500 0.247500 0.010000 0.012500
6 0.316250 0.296250 0.010000 0.012500
6 0.515000 0.543750 0.020000 0.007500
6 0.297500 0.326250 0.010000 0.015000
6 0.377500 0.011250 0.017500 0.012500
6 0.306250 0.327500 0.010000 0.015000
6 0.543750 0.553750 0.015000 0.012500
6 0.250000 0.141250 0.015000 0.010000
6 0.820000 0.370000 0.015000 0.010000
6 0.338750 0.262500 0.010000 0.015000
6 0.892500 0.520000 0.015000 0.007500
6 0.300000 0.555000 0.012500 0.012500
6 0.512500 0.552500 0.017500 0.007500
6 0.372500 0.207500 0.012500 0.012500
6 0.377500 0.220000 0.010000 0.012500
6 0.903750 0.506250 0.015000 0.007500
6 0.421250 0.036250 0.015000 0.010000
6 0.520000 0.535000 0.017500 0.005000
6 0.866250 0.562500 0.020000 0.007500
6 0.842500 0.606250 0.012500 0.015000
6 0.305000 0.312500 0.012500 0.015000
6 0.532500 0.577500 0.012500 0.015000
6 0.661250 0.246250 0.015000 0.020000
6 0.890000 0.528750 0.015000 0.007500
6 0.852500 0.588750 0.010000 0.012500
6 0.368750 0.232500 0.012500 0.012500
6 0.327500 0.260000 0.012500 0.012500
6 0.396250 0.022500 0.015000 0.010000
6 0.922500 0.396250 0.012500 0.020000
6 0.365000 0.221250 0.010000 0.010000
6 0.615000 0.705000 0.012500 0.012500
6 0.522500 0.527500 0.017500 0.007500
6 0.357500 0.233750 0.010000 0.010000
6 0.276250 0.152500 0.012500 0.010000
6 0.615000 0.227500 0.015000 0.020000
