6 0.626250 0.975000 0.015000 0.017500
6 0.955000 0.537500 0.015000 0.020000
6 0.952500 0.503750 0.012500 0.017500
6 0.975000 0.428750 0.010000 0.020000
6 0.668750 0.806250 0.017500 0.015000
6 0.810000 0.972500 0.030000 0.037500
6 0.931250 0.787500 0.027500 0.030000
6 0.836250 0.795000 0.012500 0.015000
6 0.973750 0.667500 0.012500 0.015000
6 0.832500 0.935000 0.020000 0.022500
6 0.088750 0.290000 0.017500 0.030000
6 0.830000 0.781250 0.015000 0.017500
6 0.982500 0.298750 0.015000 0.025000
6 0.773750 0.906250 0.015000 0.017500
6 0.995000 0.900000 0.015000 0.017500
6 0.866250 0.758750 0.012500 0.015000
6 0.898750 0.660000 0.010000 0.015000
6 0.730000 0.978750 0.012500 0.012500
6 0.745000 0.930000 0.012500 0.015000
