6 0.835000 0.100000 0.032500 0.045000
6 0.853750 0.106250 0.027500 0.040000
6 0.927500 0.148750 0.032500 0.040000
6 0.945000 0.162500 0.030000 0.037500
6 0.987500 0.168750 0.040000 0.035000
6 0.997500 0.161250 0.042500 0.035000
6 0.773750 0.075000 0.030000 0.037500
6 0.795000 0.081250 0.030000 0.037500
6 0.813750 0.093750 0.035000 0.045000
6 0.672500 0.368750 0.020000 0.012500
6 0.352500 0.853750 0.010000 0.015000
6 0.366250 0.862500 0.010000 0.012500
6 0.375000 0.870000 0.010000 0.012500
6 0.383750 0.875000 0.007500 0.010000
6 0.391250 0.880000 0.010000 0.012500
6 0.407500 0.887500 0.007500 0.010000
6 0.512500 0.986250 0.010000 0.020000
6 0.523750 0.992500 0.007500 0.015000
6 0.060000 0.222500 0.030000 0.037500
6 0.040000 0.257500 0.017500 0.022500
6 0.017500 0.291250 0.030000 0.040000
6 0.790000 0.707500 0.022500 0.007500
6 0.181250 0.037500 0.027500 0.030000
6 0.370000 0.342500 0.012500 0.015000
6 0.086250 0.045000 0.012500 0.015000
6 0.082500 0.185000 0.020000 0.022500
6 0.817500 0.621250 0.015000 0.010000
6 0.001250 0.325000 0.012500 0.017500
6 0.307500 0.507500 0.020000 0.007500
6 0.810000 0.743750 0.017500 0.012500
6 0.357500 0.935000 0.012500 0.010000
6 0.837500 0.590000 0.015000 0.010000
6 0.080000 0.031250 0.015000 0.017500
6 0.800000 0.652500 0.015000 0.010000
6 0.411250 0.845000 0.017500 0.012500
6 0.023750 0.156250 0.015000 0.017500
6 0.686250 0.345000 0.022500 0.020000
6 0.330000 0.833750 0.015000 0.012500
6 0.467500 0.188750 0.010000 0.017500
6 0.245000 0.150000 0.015000 0.017500
6 0.116250 0.008750 0.012500 0.015000
6 0.787500 0.731250 0.017500 0.012500
6 0.387500 0.830000 0.017500 0.015000
