6 0.030000 0.523125 0.010000 0.006250
6 0.209375 0.541250 0.011250 0.005000
6 0.411875 0.213750 0.011250 0.012500
6 0.577500 0.383125 0.005000 0.011250
6 0.585625 0.360000 0.006250 0.012500
6 0.595000 0.335000 0.007500 0.012500
6 0.724375 0.418125 0.011250 0.006250
6 0.771875 0.413125 0.011250 0.008750
6 0.785625 0.412500 0.011250 0.002500
6 0.598750 0.461875 0.010000 0.006250
6 0.971875 0.380000 0.011250 0.007500
6 0.990000 0.379375 0.012500 0.006250
6 0.746250 0.110625 0.015000 0.008750
