6 0.040000 0.240000 0.012500 0.012500
6 0.308750 0.257500 0.005000 0.012500
6 0.022500 0.541250 0.012500 0.015000
6 0.005000 0.480000 0.010000 0.015000
6 0.386250 0.168750 0.007500 0.015000
6 0.301250 0.223750 0.007500 0.012500
6 0.002500 0.253750 0.017500 0.007500
6 0.928750 0.797500 0.010000 0.015000
6 0.986250 0.880000 0.010000 0.015000
6 0.975000 0.900000 0.012500 0.015000
6 0.320000 0.053750 0.010000 0.015000
6 0.012500 0.282500 0.007500 0.012500
6 0.022500 0.255000 0.012500 0.007500
6 0.957500 0.600000 0.010000 0.015000
6 0.006250 0.562500 0.010000 0.012500
6 0.841250 0.627500 0.015000 0.017500
6 0.903750 0.802500 0.010000 0.015000
6 0.038750 0.250000 0.012500 0.012500
6 0.997500 0.857500 0.010000 0.015000
6 0.981250 0.890000 0.010000 0.015000
6 0.421250 0.082500 0.007500 0.012500
6 0.006250 0.357500 0.007500 0.017500
6 0.005000 0.282500 0.005000 0.015000
6 0.866250 0.872500 0.012500 0.015000
6 0.038750 0.792500 0.010000 0.017500
6 0.022500 0.787500 0.005000 0.015000
6 0.010000 0.783750 0.015000 0.005000
6 0.011250 0.775000 0.015000 0.010000
6 0.995000 0.213750 0.032500 0.017500
6 0.390000 0.620000 0.007500 0.015000
6 0.978750 0.473750 0.015000 0.017500
6 0.408750 0.238750 0.007500 0.017500
6 0.257500 0.826250 0.017500 0.020000
6 0.813750 0.963750 0.015000 0.020000
6 0.277500 0.657500 0.010000 0.015000
6 0.735000 0.083750 0.050000 0.017500
6 0.640000 0.693750 0.007500 0.017500
6 0.296250 0.733750 0.020000 0.012500
6 0.856250 0.157500 0.055000 0.022500
6 0.282500 0.832500 0.022500 0.015000
6 0.257500 0.741250 0.010000 0.017500
6 0.965000 0.656250 0.012500 0.015000
6 0.990000 0.868750 0.010000 0.015000
6 0.046250 0.816250 0.020000 0.007500
6 0.372500 0.478750 0.022500 0.035000
6 0.613750 0.851250 0.017500 0.025000
6 0.270000 0.593750 0.015000 0.020000
6 0.981250 0.650000 0.012500 0.020000
6 0.875000 0.941250 0.015000 0.017500
6 0.620000 0.690000 0.007500 0.017500
6 0.602500 0.692500 0.010000 0.017500
6 0.127500 0.847500 0.022500 0.010000
6 0.842500 0.836250 0.012500 0.020000
6 0.380000 0.302500 0.012500 0.022500
6 0.686250 0.096250 0.025000 0.055000
6 0.926250 0.988750 0.015000 0.025000
6 0.666250 0.695000 0.010000 0.017500
6 0.631250 0.695000 0.007500 0.017500
6 0.087500 0.838750 0.020000 0.012500
6 0.062500 0.841250 0.017500 0.010000
6 0.708750 0.737500 0.020000 0.020000
6 0.707500 0.871250 0.020000 0.017500
6 0.727500 0.106250 0.062500 0.017500
6 0.627500 0.822500 0.017500 0.025000
6 0.891250 0.800000 0.015000 0.025000
6 0.648750 0.820000 0.010000 0.015000
6 0.293750 0.515000 0.007500 0.017500
6 0.693750 0.698750 0.010000 0.017500
6 0.650000 0.695000 0.010000 0.017500
6 0.700000 0.760000 0.017500 0.017500
6 0.238750 0.936250 0.012500 0.025000
6 0.951250 0.708750 0.022500 0.025000
6 0.675000 0.696250 0.007500 0.015000
6 0.661250 0.823750 0.012500 0.015000
6 0.857500 0.207500 0.035000 0.045000
6 0.802500 0.121250 0.062500 0.017500
6 0.281250 0.976250 0.015000 0.017500
6 0.302500 0.413750 0.010000 0.017500
6 0.247500 0.891250 0.010000 0.020000
6 0.106250 0.808750 0.012500 0.017500
6 0.800000 0.140000 0.065000 0.012500
6 0.596250 0.826250 0.020000 0.017500
6 0.926250 0.496250 0.025000 0.022500
6 0.967500 0.910000 0.010000 0.015000
6 0.361250 0.818750 0.012500 0.020000
6 0.041250 0.430000 0.012500 0.017500
6 0.797500 0.961250 0.012500 0.022500
6 0.305000 0.648750 0.030000 0.010000
6 0.046250 0.826250 0.020000 0.007500
6 0.728750 0.957500 0.020000 0.017500
6 0.305000 0.702500 0.030000 0.012500
6 0.290000 0.460000 0.012500 0.017500
6 0.173750 0.848750 0.020000 0.010000
6 0.685000 0.697500 0.007500 0.017500
6 0.298750 0.675000 0.025000 0.010000
6 0.163750 0.860000 0.015000 0.007500
