6 0.017500 0.587500 0.007500 0.015000
6 0.772500 0.978750 0.020000 0.007500
6 0.852500 0.067500 0.007500 0.020000
6 0.881250 0.110000 0.007500 0.015000
6 0.451250 0.201250 0.012500 0.012500
6 0.658750 0.373750 0.015000 0.012500
6 0.840000 0.787500 0.015000 0.007500
6 0.428750 0.126250 0.015000 0.010000
6 0.871250 0.033750 0.025000 0.037500
6 0.858750 0.266250 0.007500 0.017500
6 0.666250 0.142500 0.017500 0.007500
6 0.387500 0.118750 0.012500 0.015000
6 0.860000 0.168750 0.020000 0.015000
6 0.838750 0.813750 0.015000 0.015000
6 0.847500 0.202500 0.012500 0.017500
6 0.915000 0.827500 0.015000 0.015000
6 0.661250 0.397500 0.017500 0.015000
6 0.903750 0.310000 0.010000 0.017500
6 0.980000 0.883750 0.012500 0.017500
6 0.515000 0.275000 0.015000 0.007500
6 0.953750 0.767500 0.010000 0.017500
6 0.995000 0.936250 0.012500 0.017500
6 0.366250 0.038750 0.007500 0.020000
6 0.473750 0.222500 0.015000 0.015000
6 0.855000 0.118750 0.020000 0.027500
6 0.612500 0.327500 0.015000 0.017500
6 0.833750 0.022500 0.015000 0.020000
