6 0.123750 0.215000 0.025000 0.010000
6 0.003750 0.551250 0.017500 0.030000
6 0.043750 0.257500 0.030000 0.010000
6 0.007500 0.708750 0.017500 0.020000
6 0.001250 0.242500 0.007500 0.017500
6 0.030000 0.377500 0.020000 0.002500
6 0.218750 0.410000 0.017500 0.015000
6 0.031250 0.198750 0.012500 0.020000
6 0.226250 0.391250 0.015000 0.012500
6 0.287500 0.918750 0.020000 0.027500
6 0.036250 0.371250 0.020000 0.012500
6 0.051250 0.651250 0.015000 0.015000
6 0.002500 0.203750 0.010000 0.020000
6 0.045000 0.353750 0.022500 0.012500
6 0.057500 0.291250 0.015000 0.020000
6 0.015000 0.397500 0.020000 0.012500
6 0.097500 0.585000 0.022500 0.017500
6 0.025000 0.691250 0.015000 0.017500
6 0.022500 0.392500 0.020000 0.010000
6 0.363750 0.930000 0.017500 0.012500
6 0.020000 0.201250 0.010000 0.012500
6 0.042500 0.243750 0.010000 0.015000
6 0.191250 0.443750 0.015000 0.017500
6 0.095000 0.280000 0.010000 0.017500
6 0.101250 0.273750 0.012500 0.015000
6 0.252500 0.355000 0.012500 0.012500
6 0.038750 0.291250 0.007500 0.015000
6 0.050000 0.197500 0.007500 0.015000
6 0.021250 0.245000 0.010000 0.020000
6 0.052500 0.242500 0.007500 0.022500
6 0.091250 0.291250 0.015000 0.015000
6 0.068750 0.292500 0.007500 0.015000
6 0.303750 0.275000 0.010000 0.015000
6 0.058750 0.198750 0.012500 0.015000
6 0.042500 0.362500 0.020000 0.010000
6 0.013750 0.200000 0.005000 0.017500
6 0.040000 0.200000 0.012500 0.017500
6 0.000000 0.287500 0.012500 0.017500
6 0.176250 0.875000 0.010000 0.017500
6 0.006250 0.255000 0.017500 0.007500
6 0.211250 0.867500 0.010000 0.015000
6 0.011250 0.245000 0.010000 0.017500
6 0.136250 0.363750 0.015000 0.025000
6 0.002500 0.658750 0.015000 0.022500
6 0.223750 0.871250 0.012500 0.020000
6 0.008750 0.288750 0.012500 0.017500
6 0.050000 0.288750 0.012500 0.020000
6 0.276250 0.321250 0.015000 0.012500
6 0.032500 0.242500 0.012500 0.017500
6 0.021250 0.291250 0.010000 0.015000
6 0.025000 0.386250 0.022500 0.015000
6 0.050000 0.215000 0.032500 0.015000
6 0.207500 0.428750 0.022500 0.015000
6 0.151250 0.876250 0.012500 0.012500
