6 0.961250 0.220000 0.032500 0.025000
6 0.898750 0.800000 0.017500 0.017500
6 0.182500 0.505000 0.010000 0.012500
6 0.535000 0.118750 0.022500 0.030000
6 0.583750 0.170000 0.022500 0.012500
6 0.171250 0.506250 0.012500 0.012500
6 0.077500 0.526250 0.015000 0.015000
6 0.065000 0.641250 0.012500 0.020000
6 0.147500 0.588750 0.010000 0.017500
6 0.140000 0.538750 0.012500 0.020000
6 0.073750 0.593750 0.015000 0.015000
6 0.096250 0.598750 0.010000 0.017500
6 0.136250 0.603750 0.012500 0.015000
6 0.156250 0.612500 0.015000 0.020000
6 0.180000 0.616250 0.012500 0.015000
6 0.100000 0.530000 0.015000 0.017500
6 0.358750 0.650000 0.025000 0.010000
6 0.122500 0.496250 0.010000 0.015000
6 0.080000 0.547500 0.010000 0.015000
6 0.115000 0.552500 0.010000 0.017500
6 0.095000 0.945000 0.020000 0.015000
6 0.135000 0.498750 0.012500 0.017500
6 0.080000 0.573750 0.012500 0.017500
6 0.166250 0.542500 0.017500 0.022500
6 0.263750 0.571250 0.012500 0.015000
6 0.050000 0.588750 0.012500 0.015000
6 0.135000 0.587500 0.005000 0.017500
6 0.158750 0.592500 0.012500 0.022500
6 0.020000 0.610000 0.010000 0.017500
6 0.283750 0.703750 0.020000 0.010000
6 0.216250 0.516250 0.012500 0.015000
6 0.188750 0.547500 0.010000 0.017500
6 0.113750 0.580000 0.012500 0.017500
6 0.045000 0.636250 0.007500 0.015000
6 0.025000 0.900000 0.022500 0.010000
6 0.113750 0.966250 0.020000 0.010000
6 0.581250 0.215000 0.017500 0.015000
6 0.586250 0.185000 0.027500 0.015000
6 0.277500 0.533750 0.007500 0.017500
6 0.090000 0.527500 0.015000 0.017500
6 0.118750 0.533750 0.010000 0.015000
6 0.220000 0.626250 0.010000 0.015000
6 0.077500 0.642500 0.010000 0.022500
6 0.155000 0.542500 0.017500 0.015000
6 0.176250 0.547500 0.010000 0.017500
6 0.103750 0.578750 0.010000 0.015000
6 0.172500 0.593750 0.015000 0.025000
6 0.083750 0.596250 0.010000 0.015000
6 0.205000 0.515000 0.017500 0.020000
6 0.110000 0.532500 0.007500 0.015000
6 0.138750 0.556250 0.012500 0.017500
6 0.088750 0.576250 0.010000 0.012500
6 0.062500 0.590000 0.010000 0.017500
6 0.068750 0.571250 0.012500 0.015000
6 0.531250 0.170000 0.015000 0.015000
6 0.076250 0.488750 0.010000 0.015000
6 0.126250 0.603750 0.010000 0.025000
6 0.871250 0.828750 0.022500 0.022500
6 0.057500 0.640000 0.012500 0.017500
6 0.110000 0.492500 0.010000 0.015000
6 0.102500 0.548750 0.010000 0.017500
6 0.191250 0.618750 0.010000 0.017500
6 0.240000 0.632500 0.015000 0.017500
6 0.235000 0.680000 0.012500 0.017500
6 0.100000 0.491250 0.010000 0.020000
6 0.198750 0.548750 0.010000 0.020000
6 0.208750 0.551250 0.010000 0.017500
6 0.121250 0.591250 0.000000 0.000000
6 0.253750 0.527500 0.010000 0.017500
6 0.145000 0.501250 0.010000 0.017500
6 0.087500 0.487500 0.010000 0.020000
6 0.218750 0.610000 0.007500 0.015000
6 0.221250 0.676250 0.010000 0.022500
6 0.167500 0.662500 0.012500 0.017500
6 0.366250 0.642500 0.027500 0.012500
6 0.131250 0.536250 0.012500 0.015000
6 0.251250 0.567500 0.007500 0.020000
6 0.167500 0.613750 0.007500 0.012500
6 0.115000 0.601250 0.007500 0.017500
6 0.036250 0.632500 0.012500 0.022500
6 0.068750 0.947500 0.017500 0.012500
6 0.313750 0.540000 0.015000 0.022500
6 0.241250 0.523750 0.010000 0.017500
6 0.180000 0.667500 0.015000 0.020000
6 0.266250 0.528750 0.010000 0.010000
6 0.232500 0.562500 0.010000 0.017500
6 0.091250 0.546250 0.012500 0.012500
6 0.146250 0.607500 0.012500 0.017500
6 0.208750 0.627500 0.010000 0.020000
6 0.673750 0.982500 0.022500 0.017500
