6 0.193750 0.465000 0.010000 0.017500
6 0.256250 0.597500 0.017500 0.020000
6 0.362500 0.756250 0.015000 0.015000
6 0.156250 0.098750 0.010000 0.015000
6 0.161250 0.255000 0.010000 0.017500
6 0.308750 0.752500 0.007500 0.015000
6 0.247500 0.453750 0.015000 0.022500
6 0.162500 0.167500 0.010000 0.017500
6 0.252500 0.428750 0.012500 0.022500
6 0.278750 0.567500 0.015000 0.017500
6 0.297500 0.596250 0.017500 0.020000
6 0.220000 0.505000 0.012500 0.017500
6 0.233750 0.437500 0.010000 0.015000
6 0.222500 0.475000 0.012500 0.017500
6 0.252500 0.560000 0.007500 0.015000
6 0.396250 0.810000 0.012500 0.017500
6 0.522500 0.976250 0.015000 0.012500
6 0.116250 0.123750 0.010000 0.017500
6 0.126250 0.026250 0.015000 0.022500
6 0.088750 0.053750 0.007500 0.015000
6 0.133750 0.005000 0.010000 0.017500
6 0.333750 0.707500 0.015000 0.015000
6 0.300000 0.672500 0.030000 0.027500
6 0.557500 0.997500 0.015000 0.012500
6 0.373750 0.750000 0.030000 0.040000
6 0.202500 0.403750 0.012500 0.022500
6 0.138750 0.210000 0.010000 0.017500
6 0.145000 0.087500 0.010000 0.015000
6 0.403750 0.856250 0.012500 0.015000
6 0.266250 0.501250 0.010000 0.017500
6 0.162500 0.343750 0.012500 0.020000
6 0.323750 0.746250 0.012500 0.015000
