6 0.963750 0.341250 0.010000 0.012500
6 0.683750 0.006250 0.015000 0.015000
6 0.941250 0.346250 0.017500 0.010000
6 0.956250 0.300000 0.030000 0.022500
6 0.630000 0.002500 0.007500 0.015000
6 0.993750 0.357500 0.022500 0.015000
6 0.921250 0.307500 0.020000 0.017500
6 0.717500 0.060000 0.012500 0.017500
6 0.843750 0.226250 0.015000 0.012500
6 0.868750 0.292500 0.020000 0.007500
6 0.943750 0.363750 0.020000 0.020000
6 0.888750 0.276250 0.015000 0.010000
6 0.878750 0.247500 0.015000 0.012500
6 0.695000 0.000000 0.030000 0.040000
6 0.943750 0.311250 0.015000 0.012500
6 0.725000 0.106250 0.012500 0.015000
