6 0.025000 0.386250 0.015000 0.020000
6 0.098750 0.592500 0.022500 0.042500
6 0.070000 0.560000 0.007500 0.020000
6 0.156250 0.848750 0.010000 0.015000
6 0.162500 0.917500 0.010000 0.017500
6 0.052500 0.618750 0.010000 0.020000
6 0.060000 0.465000 0.012500 0.020000
6 0.116250 0.873750 0.010000 0.017500
6 0.126250 0.776250 0.015000 0.022500
6 0.056250 0.505000 0.012500 0.022500
6 0.047500 0.468750 0.015000 0.017500
6 0.088750 0.803750 0.007500 0.015000
6 0.133750 0.755000 0.010000 0.017500
6 0.111250 0.667500 0.015000 0.020000
6 0.083750 0.736250 0.012500 0.015000
6 0.138750 0.960000 0.010000 0.017500
6 0.145000 0.837500 0.010000 0.015000
6 0.092500 0.725000 0.010000 0.025000
6 0.020000 0.336250 0.007500 0.017500
