6 0.051250 0.936250 0.010000 0.010000
6 0.045000 0.942500 0.012500 0.012500
6 0.035000 0.946250 0.010000 0.012500
6 0.027500 0.951250 0.010000 0.012500
6 0.020000 0.956250 0.012500 0.010000
6 0.010000 0.961250 0.007500 0.010000
6 0.001250 0.966250 0.007500 0.012500
6 0.996250 0.323750 0.025000 0.015000
6 0.623750 0.551250 0.022500 0.020000
6 0.713750 0.507500 0.007500 0.015000
6 0.825000 0.321250 0.015000 0.012500
6 0.790000 0.320000 0.012500 0.017500
6 0.967500 0.600000 0.027500 0.010000
6 0.240000 0.955000 0.020000 0.012500
6 0.190000 0.995000 0.020000 0.015000
6 0.251250 0.993750 0.017500 0.015000
6 0.245000 0.986250 0.017500 0.012500
6 0.238750 0.982500 0.017500 0.012500
6 0.230000 0.978750 0.017500 0.015000
6 0.223750 0.972500 0.015000 0.012500
6 0.200000 0.991250 0.015000 0.012500
6 0.207500 0.987500 0.015000 0.012500
6 0.411250 0.871250 0.015000 0.020000
6 0.296250 0.851250 0.030000 0.022500
6 0.243750 0.883750 0.047500 0.027500
6 0.225000 0.852500 0.025000 0.020000
6 0.252500 0.903750 0.012500 0.015000
6 0.267500 0.916250 0.017500 0.017500
6 0.278750 0.920000 0.015000 0.015000
6 0.291250 0.922500 0.015000 0.017500
6 0.351250 0.858750 0.015000 0.015000
6 0.360000 0.846250 0.015000 0.017500
6 0.365000 0.825000 0.022500 0.017500
6 0.343750 0.842500 0.017500 0.015000
6 0.338750 0.848750 0.020000 0.017500
6 0.327500 0.852500 0.017500 0.012500
6 0.322500 0.858750 0.020000 0.015000
6 0.313750 0.863750 0.017500 0.012500
6 0.306250 0.868750 0.017500 0.012500
6 0.298750 0.872500 0.017500 0.012500
6 0.291250 0.878750 0.017500 0.012500
6 0.281250 0.903750 0.017500 0.017500
6 0.311250 0.917500 0.022500 0.012500
6 0.315000 0.910000 0.020000 0.010000
6 0.321250 0.902500 0.022500 0.010000
6 0.283750 0.883750 0.015000 0.015000
6 0.276250 0.888750 0.015000 0.015000
6 0.270000 0.895000 0.015000 0.015000
6 0.261250 0.898750 0.015000 0.015000
6 0.417500 0.741250 0.050000 0.032500
6 0.483750 0.775000 0.022500 0.017500
6 0.607500 0.693750 0.020000 0.015000
6 0.678750 0.658750 0.020000 0.015000
6 0.616250 0.702500 0.020000 0.012500
6 0.591250 0.716250 0.030000 0.017500
6 0.866250 0.546250 0.022500 0.015000
6 0.848750 0.556250 0.020000 0.015000
6 0.828750 0.566250 0.022500 0.017500
6 0.811250 0.576250 0.020000 0.012500
6 0.787500 0.588750 0.025000 0.015000
6 0.877500 0.325000 0.010000 0.012500
6 0.463750 0.976250 0.030000 0.022500
6 0.272500 0.680000 0.062500 0.037500
6 0.241250 0.670000 0.045000 0.027500
6 0.187500 0.750000 0.027500 0.017500
6 0.166250 0.765000 0.025000 0.022500
6 0.633750 0.657500 0.062500 0.040000
6 0.870000 0.893750 0.067500 0.012500
6 0.891250 0.298750 0.040000 0.012500
6 0.803750 0.318750 0.012500 0.017500
6 0.032500 0.672500 0.067500 0.012500
6 0.876250 0.915000 0.072500 0.017500
6 0.782500 0.881250 0.020000 0.032500
6 0.783750 0.848750 0.027500 0.032500
6 0.887500 0.873750 0.050000 0.015000
6 0.858750 0.320000 0.012500 0.020000
6 0.838750 0.320000 0.007500 0.017500
6 0.037500 0.663750 0.072500 0.025000
