6 0.721250 0.921250 0.022500 0.010000
6 0.682500 0.908750 0.012500 0.005000
6 0.682500 0.900000 0.017500 0.005000
6 0.681250 0.892500 0.012500 0.005000
6 0.678750 0.885000 0.015000 0.007500
6 0.801250 0.936250 0.010000 0.010000
6 0.795000 0.942500 0.012500 0.012500
6 0.785000 0.946250 0.010000 0.012500
6 0.777500 0.951250 0.010000 0.012500
6 0.770000 0.956250 0.012500 0.010000
6 0.760000 0.961250 0.007500 0.010000
6 0.751250 0.966250 0.007500 0.012500
6 0.742500 0.970000 0.015000 0.012500
6 0.733750 0.975000 0.012500 0.012500
6 0.723750 0.980000 0.012500 0.012500
6 0.710000 0.988750 0.012500 0.012500
6 0.357500 0.936250 0.022500 0.050000
6 0.302500 0.191250 0.075000 0.015000
6 0.990000 0.955000 0.020000 0.012500
6 0.940000 0.995000 0.020000 0.015000
6 0.995000 0.986250 0.017500 0.012500
6 0.988750 0.982500 0.017500 0.012500
6 0.980000 0.978750 0.017500 0.015000
6 0.973750 0.972500 0.015000 0.012500
6 0.950000 0.991250 0.015000 0.012500
6 0.957500 0.987500 0.015000 0.012500
6 0.993750 0.883750 0.047500 0.027500
6 0.975000 0.852500 0.025000 0.020000
6 0.611250 0.650000 0.017500 0.030000
6 0.426250 0.931250 0.030000 0.057500
6 0.703750 0.996250 0.015000 0.015000
6 0.601250 0.991250 0.027500 0.012500
6 0.681250 0.991250 0.017500 0.017500
6 0.672500 0.878750 0.025000 0.010000
6 0.702500 0.898750 0.020000 0.012500
6 0.991250 0.670000 0.045000 0.027500
6 0.937500 0.750000 0.027500 0.017500
6 0.916250 0.765000 0.025000 0.022500
6 0.583750 0.898750 0.022500 0.057500
6 0.782500 0.672500 0.067500 0.012500
6 0.787500 0.663750 0.072500 0.025000
