6 0.460000 0.852500 0.025000 0.007500
6 0.461250 0.866250 0.030000 0.007500
6 0.458750 0.875000 0.020000 0.007500
6 0.822500 0.815000 0.020000 0.007500
6 0.826250 0.851250 0.022500 0.007500
6 0.826250 0.872500 0.025000 0.010000
6 0.825000 0.862500 0.017500 0.007500
6 0.778750 0.838750 0.022500 0.005000
6 0.503750 0.020000 0.020000 0.015000
6 0.121250 0.291250 0.020000 0.010000
6 0.093750 0.196250 0.007500 0.015000
6 0.190000 0.328750 0.020000 0.007500
6 0.191250 0.312500 0.022500 0.015000
6 0.506250 0.768750 0.025000 0.007500
6 0.505000 0.761250 0.027500 0.012500
6 0.433750 0.353750 0.015000 0.012500
6 0.426250 0.020000 0.012500 0.015000
6 0.457500 0.620000 0.025000 0.007500
6 0.837500 0.996250 0.020000 0.010000
6 0.776250 0.820000 0.025000 0.010000
6 0.621250 0.495000 0.017500 0.015000
6 0.630000 0.490000 0.015000 0.015000
6 0.641250 0.483750 0.017500 0.015000
6 0.662500 0.476250 0.015000 0.012500
6 0.696250 0.463750 0.017500 0.015000
6 0.741250 0.483750 0.015000 0.017500
6 0.707500 0.498750 0.015000 0.015000
6 0.761250 0.437500 0.012500 0.012500
6 0.457500 0.711250 0.025000 0.010000
6 0.456250 0.787500 0.025000 0.010000
6 0.506250 0.791250 0.025000 0.012500
6 0.503750 0.752500 0.020000 0.007500
6 0.502500 0.681250 0.020000 0.007500
6 0.501250 0.673750 0.022500 0.007500
6 0.503750 0.603750 0.017500 0.007500
6 0.502500 0.617500 0.017500 0.007500
6 0.501250 0.645000 0.025000 0.007500
6 0.455000 0.648750 0.020000 0.007500
6 0.191250 0.572500 0.017500 0.005000
6 0.191250 0.578750 0.020000 0.007500
6 0.191250 0.622500 0.017500 0.010000
6 0.192500 0.632500 0.020000 0.010000
6 0.192500 0.641250 0.022500 0.007500
6 0.237500 0.702500 0.020000 0.007500
6 0.195000 0.743750 0.020000 0.010000
6 0.193750 0.756250 0.020000 0.007500
6 0.240000 0.770000 0.020000 0.007500
6 0.240000 0.762500 0.020000 0.007500
6 0.240000 0.785000 0.022500 0.010000
6 0.241250 0.795000 0.022500 0.007500
6 0.196250 0.801250 0.022500 0.007500
6 0.192500 0.820000 0.020000 0.010000
6 0.195000 0.846250 0.022500 0.010000
6 0.242500 0.830000 0.020000 0.007500
6 0.242500 0.837500 0.020000 0.005000
6 0.243750 0.846250 0.022500 0.007500
6 0.237500 0.561250 0.020000 0.007500
6 0.117500 0.451250 0.017500 0.010000
6 0.116250 0.436250 0.020000 0.010000
6 0.071250 0.397500 0.017500 0.010000
6 0.070000 0.328750 0.025000 0.010000
6 0.235000 0.346250 0.022500 0.010000
6 0.236250 0.368750 0.022500 0.007500
6 0.236250 0.443750 0.022500 0.010000
6 0.235000 0.425000 0.022500 0.007500
6 0.235000 0.416250 0.022500 0.007500
6 0.235000 0.393750 0.025000 0.010000
6 0.116250 0.323750 0.022500 0.010000
6 0.116250 0.315000 0.022500 0.007500
6 0.071250 0.261250 0.025000 0.010000
6 0.073750 0.287500 0.022500 0.010000
6 0.072500 0.298750 0.022500 0.010000
6 0.071250 0.223750 0.025000 0.010000
6 0.070000 0.213750 0.020000 0.007500
6 0.115000 0.203750 0.022500 0.010000
6 0.072500 0.168750 0.022500 0.007500
6 0.070000 0.148750 0.020000 0.010000
6 0.117500 0.162500 0.022500 0.010000
6 0.015000 0.002500 0.020000 0.007500
6 0.017500 0.016250 0.022500 0.012500
6 0.221250 0.006250 0.017500 0.007500
6 0.220000 0.013750 0.020000 0.007500
6 0.221250 0.042500 0.020000 0.007500
6 0.371250 0.035000 0.012500 0.017500
6 0.456250 0.057500 0.022500 0.012500
6 0.501250 0.072500 0.020000 0.007500
6 0.501250 0.081250 0.020000 0.007500
6 0.502500 0.103750 0.020000 0.007500
6 0.417500 0.157500 0.010000 0.020000
6 0.458750 0.188750 0.022500 0.007500
6 0.458750 0.197500 0.022500 0.007500
6 0.455000 0.267500 0.017500 0.015000
6 0.520000 0.301250 0.022500 0.010000
6 0.712500 0.128750 0.022500 0.010000
6 0.762500 0.145000 0.020000 0.007500
6 0.456250 0.105000 0.022500 0.010000
6 0.995000 0.003750 0.022500 0.007500
6 0.948750 0.017500 0.030000 0.010000
6 0.456250 0.795000 0.022500 0.007500
6 0.457500 0.801250 0.020000 0.010000
6 0.460000 0.808750 0.022500 0.007500
6 0.461250 0.820000 0.025000 0.010000
6 0.777500 0.812500 0.022500 0.007500
6 0.778750 0.830000 0.027500 0.010000
6 0.455000 0.581250 0.020000 0.007500
6 0.115000 0.233750 0.022500 0.010000
6 0.518750 0.228750 0.025000 0.010000
6 0.232500 0.360000 0.020000 0.007500
6 0.518750 0.308750 0.025000 0.007500
6 0.777500 0.870000 0.022500 0.012500
6 0.776250 0.792500 0.020000 0.007500
6 0.072500 0.350000 0.022500 0.010000
6 0.501250 0.128750 0.022500 0.007500
6 0.506250 0.857500 0.022500 0.010000
6 0.071250 0.187500 0.017500 0.007500
6 0.115000 0.211250 0.025000 0.010000
6 0.453750 0.690000 0.025000 0.010000
6 0.238750 0.638750 0.022500 0.010000
6 0.775000 0.775000 0.022500 0.007500
6 0.068750 0.201250 0.017500 0.010000
6 0.758750 0.056250 0.022500 0.007500
6 0.457500 0.116250 0.020000 0.007500
6 0.456250 0.777500 0.025000 0.007500
6 0.458750 0.181250 0.025000 0.007500
6 0.235000 0.658750 0.017500 0.007500
6 0.073750 0.377500 0.020000 0.010000
6 0.236250 0.613750 0.025000 0.005000
6 0.115000 0.247500 0.025000 0.007500
6 0.456250 0.601250 0.020000 0.007500
6 0.072500 0.320000 0.017500 0.005000
6 0.711250 0.072500 0.017500 0.007500
6 0.715000 0.081250 0.020000 0.007500
6 0.188750 0.415000 0.017500 0.010000
6 0.191250 0.586250 0.020000 0.007500
6 0.457500 0.087500 0.020000 0.010000
6 0.188750 0.433750 0.020000 0.010000
6 0.185000 0.377500 0.027500 0.010000
6 0.827500 0.776250 0.027500 0.010000
6 0.230000 0.385000 0.025000 0.007500
6 0.501250 0.138750 0.025000 0.007500
6 0.505000 0.870000 0.022500 0.007500
6 0.187500 0.402500 0.017500 0.010000
6 0.825000 0.885000 0.022500 0.010000
6 0.455000 0.303750 0.027500 0.015000
6 0.455000 0.698750 0.027500 0.005000
6 0.073750 0.450000 0.017500 0.007500
6 0.460000 0.163750 0.025000 0.007500
6 0.118750 0.257500 0.027500 0.010000
6 0.518750 0.211250 0.020000 0.007500
6 0.071250 0.310000 0.022500 0.010000
6 0.192500 0.565000 0.017500 0.007500
6 0.776250 0.856250 0.020000 0.007500
6 0.762500 0.102500 0.017500 0.007500
6 0.117500 0.188750 0.020000 0.007500
6 0.502500 0.161250 0.017500 0.007500
6 0.113750 0.221250 0.027500 0.005000
6 0.457500 0.680000 0.025000 0.012500
6 0.457500 0.662500 0.025000 0.010000
6 0.071250 0.430000 0.017500 0.005000
