6 0.323750 0.958750 0.012500 0.012500
6 0.330000 0.938750 0.010000 0.017500
6 0.328750 0.917500 0.010000 0.012500
6 0.427500 0.950000 0.017500 0.007500
6 0.427500 0.941250 0.020000 0.007500
6 0.426250 0.931250 0.017500 0.005000
6 0.450000 0.917500 0.015000 0.005000
6 0.145000 0.823750 0.007500 0.015000
6 0.186250 0.823750 0.010000 0.015000
6 0.282500 0.840000 0.012500 0.012500
6 0.308750 0.855000 0.012500 0.010000
6 0.452500 0.887500 0.017500 0.005000
6 0.593750 0.840000 0.012500 0.012500
6 0.606250 0.803750 0.010000 0.012500
6 0.578750 0.831250 0.010000 0.017500
6 0.938750 0.672500 0.010000 0.015000
6 0.946250 0.486250 0.017500 0.022500
6 0.945000 0.462500 0.015000 0.012500
6 0.972500 0.368750 0.020000 0.010000
6 0.918750 0.362500 0.017500 0.007500
6 0.972500 0.345000 0.020000 0.010000
6 0.972500 0.332500 0.020000 0.007500
6 0.973750 0.277500 0.022500 0.012500
6 0.967500 0.256250 0.010000 0.010000
6 0.920000 0.321250 0.020000 0.015000
6 0.972500 0.418750 0.022500 0.010000
6 0.973750 0.455000 0.017500 0.007500
6 0.972500 0.448750 0.017500 0.005000
6 0.912500 0.340000 0.030000 0.007500
6 0.973750 0.402500 0.027500 0.010000
6 0.973750 0.395000 0.022500 0.007500
