6 0.671250 0.013750 0.017500 0.035000
6 0.151250 0.830000 0.012500 0.020000
6 0.161250 0.828750 0.010000 0.020000
6 0.171250 0.827500 0.010000 0.017500
6 0.170000 0.792500 0.010000 0.017500
6 0.183750 0.792500 0.010000 0.015000
6 0.208750 0.828750 0.010000 0.015000
6 0.220000 0.826250 0.012500 0.017500
6 0.343750 0.817500 0.015000 0.020000
6 0.256250 0.825000 0.012500 0.015000
6 0.463750 0.586250 0.020000 0.010000
6 0.463750 0.595000 0.022500 0.007500
6 0.466250 0.602500 0.025000 0.010000
6 0.468750 0.668750 0.020000 0.010000
6 0.467500 0.677500 0.025000 0.010000
6 0.465000 0.701250 0.020000 0.010000
6 0.423750 0.606250 0.020000 0.007500
6 0.422500 0.615000 0.022500 0.007500
6 0.422500 0.622500 0.020000 0.007500
6 0.421250 0.631250 0.020000 0.005000
