6 0.030000 0.636250 0.020000 0.015000
6 0.001250 0.652500 0.020000 0.010000
6 0.030000 0.613750 0.017500 0.020000
6 0.043750 0.612500 0.015000 0.017500
6 0.181250 0.257500 0.012500 0.015000
6 0.191250 0.255000 0.012500 0.017500
6 0.203750 0.253750 0.012500 0.017500
6 0.213750 0.252500 0.012500 0.015000
6 0.223750 0.251250 0.010000 0.015000
6 0.233750 0.246250 0.012500 0.015000
6 0.243750 0.246250 0.010000 0.015000
6 0.160000 0.233750 0.012500 0.017500
6 0.171250 0.232500 0.015000 0.017500
6 0.180000 0.227500 0.012500 0.012500
6 0.190000 0.225000 0.012500 0.012500
6 0.200000 0.223750 0.012500 0.017500
6 0.211250 0.222500 0.012500 0.015000
6 0.220000 0.218750 0.012500 0.015000
6 0.231250 0.217500 0.015000 0.015000
6 0.243750 0.217500 0.010000 0.015000
6 0.141250 0.240000 0.020000 0.012500
6 0.265000 0.218750 0.020000 0.015000
6 0.271250 0.235000 0.020000 0.012500
6 0.275000 0.242500 0.017500 0.010000
6 0.148750 0.262500 0.017500 0.007500
6 0.145000 0.252500 0.020000 0.010000
6 0.151250 0.271250 0.017500 0.007500
6 0.153750 0.281250 0.017500 0.010000
6 0.157500 0.291250 0.017500 0.007500
6 0.160000 0.298750 0.017500 0.010000
6 0.165000 0.305000 0.017500 0.010000
6 0.285000 0.266250 0.020000 0.007500
6 0.287500 0.273750 0.020000 0.007500
6 0.292500 0.282500 0.022500 0.010000
6 0.296250 0.291250 0.022500 0.010000
6 0.298750 0.300000 0.020000 0.007500
6 0.302500 0.306250 0.020000 0.007500
6 0.220000 0.337500 0.012500 0.017500
6 0.228750 0.335000 0.010000 0.015000
6 0.238750 0.330000 0.012500 0.015000
6 0.247500 0.327500 0.010000 0.015000
6 0.260000 0.325000 0.012500 0.015000
6 0.271250 0.325000 0.012500 0.015000
6 0.168750 0.311250 0.017500 0.007500
6 0.172500 0.317500 0.017500 0.007500
6 0.175000 0.327500 0.017500 0.010000
6 0.188750 0.358750 0.020000 0.010000
6 0.183750 0.350000 0.017500 0.007500
6 0.195000 0.291250 0.012500 0.015000
6 0.205000 0.288750 0.012500 0.017500
6 0.217500 0.286250 0.012500 0.015000
6 0.228750 0.286250 0.012500 0.015000
6 0.236250 0.285000 0.010000 0.015000
6 0.247500 0.283750 0.012500 0.017500
6 0.251250 0.296250 0.017500 0.007500
6 0.206250 0.302500 0.017500 0.007500
6 0.226250 0.353750 0.010000 0.015000
6 0.235000 0.348750 0.010000 0.012500
6 0.245000 0.346250 0.012500 0.017500
6 0.256250 0.342500 0.012500 0.017500
6 0.266250 0.341250 0.012500 0.015000
6 0.277500 0.338750 0.012500 0.012500
6 0.250000 0.356250 0.020000 0.007500
6 0.316250 0.337500 0.017500 0.010000
6 0.317500 0.347500 0.020000 0.010000
6 0.322500 0.355000 0.020000 0.005000
6 0.322500 0.366250 0.017500 0.005000
6 0.305000 0.315000 0.020000 0.007500
6 0.308750 0.321250 0.020000 0.007500
6 0.113750 0.250000 0.015000 0.015000
6 0.138750 0.310000 0.012500 0.012500
6 0.120000 0.213750 0.025000 0.015000
6 0.051250 0.226250 0.025000 0.010000
6 0.028750 0.228750 0.020000 0.007500
6 0.395000 0.135000 0.020000 0.010000
6 0.455000 0.141250 0.030000 0.015000
6 0.436250 0.117500 0.025000 0.012500
6 0.417500 0.128750 0.017500 0.010000
6 0.527500 0.105000 0.022500 0.007500
6 0.565000 0.092500 0.020000 0.010000
6 0.597500 0.083750 0.022500 0.010000
6 0.671250 0.065000 0.017500 0.010000
6 0.722500 0.052500 0.022500 0.010000
6 0.727500 0.058750 0.020000 0.007500
6 0.766250 0.041250 0.020000 0.010000
6 0.758750 0.051250 0.022500 0.007500
6 0.865000 0.033750 0.020000 0.010000
6 0.471250 0.205000 0.012500 0.012500
6 0.578750 0.173750 0.010000 0.015000
6 0.577500 0.132500 0.012500 0.017500
6 0.591250 0.162500 0.012500 0.015000
6 0.693750 0.465000 0.020000 0.010000
6 0.697500 0.471250 0.017500 0.012500
6 0.702500 0.477500 0.020000 0.010000
6 0.703750 0.486250 0.020000 0.012500
6 0.712500 0.498750 0.020000 0.012500
6 0.656250 0.503750 0.020000 0.015000
6 0.692500 0.518750 0.020000 0.010000
6 0.758750 0.542500 0.025000 0.022500
6 0.802500 0.551250 0.017500 0.017500
6 0.761250 0.472500 0.010000 0.012500
6 0.677500 0.533750 0.012500 0.015000
6 0.666250 0.536250 0.012500 0.017500
6 0.682500 0.550000 0.012500 0.015000
6 0.695000 0.552500 0.010000 0.015000
6 0.688750 0.565000 0.020000 0.010000
6 0.698750 0.537500 0.012500 0.015000
6 0.708750 0.540000 0.017500 0.015000
6 0.717500 0.546250 0.020000 0.017500
6 0.726250 0.550000 0.020000 0.010000
6 0.733750 0.557500 0.020000 0.010000
6 0.745000 0.566250 0.017500 0.007500
6 0.756250 0.652500 0.030000 0.030000
6 0.745000 0.625000 0.020000 0.020000
6 0.720000 0.568750 0.020000 0.007500
6 0.712500 0.575000 0.022500 0.007500
6 0.657500 0.542500 0.012500 0.017500
6 0.655000 0.560000 0.012500 0.017500
6 0.672500 0.583750 0.020000 0.010000
6 0.653750 0.588750 0.020000 0.010000
6 0.702500 0.586250 0.015000 0.015000
6 0.692500 0.591250 0.017500 0.017500
6 0.686250 0.597500 0.012500 0.015000
6 0.673750 0.596250 0.015000 0.017500
6 0.665000 0.602500 0.012500 0.017500
6 0.655000 0.602500 0.015000 0.017500
6 0.693750 0.612500 0.015000 0.017500
6 0.681250 0.613750 0.012500 0.017500
6 0.673750 0.617500 0.012500 0.015000
6 0.643750 0.603750 0.012500 0.015000
6 0.707500 0.602500 0.017500 0.017500
6 0.623750 0.565000 0.012500 0.020000
6 0.612500 0.566250 0.010000 0.015000
6 0.633750 0.562500 0.012500 0.015000
6 0.642500 0.561250 0.012500 0.015000
6 0.626250 0.546250 0.012500 0.017500
6 0.636250 0.546250 0.012500 0.015000
6 0.647500 0.543750 0.015000 0.017500
6 0.607500 0.551250 0.010000 0.015000
6 0.616250 0.548750 0.010000 0.015000
6 0.603750 0.568750 0.017500 0.017500
6 0.586250 0.557500 0.010000 0.015000
6 0.592500 0.571250 0.012500 0.012500
6 0.583750 0.575000 0.007500 0.012500
6 0.588750 0.595000 0.020000 0.010000
6 0.591250 0.606250 0.022500 0.010000
6 0.626250 0.611250 0.017500 0.017500
6 0.633750 0.627500 0.012500 0.015000
6 0.625000 0.630000 0.012500 0.015000
6 0.603750 0.633750 0.015000 0.015000
6 0.615000 0.632500 0.015000 0.015000
6 0.582500 0.637500 0.015000 0.015000
6 0.565000 0.643750 0.012500 0.017500
6 0.556250 0.646250 0.012500 0.015000
6 0.545000 0.650000 0.012500 0.017500
6 0.535000 0.651250 0.012500 0.017500
6 0.523750 0.651250 0.010000 0.015000
6 0.528750 0.550000 0.022500 0.010000
6 0.548750 0.597500 0.020000 0.010000
6 0.568750 0.603750 0.020000 0.010000
6 0.547500 0.616250 0.020000 0.010000
6 0.523750 0.613750 0.020000 0.007500
6 0.501250 0.618750 0.020000 0.010000
6 0.505000 0.627500 0.020000 0.010000
6 0.480000 0.625000 0.017500 0.007500
6 0.460000 0.628750 0.020000 0.010000
6 0.435000 0.636250 0.020000 0.010000
6 0.535000 0.576250 0.012500 0.015000
6 0.543750 0.567500 0.015000 0.015000
6 0.551250 0.581250 0.012500 0.015000
6 0.576250 0.563750 0.012500 0.015000
6 0.392500 0.550000 0.015000 0.017500
6 0.461250 0.582500 0.010000 0.012500
6 0.452500 0.585000 0.010000 0.015000
6 0.486250 0.580000 0.015000 0.012500
6 0.506250 0.576250 0.010000 0.015000
6 0.515000 0.573750 0.010000 0.012500
6 0.380000 0.603750 0.012500 0.015000
6 0.387500 0.600000 0.010000 0.015000
6 0.433750 0.588750 0.010000 0.012500
6 0.442500 0.586250 0.010000 0.015000
6 0.452500 0.568750 0.017500 0.007500
6 0.475000 0.563750 0.020000 0.010000
6 0.602500 0.533750 0.017500 0.010000
6 0.622500 0.530000 0.020000 0.010000
6 0.642500 0.525000 0.020000 0.007500
6 0.537500 0.522500 0.025000 0.012500
6 0.511250 0.588750 0.015000 0.012500
6 0.521250 0.587500 0.010000 0.012500
6 0.440000 0.603750 0.015000 0.015000
6 0.450000 0.600000 0.017500 0.015000
6 0.492500 0.593750 0.012500 0.012500
6 0.581250 0.528750 0.030000 0.012500
6 0.750000 0.472500 0.012500 0.015000
6 0.837500 0.498750 0.012500 0.017500
6 0.865000 0.602500 0.022500 0.007500
6 0.858750 0.615000 0.025000 0.012500
6 0.893750 0.605000 0.015000 0.015000
6 0.906250 0.603750 0.015000 0.017500
6 0.916250 0.603750 0.012500 0.017500
6 0.927500 0.603750 0.012500 0.017500
6 0.948750 0.603750 0.012500 0.017500
6 0.961250 0.603750 0.012500 0.017500
6 0.973750 0.603750 0.015000 0.020000
6 0.985000 0.607500 0.012500 0.015000
6 0.996250 0.606250 0.012500 0.015000
6 0.996250 0.565000 0.015000 0.025000
6 0.732500 0.716250 0.015000 0.015000
6 0.722500 0.701250 0.012500 0.012500
6 0.907500 0.630000 0.017500 0.007500
6 0.955000 0.627500 0.020000 0.007500
6 0.723750 0.592500 0.017500 0.010000
6 0.377500 0.075000 0.015000 0.015000
6 0.393750 0.071250 0.015000 0.015000
6 0.405000 0.068750 0.010000 0.015000
6 0.415000 0.068750 0.015000 0.017500
6 0.491250 0.048750 0.012500 0.015000
6 0.841250 0.446250 0.015000 0.017500
6 0.887500 0.073750 0.012500 0.022500
6 0.961250 0.290000 0.012500 0.017500
6 0.966250 0.268750 0.012500 0.017500
6 0.016250 0.707500 0.012500 0.012500
6 0.018750 0.665000 0.020000 0.010000
6 0.073750 0.698750 0.017500 0.007500
6 0.077500 0.706250 0.017500 0.007500
6 0.083750 0.721250 0.020000 0.010000
6 0.093750 0.745000 0.017500 0.010000
6 0.052500 0.623750 0.015000 0.012500
6 0.098750 0.622500 0.017500 0.010000
6 0.117500 0.645000 0.017500 0.007500
6 0.120000 0.616250 0.017500 0.007500
6 0.141250 0.641250 0.017500 0.007500
6 0.136250 0.585000 0.012500 0.017500
6 0.121250 0.681250 0.020000 0.007500
6 0.242500 0.538750 0.010000 0.012500
6 0.295000 0.605000 0.017500 0.010000
6 0.300000 0.570000 0.010000 0.015000
6 0.355000 0.558750 0.010000 0.015000
6 0.336250 0.585000 0.017500 0.007500
6 0.350000 0.591250 0.017500 0.007500
6 0.386250 0.572500 0.022500 0.007500
6 0.467500 0.555000 0.020000 0.010000
6 0.503750 0.657500 0.015000 0.012500
6 0.482500 0.661250 0.010000 0.012500
6 0.597500 0.508750 0.022500 0.010000
6 0.471250 0.435000 0.012500 0.017500
6 0.412500 0.598750 0.010000 0.012500
6 0.432500 0.573750 0.015000 0.010000
6 0.856250 0.447500 0.007500 0.015000
6 0.866250 0.500000 0.015000 0.015000
6 0.663750 0.472500 0.015000 0.017500
6 0.866250 0.463750 0.010000 0.012500
6 0.843750 0.647500 0.012500 0.015000
6 0.805000 0.641250 0.020000 0.007500
6 0.920000 0.637500 0.022500 0.005000
6 0.997500 0.642500 0.017500 0.007500
6 0.965000 0.632500 0.020000 0.010000
6 0.188750 0.385000 0.017500 0.010000
6 0.903750 0.248750 0.012500 0.015000
6 0.775000 0.288750 0.012500 0.017500
6 0.747500 0.223750 0.012500 0.015000
6 0.732500 0.186250 0.010000 0.012500
6 0.793750 0.257500 0.022500 0.012500
6 0.721250 0.270000 0.027500 0.010000
6 0.945000 0.211250 0.022500 0.010000
6 0.941250 0.197500 0.020000 0.010000
6 0.937500 0.175000 0.017500 0.007500
6 0.952500 0.233750 0.022500 0.010000
6 0.856250 0.236250 0.027500 0.012500
6 0.926250 0.385000 0.012500 0.017500
6 0.795000 0.332500 0.012500 0.017500
6 0.426250 0.151250 0.025000 0.012500
6 0.945000 0.263750 0.010000 0.017500
6 0.911250 0.040000 0.012500 0.017500
6 0.868750 0.112500 0.022500 0.010000
6 0.866250 0.092500 0.017500 0.010000
6 0.607500 0.200000 0.015000 0.012500
6 0.626250 0.242500 0.017500 0.017500
6 0.700000 0.740000 0.017500 0.017500
6 0.463750 0.185000 0.012500 0.015000
6 0.490000 0.136250 0.025000 0.012500
6 0.347500 0.036250 0.010000 0.017500
6 0.342500 0.016250 0.010000 0.015000
6 0.646250 0.072500 0.017500 0.010000
6 0.618750 0.105000 0.022500 0.010000
6 0.592500 0.113750 0.017500 0.007500
6 0.606250 0.183750 0.017500 0.015000
6 0.448750 0.188750 0.010000 0.012500
6 0.456250 0.206250 0.010000 0.010000
