6 0.981250 0.055000 0.017500 0.007500
6 0.983750 0.063750 0.022500 0.010000
6 0.463750 0.046250 0.030000 0.010000
6 0.273750 0.960000 0.012500 0.017500
6 0.285000 0.958750 0.012500 0.015000
6 0.296250 0.961250 0.010000 0.015000
6 0.321250 0.965000 0.010000 0.015000
6 0.318750 0.980000 0.007500 0.015000
6 0.307500 0.978750 0.007500 0.015000
6 0.351250 0.986250 0.010000 0.012500
6 0.396250 0.988750 0.010000 0.012500
6 0.397500 0.973750 0.010000 0.015000
6 0.411250 0.942500 0.035000 0.012500
6 0.450000 0.946250 0.032500 0.012500
6 0.482500 0.983750 0.012500 0.012500
6 0.573750 0.960000 0.017500 0.020000
6 0.567500 0.940000 0.010000 0.012500
6 0.518750 0.861250 0.012500 0.025000
6 0.528750 0.917500 0.012500 0.017500
6 0.521250 0.732500 0.015000 0.020000
6 0.530000 0.768750 0.017500 0.025000
6 0.538750 0.811250 0.012500 0.015000
6 0.555000 0.882500 0.015000 0.017500
6 0.455000 0.678750 0.010000 0.017500
6 0.467500 0.662500 0.010000 0.012500
6 0.435000 0.680000 0.012500 0.017500
6 0.423750 0.680000 0.010000 0.015000
6 0.412500 0.681250 0.007500 0.015000
6 0.470000 0.678750 0.010000 0.015000
6 0.402500 0.681250 0.012500 0.015000
6 0.396250 0.337500 0.015000 0.025000
6 0.437500 0.368750 0.012500 0.027500
6 0.876250 0.292500 0.032500 0.027500
6 0.891250 0.316250 0.025000 0.022500
6 0.853750 0.321250 0.022500 0.022500
6 0.870000 0.343750 0.017500 0.022500
6 0.905000 0.336250 0.017500 0.017500
6 0.890000 0.367500 0.022500 0.025000
6 0.987500 0.082500 0.025000 0.010000
6 0.995000 0.100000 0.022500 0.012500
6 0.985000 0.072500 0.022500 0.007500
6 0.385000 0.141250 0.020000 0.027500
6 0.442500 0.070000 0.015000 0.025000
6 0.076250 0.158750 0.035000 0.022500
6 0.018750 0.110000 0.017500 0.015000
6 0.030000 0.192500 0.015000 0.015000
6 0.300000 0.105000 0.020000 0.025000
6 0.311250 0.116250 0.015000 0.020000
6 0.276250 0.103750 0.015000 0.017500
6 0.263750 0.100000 0.015000 0.015000
6 0.181250 0.367500 0.012500 0.012500
6 0.170000 0.366250 0.012500 0.017500
6 0.155000 0.372500 0.010000 0.012500
6 0.145000 0.370000 0.010000 0.012500
6 0.107500 0.368750 0.012500 0.012500
6 0.081250 0.370000 0.010000 0.015000
6 0.068750 0.368750 0.012500 0.015000
6 0.057500 0.368750 0.012500 0.015000
6 0.022500 0.368750 0.012500 0.012500
6 0.011250 0.368750 0.010000 0.012500
6 0.000000 0.368750 0.012500 0.010000
6 0.288750 0.372500 0.020000 0.010000
6 0.293750 0.383750 0.020000 0.007500
6 0.413750 0.131250 0.007500 0.017500
6 0.422500 0.127500 0.010000 0.017500
6 0.203750 0.072500 0.012500 0.010000
6 0.146250 0.163750 0.017500 0.012500
6 0.396250 0.203750 0.012500 0.015000
6 0.183750 0.343750 0.012500 0.025000
6 0.456250 0.452500 0.012500 0.015000
6 0.452500 0.500000 0.010000 0.015000
6 0.473750 0.522500 0.010000 0.015000
6 0.223750 0.468750 0.032500 0.010000
6 0.192500 0.471250 0.017500 0.007500
6 0.172500 0.473750 0.015000 0.010000
6 0.325000 0.520000 0.010000 0.012500
6 0.297500 0.561250 0.017500 0.005000
6 0.233750 0.566250 0.022500 0.007500
6 0.207500 0.570000 0.020000 0.007500
6 0.276250 0.452500 0.017500 0.007500
6 0.301250 0.502500 0.010000 0.010000
6 0.348750 0.616250 0.015000 0.017500
6 0.330000 0.757500 0.020000 0.007500
6 0.155000 0.720000 0.017500 0.005000
6 0.132500 0.717500 0.022500 0.010000
6 0.095000 0.712500 0.020000 0.007500
6 0.065000 0.708750 0.017500 0.007500
6 0.206250 0.712500 0.022500 0.007500
6 0.005000 0.820000 0.020000 0.007500
6 0.376250 0.971250 0.007500 0.015000
6 0.416250 0.977500 0.012500 0.012500
6 0.342500 0.967500 0.010000 0.015000
6 0.272500 0.977500 0.010000 0.015000
6 0.293750 0.980000 0.010000 0.015000
6 0.385000 0.987500 0.010000 0.015000
6 0.250000 0.972500 0.010000 0.015000
6 0.126250 0.205000 0.012500 0.015000
6 0.115000 0.203750 0.012500 0.017500
6 0.121250 0.222500 0.012500 0.015000
6 0.127500 0.232500 0.010000 0.015000
