6 0.620000 0.612500 0.015000 0.020000
6 0.957500 0.926250 0.022500 0.030000
6 0.996250 0.930000 0.015000 0.025000
6 0.963750 0.892500 0.012500 0.027500
6 0.992500 0.848750 0.020000 0.022500
6 0.981250 0.891250 0.015000 0.020000
6 0.956250 0.973750 0.012500 0.017500
6 0.915000 0.987500 0.015000 0.017500
6 0.002500 0.227500 0.030000 0.012500
6 0.233750 0.277500 0.032500 0.012500
6 0.447500 0.210000 0.010000 0.015000
6 0.437500 0.302500 0.025000 0.012500
6 0.462500 0.150000 0.010000 0.015000
6 0.466250 0.132500 0.010000 0.017500
6 0.745000 0.316250 0.010000 0.015000
6 0.752500 0.285000 0.007500 0.015000
6 0.621250 0.336250 0.015000 0.005000
6 0.462500 0.308750 0.015000 0.007500
6 0.637500 0.323750 0.017500 0.007500
6 0.201250 0.378750 0.015000 0.015000
6 0.508750 0.103750 0.010000 0.017500
6 0.476250 0.101250 0.010000 0.015000
6 0.441250 0.227500 0.010000 0.012500
6 0.433750 0.258750 0.010000 0.015000
6 0.072500 0.107500 0.020000 0.007500
6 0.021250 0.135000 0.015000 0.007500
6 0.058750 0.166250 0.017500 0.005000
6 0.053750 0.188750 0.015000 0.005000
6 0.050000 0.203750 0.017500 0.005000
6 0.060000 0.158750 0.017500 0.007500
6 0.060000 0.151250 0.020000 0.007500
6 0.065000 0.130000 0.017500 0.007500
6 0.073750 0.085000 0.015000 0.007500
6 0.073750 0.076250 0.015000 0.005000
6 0.025000 0.112500 0.017500 0.007500
6 0.035000 0.068750 0.015000 0.010000
6 0.490000 0.046250 0.007500 0.012500
6 0.891250 0.601250 0.017500 0.012500
6 0.920000 0.605000 0.015000 0.012500
6 0.932500 0.607500 0.015000 0.012500
6 0.947500 0.872500 0.015000 0.020000
6 0.932500 0.920000 0.012500 0.017500
6 0.916250 0.960000 0.015000 0.017500
6 0.323750 0.661250 0.025000 0.007500
6 0.535000 0.791250 0.020000 0.012500
6 0.556250 0.796250 0.015000 0.010000
6 0.328750 0.998750 0.010000 0.012500
6 0.953750 0.842500 0.012500 0.022500
