6 0.150000 0.668750 0.025000 0.015000
6 0.267500 0.868750 0.027500 0.015000
6 0.282500 0.820000 0.020000 0.012500
6 0.173750 0.683750 0.017500 0.020000
6 0.162500 0.711250 0.025000 0.017500
6 0.181250 0.721250 0.022500 0.015000
6 0.312500 0.782500 0.030000 0.015000
6 0.336250 0.795000 0.025000 0.012500
6 0.410000 0.820000 0.015000 0.015000
6 0.445000 0.821250 0.020000 0.012500
6 0.482500 0.867500 0.022500 0.012500
6 0.485000 0.885000 0.020000 0.012500
6 0.015000 0.531250 0.035000 0.015000
6 0.031250 0.551250 0.030000 0.012500
6 0.576250 0.511250 0.015000 0.017500
6 0.591250 0.505000 0.022500 0.010000
6 0.595000 0.513750 0.020000 0.010000
6 0.546250 0.533750 0.022500 0.012500
6 0.598750 0.531250 0.017500 0.012500
6 0.530000 0.555000 0.020000 0.010000
6 0.557500 0.566250 0.022500 0.010000
6 0.560000 0.575000 0.022500 0.010000
6 0.601250 0.572500 0.015000 0.017500
6 0.615000 0.562500 0.022500 0.007500
6 0.618750 0.571250 0.017500 0.010000
6 0.621250 0.578750 0.022500 0.010000
6 0.625000 0.587500 0.020000 0.010000
6 0.627500 0.595000 0.017500 0.007500
6 0.630000 0.602500 0.020000 0.010000
6 0.633750 0.611250 0.025000 0.012500
6 0.637500 0.620000 0.022500 0.010000
6 0.643750 0.636250 0.020000 0.010000
6 0.622500 0.626250 0.017500 0.017500
6 0.577500 0.615000 0.020000 0.007500
6 0.567500 0.593750 0.022500 0.012500
6 0.570000 0.606250 0.022500 0.010000
6 0.566250 0.637500 0.020000 0.010000
6 0.568750 0.652500 0.017500 0.012500
6 0.548750 0.603750 0.020000 0.012500
6 0.780000 0.636250 0.020000 0.015000
6 0.751250 0.652500 0.020000 0.010000
6 0.780000 0.613750 0.017500 0.020000
6 0.793750 0.612500 0.015000 0.017500
6 0.536250 0.687500 0.020000 0.015000
6 0.931250 0.257500 0.012500 0.015000
6 0.941250 0.255000 0.012500 0.017500
6 0.953750 0.253750 0.012500 0.017500
6 0.963750 0.252500 0.012500 0.015000
6 0.973750 0.251250 0.010000 0.015000
6 0.983750 0.246250 0.012500 0.015000
6 0.993750 0.246250 0.010000 0.015000
6 0.910000 0.233750 0.012500 0.017500
6 0.921250 0.232500 0.015000 0.017500
6 0.930000 0.227500 0.012500 0.012500
6 0.940000 0.225000 0.012500 0.012500
6 0.950000 0.223750 0.012500 0.017500
6 0.961250 0.222500 0.012500 0.015000
6 0.970000 0.218750 0.012500 0.015000
6 0.981250 0.217500 0.015000 0.015000
6 0.993750 0.217500 0.010000 0.015000
6 0.891250 0.240000 0.020000 0.012500
6 0.898750 0.262500 0.017500 0.007500
6 0.895000 0.252500 0.020000 0.010000
6 0.901250 0.271250 0.017500 0.007500
6 0.903750 0.281250 0.017500 0.010000
6 0.907500 0.291250 0.017500 0.007500
6 0.910000 0.298750 0.017500 0.010000
6 0.915000 0.305000 0.017500 0.010000
6 0.970000 0.337500 0.012500 0.017500
6 0.978750 0.335000 0.010000 0.015000
6 0.988750 0.330000 0.012500 0.015000
6 0.997500 0.327500 0.010000 0.015000
6 0.918750 0.311250 0.017500 0.007500
6 0.922500 0.317500 0.017500 0.007500
6 0.925000 0.327500 0.017500 0.010000
6 0.938750 0.358750 0.020000 0.010000
6 0.933750 0.350000 0.017500 0.007500
6 0.945000 0.291250 0.012500 0.015000
6 0.955000 0.288750 0.012500 0.017500
6 0.967500 0.286250 0.012500 0.015000
6 0.978750 0.286250 0.012500 0.015000
6 0.986250 0.285000 0.010000 0.015000
6 0.997500 0.283750 0.012500 0.017500
6 0.956250 0.302500 0.017500 0.007500
6 0.976250 0.353750 0.010000 0.015000
6 0.985000 0.348750 0.010000 0.012500
6 0.995000 0.346250 0.012500 0.017500
6 0.863750 0.250000 0.015000 0.015000
6 0.888750 0.310000 0.012500 0.012500
6 0.870000 0.213750 0.025000 0.015000
6 0.801250 0.226250 0.025000 0.010000
6 0.778750 0.228750 0.020000 0.007500
6 0.000000 0.496250 0.020000 0.012500
6 0.002500 0.410000 0.017500 0.010000
6 0.037500 0.398750 0.020000 0.007500
6 0.056250 0.392500 0.017500 0.007500
6 0.106250 0.380000 0.027500 0.012500
6 0.143750 0.372500 0.022500 0.010000
6 0.175000 0.370000 0.020000 0.010000
6 0.197500 0.363750 0.022500 0.007500
6 0.262500 0.368750 0.017500 0.010000
6 0.166250 0.931250 0.015000 0.017500
6 0.153750 0.932500 0.010000 0.015000
6 0.125000 0.937500 0.022500 0.010000
6 0.106250 0.948750 0.020000 0.010000
6 0.082500 0.945000 0.020000 0.007500
6 0.128750 0.945000 0.020000 0.010000
6 0.127500 0.955000 0.022500 0.007500
6 0.170000 0.947500 0.012500 0.017500
6 0.178750 0.933750 0.007500 0.010000
6 0.183750 0.951250 0.015000 0.015000
6 0.190000 0.932500 0.012500 0.015000
6 0.263750 0.725000 0.020000 0.017500
6 0.203750 0.728750 0.017500 0.007500
6 0.221250 0.740000 0.020000 0.010000
6 0.238750 0.747500 0.017500 0.015000
6 0.257500 0.756250 0.017500 0.012500
6 0.272500 0.765000 0.017500 0.015000
6 0.287500 0.771250 0.017500 0.012500
6 0.377500 0.707500 0.007500 0.012500
6 0.357500 0.711250 0.012500 0.012500
6 0.367500 0.707500 0.015000 0.015000
6 0.392500 0.708750 0.015000 0.015000
6 0.335000 0.735000 0.012500 0.020000
6 0.347500 0.736250 0.012500 0.020000
6 0.356250 0.735000 0.010000 0.017500
6 0.413750 0.710000 0.015000 0.015000
6 0.490000 0.706250 0.022500 0.010000
6 0.511250 0.730000 0.012500 0.007500
6 0.766250 0.707500 0.012500 0.012500
6 0.688750 0.686250 0.017500 0.010000
6 0.708750 0.695000 0.010000 0.012500
6 0.745000 0.673750 0.017500 0.010000
6 0.710000 0.682500 0.015000 0.007500
6 0.496250 0.743750 0.012500 0.012500
6 0.768750 0.665000 0.020000 0.010000
6 0.647500 0.736250 0.012500 0.017500
6 0.681250 0.701250 0.012500 0.015000
6 0.823750 0.698750 0.017500 0.007500
6 0.827500 0.706250 0.017500 0.007500
6 0.833750 0.721250 0.020000 0.010000
6 0.843750 0.745000 0.017500 0.010000
6 0.802500 0.623750 0.015000 0.012500
6 0.848750 0.622500 0.017500 0.010000
6 0.867500 0.645000 0.017500 0.007500
6 0.870000 0.616250 0.017500 0.007500
6 0.891250 0.641250 0.017500 0.007500
6 0.886250 0.585000 0.012500 0.017500
6 0.871250 0.681250 0.020000 0.007500
6 0.992500 0.538750 0.010000 0.012500
6 0.742500 0.640000 0.010000 0.012500
6 0.938750 0.385000 0.017500 0.010000
6 0.028750 0.008750 0.010000 0.012500
6 0.047500 0.005000 0.012500 0.015000
6 0.666250 0.691250 0.022500 0.010000
6 0.556250 0.217500 0.020000 0.010000
6 0.577500 0.276250 0.017500 0.010000
6 0.581250 0.287500 0.020000 0.007500
6 0.572500 0.248750 0.020000 0.007500
6 0.391250 0.215000 0.010000 0.015000
6 0.638750 0.237500 0.020000 0.012500
6 0.703750 0.245000 0.025000 0.010000
