6 0.025000 0.266250 0.022500 0.007500
6 0.062500 0.253750 0.020000 0.010000
6 0.095000 0.245000 0.022500 0.010000
6 0.168750 0.226250 0.017500 0.010000
6 0.220000 0.213750 0.022500 0.010000
6 0.225000 0.220000 0.020000 0.007500
6 0.263750 0.202500 0.020000 0.010000
6 0.256250 0.212500 0.022500 0.007500
6 0.362500 0.195000 0.020000 0.010000
6 0.076250 0.335000 0.010000 0.015000
6 0.075000 0.293750 0.012500 0.017500
6 0.088750 0.323750 0.012500 0.015000
6 0.191250 0.626250 0.020000 0.010000
6 0.195000 0.632500 0.017500 0.012500
6 0.200000 0.638750 0.020000 0.010000
6 0.201250 0.647500 0.020000 0.012500
6 0.210000 0.660000 0.020000 0.012500
6 0.153750 0.665000 0.020000 0.015000
6 0.190000 0.680000 0.020000 0.010000
6 0.256250 0.703750 0.025000 0.022500
6 0.300000 0.712500 0.017500 0.017500
6 0.258750 0.633750 0.010000 0.012500
6 0.175000 0.695000 0.012500 0.015000
6 0.163750 0.697500 0.012500 0.017500
6 0.180000 0.711250 0.012500 0.015000
6 0.192500 0.713750 0.010000 0.015000
6 0.186250 0.726250 0.020000 0.010000
6 0.196250 0.698750 0.012500 0.015000
6 0.206250 0.701250 0.017500 0.015000
6 0.215000 0.707500 0.020000 0.017500
6 0.223750 0.711250 0.020000 0.010000
6 0.231250 0.718750 0.020000 0.010000
6 0.242500 0.727500 0.017500 0.007500
6 0.253750 0.813750 0.030000 0.030000
6 0.242500 0.786250 0.020000 0.020000
6 0.217500 0.730000 0.020000 0.007500
6 0.210000 0.736250 0.022500 0.007500
6 0.155000 0.703750 0.012500 0.017500
6 0.152500 0.721250 0.012500 0.017500
6 0.170000 0.745000 0.020000 0.010000
6 0.151250 0.750000 0.020000 0.010000
6 0.200000 0.747500 0.015000 0.015000
6 0.190000 0.752500 0.017500 0.017500
6 0.183750 0.758750 0.012500 0.015000
6 0.171250 0.757500 0.015000 0.017500
6 0.162500 0.763750 0.012500 0.017500
6 0.152500 0.763750 0.015000 0.017500
6 0.191250 0.773750 0.015000 0.017500
6 0.178750 0.775000 0.012500 0.017500
6 0.171250 0.778750 0.012500 0.015000
6 0.141250 0.765000 0.012500 0.015000
6 0.205000 0.763750 0.017500 0.017500
6 0.121250 0.726250 0.012500 0.020000
6 0.110000 0.727500 0.010000 0.015000
6 0.131250 0.723750 0.012500 0.015000
6 0.140000 0.722500 0.012500 0.015000
6 0.123750 0.707500 0.012500 0.017500
6 0.133750 0.707500 0.012500 0.015000
6 0.145000 0.705000 0.015000 0.017500
6 0.105000 0.712500 0.010000 0.015000
6 0.113750 0.710000 0.010000 0.015000
6 0.101250 0.730000 0.017500 0.017500
6 0.083750 0.718750 0.010000 0.015000
6 0.090000 0.732500 0.012500 0.012500
6 0.081250 0.736250 0.007500 0.012500
6 0.086250 0.756250 0.020000 0.010000
6 0.088750 0.767500 0.022500 0.010000
6 0.123750 0.772500 0.017500 0.017500
6 0.131250 0.788750 0.012500 0.015000
6 0.122500 0.791250 0.012500 0.015000
6 0.101250 0.795000 0.015000 0.015000
6 0.112500 0.793750 0.015000 0.015000
6 0.080000 0.798750 0.015000 0.015000
6 0.062500 0.805000 0.012500 0.017500
6 0.053750 0.807500 0.012500 0.015000
6 0.042500 0.811250 0.012500 0.017500
6 0.032500 0.812500 0.012500 0.017500
6 0.021250 0.812500 0.010000 0.015000
6 0.026250 0.711250 0.022500 0.010000
6 0.046250 0.758750 0.020000 0.010000
6 0.066250 0.765000 0.020000 0.010000
6 0.045000 0.777500 0.020000 0.010000
6 0.021250 0.775000 0.020000 0.007500
6 0.002500 0.788750 0.020000 0.010000
6 0.032500 0.737500 0.012500 0.015000
6 0.041250 0.728750 0.015000 0.015000
6 0.048750 0.742500 0.012500 0.015000
6 0.073750 0.725000 0.012500 0.015000
6 0.003750 0.737500 0.010000 0.015000
6 0.012500 0.735000 0.010000 0.012500
6 0.100000 0.695000 0.017500 0.010000
6 0.120000 0.691250 0.020000 0.010000
6 0.140000 0.686250 0.020000 0.007500
6 0.035000 0.683750 0.025000 0.012500
6 0.008750 0.750000 0.015000 0.012500
6 0.018750 0.748750 0.010000 0.012500
6 0.078750 0.690000 0.030000 0.012500
6 0.247500 0.633750 0.012500 0.015000
6 0.335000 0.660000 0.012500 0.017500
6 0.362500 0.763750 0.022500 0.007500
6 0.356250 0.776250 0.025000 0.012500
6 0.391250 0.766250 0.015000 0.015000
6 0.403750 0.765000 0.015000 0.017500
6 0.413750 0.765000 0.012500 0.017500
6 0.425000 0.765000 0.012500 0.017500
6 0.446250 0.765000 0.012500 0.017500
6 0.458750 0.765000 0.012500 0.017500
6 0.471250 0.765000 0.015000 0.020000
6 0.482500 0.768750 0.012500 0.015000
6 0.493750 0.767500 0.012500 0.015000
6 0.493750 0.726250 0.015000 0.025000
6 0.501250 0.813750 0.020000 0.010000
6 0.503750 0.821250 0.022500 0.010000
6 0.535000 0.882500 0.015000 0.022500
6 0.510000 0.842500 0.017500 0.005000
6 0.511250 0.850000 0.017500 0.007500
6 0.513750 0.858750 0.020000 0.007500
6 0.523750 0.895000 0.017500 0.007500
6 0.518750 0.887500 0.017500 0.012500
6 0.522500 0.903750 0.017500 0.007500
6 0.526250 0.912500 0.022500 0.007500
6 0.528750 0.923750 0.020000 0.007500
6 0.531250 0.931250 0.020000 0.007500
6 0.533750 0.938750 0.022500 0.007500
6 0.230000 0.877500 0.015000 0.015000
6 0.220000 0.862500 0.012500 0.012500
6 0.405000 0.791250 0.017500 0.007500
6 0.452500 0.788750 0.020000 0.007500
6 0.221250 0.753750 0.017500 0.010000
6 0.185000 0.081250 0.012500 0.015000
6 0.200000 0.078750 0.015000 0.015000
6 0.211250 0.075000 0.015000 0.017500
6 0.242500 0.067500 0.017500 0.015000
6 0.253750 0.065000 0.015000 0.017500
6 0.267500 0.063750 0.015000 0.017500
6 0.298750 0.041250 0.012500 0.015000
6 0.538750 0.002500 0.022500 0.010000
6 0.338750 0.607500 0.015000 0.017500
6 0.498750 0.661250 0.017500 0.017500
6 0.565000 0.231250 0.065000 0.022500
6 0.385000 0.235000 0.012500 0.022500
6 0.458750 0.451250 0.012500 0.017500
6 0.463750 0.430000 0.012500 0.017500
6 0.642500 0.230000 0.015000 0.007500
6 0.643750 0.238750 0.020000 0.007500
6 0.555000 0.208750 0.012500 0.017500
6 0.567500 0.208750 0.012500 0.017500
6 0.586250 0.251250 0.062500 0.017500
6 0.642500 0.248750 0.020000 0.010000
6 0.363750 0.078750 0.015000 0.017500
6 0.377500 0.067500 0.012500 0.020000
6 0.351250 0.033750 0.010000 0.017500
6 0.001250 0.818750 0.015000 0.012500
6 0.095000 0.670000 0.022500 0.010000
6 0.353750 0.608750 0.007500 0.015000
6 0.363750 0.661250 0.015000 0.015000
6 0.161250 0.633750 0.015000 0.017500
6 0.363750 0.625000 0.010000 0.012500
6 0.341250 0.808750 0.012500 0.015000
6 0.302500 0.802500 0.020000 0.007500
6 0.417500 0.798750 0.022500 0.005000
6 0.495000 0.803750 0.017500 0.007500
6 0.462500 0.793750 0.020000 0.010000
6 0.401250 0.410000 0.012500 0.015000
6 0.272500 0.450000 0.012500 0.017500
6 0.245000 0.385000 0.012500 0.015000
6 0.230000 0.347500 0.010000 0.012500
6 0.291250 0.418750 0.022500 0.012500
6 0.218750 0.431250 0.027500 0.010000
6 0.442500 0.372500 0.022500 0.010000
6 0.438750 0.358750 0.020000 0.010000
6 0.435000 0.336250 0.017500 0.007500
6 0.450000 0.395000 0.022500 0.010000
6 0.515000 0.438750 0.012500 0.020000
6 0.568750 0.431250 0.012500 0.017500
6 0.588750 0.430000 0.010000 0.015000
6 0.616250 0.421250 0.012500 0.020000
6 0.651250 0.413750 0.010000 0.012500
6 0.711250 0.405000 0.010000 0.012500
6 0.353750 0.397500 0.027500 0.012500
6 0.423750 0.546250 0.012500 0.017500
6 0.292500 0.493750 0.012500 0.017500
6 0.367500 0.027500 0.012500 0.017500
6 0.510000 0.956250 0.035000 0.015000
6 0.537500 0.953750 0.020000 0.007500
6 0.538750 0.973750 0.022500 0.010000
6 0.663750 0.411250 0.010000 0.015000
6 0.577500 0.436250 0.010000 0.015000
6 0.552500 0.433750 0.010000 0.015000
6 0.542500 0.436250 0.012500 0.015000
6 0.442500 0.425000 0.010000 0.017500
6 0.282500 0.108750 0.012500 0.012500
6 0.388750 0.118750 0.012500 0.015000
6 0.393750 0.138750 0.015000 0.017500
6 0.397500 0.158750 0.010000 0.015000
6 0.408750 0.201250 0.012500 0.017500
6 0.373750 0.133750 0.010000 0.015000
6 0.191250 0.130000 0.017500 0.020000
6 0.366250 0.273750 0.022500 0.010000
6 0.363750 0.253750 0.017500 0.010000
6 0.105000 0.361250 0.015000 0.012500
6 0.123750 0.403750 0.017500 0.017500
6 0.197500 0.901250 0.017500 0.017500
6 0.143750 0.233750 0.017500 0.010000
6 0.116250 0.266250 0.022500 0.010000
6 0.090000 0.275000 0.017500 0.007500
6 0.103750 0.345000 0.017500 0.015000
