6 0.005000 0.760000 0.022500 0.022500
6 0.302500 0.307500 0.010000 0.015000
6 0.320000 0.310000 0.012500 0.025000
6 0.336250 0.312500 0.015000 0.027500
6 0.367500 0.323750 0.012500 0.027500
6 0.457500 0.313750 0.012500 0.027500
6 0.351250 0.315000 0.010000 0.035000
6 0.381250 0.313750 0.012500 0.040000
6 0.408750 0.310000 0.012500 0.035000
6 0.425000 0.312500 0.012500 0.040000
6 0.440000 0.311250 0.012500 0.035000
6 0.478750 0.310000 0.017500 0.042500
6 0.276250 0.325000 0.030000 0.010000
6 0.395000 0.311250 0.010000 0.032500
6 0.856250 0.916250 0.020000 0.012500
6 0.833750 0.777500 0.020000 0.012500
