6 0.935000 0.845000 0.020000 0.007500
6 0.737500 0.903750 0.020000 0.010000
6 0.007500 0.941250 0.015000 0.005000
6 0.443750 0.921250 0.010000 0.012500
6 0.411250 0.921250 0.007500 0.012500
6 0.416250 0.905000 0.010000 0.015000
6 0.451250 0.888750 0.007500 0.012500
6 0.423750 0.872500 0.010000 0.015000
6 0.427500 0.855000 0.010000 0.015000
6 0.396250 0.761250 0.012500 0.012500
6 0.075000 0.625000 0.022500 0.007500
6 0.078750 0.616250 0.022500 0.010000
6 0.078750 0.591250 0.012500 0.007500
6 0.076250 0.580000 0.017500 0.007500
6 0.063750 0.476250 0.020000 0.025000
6 0.077500 0.453750 0.015000 0.015000
6 0.056250 0.436250 0.015000 0.015000
6 0.093750 0.400000 0.012500 0.015000
6 0.080000 0.401250 0.012500 0.015000
6 0.107500 0.403750 0.012500 0.012500
6 0.190000 0.322500 0.020000 0.007500
6 0.191250 0.332500 0.017500 0.010000
6 0.186250 0.340000 0.032500 0.015000
6 0.176250 0.348750 0.020000 0.010000
6 0.170000 0.356250 0.017500 0.007500
6 0.162500 0.372500 0.015000 0.010000
6 0.157500 0.382500 0.017500 0.007500
6 0.212500 0.388750 0.020000 0.007500
6 0.213750 0.398750 0.022500 0.007500
6 0.215000 0.407500 0.020000 0.007500
6 0.261250 0.395000 0.020000 0.007500
6 0.262500 0.415000 0.020000 0.007500
6 0.263750 0.423750 0.022500 0.005000
6 0.260000 0.448750 0.022500 0.007500
6 0.260000 0.370000 0.017500 0.007500
6 0.260000 0.358750 0.015000 0.005000
6 0.261250 0.350000 0.015000 0.007500
6 0.258750 0.332500 0.015000 0.007500
6 0.175000 0.281250 0.012500 0.012500
6 0.200000 0.233750 0.010000 0.012500
6 0.168750 0.237500 0.012500 0.015000
6 0.200000 0.150000 0.015000 0.015000
6 0.255000 0.103750 0.012500 0.012500
6 0.243750 0.088750 0.017500 0.017500
6 0.292500 0.056250 0.010000 0.012500
6 0.297500 0.013750 0.010000 0.012500
6 0.308750 0.020000 0.015000 0.022500
6 0.067500 0.046250 0.017500 0.010000
6 0.208750 0.135000 0.015000 0.015000
6 0.045000 0.041250 0.017500 0.010000
6 0.240000 0.157500 0.010000 0.012500
6 0.035000 0.611250 0.017500 0.007500
6 0.030000 0.621250 0.020000 0.007500
6 0.077500 0.602500 0.017500 0.005000
6 0.182500 0.265000 0.010000 0.015000
6 0.457500 0.856250 0.015000 0.017500
6 0.431250 0.688750 0.010000 0.015000
4 0.398750 0.343750 0.057500 0.047500
4 0.387500 0.437500 0.055000 0.042500
4 0.376250 0.410000 0.022500 0.015000
