6 0.628750 0.992500 0.015000 0.025000
6 0.706250 0.911250 0.020000 0.010000
6 0.673750 0.895000 0.007500 0.010000
6 0.676250 0.851250 0.012500 0.020000
6 0.103750 0.751250 0.017500 0.005000
6 0.181250 0.761250 0.017500 0.007500
6 0.080000 0.747500 0.012500 0.005000
6 0.295000 0.788750 0.017500 0.005000
6 0.316250 0.790000 0.017500 0.007500
6 0.343750 0.792500 0.030000 0.010000
6 0.225000 0.983750 0.020000 0.007500
6 0.040000 0.951250 0.022500 0.007500
6 0.036250 0.986250 0.010000 0.015000
6 0.297500 0.631250 0.022500 0.010000
6 0.237500 0.283750 0.010000 0.015000
6 0.256250 0.186250 0.010000 0.012500
6 0.267500 0.138750 0.007500 0.015000
6 0.286250 0.041250 0.007500 0.010000
6 0.462500 0.062500 0.017500 0.007500
6 0.488750 0.068750 0.025000 0.012500
6 0.421250 0.031250 0.022500 0.015000
6 0.788750 0.305000 0.015000 0.007500
6 0.523750 0.260000 0.027500 0.012500
6 0.067500 0.956250 0.027500 0.007500
6 0.775000 0.711250 0.015000 0.010000
6 0.758750 0.810000 0.022500 0.012500
6 0.731250 0.770000 0.010000 0.012500
6 0.740000 0.727500 0.010000 0.012500
6 0.772500 0.688750 0.010000 0.015000
6 0.788750 0.658750 0.010000 0.015000
6 0.660000 0.448750 0.017500 0.007500
6 0.746250 0.462500 0.017500 0.010000
6 0.502500 0.323750 0.012500 0.007500
6 0.362500 0.225000 0.015000 0.007500
6 0.897500 0.047500 0.017500 0.010000
6 0.797500 0.596250 0.010000 0.012500
6 0.817500 0.923750 0.025000 0.010000
