6 0.443750 0.023750 0.012500 0.015000
6 0.435000 0.007500 0.012500 0.012500
6 0.486250 0.125000 0.017500 0.020000
6 0.493750 0.143750 0.012500 0.015000
6 0.498750 0.162500 0.015000 0.020000
6 0.403750 0.168750 0.012500 0.017500
6 0.432500 0.240000 0.015000 0.020000
6 0.256250 0.277500 0.010000 0.017500
6 0.266250 0.303750 0.012500 0.022500
6 0.273750 0.321250 0.012500 0.020000
6 0.587500 0.276250 0.050000 0.017500
6 0.623750 0.186250 0.015000 0.017500
6 0.630000 0.205000 0.012500 0.015000
6 0.641250 0.235000 0.015000 0.020000
6 0.647500 0.252500 0.015000 0.027500
6 0.682500 0.355000 0.012500 0.020000
6 0.700000 0.395000 0.015000 0.020000
6 0.771250 0.663750 0.020000 0.010000
6 0.793750 0.672500 0.022500 0.015000
6 0.861250 0.696250 0.022500 0.012500
6 0.975000 0.081250 0.017500 0.007500
6 0.858750 0.092500 0.025000 0.007500
6 0.788750 0.097500 0.027500 0.012500
6 0.692500 0.107500 0.025000 0.007500
6 0.835000 0.110000 0.022500 0.010000
6 0.676250 0.326250 0.017500 0.022500
6 0.713750 0.432500 0.010000 0.022500
6 0.741250 0.501250 0.017500 0.025000
6 0.710000 0.497500 0.010000 0.020000
6 0.747500 0.590000 0.040000 0.030000
6 0.908750 0.712500 0.035000 0.020000
6 0.256250 0.936250 0.010000 0.012500
6 0.267500 0.888750 0.007500 0.015000
6 0.286250 0.791250 0.007500 0.010000
6 0.462500 0.812500 0.017500 0.007500
6 0.488750 0.818750 0.025000 0.012500
6 0.421250 0.781250 0.022500 0.015000
6 0.536250 0.703750 0.015000 0.010000
6 0.552500 0.715000 0.017500 0.012500
6 0.556250 0.691250 0.020000 0.012500
6 0.308750 0.695000 0.010000 0.012500
6 0.302500 0.723750 0.010000 0.012500
6 0.572500 0.696250 0.030000 0.010000
6 0.302500 0.603750 0.010000 0.015000
6 0.591250 0.638750 0.012500 0.012500
6 0.362500 0.975000 0.015000 0.007500
6 0.897500 0.797500 0.017500 0.010000
6 0.712500 0.521250 0.012500 0.020000
6 0.691250 0.613750 0.015000 0.012500
