6 0.563750 0.985000 0.022500 0.012500
6 0.421250 0.972500 0.020000 0.012500
6 0.398750 0.985000 0.020000 0.012500
6 0.456250 0.958750 0.022500 0.015000
6 0.473750 0.943750 0.020000 0.012500
6 0.665000 0.948750 0.077500 0.042500
6 0.607500 0.896250 0.050000 0.032500
6 0.573750 0.887500 0.017500 0.010000
6 0.603750 0.873750 0.025000 0.012500
6 0.803750 0.991250 0.027500 0.017500
6 0.843750 0.947500 0.020000 0.012500
6 0.875000 0.945000 0.022500 0.012500
6 0.863750 0.751250 0.040000 0.020000
6 0.855000 0.770000 0.022500 0.012500
6 0.813750 0.793750 0.020000 0.012500
6 0.931250 0.727500 0.025000 0.012500
6 0.938750 0.677500 0.012500 0.015000
6 0.718750 0.026250 0.015000 0.012500
6 0.723750 0.050000 0.015000 0.012500
6 0.723750 0.073750 0.012500 0.017500
6 0.715000 0.092500 0.012500 0.015000
6 0.707500 0.110000 0.010000 0.012500
6 0.667500 0.152500 0.010000 0.012500
6 0.915000 0.057500 0.020000 0.012500
6 0.931250 0.097500 0.017500 0.015000
6 0.920000 0.085000 0.017500 0.012500
6 0.880000 0.018750 0.015000 0.015000
6 0.852500 0.005000 0.015000 0.015000
6 0.471250 0.167500 0.017500 0.007500
6 0.446250 0.163750 0.020000 0.010000
6 0.423750 0.160000 0.022500 0.007500
6 0.398750 0.151250 0.017500 0.005000
6 0.332500 0.138750 0.017500 0.007500
6 0.312500 0.135000 0.015000 0.007500
6 0.266250 0.126250 0.020000 0.005000
6 0.127500 0.202500 0.015000 0.010000
6 0.108750 0.198750 0.015000 0.010000
6 0.303750 0.237500 0.015000 0.007500
6 0.323750 0.240000 0.017500 0.007500
6 0.346250 0.245000 0.012500 0.007500
6 0.327500 0.258750 0.015000 0.005000
6 0.317500 0.321250 0.017500 0.007500
6 0.062500 0.450000 0.025000 0.012500
6 0.005000 0.468750 0.025000 0.012500
6 0.002500 0.612500 0.020000 0.007500
6 0.021250 0.553750 0.007500 0.015000
6 0.031250 0.555000 0.010000 0.012500
6 0.062500 0.565000 0.010000 0.012500
6 0.231250 0.926250 0.022500 0.010000
6 0.362500 0.807500 0.010000 0.015000
6 0.332500 0.800000 0.012500 0.017500
6 0.352500 0.733750 0.012500 0.017500
6 0.285000 0.676250 0.010000 0.015000
6 0.311250 0.681250 0.015000 0.015000
6 0.358750 0.688750 0.012500 0.017500
6 0.472500 0.881250 0.020000 0.007500
6 0.481250 0.831250 0.017500 0.007500
6 0.528750 0.862500 0.020000 0.010000
6 0.536250 0.852500 0.017500 0.010000
6 0.481250 0.822500 0.020000 0.007500
6 0.482500 0.812500 0.020000 0.007500
6 0.541250 0.838750 0.022500 0.010000
6 0.487500 0.796250 0.025000 0.010000
6 0.541250 0.828750 0.020000 0.010000
6 0.543750 0.818750 0.020000 0.010000
6 0.485000 0.786250 0.017500 0.007500
6 0.488750 0.780000 0.020000 0.010000
6 0.491250 0.762500 0.022500 0.010000
6 0.557500 0.787500 0.017500 0.007500
6 0.560000 0.780000 0.020000 0.012500
6 0.530000 0.768750 0.010000 0.017500
6 0.536250 0.751250 0.015000 0.012500
6 0.516250 0.807500 0.010000 0.017500
6 0.566250 0.770000 0.020000 0.007500
6 0.570000 0.755000 0.020000 0.007500
6 0.576250 0.746250 0.020000 0.010000
6 0.501250 0.746250 0.022500 0.010000
6 0.587500 0.731250 0.025000 0.010000
6 0.587500 0.721250 0.020000 0.007500
6 0.502500 0.737500 0.020000 0.007500
6 0.542500 0.735000 0.010000 0.012500
6 0.507500 0.731250 0.022500 0.007500
6 0.510000 0.718750 0.017500 0.010000
6 0.521250 0.697500 0.022500 0.012500
6 0.596250 0.702500 0.025000 0.010000
6 0.522500 0.690000 0.020000 0.010000
6 0.593750 0.692500 0.020000 0.010000
6 0.530000 0.680000 0.020000 0.010000
6 0.455000 0.677500 0.022500 0.010000
6 0.456250 0.702500 0.020000 0.010000
6 0.447500 0.746250 0.022500 0.007500
6 0.386250 0.627500 0.010000 0.015000
6 0.587500 0.653750 0.017500 0.007500
6 0.787500 0.663750 0.015000 0.010000
6 0.545000 0.633750 0.017500 0.007500
6 0.558750 0.683750 0.010000 0.015000
6 0.891250 0.671250 0.010000 0.015000
6 0.918750 0.673750 0.012500 0.017500
6 0.896250 0.428750 0.012500 0.015000
6 0.887500 0.407500 0.015000 0.017500
6 0.863750 0.402500 0.012500 0.015000
6 0.845000 0.416250 0.010000 0.017500
6 0.761250 0.817500 0.052500 0.027500
