6 0.586250 0.960000 0.017500 0.012500
6 0.503750 0.941250 0.020000 0.017500
6 0.530000 0.965000 0.020000 0.017500
6 0.455000 0.892500 0.012500 0.012500
6 0.445000 0.855000 0.020000 0.012500
6 0.495000 0.862500 0.020000 0.012500
6 0.508750 0.866250 0.015000 0.015000
6 0.531250 0.881250 0.017500 0.012500
6 0.336250 0.841250 0.025000 0.010000
6 0.308750 0.857500 0.025000 0.010000
6 0.246250 0.656250 0.017500 0.015000
6 0.467500 0.776250 0.017500 0.010000
6 0.510000 0.753750 0.035000 0.020000
6 0.551250 0.730000 0.022500 0.012500
6 0.578750 0.716250 0.032500 0.020000
6 0.632500 0.723750 0.020000 0.012500
6 0.661250 0.753750 0.017500 0.015000
6 0.678750 0.777500 0.012500 0.010000
6 0.716250 0.785000 0.020000 0.015000
6 0.648750 0.947500 0.015000 0.012500
6 0.637500 0.951250 0.022500 0.017500
6 0.713750 0.978750 0.017500 0.012500
6 0.733750 0.981250 0.020000 0.017500
6 0.780000 0.973750 0.020000 0.020000
6 0.797500 0.967500 0.020000 0.027500
6 0.405000 0.617500 0.025000 0.012500
6 0.225000 0.480000 0.017500 0.015000
6 0.196250 0.452500 0.017500 0.015000
6 0.418750 0.472500 0.012500 0.012500
6 0.316250 0.365000 0.015000 0.015000
6 0.535000 0.543750 0.025000 0.012500
6 0.146250 0.558750 0.022500 0.017500
6 0.056250 0.335000 0.015000 0.010000
6 0.045000 0.030000 0.020000 0.007500
6 0.292500 0.146250 0.015000 0.010000
6 0.531250 0.078750 0.025000 0.012500
6 0.588750 0.058750 0.025000 0.012500
6 0.638750 0.026250 0.015000 0.015000
6 0.763750 0.830000 0.017500 0.017500
6 0.956250 0.825000 0.012500 0.015000
6 0.968750 0.841250 0.017500 0.017500
6 0.991250 0.865000 0.015000 0.015000
6 0.933750 0.806250 0.017500 0.017500
6 0.917500 0.780000 0.020000 0.015000
6 0.822500 0.685000 0.017500 0.015000
6 0.658750 0.678750 0.025000 0.012500
6 0.715000 0.653750 0.022500 0.010000
6 0.955000 0.596250 0.020000 0.012500
6 0.947500 0.363750 0.022500 0.020000
6 0.967500 0.350000 0.025000 0.015000
6 0.723750 0.365000 0.015000 0.012500
6 0.681250 0.315000 0.020000 0.017500
6 0.697500 0.331250 0.017500 0.015000
6 0.630000 0.257500 0.017500 0.015000
6 0.663750 0.298750 0.017500 0.017500
6 0.900000 0.315000 0.015000 0.015000
6 0.798750 0.170000 0.025000 0.012500
6 0.921250 0.238750 0.022500 0.010000
6 0.645000 0.060000 0.012500 0.012500
6 0.468750 0.307500 0.017500 0.015000
6 0.522500 0.363750 0.017500 0.012500
6 0.438750 0.276250 0.012500 0.015000
6 0.247500 0.275000 0.015000 0.017500
6 0.372500 0.471250 0.025000 0.012500
6 0.361250 0.638750 0.020000 0.012500
6 0.906250 0.346250 0.015000 0.017500
6 0.303750 0.342500 0.012500 0.015000
6 0.877500 0.373750 0.027500 0.015000
