6 0.132500 0.328750 0.017500 0.010000
6 0.262500 0.330000 0.020000 0.007500
6 0.682500 0.262500 0.012500 0.010000
6 0.705000 0.272500 0.015000 0.015000
6 0.718750 0.311250 0.012500 0.012500
6 0.727500 0.338750 0.012500 0.017500
6 0.728750 0.357500 0.007500 0.015000
6 0.741250 0.431250 0.012500 0.017500
6 0.745000 0.451250 0.012500 0.017500
6 0.737500 0.407500 0.012500 0.020000
6 0.751250 0.480000 0.010000 0.020000
6 0.757500 0.513750 0.010000 0.017500
6 0.760000 0.540000 0.010000 0.022500
6 0.806250 0.021250 0.022500 0.045000
6 0.792500 0.071250 0.012500 0.017500
6 0.817500 0.178750 0.012500 0.012500
6 0.716250 0.175000 0.007500 0.015000
6 0.730000 0.247500 0.010000 0.017500
6 0.727500 0.221250 0.010000 0.017500
6 0.738750 0.296250 0.012500 0.017500
6 0.665000 0.263750 0.020000 0.012500
6 0.873750 0.455000 0.010000 0.017500
6 0.925000 0.622500 0.020000 0.037500
6 0.776250 0.648750 0.015000 0.017500
6 0.772500 0.627500 0.010000 0.017500
6 0.888750 0.700000 0.012500 0.022500
6 0.872500 0.747500 0.017500 0.032500
6 0.786250 0.690000 0.010000 0.017500
6 0.807500 0.686250 0.010000 0.020000
6 0.745000 0.710000 0.017500 0.007500
6 0.945000 0.848750 0.012500 0.035000
6 0.955000 0.830000 0.010000 0.020000
6 0.550000 0.838750 0.010000 0.015000
6 0.557500 0.882500 0.010000 0.017500
6 0.473750 0.385000 0.015000 0.022500
6 0.477500 0.402500 0.012500 0.015000
6 0.506250 0.585000 0.007500 0.017500
6 0.513750 0.728750 0.010000 0.025000
6 0.457500 0.293750 0.012500 0.017500
6 0.570000 0.151250 0.012500 0.027500
6 0.556250 0.153750 0.012500 0.020000
6 0.543750 0.157500 0.012500 0.025000
6 0.793750 0.171250 0.012500 0.020000
6 0.817500 0.107500 0.012500 0.020000
6 0.715000 0.293750 0.010000 0.017500
6 0.820000 0.401250 0.022500 0.042500
6 0.842500 0.416250 0.010000 0.017500
6 0.418750 0.246250 0.012500 0.025000
6 0.380000 0.293750 0.025000 0.012500
6 0.465000 0.332500 0.015000 0.020000
6 0.460000 0.313750 0.015000 0.022500
6 0.426250 0.266250 0.015000 0.020000
6 0.740000 0.720000 0.022500 0.012500
6 0.383750 0.315000 0.025000 0.012500
6 0.337500 0.793750 0.027500 0.017500
6 0.778750 0.667500 0.022500 0.025000
6 0.480000 0.440000 0.020000 0.025000
6 0.490000 0.660000 0.010000 0.020000
6 0.432500 0.323750 0.020000 0.017500
6 0.472500 0.578750 0.020000 0.027500
6 0.516250 0.646250 0.012500 0.022500
6 0.761250 0.563750 0.012500 0.022500
6 0.467500 0.358750 0.022500 0.020000
6 0.913750 0.641250 0.022500 0.030000
6 0.648750 0.135000 0.007500 0.017500
6 0.670000 0.211250 0.027500 0.027500
6 0.928750 0.782500 0.012500 0.025000
6 0.713750 0.150000 0.017500 0.027500
6 0.650000 0.203750 0.025000 0.015000
6 0.470000 0.558750 0.017500 0.022500
6 0.353750 0.635000 0.037500 0.022500
6 0.491250 0.688750 0.017500 0.020000
6 0.498750 0.726250 0.017500 0.027500
6 0.891250 0.560000 0.022500 0.027500
6 0.446250 0.403750 0.022500 0.027500
6 0.528750 0.722500 0.030000 0.017500
6 0.610000 0.146250 0.017500 0.025000
6 0.486250 0.475000 0.012500 0.017500
6 0.788750 0.708750 0.020000 0.025000
6 0.486250 0.536250 0.015000 0.025000
6 0.766250 0.606250 0.012500 0.022500
6 0.912500 0.672500 0.025000 0.030000
6 0.437500 0.617500 0.022500 0.012500
6 0.627500 0.141250 0.012500 0.020000
6 0.438750 0.366250 0.012500 0.022500
6 0.445000 0.387500 0.022500 0.020000
6 0.477500 0.418750 0.022500 0.022500
6 0.810000 0.822500 0.025000 0.032500
6 0.516250 0.163750 0.017500 0.027500
6 0.322500 0.300000 0.032500 0.020000
6 0.523750 0.698750 0.015000 0.025000
6 0.748750 0.057500 0.020000 0.030000
6 0.461250 0.501250 0.017500 0.020000
6 0.471250 0.168750 0.012500 0.027500
6 0.493750 0.501250 0.012500 0.022500
6 0.773750 0.105000 0.020000 0.030000
6 0.448750 0.167500 0.015000 0.027500
6 0.467500 0.533750 0.017500 0.020000
6 0.453750 0.780000 0.027500 0.017500
6 0.505000 0.561250 0.017500 0.025000
6 0.491250 0.165000 0.020000 0.025000
6 0.453750 0.270000 0.015000 0.015000
6 0.458750 0.475000 0.015000 0.020000
6 0.497500 0.520000 0.012500 0.015000
6 0.350000 0.298750 0.020000 0.012500
6 0.803750 0.791250 0.017500 0.025000
6 0.807500 0.075000 0.012500 0.030000
6 0.401250 0.188750 0.032500 0.015000
6 0.502500 0.541250 0.015000 0.022500
6 0.808750 0.862500 0.015000 0.022500
6 0.835000 0.586250 0.017500 0.025000
6 0.806250 0.811250 0.015000 0.017500
6 0.818750 0.888750 0.017500 0.032500
