6 0.358750 0.952500 0.047500 0.027500
6 0.371250 0.962500 0.042500 0.027500
6 0.422500 0.821250 0.030000 0.027500
6 0.597500 0.936250 0.015000 0.020000
6 0.583750 0.946250 0.017500 0.015000
6 0.572500 0.951250 0.015000 0.015000
6 0.356250 0.900000 0.037500 0.042500
6 0.011250 0.048750 0.012500 0.012500
6 0.053750 0.105000 0.015000 0.020000
6 0.068750 0.121250 0.015000 0.020000
6 0.117500 0.182500 0.017500 0.017500
6 0.146250 0.218750 0.017500 0.017500
6 0.162500 0.235000 0.017500 0.015000
6 0.207500 0.295000 0.012500 0.010000
6 0.238750 0.347500 0.020000 0.007500
6 0.253750 0.371250 0.020000 0.010000
6 0.262500 0.032500 0.017500 0.017500
6 0.250000 0.038750 0.017500 0.017500
6 0.237500 0.037500 0.012500 0.017500
6 0.963750 0.691250 0.022500 0.020000
