6 0.618750 0.000000 0.012500 0.022500
6 0.651250 0.006250 0.012500 0.022500
6 0.641250 0.013750 0.012500 0.027500
6 0.603750 0.003750 0.012500 0.020000
6 0.038750 0.220000 0.010000 0.017500
6 0.272500 0.115000 0.030000 0.012500
6 0.345000 0.260000 0.022500 0.007500
6 0.338750 0.235000 0.025000 0.007500
6 0.338750 0.253750 0.025000 0.005000
6 0.342500 0.245000 0.020000 0.005000
6 0.326250 0.112500 0.025000 0.007500
6 0.038750 0.281250 0.012500 0.017500
6 0.055000 0.307500 0.012500 0.017500
6 0.628750 0.015000 0.012500 0.020000
6 0.360000 0.343750 0.027500 0.012500
6 0.035000 0.203750 0.010000 0.015000
6 0.025000 0.333750 0.007500 0.015000
6 0.030000 0.226250 0.015000 0.017500
6 0.018750 0.550000 0.015000 0.020000
6 0.002500 0.647500 0.020000 0.027500
6 0.027500 0.645000 0.010000 0.017500
6 0.025000 0.663750 0.007500 0.017500
6 0.007500 0.748750 0.015000 0.017500
6 0.281250 0.970000 0.027500 0.012500
6 0.325000 0.968750 0.022500 0.010000
6 0.383750 0.953750 0.020000 0.007500
6 0.298750 0.860000 0.012500 0.017500
6 0.297500 0.880000 0.012500 0.017500
6 0.332500 0.951250 0.032500 0.015000
6 0.640000 0.863750 0.015000 0.025000
6 0.311250 0.716250 0.015000 0.017500
6 0.315000 0.662500 0.012500 0.020000
6 0.305000 0.760000 0.010000 0.020000
6 0.301250 0.820000 0.015000 0.017500
6 0.347500 0.526250 0.012500 0.020000
6 0.361250 0.486250 0.020000 0.007500
6 0.360000 0.320000 0.022500 0.007500
6 0.032500 0.402500 0.017500 0.027500
6 0.000000 0.070000 0.017500 0.025000
6 0.038750 0.311250 0.012500 0.022500
6 0.051250 0.342500 0.015000 0.022500
6 0.040000 0.353750 0.010000 0.017500
6 0.068750 0.487500 0.012500 0.017500
6 0.001250 0.800000 0.025000 0.052500
6 0.671250 0.442500 0.010000 0.017500
6 0.658750 0.447500 0.012500 0.015000
6 0.661250 0.425000 0.010000 0.015000
6 0.656250 0.477500 0.012500 0.020000
6 0.662500 0.391250 0.012500 0.020000
6 0.666250 0.353750 0.012500 0.020000
6 0.661250 0.121250 0.027500 0.010000
6 0.660000 0.136250 0.022500 0.010000
6 0.263750 0.068750 0.012500 0.020000
6 0.277500 0.062500 0.015000 0.017500
6 0.032500 0.171250 0.012500 0.020000
6 0.031250 0.402500 0.015000 0.022500
