6 0.781875 0.470000 0.021250 0.010000
6 0.782500 0.485000 0.027500 0.010000
6 0.782500 0.528750 0.020000 0.010000
6 0.724375 0.568750 0.011250 0.020000
6 0.738125 0.572500 0.008750 0.017500
6 0.751250 0.568750 0.010000 0.020000
6 0.798125 0.686250 0.021250 0.012500
6 0.799375 0.698750 0.018750 0.010000
6 0.805000 0.709375 0.022500 0.013750
6 0.808750 0.720625 0.022500 0.013750
6 0.808750 0.733125 0.017500 0.011250
6 0.814375 0.745625 0.018750 0.011250
6 0.821875 0.766875 0.018750 0.013750
6 0.824375 0.778750 0.021250 0.012500
6 0.828750 0.791250 0.020000 0.015000
6 0.832500 0.801875 0.022500 0.016250
6 0.838125 0.812500 0.021250 0.015000
6 0.841250 0.824375 0.022500 0.016250
6 0.847500 0.835625 0.020000 0.016250
6 0.851875 0.846250 0.021250 0.015000
6 0.855625 0.857500 0.021250 0.015000
6 0.856875 0.870625 0.021250 0.016250
6 0.861875 0.880000 0.021250 0.017500
6 0.868125 0.891250 0.023750 0.015000
6 0.788125 0.137500 0.026250 0.012500
6 0.828125 0.151250 0.011250 0.025000
6 0.618125 0.637500 0.013750 0.020000
6 0.683125 0.635000 0.011250 0.020000
6 0.436250 0.631875 0.010000 0.018750
6 0.420000 0.631250 0.010000 0.022500
6 0.249375 0.566250 0.011250 0.025000
6 0.247500 0.631250 0.012500 0.027500
6 0.221250 0.628750 0.010000 0.022500
6 0.208125 0.631875 0.011250 0.026250
6 0.194375 0.630625 0.011250 0.023750
6 0.195000 0.564375 0.010000 0.018750
6 0.096875 0.517500 0.021250 0.010000
6 0.096250 0.530625 0.027500 0.008750
6 0.098750 0.543125 0.030000 0.013750
6 0.100625 0.557500 0.021250 0.007500
6 0.100000 0.596875 0.020000 0.011250
6 0.101250 0.421875 0.025000 0.013750
6 0.099375 0.437500 0.021250 0.012500
6 0.023750 0.215000 0.020000 0.012500
6 0.008125 0.591250 0.013750 0.025000
