6 0.030000 0.688750 0.012500 0.030000
6 0.021250 0.741875 0.030000 0.021250
6 0.022500 0.764375 0.025000 0.021250
6 0.021250 0.842500 0.020000 0.022500
6 0.018125 0.961250 0.021250 0.022500
6 0.788125 0.974375 0.011250 0.031250
6 0.835000 0.951250 0.015000 0.025000
6 0.895625 0.955000 0.011250 0.017500
6 0.911250 0.952500 0.012500 0.022500
6 0.924375 0.953750 0.013750 0.020000
6 0.968750 0.952500 0.012500 0.030000
6 0.985000 0.953125 0.012500 0.021250
6 0.706250 0.046250 0.015000 0.030000
6 0.726875 0.055000 0.013750 0.027500
6 0.741250 0.051875 0.012500 0.026250
6 0.732500 0.021250 0.010000 0.025000
6 0.750625 0.020625 0.013750 0.036250
6 0.763750 0.025000 0.012500 0.030000
6 0.779375 0.027500 0.013750 0.030000
6 0.796250 0.025000 0.010000 0.025000
6 0.755625 0.053125 0.011250 0.026250
6 0.770000 0.056875 0.012500 0.028750
6 0.783750 0.055625 0.012500 0.026250
6 0.796250 0.055625 0.010000 0.023750
6 0.809375 0.054375 0.011250 0.023750
6 0.822500 0.053750 0.010000 0.027500
6 0.837500 0.060000 0.012500 0.032500
6 0.851250 0.055000 0.010000 0.027500
6 0.823125 0.026875 0.011250 0.023750
6 0.838750 0.025625 0.012500 0.026250
6 0.854375 0.026875 0.011250 0.028750
6 0.868125 0.027500 0.011250 0.030000
6 0.876250 0.059375 0.012500 0.023750
6 0.888750 0.060000 0.012500 0.025000
6 0.913125 0.029375 0.011250 0.026250
6 0.913125 0.058125 0.011250 0.026250
6 0.927500 0.061250 0.012500 0.030000
6 0.926875 0.030000 0.011250 0.027500
6 0.942500 0.029375 0.015000 0.033750
6 0.941875 0.062500 0.011250 0.027500
6 0.958125 0.030000 0.011250 0.025000
6 0.973750 0.029375 0.015000 0.028750
6 0.988125 0.031875 0.011250 0.023750
6 0.968750 0.061250 0.012500 0.027500
6 0.980625 0.060625 0.011250 0.028750
6 0.994375 0.060000 0.011250 0.027500
