6 0.183750 0.101250 0.007500 0.012500
6 0.206250 0.116250 0.017500 0.005000
6 0.205625 0.121875 0.018750 0.006250
6 0.210000 0.166250 0.015000 0.007500
6 0.121250 0.186875 0.017500 0.006250
6 0.124375 0.170000 0.013750 0.007500
6 0.086875 0.329375 0.018750 0.008750
6 0.125000 0.247500 0.015000 0.007500
6 0.330625 0.318750 0.018750 0.007500
6 0.404375 0.297500 0.018750 0.007500
6 0.477500 0.119375 0.007500 0.013750
6 0.525000 0.183750 0.017500 0.007500
6 0.523750 0.175625 0.017500 0.006250
6 0.500625 0.161875 0.008750 0.013750
6 0.013125 0.318750 0.018750 0.007500
6 0.068125 0.331250 0.016250 0.007500
6 0.212500 0.476250 0.007500 0.017500
6 0.144375 0.473750 0.021250 0.010000
6 0.143750 0.481875 0.015000 0.008750
6 0.345000 0.483750 0.007500 0.017500
6 0.518125 0.581250 0.008750 0.015000
6 0.060625 0.803750 0.008750 0.017500
6 0.476875 0.776875 0.006250 0.016250
6 0.488125 0.827500 0.018750 0.010000
6 0.445625 0.850625 0.008750 0.013750
6 0.430000 0.850625 0.012500 0.011250
6 0.511875 0.859375 0.008750 0.016250
6 0.908125 0.588125 0.006250 0.013750
6 0.686875 0.523125 0.018750 0.006250
6 0.678750 0.449375 0.007500 0.011250
6 0.892500 0.495000 0.020000 0.007500
6 0.820000 0.515625 0.015000 0.008750
6 0.983750 0.486250 0.012500 0.010000
6 0.865000 0.523750 0.017500 0.010000
6 0.935625 0.696250 0.011250 0.017500
6 0.990625 0.666250 0.018750 0.007500
6 0.970000 0.762500 0.015000 0.012500
6 0.981875 0.786875 0.016250 0.016250
6 0.780625 0.280000 0.016250 0.007500
6 0.680625 0.321875 0.008750 0.013750
6 0.567500 0.306875 0.022500 0.011250
6 0.691250 0.367500 0.007500 0.015000
6 0.650000 0.367500 0.015000 0.007500
6 0.939375 0.222500 0.008750 0.017500
6 0.940625 0.240625 0.008750 0.018750
6 0.833750 0.214375 0.007500 0.013750
6 0.818125 0.227500 0.008750 0.015000
6 0.915625 0.030625 0.013750 0.013750
6 0.912500 0.047500 0.015000 0.015000
