6 0.948750 0.480000 0.017500 0.007500
6 0.397500 0.167500 0.015000 0.007500
6 0.133750 0.088750 0.017500 0.017500
6 0.633750 0.341250 0.020000 0.010000
6 0.670000 0.246250 0.010000 0.025000
6 0.667500 0.176250 0.010000 0.022500
6 0.662500 0.092500 0.012500 0.022500
6 0.666250 0.666250 0.027500 0.015000
6 0.398750 0.628750 0.027500 0.012500
6 0.206250 0.357500 0.012500 0.020000
6 0.672500 0.580000 0.015000 0.022500
6 0.692500 0.485000 0.012500 0.027500
6 0.110000 0.296250 0.025000 0.015000
6 0.643750 0.196250 0.007500 0.020000
6 0.755000 0.686250 0.020000 0.015000
6 0.681250 0.043750 0.012500 0.020000
6 0.692500 0.506250 0.012500 0.020000
6 0.685000 0.203750 0.017500 0.025000
