6 0.212500 0.070000 0.015000 0.022500
6 0.703750 0.271250 0.022500 0.010000
6 0.886250 0.281250 0.020000 0.015000
6 0.901250 0.253750 0.010000 0.017500
6 0.638750 0.268750 0.022500 0.010000
6 0.211250 0.953750 0.010000 0.020000
6 0.155000 0.050000 0.015000 0.025000
6 0.038750 0.102500 0.015000 0.022500
6 0.171250 0.841250 0.015000 0.022500
6 0.262500 0.955000 0.020000 0.015000
6 0.628750 0.111250 0.012500 0.027500
6 0.602500 0.085000 0.027500 0.012500
6 0.603750 0.097500 0.030000 0.012500
