6 0.096250 0.915000 0.007500 0.020000
6 0.098750 0.880000 0.010000 0.020000
6 0.102500 0.856250 0.010000 0.017500
6 0.132500 0.812500 0.010000 0.017500
6 0.136250 0.785000 0.010000 0.015000
6 0.138750 0.762500 0.007500 0.020000
6 0.132500 0.733750 0.010000 0.017500
6 0.115000 0.711250 0.010000 0.017500
6 0.125000 0.650000 0.007500 0.017500
6 0.116250 0.648750 0.007500 0.020000
6 0.116250 0.668750 0.010000 0.017500
6 0.141250 0.477500 0.010000 0.017500
6 0.171250 0.460000 0.005000 0.015000
6 0.165000 0.441250 0.007500 0.015000
6 0.171250 0.381250 0.007500 0.015000
6 0.123750 0.605000 0.010000 0.017500
6 0.141250 0.433750 0.010000 0.017500
6 0.173750 0.332500 0.010000 0.015000
6 0.180000 0.308750 0.010000 0.022500
6 0.208750 0.247500 0.020000 0.007500
6 0.257500 0.251250 0.017500 0.012500
6 0.290000 0.255000 0.020000 0.005000
6 0.287500 0.230000 0.022500 0.007500
6 0.341250 0.162500 0.010000 0.015000
6 0.202500 0.041250 0.007500 0.012500
6 0.423750 0.837500 0.012500 0.025000
6 0.445000 0.712500 0.012500 0.020000
6 0.516250 0.755000 0.015000 0.022500
6 0.525000 0.802500 0.012500 0.020000
6 0.546250 0.836250 0.015000 0.025000
6 0.648750 0.816250 0.012500 0.020000
6 0.446250 0.742500 0.012500 0.022500
6 0.520000 0.727500 0.015000 0.017500
6 0.531250 0.692500 0.015000 0.022500
6 0.442500 0.635000 0.012500 0.020000
6 0.626250 0.732500 0.015000 0.022500
6 0.618750 0.707500 0.012500 0.020000
6 0.532500 0.640000 0.015000 0.022500
6 0.551250 0.708750 0.022500 0.045000
6 0.565000 0.707500 0.020000 0.035000
6 0.566250 0.757500 0.020000 0.037500
6 0.587500 0.772500 0.020000 0.040000
6 0.410000 0.695000 0.010000 0.020000
6 0.573750 0.800000 0.012500 0.020000
6 0.511250 0.800000 0.020000 0.032500
6 0.560000 0.786250 0.015000 0.022500
6 0.522500 0.648750 0.012500 0.020000
6 0.537500 0.660000 0.015000 0.020000
6 0.571250 0.823750 0.015000 0.022500
6 0.582500 0.856250 0.012500 0.020000
6 0.542500 0.873750 0.020000 0.035000
6 0.528750 0.888750 0.020000 0.035000
6 0.515000 0.896250 0.015000 0.030000
6 0.590000 0.833750 0.022500 0.045000
6 0.557500 0.923750 0.022500 0.047500
6 0.611250 0.838750 0.020000 0.040000
6 0.621250 0.876250 0.022500 0.040000
6 0.633750 0.917500 0.020000 0.037500
6 0.645000 0.956250 0.017500 0.030000
6 0.497500 0.885000 0.015000 0.030000
6 0.630000 0.982500 0.022500 0.045000
6 0.612500 0.927500 0.015000 0.022500
6 0.450000 0.953750 0.015000 0.020000
6 0.452500 0.976250 0.012500 0.020000
6 0.437500 0.513750 0.017500 0.025000
6 0.386250 0.542500 0.012500 0.020000
6 0.365000 0.607500 0.010000 0.017500
6 0.412500 0.440000 0.010000 0.020000
6 0.492500 0.481250 0.012500 0.020000
6 0.456250 0.493750 0.012500 0.020000
6 0.487500 0.430000 0.015000 0.022500
6 0.511250 0.518750 0.010000 0.020000
6 0.511250 0.608750 0.010000 0.015000
6 0.625000 0.935000 0.012500 0.020000
6 0.903750 0.842500 0.022500 0.007500
6 0.931250 0.852500 0.020000 0.010000
6 0.428750 0.800000 0.012500 0.017500
6 0.773750 0.856250 0.020000 0.007500
6 0.606250 0.942500 0.012500 0.015000
6 0.592500 0.953750 0.020000 0.010000
6 0.660000 0.891250 0.012500 0.017500
6 0.770000 0.871250 0.010000 0.015000
6 0.715000 0.872500 0.010000 0.017500
6 0.425000 0.773750 0.015000 0.020000
6 0.737500 0.872500 0.010000 0.017500
6 0.747500 0.872500 0.010000 0.017500
6 0.996250 0.925000 0.010000 0.017500
6 0.576250 0.971250 0.017500 0.027500
6 0.992500 0.428750 0.012500 0.022500
6 0.547500 0.372500 0.012500 0.020000
6 0.532500 0.395000 0.012500 0.022500
6 0.542500 0.247500 0.010000 0.022500
6 0.573750 0.140000 0.012500 0.022500
6 0.561250 0.177500 0.012500 0.025000
6 0.573750 0.098750 0.010000 0.020000
6 0.457500 0.095000 0.012500 0.022500
6 0.466250 0.290000 0.012500 0.017500
6 0.958750 0.236250 0.022500 0.010000
6 0.570000 0.205000 0.010000 0.017500
6 0.465000 0.180000 0.010000 0.020000
6 0.667500 0.872500 0.017500 0.015000
6 0.692500 0.871250 0.020000 0.007500
6 0.600000 0.922500 0.010000 0.012500
6 0.593750 0.903750 0.012500 0.025000
6 0.448750 0.766250 0.015000 0.025000
6 0.475000 0.815000 0.015000 0.025000
6 0.420000 0.750000 0.015000 0.020000
6 0.402500 0.822500 0.012500 0.022500
6 0.453750 0.792500 0.012500 0.017500
6 0.427500 0.575000 0.012500 0.020000
6 0.573750 0.568750 0.012500 0.020000
6 0.388750 0.563750 0.015000 0.017500
6 0.515000 0.570000 0.012500 0.020000
6 0.393750 0.667500 0.012500 0.017500
6 0.405000 0.672500 0.010000 0.017500
6 0.392500 0.612500 0.012500 0.017500
6 0.573750 0.502500 0.012500 0.022500
6 0.577500 0.525000 0.012500 0.017500
6 0.568750 0.480000 0.010000 0.015000
6 0.378750 0.486250 0.012500 0.017500
6 0.407500 0.347500 0.015000 0.025000
6 0.412500 0.300000 0.017500 0.022500
6 0.337500 0.353750 0.012500 0.022500
6 0.363750 0.273750 0.025000 0.020000
6 0.420000 0.162500 0.012500 0.017500
6 0.438750 0.363750 0.015000 0.030000
6 0.468750 0.036250 0.012500 0.020000
6 0.498750 0.352500 0.010000 0.020000
6 0.433750 0.416250 0.017500 0.022500
6 0.492500 0.403750 0.012500 0.020000
6 0.460000 0.447500 0.017500 0.047500
6 0.451250 0.292500 0.012500 0.020000
6 0.461250 0.370000 0.012500 0.017500
6 0.478750 0.630000 0.010000 0.012500
6 0.602500 0.881250 0.012500 0.022500
6 0.568750 0.267500 0.012500 0.015000
6 0.853750 0.843750 0.015000 0.010000
6 0.996250 0.211250 0.012500 0.017500
6 0.546250 0.618750 0.017500 0.035000
6 0.560000 0.666250 0.020000 0.035000
6 0.482500 0.048750 0.010000 0.022500
6 0.471250 0.090000 0.010000 0.020000
6 0.341250 0.181250 0.012500 0.022500
6 0.342500 0.135000 0.010000 0.025000
6 0.501250 0.747500 0.010000 0.015000
6 0.463750 0.613750 0.010000 0.015000
6 0.403750 0.781250 0.007500 0.010000
6 0.405000 0.856250 0.015000 0.017500
6 0.407500 0.873750 0.010000 0.015000
6 0.475000 0.528750 0.012500 0.022500
6 0.355000 0.553750 0.012500 0.020000
6 0.497500 0.532500 0.012500 0.025000
6 0.533750 0.566250 0.017500 0.037500
6 0.485000 0.672500 0.012500 0.017500
6 0.540000 0.730000 0.010000 0.020000
6 0.517500 0.973750 0.017500 0.040000
6 0.116250 0.968750 0.012500 0.017500
