6 0.831250 0.011250 0.017500 0.022500
6 0.897500 0.196250 0.015000 0.010000
6 0.878750 0.185000 0.012500 0.005000
6 0.360000 0.998750 0.032500 0.017500
6 0.327500 0.943750 0.017500 0.040000
6 0.296250 0.963750 0.012500 0.017500
6 0.308750 0.963750 0.012500 0.012500
6 0.700000 0.948750 0.015000 0.017500
6 0.212500 0.982500 0.037500 0.017500
6 0.266250 0.966250 0.037500 0.015000
6 0.135000 0.880000 0.035000 0.030000
6 0.122500 0.872500 0.040000 0.032500
6 0.110000 0.902500 0.030000 0.022500
6 0.096250 0.895000 0.020000 0.017500
6 0.030000 0.956250 0.032500 0.020000
6 0.020000 0.928750 0.022500 0.020000
6 0.001250 0.945000 0.025000 0.022500
6 0.175000 0.918750 0.020000 0.015000
6 0.105000 0.871250 0.015000 0.012500
6 0.351250 0.503750 0.012500 0.007500
6 0.238750 0.527500 0.007500 0.017500
6 0.345000 0.527500 0.020000 0.007500
6 0.242500 0.560000 0.007500 0.012500
6 0.223750 0.526250 0.005000 0.017500
6 0.216250 0.525000 0.007500 0.015000
6 0.232500 0.561250 0.005000 0.017500
6 0.218750 0.558750 0.007500 0.015000
6 0.208750 0.557500 0.007500 0.017500
6 0.203750 0.556250 0.005000 0.015000
6 0.213750 0.541250 0.007500 0.012500
6 0.205000 0.538750 0.007500 0.015000
6 0.192500 0.522500 0.007500 0.015000
6 0.207500 0.522500 0.007500 0.012500
6 0.177500 0.517500 0.007500 0.017500
6 0.196250 0.551250 0.007500 0.015000
6 0.158750 0.512500 0.007500 0.015000
6 0.137500 0.507500 0.007500 0.015000
6 0.130000 0.526250 0.007500 0.022500
6 0.322500 0.476250 0.010000 0.015000
6 0.181250 0.550000 0.007500 0.012500
6 0.125000 0.545000 0.007500 0.012500
6 0.106250 0.515000 0.010000 0.017500
6 0.156250 0.532500 0.007500 0.015000
6 0.282500 0.527500 0.012500 0.015000
6 0.343750 0.543750 0.017500 0.010000
6 0.092500 0.536250 0.007500 0.022500
6 0.083750 0.538750 0.010000 0.020000
6 0.117500 0.542500 0.007500 0.012500
6 0.185000 0.516250 0.005000 0.017500
6 0.045000 0.592500 0.010000 0.020000
6 0.026250 0.590000 0.007500 0.015000
6 0.033750 0.592500 0.010000 0.012500
6 0.390000 0.595000 0.012500 0.017500
6 0.385000 0.623750 0.010000 0.025000
6 0.303750 0.498750 0.012500 0.010000
6 0.356250 0.467500 0.017500 0.007500
6 0.165000 0.856250 0.022500 0.010000
6 0.207500 0.617500 0.020000 0.012500
6 0.216250 0.620000 0.015000 0.012500
6 0.158750 0.578750 0.040000 0.022500
6 0.291250 0.601250 0.040000 0.025000
6 0.270000 0.600000 0.037500 0.022500
6 0.101250 0.533750 0.007500 0.015000
6 0.108750 0.533750 0.007500 0.017500
6 0.085000 0.522500 0.007500 0.015000
6 0.095000 0.520000 0.010000 0.012500
6 0.150000 0.527500 0.010000 0.017500
6 0.168750 0.515000 0.010000 0.017500
6 0.161250 0.550000 0.010000 0.017500
6 0.090000 0.500000 0.012500 0.020000
6 0.188750 0.547500 0.007500 0.015000
6 0.307500 0.473750 0.015000 0.007500
6 0.306250 0.482500 0.017500 0.010000
6 0.355000 0.476250 0.017500 0.007500
6 0.350000 0.496250 0.015000 0.007500
6 0.395000 0.562500 0.007500 0.015000
6 0.225000 0.071250 0.015000 0.007500
6 0.246250 0.057500 0.020000 0.010000
6 0.213750 0.052500 0.012500 0.005000
6 0.452500 0.073750 0.010000 0.007500
6 0.307500 0.467500 0.012500 0.005000
6 0.097500 0.578750 0.035000 0.037500
6 0.265000 0.032500 0.017500 0.007500
6 0.248750 0.597500 0.015000 0.037500
6 0.312500 0.445000 0.015000 0.005000
6 0.462500 0.083750 0.010000 0.017500
6 0.897500 0.171250 0.010000 0.010000
6 0.718750 0.847500 0.012500 0.017500
6 0.327500 0.367500 0.017500 0.007500
6 0.425000 0.387500 0.020000 0.047500
6 0.182500 0.611250 0.022500 0.017500
6 0.696250 0.987500 0.015000 0.022500
6 0.891250 0.835000 0.015000 0.012500
6 0.228750 0.055000 0.015000 0.005000
6 0.998750 0.491250 0.007500 0.017500
6 0.443750 0.363750 0.007500 0.015000
6 0.323750 0.382500 0.012500 0.005000
6 0.120000 0.525000 0.012500 0.022500
6 0.927500 0.970000 0.010000 0.017500
6 0.353750 0.458750 0.017500 0.010000
6 0.320000 0.406250 0.015000 0.005000
6 0.211250 0.060000 0.015000 0.010000
6 0.682500 0.485000 0.017500 0.007500
6 0.393750 0.427500 0.015000 0.007500
6 0.313750 0.437500 0.015000 0.007500
6 0.157500 0.905000 0.020000 0.020000
6 0.837500 0.861250 0.017500 0.007500
6 0.931250 0.862500 0.007500 0.022500
6 0.477500 0.106250 0.010000 0.015000
6 0.486250 0.821250 0.012500 0.020000
6 0.143750 0.603750 0.017500 0.017500
6 0.152500 0.896250 0.020000 0.020000
6 0.316250 0.411250 0.015000 0.007500
6 0.480000 0.455000 0.012500 0.007500
6 0.848750 0.370000 0.015000 0.017500
6 0.468750 0.306250 0.017500 0.005000
6 0.421250 0.455000 0.020000 0.017500
6 0.530000 0.468750 0.015000 0.010000
6 0.178750 0.582500 0.030000 0.032500
6 0.375000 0.678750 0.012500 0.017500
6 0.933750 0.828750 0.010000 0.015000
6 0.316250 0.421250 0.017500 0.010000
6 0.310000 0.452500 0.015000 0.007500
6 0.952500 0.736250 0.010000 0.020000
6 0.320000 0.400000 0.012500 0.010000
6 0.496250 0.462500 0.017500 0.007500
6 0.972500 0.637500 0.010000 0.022500
6 0.495000 0.818750 0.005000 0.015000
6 0.356250 0.450000 0.020000 0.010000
6 0.241250 0.066250 0.015000 0.005000
6 0.432500 0.358750 0.005000 0.015000
6 0.161250 0.607500 0.017500 0.012500
6 0.896250 0.185000 0.017500 0.012500
6 0.717500 0.867500 0.007500 0.015000
6 0.258750 0.066250 0.012500 0.007500
6 0.230000 0.035000 0.020000 0.017500
6 0.228750 0.588750 0.027500 0.030000
6 0.196250 0.615000 0.015000 0.015000
6 0.900000 0.153750 0.015000 0.010000
6 0.492500 0.772500 0.007500 0.017500
6 0.913750 0.840000 0.015000 0.010000
6 0.315000 0.427500 0.015000 0.007500
6 0.475000 0.121250 0.015000 0.012500
6 0.133750 0.575000 0.027500 0.027500
6 0.321250 0.392500 0.015000 0.007500
