6 0.286250 0.521250 0.012500 0.022500
6 0.218750 0.512500 0.020000 0.007500
6 0.311250 0.661250 0.012500 0.020000
6 0.318750 0.680000 0.012500 0.017500
6 0.238750 0.850000 0.015000 0.015000
6 0.875000 0.145000 0.015000 0.007500
6 0.898750 0.147500 0.015000 0.007500
6 0.262500 0.865000 0.012500 0.010000
6 0.577500 0.098750 0.012500 0.010000
6 0.553750 0.095000 0.017500 0.012500
6 0.381250 0.823750 0.017500 0.012500
6 0.212500 0.176250 0.015000 0.010000
6 0.332500 0.713750 0.015000 0.020000
6 0.761250 0.165000 0.007500 0.010000
6 0.371250 0.813750 0.012500 0.015000
6 0.195000 0.191250 0.015000 0.005000
6 0.265000 0.860000 0.012500 0.010000
6 0.316250 0.036250 0.017500 0.012500
6 0.781250 0.015000 0.012500 0.012500
6 0.615000 0.108750 0.012500 0.005000
6 0.175000 0.183750 0.025000 0.010000
6 0.180000 0.335000 0.017500 0.007500
6 0.036250 0.156250 0.012500 0.010000
6 0.495000 0.891250 0.010000 0.012500
6 0.292500 0.640000 0.012500 0.025000
6 0.076250 0.040000 0.020000 0.030000
6 0.772500 0.072500 0.012500 0.017500
6 0.471250 0.072500 0.025000 0.012500
6 0.745000 0.177500 0.017500 0.017500
