6 0.203750 0.641250 0.017500 0.050000
6 0.220000 0.641250 0.017500 0.052500
6 0.093750 0.832500 0.005000 0.012500
6 0.685000 0.246250 0.015000 0.050000
6 0.760000 0.172500 0.040000 0.012500
6 0.711250 0.220000 0.017500 0.035000
6 0.848750 0.181250 0.035000 0.012500
6 0.813750 0.146250 0.042500 0.020000
6 0.665000 0.360000 0.012500 0.025000
6 0.647500 0.351250 0.017500 0.025000
6 0.640000 0.316250 0.012500 0.020000
6 0.637500 0.293750 0.015000 0.020000
6 0.923750 0.126250 0.017500 0.032500
6 0.937500 0.128750 0.012500 0.030000
6 0.626250 0.285000 0.010000 0.027500
6 0.226250 0.770000 0.030000 0.007500
6 0.221250 0.812500 0.025000 0.012500
6 0.045000 0.861250 0.017500 0.007500
6 0.105000 0.496250 0.022500 0.012500
6 0.045000 0.841250 0.010000 0.012500
6 0.130000 0.835000 0.010000 0.022500
6 0.042500 0.851250 0.012500 0.015000
6 0.226250 0.782500 0.017500 0.007500
6 0.225000 0.791250 0.020000 0.010000
