6 0.323750 0.967500 0.017500 0.007500
6 0.360000 0.976250 0.015000 0.007500
6 0.410000 0.988750 0.017500 0.010000
6 0.261250 0.735000 0.012500 0.017500
6 0.792500 0.512500 0.007500 0.012500
6 0.558750 0.041250 0.010000 0.012500
6 0.425000 0.097500 0.010000 0.012500
6 0.482500 0.465000 0.005000 0.010000
6 0.431250 0.058750 0.010000 0.017500
6 0.386250 0.161250 0.012500 0.020000
6 0.787500 0.578750 0.010000 0.020000
6 0.402500 0.166250 0.012500 0.017500
6 0.466250 0.197500 0.010000 0.017500
6 0.593750 0.755000 0.010000 0.015000
6 0.568750 0.042500 0.012500 0.020000
6 0.413750 0.036250 0.012500 0.017500
6 0.523750 0.082500 0.010000 0.020000
6 0.532500 0.036250 0.010000 0.015000
6 0.452500 0.048750 0.010000 0.017500
6 0.375000 0.123750 0.012500 0.017500
6 0.438750 0.142500 0.010000 0.015000
6 0.546250 0.163750 0.012500 0.017500
6 0.817500 0.667500 0.017500 0.015000
6 0.548750 0.041250 0.010000 0.020000
6 0.401250 0.217500 0.010000 0.015000
6 0.467500 0.231250 0.007500 0.020000
6 0.448750 0.065000 0.010000 0.017500
6 0.498750 0.077500 0.012500 0.017500
6 0.536250 0.162500 0.012500 0.020000
6 0.467500 0.181250 0.007500 0.017500
6 0.518750 0.242500 0.010000 0.020000
6 0.370000 0.156250 0.012500 0.017500
6 0.745000 0.760000 0.015000 0.015000
6 0.776250 0.593750 0.010000 0.017500
6 0.306250 0.796250 0.017500 0.005000
6 0.416250 0.055000 0.012500 0.020000
6 0.490000 0.076250 0.010000 0.020000
6 0.542500 0.125000 0.010000 0.015000
6 0.392500 0.165000 0.010000 0.017500
6 0.436250 0.173750 0.012500 0.017500
6 0.476250 0.198750 0.010000 0.017500
6 0.433750 0.222500 0.012500 0.017500
6 0.590000 0.742500 0.017500 0.005000
6 0.547500 0.071250 0.010000 0.017500
6 0.473750 0.072500 0.010000 0.017500
6 0.551250 0.088750 0.012500 0.022500
6 0.048750 0.522500 0.015000 0.002500
6 0.523750 0.033750 0.010000 0.020000
6 0.492500 0.058750 0.010000 0.017500
6 0.441250 0.103750 0.010000 0.017500
6 0.382500 0.127500 0.010000 0.017500
6 0.375000 0.176250 0.010000 0.015000
6 0.506250 0.062500 0.010000 0.017500
6 0.433750 0.101250 0.012500 0.017500
6 0.517500 0.158750 0.012500 0.020000
6 0.770000 0.625000 0.012500 0.020000
6 0.423750 0.056250 0.010000 0.020000
6 0.456250 0.107500 0.010000 0.017500
6 0.415000 0.138750 0.010000 0.017500
6 0.425000 0.187500 0.012500 0.020000
6 0.485000 0.235000 0.010000 0.017500
6 0.265000 0.753750 0.017500 0.010000
6 0.831250 0.207500 0.007500 0.017500
6 0.461250 0.051250 0.010000 0.017500
6 0.516250 0.118750 0.007500 0.015000
6 0.510000 0.240000 0.010000 0.017500
6 0.595000 0.737500 0.020000 0.010000
6 0.541250 0.037500 0.010000 0.015000
6 0.483750 0.057500 0.010000 0.017500
6 0.443750 0.176250 0.010000 0.017500
6 0.358750 0.206250 0.012500 0.017500
6 0.241250 0.717500 0.005000 0.015000
6 0.492500 0.112500 0.010000 0.017500
6 0.428750 0.141250 0.010000 0.015000
6 0.458750 0.147500 0.012500 0.022500
6 0.450000 0.193750 0.010000 0.017500
6 0.580000 0.752500 0.010000 0.017500
6 0.812500 0.167500 0.002500 0.020000
6 0.246250 0.693750 0.007500 0.012500
6 0.523750 0.066250 0.010000 0.017500
6 0.515000 0.082500 0.010000 0.017500
6 0.533750 0.086250 0.010000 0.017500
6 0.382500 0.181250 0.012500 0.017500
6 0.822500 0.305000 0.010000 0.017500
6 0.856250 0.073750 0.007500 0.020000
6 0.468750 0.053750 0.010000 0.017500
6 0.498750 0.061250 0.010000 0.017500
6 0.418750 0.171250 0.010000 0.020000
6 0.486250 0.182500 0.012500 0.017500
6 0.442500 0.191250 0.010000 0.017500
6 0.500000 0.240000 0.010000 0.017500
6 0.755000 0.700000 0.010000 0.017500
6 0.576250 0.046250 0.010000 0.017500
6 0.538750 0.068750 0.010000 0.017500
6 0.542500 0.087500 0.010000 0.020000
6 0.550000 0.127500 0.010000 0.017500
6 0.602500 0.757500 0.010000 0.012500
6 0.847500 0.227500 0.005000 0.015000
6 0.398750 0.133750 0.010000 0.017500
6 0.482500 0.073750 0.012500 0.017500
6 0.501250 0.155000 0.010000 0.015000
6 0.473750 0.110000 0.010000 0.017500
6 0.405000 0.136250 0.007500 0.017500
6 0.586250 0.753750 0.007500 0.015000
6 0.427500 0.041250 0.010000 0.015000
6 0.535000 0.122500 0.010000 0.017500
6 0.390000 0.131250 0.010000 0.017500
6 0.492500 0.153750 0.010000 0.015000
6 0.367500 0.207500 0.007500 0.017500
6 0.457500 0.230000 0.010000 0.017500
6 0.211250 0.901250 0.005000 0.012500
6 0.465000 0.107500 0.010000 0.017500
6 0.447500 0.145000 0.012500 0.017500
6 0.485000 0.151250 0.010000 0.015000
6 0.483750 0.200000 0.010000 0.017500
6 0.410000 0.218750 0.012500 0.017500
6 0.418750 0.220000 0.010000 0.017500
6 0.476250 0.231250 0.010000 0.017500
6 0.561250 0.253750 0.012500 0.022500
6 0.571250 0.748750 0.007500 0.015000
6 0.476250 0.056250 0.012500 0.017500
6 0.513750 0.065000 0.010000 0.017500
6 0.525000 0.121250 0.012500 0.017500
6 0.558750 0.128750 0.010000 0.017500
6 0.527500 0.246250 0.010000 0.020000
6 0.543750 0.248750 0.010000 0.020000
6 0.111250 0.765000 0.017500 0.005000
6 0.466250 0.070000 0.010000 0.017500
6 0.398750 0.183750 0.010000 0.017500
6 0.432500 0.190000 0.010000 0.020000
6 0.393750 0.215000 0.010000 0.017500
6 0.508750 0.117500 0.010000 0.020000
6 0.378750 0.158750 0.012500 0.020000
6 0.492500 0.237500 0.010000 0.017500
6 0.763750 0.661250 0.010000 0.015000
6 0.436250 0.043750 0.010000 0.015000
6 0.530000 0.068750 0.010000 0.015000
6 0.438750 0.063750 0.010000 0.017500
6 0.457500 0.067500 0.010000 0.017500
6 0.500000 0.115000 0.010000 0.017500
6 0.421250 0.140000 0.010000 0.017500
6 0.426250 0.171250 0.010000 0.020000
6 0.458750 0.181250 0.010000 0.017500
6 0.383750 0.213750 0.010000 0.017500
6 0.535000 0.247500 0.012500 0.020000
6 0.406250 0.051250 0.010000 0.017500
6 0.477500 0.182500 0.012500 0.017500
6 0.407500 0.183750 0.012500 0.017500
6 0.552500 0.250000 0.010000 0.020000
6 0.418750 0.095000 0.012500 0.020000
6 0.443750 0.046250 0.010000 0.017500
6 0.511250 0.156250 0.010000 0.017500
6 0.410000 0.167500 0.010000 0.020000
6 0.732500 0.813750 0.012500 0.022500
6 0.562500 0.072500 0.012500 0.015000
6 0.506250 0.080000 0.012500 0.020000
6 0.482500 0.111250 0.012500 0.020000
6 0.568750 0.130000 0.012500 0.020000
6 0.475000 0.150000 0.012500 0.017500
6 0.492500 0.186250 0.010000 0.017500
6 0.390000 0.182500 0.010000 0.017500
6 0.416250 0.185000 0.010000 0.020000
