6 0.985000 0.747500 0.007500 0.010000
6 0.978750 0.767500 0.010000 0.015000
6 0.360000 0.630000 0.007500 0.012500
6 0.463750 0.548750 0.007500 0.015000
6 0.643750 0.003750 0.012500 0.017500
6 0.447500 0.763750 0.017500 0.040000
6 0.382500 0.945000 0.007500 0.012500
6 0.635000 0.062500 0.012500 0.012500
6 0.331250 0.176250 0.010000 0.015000
6 0.760000 0.976250 0.027500 0.012500
6 0.162500 0.740000 0.015000 0.007500
6 0.730000 0.835000 0.012500 0.007500
6 0.492500 0.423750 0.015000 0.022500
6 0.353750 0.180000 0.010000 0.015000
6 0.495000 0.398750 0.012500 0.015000
6 0.706250 0.812500 0.015000 0.012500
6 0.430000 0.838750 0.010000 0.037500
6 0.147500 0.772500 0.007500 0.015000
6 0.660000 0.658750 0.015000 0.010000
6 0.461250 0.636250 0.007500 0.015000
6 0.156250 0.771250 0.010000 0.012500
6 0.673750 0.962500 0.025000 0.012500
6 0.513750 0.362500 0.022500 0.030000
6 0.822500 0.826250 0.017500 0.005000
6 0.813750 0.277500 0.007500 0.020000
6 0.973750 0.791250 0.007500 0.010000
6 0.541250 0.332500 0.022500 0.030000
6 0.407500 0.936250 0.015000 0.020000
6 0.051250 0.678750 0.017500 0.020000
6 0.410000 0.966250 0.012500 0.037500
6 0.320000 0.176250 0.010000 0.015000
6 0.226250 0.740000 0.020000 0.010000
6 0.122500 0.728750 0.010000 0.010000
6 0.308750 0.175000 0.010000 0.017500
6 0.703750 0.566250 0.012500 0.025000
6 0.395000 0.602500 0.027500 0.025000
6 0.341250 0.180000 0.005000 0.012500
6 0.135000 0.773750 0.012500 0.015000
6 0.678750 0.725000 0.007500 0.012500
6 0.102500 0.695000 0.020000 0.012500
6 0.395000 0.983750 0.007500 0.010000
