6 0.177500 0.255000 0.015000 0.010000
6 0.515000 0.370000 0.017500 0.012500
6 0.646250 0.930000 0.007500 0.012500
6 0.665000 0.931250 0.007500 0.012500
6 0.002500 0.136250 0.012500 0.017500
6 0.473750 0.113750 0.015000 0.007500
6 0.350000 0.056250 0.020000 0.010000
6 0.583750 0.145000 0.017500 0.010000
6 0.677500 0.787500 0.012500 0.007500
6 0.693750 0.843750 0.015000 0.007500
6 0.688750 0.827500 0.012500 0.007500
6 0.683750 0.812500 0.012500 0.007500
6 0.680000 0.797500 0.012500 0.007500
6 0.715000 0.823750 0.010000 0.015000
6 0.552500 0.833750 0.017500 0.012500
6 0.555000 0.825000 0.015000 0.010000
6 0.563750 0.820000 0.012500 0.012500
6 0.583750 0.813750 0.010000 0.020000
6 0.592500 0.817500 0.010000 0.017500
6 0.600000 0.821250 0.007500 0.015000
6 0.621250 0.835000 0.010000 0.017500
6 0.630000 0.842500 0.010000 0.015000
6 0.733750 0.510000 0.012500 0.020000
6 0.672500 0.400000 0.017500 0.012500
6 0.175000 0.275000 0.020000 0.012500
6 0.487500 0.385000 0.015000 0.007500
6 0.678750 0.791250 0.010000 0.007500
6 0.685000 0.820000 0.012500 0.005000
6 0.682500 0.803750 0.010000 0.005000
6 0.220000 0.416250 0.015000 0.010000
6 0.741250 0.493750 0.010000 0.010000
6 0.847500 0.960000 0.005000 0.017500
6 0.531250 0.358750 0.015000 0.007500
6 0.633750 0.392500 0.025000 0.010000
6 0.550000 0.362500 0.015000 0.010000
6 0.678750 0.677500 0.012500 0.007500
6 0.483750 0.097500 0.012500 0.007500
6 0.395000 0.316250 0.015000 0.015000
6 0.692500 0.405000 0.010000 0.007500
6 0.652500 0.146250 0.007500 0.015000
6 0.212500 0.275000 0.022500 0.010000
6 0.730000 0.528750 0.010000 0.015000
6 0.031250 0.101250 0.012500 0.017500
6 0.832500 0.278750 0.010000 0.012500
6 0.606250 0.933750 0.012500 0.010000
6 0.748750 0.985000 0.017500 0.022500
6 0.381250 0.065000 0.012500 0.010000
6 0.702500 0.165000 0.012500 0.010000
6 0.033750 0.027500 0.010000 0.015000
6 0.093750 0.230000 0.012500 0.012500
6 0.791250 0.191250 0.010000 0.007500
6 0.601250 0.943750 0.012500 0.010000
6 0.873750 0.967500 0.007500 0.017500
6 0.296250 0.287500 0.017500 0.015000
6 0.802500 0.376250 0.007500 0.015000
6 0.845000 0.451250 0.015000 0.007500
6 0.885000 0.112500 0.007500 0.015000
6 0.900000 0.895000 0.012500 0.020000
6 0.613750 0.401250 0.017500 0.015000
6 0.950000 0.946250 0.007500 0.010000
6 0.375000 0.307500 0.017500 0.012500
6 0.415000 0.076250 0.015000 0.010000
6 0.588750 0.380000 0.012500 0.007500
6 0.568750 0.366250 0.012500 0.010000
6 0.721250 0.542500 0.010000 0.010000
6 0.547500 0.133750 0.010000 0.012500
6 0.855000 0.961250 0.005000 0.015000
