6 0.043750 0.152500 0.012500 0.012500
6 0.111250 0.325000 0.022500 0.007500
6 0.156250 0.337500 0.022500 0.010000
6 0.162500 0.145000 0.100000 0.040000
6 0.146250 0.370000 0.040000 0.015000
6 0.047500 0.322500 0.007500 0.015000
6 0.111250 0.333750 0.022500 0.010000
6 0.156250 0.328750 0.022500 0.007500
6 0.146250 0.351250 0.040000 0.012500
6 0.080000 0.328750 0.012500 0.025000
6 0.105000 0.356250 0.040000 0.012500
6 0.135000 0.327500 0.022500 0.007500
6 0.133750 0.335000 0.020000 0.012500
6 0.105000 0.367500 0.042500 0.015000
6 0.146250 0.360000 0.040000 0.012500
6 0.068750 0.326250 0.010000 0.022500
