6 0.207500 0.981250 0.032500 0.030000
6 0.976250 0.916250 0.022500 0.007500
6 0.891250 0.053750 0.020000 0.012500
6 0.196250 0.226250 0.015000 0.010000
6 0.143750 0.116250 0.017500 0.007500
6 0.775000 0.448750 0.012500 0.007500
6 0.161250 0.832500 0.012500 0.012500
6 0.821250 0.027500 0.012500 0.012500
6 0.302500 0.228750 0.012500 0.007500
6 0.522500 0.796250 0.015000 0.012500
6 0.301250 0.033750 0.017500 0.010000
6 0.456250 0.863750 0.020000 0.007500
6 0.316250 0.751250 0.012500 0.010000
6 0.298750 0.017500 0.017500 0.007500
6 0.018750 0.000000 0.015000 0.025000
6 0.638750 0.383750 0.017500 0.007500
6 0.777500 0.440000 0.017500 0.007500
6 0.697500 0.206250 0.015000 0.012500
6 0.535000 0.733750 0.010000 0.015000
6 0.626250 0.201250 0.017500 0.012500
6 0.552500 0.623750 0.007500 0.012500
6 0.071250 0.603750 0.017500 0.012500
6 0.358750 0.783750 0.012500 0.020000
6 0.076250 0.637500 0.012500 0.020000
6 0.907500 0.163750 0.015000 0.015000
6 0.570000 0.196250 0.025000 0.005000
6 0.802500 0.183750 0.020000 0.005000
6 0.778750 0.432500 0.012500 0.010000
6 0.608750 0.200000 0.012500 0.010000
6 0.066250 0.332500 0.007500 0.012500
6 0.991250 0.885000 0.017500 0.012500
6 0.297500 0.040000 0.017500 0.010000
6 0.301250 0.720000 0.012500 0.010000
6 0.641250 0.376250 0.015000 0.007500
6 0.083750 0.618750 0.015000 0.017500
6 0.582500 0.652500 0.022500 0.012500
6 0.382500 0.213750 0.012500 0.012500
6 0.528750 0.781250 0.010000 0.010000
6 0.146250 0.123750 0.017500 0.007500
6 0.318750 0.171250 0.015000 0.007500
6 0.426250 0.858750 0.015000 0.007500
6 0.085000 0.636250 0.012500 0.017500
6 0.681250 0.205000 0.015000 0.012500
6 0.641250 0.368750 0.015000 0.007500
6 0.788750 0.451250 0.005000 0.020000
6 0.032500 0.308750 0.042500 0.025000
6 0.581250 0.668750 0.017500 0.010000
6 0.301250 0.010000 0.017500 0.007500
6 0.778750 0.142500 0.012500 0.010000
6 0.823750 0.127500 0.020000 0.007500
6 0.640000 0.360000 0.015000 0.005000
6 0.023750 0.043750 0.012500 0.015000
6 0.300000 0.025000 0.020000 0.010000
6 0.438750 0.838750 0.017500 0.010000
6 0.245000 0.596250 0.015000 0.017500
6 0.587500 0.935000 0.015000 0.005000
6 0.073750 0.618750 0.012500 0.017500
6 0.067500 0.640000 0.012500 0.020000
6 0.045000 0.897500 0.020000 0.025000
6 0.791250 0.432500 0.010000 0.015000
6 0.811250 0.611250 0.005000 0.015000
6 0.007500 0.888750 0.012500 0.012500
6 0.388750 0.847500 0.012500 0.007500
6 0.815000 0.118750 0.022500 0.005000
6 0.432500 0.188750 0.022500 0.015000
6 0.665000 0.206250 0.015000 0.007500
6 0.018750 0.743750 0.015000 0.012500
6 0.032500 0.943750 0.007500 0.012500
6 0.191250 0.396250 0.007500 0.015000
6 0.603750 0.337500 0.007500 0.022500
6 0.200000 0.963750 0.017500 0.017500
6 0.415000 0.198750 0.012500 0.010000
6 0.490000 0.848750 0.010000 0.007500
6 0.137500 0.407500 0.022500 0.015000
6 0.088750 0.245000 0.020000 0.015000
6 0.070000 0.593750 0.017500 0.012500
6 0.595000 0.202500 0.010000 0.012500
6 0.457500 0.851250 0.017500 0.007500
6 0.541250 0.702500 0.010000 0.010000
6 0.605000 0.616250 0.010000 0.007500
6 0.602500 0.441250 0.007500 0.017500
6 0.551250 0.637500 0.010000 0.015000
6 0.590000 0.603750 0.017500 0.010000
6 0.606250 0.470000 0.005000 0.012500
6 0.612500 0.401250 0.015000 0.010000
6 0.063750 0.620000 0.017500 0.022500
