6 0.390000 0.786250 0.017500 0.010000
6 0.565000 0.286250 0.012500 0.025000
6 0.552500 0.230000 0.010000 0.015000
6 0.966250 0.163750 0.012500 0.020000
6 0.831250 0.142500 0.015000 0.017500
6 0.465000 0.215000 0.007500 0.015000
6 0.513750 0.222500 0.007500 0.012500
6 0.378750 0.202500 0.005000 0.010000
6 0.355000 0.200000 0.007500 0.017500
6 0.382500 0.261250 0.017500 0.012500
6 0.472500 0.278750 0.015000 0.010000
6 0.141250 0.137500 0.020000 0.012500
6 0.435000 0.210000 0.007500 0.012500
6 0.442500 0.212500 0.007500 0.012500
6 0.440000 0.106250 0.017500 0.007500
6 0.463750 0.652500 0.022500 0.010000
6 0.496250 0.606250 0.007500 0.015000
6 0.025000 0.532500 0.012500 0.007500
6 0.525000 0.278750 0.015000 0.005000
6 0.518750 0.285000 0.017500 0.007500
6 0.517500 0.292500 0.012500 0.007500
6 0.491250 0.217500 0.007500 0.015000
6 0.521250 0.222500 0.007500 0.012500
6 0.453750 0.161250 0.007500 0.015000
6 0.482500 0.137500 0.015000 0.005000
6 0.482500 0.143750 0.017500 0.007500
6 0.482500 0.151250 0.015000 0.007500
6 0.480000 0.160000 0.017500 0.010000
6 0.481250 0.166250 0.015000 0.005000
6 0.478750 0.173750 0.017500 0.010000
6 0.478750 0.182500 0.015000 0.007500
6 0.357500 0.263750 0.017500 0.007500
6 0.071250 0.111250 0.012500 0.012500
6 0.386250 0.202500 0.007500 0.012500
6 0.395000 0.203750 0.007500 0.012500
6 0.473750 0.216250 0.007500 0.015000
6 0.482500 0.216250 0.007500 0.015000
6 0.397500 0.247500 0.005000 0.012500
6 0.405000 0.248750 0.005000 0.012500
6 0.411250 0.248750 0.005000 0.010000
6 0.363750 0.197500 0.007500 0.012500
6 0.458750 0.670000 0.017500 0.007500
6 0.440000 0.168750 0.012500 0.005000
6 0.527500 0.263750 0.012500 0.007500
6 0.322500 0.180000 0.005000 0.012500
6 0.506250 0.221250 0.007500 0.015000
6 0.468750 0.632500 0.022500 0.007500
6 0.497500 0.218750 0.005000 0.015000
6 0.427500 0.207500 0.007500 0.012500
6 0.048750 0.050000 0.010000 0.012500
6 0.027500 0.523750 0.017500 0.007500
6 0.441250 0.155000 0.015000 0.010000
6 0.888750 0.040000 0.012500 0.015000
6 0.472500 0.196250 0.017500 0.005000
6 0.472500 0.265000 0.015000 0.005000
6 0.157500 0.247500 0.015000 0.015000
6 0.415000 0.212500 0.005000 0.015000
6 0.908750 0.040000 0.015000 0.015000
6 0.052500 0.267500 0.020000 0.005000
6 0.028750 0.516250 0.012500 0.010000
6 0.938750 0.166250 0.010000 0.007500
6 0.241250 0.968750 0.017500 0.012500
6 0.438750 0.185000 0.017500 0.012500
6 0.943750 0.118750 0.010000 0.012500
6 0.422500 0.103750 0.012500 0.007500
6 0.448750 0.213750 0.007500 0.010000
6 0.430000 0.251250 0.007500 0.012500
6 0.038750 0.535000 0.005000 0.020000
6 0.477500 0.187500 0.017500 0.002500
6 0.932500 0.148750 0.012500 0.007500
6 0.028750 0.226250 0.012500 0.010000
6 0.073750 0.211250 0.020000 0.007500
6 0.648750 0.238750 0.015000 0.005000
6 0.586250 0.141250 0.007500 0.015000
6 0.326250 0.143750 0.007500 0.010000
6 0.041250 0.516250 0.010000 0.015000
6 0.061250 0.695000 0.005000 0.015000
6 0.457500 0.213750 0.010000 0.012500
6 0.528750 0.240000 0.015000 0.007500
6 0.453750 0.258750 0.007500 0.012500
6 0.672500 0.241250 0.012500 0.010000
6 0.065000 0.202500 0.022500 0.005000
6 0.001250 0.053750 0.010000 0.015000
6 0.912500 0.057500 0.010000 0.012500
6 0.463750 0.643750 0.020000 0.005000
6 0.530000 0.248750 0.015000 0.007500
6 0.563750 0.330000 0.007500 0.020000
6 0.403750 0.205000 0.007500 0.012500
6 0.470000 0.287500 0.017500 0.007500
6 0.322500 0.158750 0.010000 0.020000
