6 0.760000 0.168750 0.012500 0.020000
6 0.307500 0.392500 0.012500 0.020000
6 0.795000 0.626250 0.007500 0.010000
6 0.753750 0.003750 0.010000 0.015000
6 0.761250 0.006250 0.010000 0.015000
6 0.767500 0.010000 0.012500 0.017500
6 0.776250 0.011250 0.010000 0.017500
6 0.761250 0.757500 0.015000 0.010000
6 0.767500 0.747500 0.015000 0.012500
6 0.758750 0.763750 0.015000 0.012500
6 0.106250 0.348750 0.017500 0.012500
6 0.718750 0.775000 0.012500 0.007500
6 0.696250 0.792500 0.012500 0.005000
6 0.217500 0.363750 0.020000 0.015000
6 0.261250 0.376250 0.017500 0.012500
6 0.700000 0.811250 0.012500 0.005000
6 0.778750 0.725000 0.020000 0.012500
6 0.036250 0.165000 0.015000 0.017500
6 0.225000 0.518750 0.015000 0.015000
6 0.305000 0.147500 0.010000 0.010000
6 0.246250 0.305000 0.017500 0.015000
6 0.235000 0.327500 0.017500 0.012500
6 0.302500 0.186250 0.017500 0.010000
6 0.126250 0.346250 0.017500 0.012500
6 0.252500 0.408750 0.012500 0.010000
6 0.050000 0.878750 0.015000 0.010000
6 0.142500 0.742500 0.015000 0.012500
6 0.225000 0.348750 0.017500 0.012500
6 0.227500 0.342500 0.015000 0.012500
6 0.297500 0.160000 0.012500 0.012500
6 0.020000 0.117500 0.020000 0.012500
6 0.130000 0.766250 0.017500 0.022500
6 0.102500 0.356250 0.017500 0.012500
6 0.273750 0.360000 0.017500 0.010000
6 0.765000 0.666250 0.010000 0.007500
6 0.248750 0.465000 0.012500 0.012500
6 0.472500 0.328750 0.012500 0.012500
6 0.711250 0.226250 0.015000 0.007500
6 0.290000 0.378750 0.015000 0.020000
6 0.042500 0.896250 0.015000 0.022500
6 0.286250 0.331250 0.020000 0.017500
6 0.085000 0.330000 0.015000 0.015000
6 0.070000 0.225000 0.015000 0.010000
6 0.521250 0.698750 0.012500 0.015000
6 0.108750 0.760000 0.012500 0.022500
6 0.100000 0.363750 0.020000 0.012500
6 0.240000 0.483750 0.007500 0.012500
6 0.718750 0.222500 0.012500 0.007500
6 0.275000 0.353750 0.020000 0.015000
6 0.497500 0.630000 0.010000 0.010000
6 0.257500 0.450000 0.020000 0.020000
6 0.081250 0.337500 0.015000 0.015000
6 0.068750 0.366250 0.015000 0.015000
6 0.282500 0.340000 0.012500 0.010000
6 0.078750 0.213750 0.015000 0.012500
6 0.412500 0.851250 0.010000 0.017500
6 0.248750 0.297500 0.017500 0.015000
6 0.778750 0.713750 0.020000 0.012500
6 0.238750 0.317500 0.017500 0.012500
6 0.232500 0.333750 0.017500 0.015000
6 0.855000 0.525000 0.012500 0.007500
6 0.703750 0.236250 0.015000 0.010000
6 0.430000 0.837500 0.010000 0.015000
6 0.428750 0.087500 0.012500 0.015000
6 0.110000 0.341250 0.017500 0.012500
6 0.932500 0.883750 0.015000 0.017500
6 0.365000 0.283750 0.010000 0.012500
6 0.103750 0.185000 0.017500 0.012500
6 0.403750 0.891250 0.010000 0.012500
6 0.506250 0.880000 0.022500 0.015000
6 0.292500 0.298750 0.022500 0.015000
6 0.486250 0.627500 0.010000 0.015000
6 0.853750 0.423750 0.007500 0.012500
6 0.112500 0.088750 0.007500 0.015000
6 0.078750 0.343750 0.017500 0.012500
6 0.075000 0.218750 0.015000 0.012500
6 0.292500 0.308750 0.017500 0.012500
6 0.070000 0.232500 0.015000 0.010000
6 0.702500 0.715000 0.007500 0.015000
6 0.105000 0.795000 0.017500 0.017500
6 0.456250 0.317500 0.007500 0.012500
6 0.878750 0.421250 0.010000 0.017500
6 0.063750 0.371250 0.017500 0.012500
6 0.096250 0.373750 0.020000 0.012500
6 0.086250 0.208750 0.015000 0.012500
6 0.293750 0.316250 0.015000 0.012500
6 0.075000 0.351250 0.020000 0.015000
