6 0.226250 0.916250 0.022500 0.007500
6 0.390000 0.702500 0.017500 0.010000
6 0.565000 0.202500 0.012500 0.025000
6 0.552500 0.146250 0.010000 0.015000
6 0.966250 0.080000 0.012500 0.020000
6 0.831250 0.058750 0.015000 0.017500
6 0.465000 0.131250 0.007500 0.015000
6 0.513750 0.138750 0.007500 0.012500
6 0.378750 0.118750 0.005000 0.010000
6 0.355000 0.116250 0.007500 0.017500
6 0.382500 0.177500 0.017500 0.012500
6 0.472500 0.195000 0.015000 0.010000
6 0.141250 0.053750 0.020000 0.012500
6 0.435000 0.126250 0.007500 0.012500
6 0.442500 0.128750 0.007500 0.012500
6 0.440000 0.022500 0.017500 0.007500
6 0.463750 0.568750 0.022500 0.010000
6 0.496250 0.522500 0.007500 0.015000
6 0.025000 0.448750 0.012500 0.007500
6 0.525000 0.195000 0.015000 0.005000
6 0.518750 0.201250 0.017500 0.007500
6 0.517500 0.208750 0.012500 0.007500
6 0.491250 0.133750 0.007500 0.015000
6 0.521250 0.138750 0.007500 0.012500
6 0.453750 0.077500 0.007500 0.015000
6 0.482500 0.053750 0.015000 0.005000
6 0.482500 0.060000 0.017500 0.007500
6 0.482500 0.067500 0.015000 0.007500
6 0.480000 0.076250 0.017500 0.010000
6 0.481250 0.082500 0.015000 0.005000
6 0.478750 0.090000 0.017500 0.010000
6 0.478750 0.098750 0.015000 0.007500
6 0.357500 0.180000 0.017500 0.007500
6 0.071250 0.027500 0.012500 0.012500
6 0.386250 0.118750 0.007500 0.012500
6 0.395000 0.120000 0.007500 0.012500
6 0.473750 0.132500 0.007500 0.015000
6 0.482500 0.132500 0.007500 0.015000
6 0.397500 0.163750 0.005000 0.012500
6 0.405000 0.165000 0.005000 0.012500
6 0.411250 0.165000 0.005000 0.010000
6 0.363750 0.113750 0.007500 0.012500
6 0.458750 0.586250 0.017500 0.007500
6 0.440000 0.085000 0.012500 0.005000
6 0.527500 0.180000 0.012500 0.007500
6 0.322500 0.096250 0.005000 0.012500
6 0.506250 0.137500 0.007500 0.015000
6 0.468750 0.548750 0.022500 0.007500
6 0.497500 0.135000 0.005000 0.015000
6 0.427500 0.123750 0.007500 0.012500
6 0.027500 0.440000 0.017500 0.007500
6 0.441250 0.071250 0.015000 0.010000
6 0.472500 0.112500 0.017500 0.005000
6 0.472500 0.181250 0.015000 0.005000
6 0.157500 0.163750 0.015000 0.015000
6 0.415000 0.128750 0.005000 0.015000
6 0.052500 0.183750 0.020000 0.005000
6 0.028750 0.432500 0.012500 0.010000
6 0.938750 0.082500 0.010000 0.007500
6 0.241250 0.885000 0.017500 0.012500
6 0.438750 0.101250 0.017500 0.012500
6 0.943750 0.035000 0.010000 0.012500
6 0.422500 0.020000 0.012500 0.007500
6 0.448750 0.130000 0.007500 0.010000
6 0.430000 0.167500 0.007500 0.012500
6 0.038750 0.451250 0.005000 0.020000
6 0.477500 0.103750 0.017500 0.002500
6 0.932500 0.065000 0.012500 0.007500
6 0.028750 0.142500 0.012500 0.010000
6 0.073750 0.127500 0.020000 0.007500
6 0.648750 0.155000 0.015000 0.005000
6 0.586250 0.057500 0.007500 0.015000
6 0.326250 0.060000 0.007500 0.010000
6 0.041250 0.432500 0.010000 0.015000
6 0.061250 0.611250 0.005000 0.015000
6 0.457500 0.130000 0.010000 0.012500
6 0.528750 0.156250 0.015000 0.007500
6 0.453750 0.175000 0.007500 0.012500
6 0.672500 0.157500 0.012500 0.010000
6 0.065000 0.118750 0.022500 0.005000
6 0.463750 0.560000 0.020000 0.005000
6 0.530000 0.165000 0.015000 0.007500
6 0.563750 0.246250 0.007500 0.020000
6 0.403750 0.121250 0.007500 0.012500
6 0.470000 0.203750 0.017500 0.007500
6 0.322500 0.075000 0.010000 0.020000
