6 0.042500 0.087500 0.037500 0.010000
6 0.636250 0.286250 0.012500 0.017500
6 0.007500 0.205000 0.010000 0.020000
6 0.321250 0.161250 0.010000 0.015000
6 0.412500 0.157500 0.010000 0.017500
6 0.453750 0.162500 0.010000 0.017500
6 0.598750 0.158750 0.010000 0.017500
6 0.041250 0.222500 0.007500 0.015000
6 0.270000 0.378750 0.010000 0.017500
6 0.377500 0.307500 0.010000 0.017500
6 0.572500 0.420000 0.010000 0.015000
6 0.656250 0.383750 0.012500 0.010000
6 0.671250 0.312500 0.015000 0.005000
6 0.628750 0.206250 0.007500 0.015000
6 0.398750 0.197500 0.020000 0.010000
6 0.608750 0.726250 0.015000 0.015000
6 0.496250 0.417500 0.007500 0.017500
6 0.672500 0.305000 0.015000 0.007500
6 0.586250 0.157500 0.010000 0.012500
6 0.318750 0.417500 0.010000 0.017500
6 0.366250 0.310000 0.010000 0.015000
6 0.016250 0.265000 0.005000 0.015000
6 0.227500 0.415000 0.007500 0.015000
6 0.453750 0.197500 0.020000 0.010000
6 0.520000 0.163750 0.007500 0.017500
6 0.120000 0.323750 0.010000 0.017500
6 0.068750 0.282500 0.007500 0.017500
6 0.005000 0.267500 0.007500 0.017500
6 0.018750 0.205000 0.005000 0.010000
6 0.653750 0.616250 0.010000 0.010000
6 0.471250 0.381250 0.007500 0.015000
6 0.518750 0.420000 0.007500 0.015000
6 0.530000 0.418750 0.007500 0.017500
6 0.581250 0.377500 0.005000 0.012500
6 0.532500 0.162500 0.007500 0.017500
6 0.036250 0.263750 0.007500 0.012500
6 0.508750 0.418750 0.007500 0.015000
6 0.653750 0.182500 0.015000 0.007500
6 0.373750 0.001250 0.010000 0.015000
6 0.637500 0.257500 0.007500 0.012500
6 0.595000 0.376250 0.007500 0.015000
6 0.541250 0.161250 0.007500 0.017500
6 0.177500 0.118750 0.012500 0.015000
6 0.011250 0.017500 0.010000 0.020000
6 0.418750 0.420000 0.007500 0.017500
6 0.675000 0.331250 0.012500 0.005000
6 0.673750 0.323750 0.020000 0.005000
6 0.670000 0.258750 0.017500 0.007500
6 0.493750 0.196250 0.015000 0.007500
6 0.352500 0.417500 0.007500 0.015000
6 0.340000 0.417500 0.010000 0.015000
6 0.218750 0.415000 0.007500 0.017500
6 0.070000 0.266250 0.007500 0.015000
6 0.446250 0.382500 0.007500 0.012500
6 0.390000 0.381250 0.007500 0.012500
6 0.191250 0.323750 0.010000 0.017500
6 0.267500 0.306250 0.005000 0.017500
6 0.498750 0.162500 0.010000 0.017500
6 0.306250 0.417500 0.007500 0.015000
6 0.172500 0.416250 0.012500 0.012500
6 0.060000 0.285000 0.007500 0.012500
6 0.071250 0.010000 0.007500 0.020000
6 0.608750 0.416250 0.012500 0.015000
6 0.425000 0.381250 0.007500 0.012500
6 0.381250 0.382500 0.007500 0.015000
6 0.473750 0.417500 0.010000 0.012500
6 0.558750 0.380000 0.005000 0.012500
6 0.628750 0.408750 0.010000 0.015000
6 0.473750 0.196250 0.015000 0.007500
6 0.486250 0.161250 0.007500 0.017500
6 0.017500 0.283750 0.007500 0.012500
6 0.362500 0.413750 0.010000 0.017500
6 0.460000 0.382500 0.007500 0.012500
6 0.415000 0.381250 0.007500 0.015000
6 0.561250 0.416250 0.007500 0.015000
6 0.373750 0.196250 0.020000 0.010000
6 0.552500 0.160000 0.005000 0.017500
6 0.422500 0.162500 0.007500 0.015000
6 0.257500 0.380000 0.007500 0.017500
6 0.001250 0.223750 0.007500 0.012500
6 0.492500 0.380000 0.010000 0.015000
6 0.636250 0.348750 0.010000 0.015000
6 0.477500 0.163750 0.010000 0.015000
6 0.367500 0.160000 0.007500 0.015000
6 0.155000 0.665000 0.007500 0.015000
6 0.585000 0.420000 0.010000 0.017500
6 0.631250 0.231250 0.010000 0.012500
6 0.503750 0.381250 0.010000 0.017500
6 0.673750 0.341250 0.020000 0.007500
6 0.617500 0.231250 0.007500 0.015000
6 0.658750 0.192500 0.015000 0.010000
6 0.466250 0.161250 0.010000 0.015000
6 0.387500 0.263750 0.007500 0.012500
6 0.667500 0.221250 0.022500 0.007500
6 0.575000 0.160000 0.007500 0.015000
6 0.262500 0.413750 0.007500 0.015000
6 0.165000 0.340000 0.010000 0.020000
6 0.245000 0.303750 0.007500 0.017500
6 0.165000 0.310000 0.010000 0.020000
6 0.087500 0.345000 0.005000 0.015000
6 0.038750 0.285000 0.007500 0.012500
6 0.432500 0.161250 0.010000 0.017500
6 0.527500 0.381250 0.007500 0.015000
6 0.233750 0.302500 0.005000 0.007500
6 0.020000 0.225000 0.007500 0.012500
6 0.000000 0.017500 0.005000 0.015000
6 0.428750 0.420000 0.005000 0.017500
6 0.551250 0.418750 0.007500 0.015000
6 0.548750 0.381250 0.007500 0.015000
6 0.645000 0.173750 0.012500 0.010000
6 0.282500 0.378750 0.007500 0.015000
6 0.296250 0.416250 0.007500 0.017500
6 0.241250 0.415000 0.010000 0.020000
6 0.355000 0.307500 0.010000 0.012500
6 0.536250 0.381250 0.012500 0.017500
6 0.667500 0.212500 0.017500 0.005000
6 0.636250 0.167500 0.007500 0.012500
6 0.273750 0.416250 0.007500 0.015000
6 0.117500 0.391250 0.010000 0.015000
6 0.571250 0.380000 0.012500 0.020000
6 0.525000 0.855000 0.020000 0.017500
6 0.396250 0.418750 0.007500 0.017500
6 0.651250 0.395000 0.012500 0.012500
6 0.670000 0.241250 0.017500 0.007500
6 0.296250 0.377500 0.010000 0.012500
6 0.076250 0.325000 0.007500 0.012500
6 0.385000 0.417500 0.010000 0.017500
6 0.668750 0.232500 0.020000 0.007500
6 0.053750 0.327500 0.007500 0.015000
6 0.048750 0.017500 0.010000 0.017500
6 0.440000 0.420000 0.007500 0.015000
6 0.610000 0.160000 0.007500 0.017500
6 0.082500 0.263750 0.007500 0.015000
6 0.010000 0.225000 0.010000 0.015000
6 0.672500 0.287500 0.015000 0.007500
6 0.195000 0.416250 0.007500 0.020000
6 0.112500 0.346250 0.010000 0.015000
6 0.048750 0.265000 0.005000 0.012500
6 0.436250 0.382500 0.010000 0.015000
6 0.638750 0.303750 0.010000 0.012500
6 0.333750 0.160000 0.010000 0.012500
6 0.167500 0.391250 0.007500 0.015000
6 0.161250 0.250000 0.007500 0.015000
6 0.166250 0.166250 0.010000 0.017500
6 0.058750 0.013750 0.007500 0.020000
6 0.672500 0.296250 0.017500 0.005000
6 0.671250 0.268750 0.015000 0.005000
6 0.568750 0.195000 0.020000 0.007500
6 0.543750 0.195000 0.015000 0.010000
6 0.517500 0.196250 0.017500 0.007500
6 0.031250 0.223750 0.007500 0.012500
6 0.400000 0.000000 0.010000 0.015000
6 0.670000 0.248750 0.017500 0.005000
6 0.666250 0.203750 0.022500 0.005000
6 0.311250 0.160000 0.010000 0.012500
6 0.388750 0.307500 0.007500 0.012500
6 0.321250 0.008750 0.022500 0.007500
6 0.243750 0.378750 0.012500 0.015000
6 0.596250 0.418750 0.012500 0.017500
6 0.601250 0.203750 0.007500 0.015000
6 0.378750 0.161250 0.007500 0.017500
6 0.310000 0.377500 0.007500 0.017500
6 0.206250 0.413750 0.005000 0.020000
6 0.795000 0.950000 0.020000 0.030000
6 0.403750 0.382500 0.005000 0.017500
6 0.462500 0.418750 0.007500 0.015000
6 0.672500 0.277500 0.017500 0.005000
6 0.621250 0.165000 0.010000 0.015000
6 0.398750 0.158750 0.010000 0.015000
6 0.130000 0.391250 0.010000 0.017500
6 0.513750 0.380000 0.007500 0.015000
6 0.452500 0.420000 0.007500 0.015000
6 0.620000 0.415000 0.007500 0.015000
6 0.623750 0.356250 0.007500 0.017500
6 0.160000 0.267500 0.010000 0.020000
6 0.060000 0.267500 0.005000 0.017500
6 0.022500 0.016250 0.010000 0.022500
6 0.388750 0.160000 0.007500 0.015000
6 0.280000 0.305000 0.007500 0.015000
6 0.055000 0.345000 0.005000 0.012500
6 0.302500 0.305000 0.010000 0.017500
6 0.642500 0.402500 0.015000 0.015000
6 0.481250 0.380000 0.010000 0.017500
6 0.406250 0.418750 0.005000 0.015000
6 0.616250 0.203750 0.010000 0.015000
6 0.422500 0.195000 0.020000 0.010000
6 0.675000 0.353750 0.012500 0.005000
6 0.565000 0.160000 0.010000 0.012500
6 0.355000 0.160000 0.010000 0.015000
6 0.162500 0.288750 0.010000 0.015000
6 0.178750 0.138750 0.007500 0.017500
6 0.081250 0.281250 0.005000 0.012500
6 0.121250 0.342500 0.012500 0.020000
6 0.291250 0.305000 0.007500 0.017500
6 0.372500 0.266250 0.012500 0.022500
6 0.540000 0.416250 0.010000 0.015000
