6 0.283750 0.531250 0.012500 0.020000
6 0.242500 0.770000 0.012500 0.020000
6 0.276250 0.881250 0.010000 0.017500
6 0.208750 0.166250 0.007500 0.015000
6 0.213750 0.248750 0.007500 0.015000
6 0.256250 0.741250 0.007500 0.015000
6 0.211250 0.061250 0.007500 0.010000
6 0.237500 0.705000 0.007500 0.020000
6 0.230000 0.363750 0.005000 0.015000
6 0.223750 0.027500 0.007500 0.012500
6 0.223750 0.172500 0.007500 0.017500
6 0.263750 0.096250 0.007500 0.015000
6 0.270000 0.772500 0.007500 0.017500
6 0.277500 0.047500 0.012500 0.020000
