6 0.776250 0.040000 0.015000 0.015000
6 0.708750 0.046250 0.020000 0.015000
6 0.648750 0.178750 0.010000 0.010000
6 0.643750 0.185000 0.012500 0.012500
6 0.797500 0.012500 0.015000 0.012500
6 0.938750 0.960000 0.015000 0.010000
6 0.956250 0.955000 0.015000 0.010000
6 0.633750 0.192500 0.010000 0.007500
6 0.660000 0.170000 0.012500 0.012500
6 0.603750 0.241250 0.015000 0.005000
6 0.985000 0.915000 0.015000 0.015000
6 0.966250 0.918750 0.022500 0.010000
6 0.596250 0.212500 0.010000 0.010000
6 0.936250 0.927500 0.015000 0.007500
6 0.766250 0.935000 0.017500 0.012500
6 0.863750 0.937500 0.010000 0.017500
6 0.855000 0.940000 0.007500 0.017500
6 0.577500 0.220000 0.015000 0.007500
6 0.807500 0.937500 0.020000 0.005000
6 0.822500 0.013750 0.012500 0.015000
6 0.746250 0.088750 0.012500 0.007500
