6 0.541250 0.261250 0.027500 0.012500
6 0.646250 0.666250 0.015000 0.022500
6 0.927500 0.605000 0.012500 0.020000
6 0.518750 0.293750 0.020000 0.017500
6 0.265000 0.003750 0.007500 0.012500
6 0.225000 0.152500 0.012500 0.015000
6 0.603750 0.748750 0.017500 0.022500
6 0.702500 0.070000 0.022500 0.022500
6 0.363750 0.005000 0.037500 0.027500
6 0.345000 0.018750 0.027500 0.025000
6 0.540000 0.430000 0.030000 0.047500
6 0.256250 0.006250 0.010000 0.015000
6 0.285000 0.072500 0.010000 0.017500
6 0.343750 0.097500 0.015000 0.017500
6 0.361250 0.113750 0.017500 0.012500
6 0.345000 0.066250 0.012500 0.017500
6 0.335000 0.055000 0.010000 0.015000
6 0.245000 0.053750 0.010000 0.017500
6 0.237500 0.073750 0.010000 0.017500
6 0.235000 0.088750 0.012500 0.015000
6 0.231250 0.186250 0.012500 0.020000
6 0.156250 0.435000 0.012500 0.015000
6 0.457500 0.983750 0.020000 0.012500
6 0.322500 0.808750 0.010000 0.015000
6 0.026250 0.790000 0.015000 0.015000
6 0.003750 0.642500 0.012500 0.015000
6 0.027500 0.585000 0.012500 0.015000
6 0.037500 0.571250 0.012500 0.015000
6 0.017500 0.596250 0.015000 0.015000
6 0.086250 0.517500 0.012500 0.012500
6 0.098750 0.500000 0.015000 0.015000
6 0.121250 0.473750 0.015000 0.015000
6 0.108750 0.487500 0.012500 0.015000
6 0.177500 0.408750 0.012500 0.015000
6 0.166250 0.422500 0.007500 0.012500
6 0.246250 0.251250 0.010000 0.012500
6 0.230000 0.113750 0.010000 0.017500
6 0.365000 0.088750 0.020000 0.017500
6 0.480000 0.548750 0.015000 0.015000
6 0.488750 0.532500 0.015000 0.020000
6 0.463750 0.531250 0.007500 0.015000
6 0.456250 0.546250 0.010000 0.015000
6 0.440000 0.571250 0.012500 0.017500
6 0.413750 0.380000 0.017500 0.010000
6 0.861250 0.265000 0.015000 0.017500
6 0.855000 0.245000 0.017500 0.015000
6 0.880000 0.273750 0.015000 0.015000
6 0.833750 0.241250 0.010000 0.015000
6 0.641250 0.171250 0.012500 0.017500
6 0.660000 0.131250 0.012500 0.015000
6 0.795000 0.103750 0.015000 0.012500
6 0.407500 0.203750 0.015000 0.017500
6 0.387500 0.225000 0.015000 0.017500
6 0.047500 0.762500 0.015000 0.012500
6 0.075000 0.735000 0.012500 0.012500
6 0.061250 0.748750 0.012500 0.015000
6 0.132500 0.665000 0.012500 0.012500
6 0.121250 0.678750 0.012500 0.012500
6 0.195000 0.592500 0.015000 0.012500
6 0.220000 0.595000 0.015000 0.015000
6 0.208750 0.576250 0.010000 0.012500
6 0.226250 0.557500 0.020000 0.020000
6 0.240000 0.568750 0.012500 0.012500
6 0.298750 0.503750 0.015000 0.012500
6 0.257500 0.518750 0.012500 0.012500
6 0.820000 0.142500 0.012500 0.012500
6 0.780000 0.953750 0.010000 0.012500
6 0.757500 0.950000 0.005000 0.012500
6 0.926250 0.398750 0.015000 0.015000
6 0.925000 0.408750 0.015000 0.015000
6 0.926250 0.477500 0.012500 0.017500
6 0.906250 0.468750 0.012500 0.015000
6 0.451250 0.616250 0.017500 0.015000
6 0.977500 0.710000 0.012500 0.010000
6 0.973750 0.716250 0.015000 0.012500
6 0.970000 0.723750 0.012500 0.012500
6 0.613750 0.728750 0.010000 0.012500
6 0.503750 0.438750 0.007500 0.017500
6 0.565000 0.255000 0.017500 0.012500
6 0.572500 0.772500 0.015000 0.015000
6 0.398750 0.210000 0.007500 0.012500
6 0.348750 0.760000 0.010000 0.015000
6 0.382500 0.695000 0.017500 0.012500
6 0.678750 0.040000 0.010000 0.007500
6 0.546250 0.863750 0.020000 0.020000
6 0.653750 0.152500 0.015000 0.012500
6 0.417500 0.675000 0.002500 0.017500
6 0.575000 0.248750 0.012500 0.007500
6 0.720000 0.473750 0.010000 0.010000
6 0.518750 0.871250 0.015000 0.007500
6 0.622500 0.258750 0.010000 0.012500
6 0.007500 0.608750 0.007500 0.015000
6 0.626250 0.706250 0.012500 0.017500
6 0.610000 0.691250 0.007500 0.012500
6 0.340000 0.775000 0.010000 0.010000
6 0.090000 0.716250 0.010000 0.012500
6 0.316250 0.826250 0.010000 0.007500
6 0.936250 0.130000 0.017500 0.010000
6 0.690000 0.056250 0.010000 0.010000
6 0.306250 0.836250 0.005000 0.017500
6 0.391250 0.397500 0.010000 0.007500
6 0.310000 0.490000 0.010000 0.012500
6 0.561250 0.793750 0.015000 0.015000
6 0.395000 0.665000 0.012500 0.015000
6 0.170000 0.647500 0.012500 0.007500
6 0.808750 0.152500 0.015000 0.012500
6 0.590000 0.733750 0.007500 0.020000
6 0.237500 0.210000 0.010000 0.017500
6 0.512500 0.888750 0.020000 0.010000
6 0.476250 0.988750 0.015000 0.010000
6 0.467500 0.512500 0.010000 0.012500
6 0.752500 0.071250 0.012500 0.020000
6 0.047500 0.562500 0.012500 0.012500
6 0.672500 0.570000 0.022500 0.022500
6 0.828750 0.212500 0.015000 0.002500
6 0.136250 0.691250 0.005000 0.012500
6 0.772500 0.410000 0.010000 0.010000
6 0.412500 0.631250 0.017500 0.017500
6 0.096250 0.702500 0.007500 0.012500
6 0.650000 0.010000 0.010000 0.010000
6 0.290000 0.876250 0.010000 0.017500
6 0.596250 0.767500 0.010000 0.010000
6 0.375000 0.708750 0.010000 0.012500
6 0.815000 0.146250 0.020000 0.015000
6 0.723750 0.510000 0.012500 0.015000
6 0.933750 0.147500 0.020000 0.012500
6 0.761250 0.390000 0.010000 0.012500
6 0.440000 0.273750 0.010000 0.007500
6 0.786250 0.263750 0.012500 0.012500
6 0.777500 0.357500 0.007500 0.012500
6 0.332500 0.790000 0.015000 0.012500
6 0.556250 0.392500 0.012500 0.012500
6 0.875000 0.117500 0.015000 0.012500
6 0.602500 0.708750 0.010000 0.017500
6 0.581250 0.801250 0.010000 0.012500
6 0.355000 0.743750 0.017500 0.012500
6 0.072500 0.763750 0.012500 0.015000
6 0.856250 0.113750 0.017500 0.007500
6 0.972500 0.136250 0.017500 0.005000
6 0.641250 0.050000 0.015000 0.010000
6 0.071250 0.537500 0.012500 0.012500
6 0.800000 0.213750 0.015000 0.020000
6 0.795000 0.373750 0.005000 0.010000
6 0.540000 0.835000 0.015000 0.010000
6 0.970000 0.733750 0.015000 0.007500
6 0.297500 0.862500 0.010000 0.010000
