6 0.162500 0.782500 0.012500 0.012500
6 0.168750 0.761250 0.012500 0.010000
6 0.141250 0.850000 0.010000 0.010000
6 0.136250 0.857500 0.012500 0.010000
6 0.185000 0.747500 0.007500 0.012500
6 0.270000 0.746250 0.045000 0.020000
6 0.273750 0.730000 0.045000 0.022500
6 0.006250 0.412500 0.012500 0.012500
6 0.120000 0.851250 0.012500 0.015000
6 0.098750 0.355000 0.015000 0.010000
6 0.160000 0.297500 0.020000 0.010000
6 0.161250 0.291250 0.017500 0.010000
6 0.163750 0.282500 0.020000 0.010000
6 0.166250 0.275000 0.017500 0.010000
6 0.286250 0.425000 0.017500 0.010000
6 0.287500 0.416250 0.017500 0.012500
6 0.255000 0.413750 0.020000 0.012500
6 0.248750 0.426250 0.020000 0.012500
6 0.243750 0.436250 0.017500 0.015000
6 0.281250 0.441250 0.020000 0.010000
6 0.277500 0.451250 0.020000 0.012500
6 0.273750 0.457500 0.017500 0.010000
6 0.272500 0.466250 0.020000 0.012500
6 0.270000 0.475000 0.020000 0.010000
6 0.263750 0.482500 0.017500 0.010000
6 0.261250 0.497500 0.020000 0.010000
6 0.253750 0.521250 0.020000 0.010000
6 0.252500 0.530000 0.020000 0.010000
6 0.247500 0.538750 0.017500 0.012500
6 0.245000 0.545000 0.020000 0.010000
6 0.242500 0.553750 0.017500 0.010000
6 0.240000 0.561250 0.017500 0.010000
6 0.238750 0.570000 0.017500 0.012500
6 0.198750 0.577500 0.012500 0.015000
6 0.205000 0.421250 0.020000 0.012500
6 0.315000 0.580000 0.012500 0.017500
6 0.295000 0.388750 0.022500 0.012500
6 0.335000 0.271250 0.017500 0.010000
6 0.337500 0.261250 0.017500 0.010000
6 0.327500 0.292500 0.017500 0.007500
6 0.321250 0.310000 0.017500 0.010000
6 0.318750 0.317500 0.017500 0.007500
6 0.317500 0.325000 0.017500 0.005000
6 0.312500 0.350000 0.015000 0.007500
6 0.332500 0.366250 0.010000 0.017500
6 0.300000 0.382500 0.017500 0.010000
6 0.363750 0.386250 0.012500 0.017500
6 0.463750 0.141250 0.012500 0.025000
6 0.311250 0.092500 0.012500 0.017500
6 0.463750 0.083750 0.012500 0.020000
6 0.371250 0.225000 0.012500 0.015000
6 0.373750 0.248750 0.010000 0.017500
6 0.216250 0.523750 0.015000 0.010000
6 0.218750 0.515000 0.015000 0.007500
6 0.221250 0.507500 0.015000 0.007500
6 0.222500 0.500000 0.015000 0.007500
6 0.226250 0.492500 0.015000 0.007500
6 0.098750 0.842500 0.012500 0.015000
6 0.163750 0.822500 0.012500 0.012500
6 0.160000 0.831250 0.017500 0.015000
6 0.153750 0.837500 0.012500 0.015000
6 0.146250 0.843750 0.012500 0.015000
6 0.146250 0.825000 0.015000 0.015000
6 0.208750 0.805000 0.032500 0.032500
6 0.202500 0.758750 0.015000 0.015000
6 0.210000 0.762500 0.012500 0.012500
6 0.262500 0.763750 0.047500 0.025000
6 0.197500 0.731250 0.010000 0.020000
6 0.448750 0.591250 0.010000 0.015000
6 0.435000 0.605000 0.007500 0.015000
6 0.385000 0.586250 0.015000 0.007500
6 0.390000 0.576250 0.017500 0.010000
6 0.437500 0.550000 0.010000 0.017500
6 0.421250 0.546250 0.007500 0.017500
6 0.412500 0.541250 0.012500 0.020000
6 0.391250 0.567500 0.015000 0.007500
6 0.413750 0.581250 0.010000 0.017500
6 0.423750 0.583750 0.010000 0.017500
6 0.418750 0.600000 0.010000 0.017500
6 0.427500 0.603750 0.010000 0.015000
6 0.401250 0.628750 0.007500 0.015000
6 0.443750 0.678750 0.017500 0.010000
6 0.448750 0.685000 0.015000 0.010000
6 0.451250 0.693750 0.015000 0.010000
6 0.432500 0.752500 0.010000 0.015000
6 0.448750 0.752500 0.010000 0.017500
6 0.385000 0.747500 0.010000 0.017500
0 0.830000 0.605000 0.047500 0.027500
6 0.723750 0.817500 0.007500 0.012500
6 0.691250 0.808750 0.007500 0.017500
6 0.790000 0.837500 0.007500 0.012500
6 0.745000 0.786250 0.007500 0.015000
6 0.785000 0.798750 0.005000 0.012500
6 0.767500 0.793750 0.010000 0.017500
6 0.702500 0.756250 0.017500 0.007500
6 0.777500 0.737500 0.010000 0.017500
6 0.817500 0.751250 0.007500 0.017500
6 0.826250 0.752500 0.010000 0.015000
6 0.833750 0.755000 0.010000 0.017500
6 0.756250 0.828750 0.007500 0.012500
6 0.748750 0.825000 0.010000 0.012500
6 0.677500 0.868750 0.012500 0.030000
6 0.708750 0.897500 0.035000 0.015000
6 0.706250 0.911250 0.027500 0.015000
6 0.705000 0.922500 0.022500 0.012500
6 0.931250 0.827500 0.012500 0.022500
6 0.446250 0.142500 0.010000 0.015000
6 0.532500 0.723750 0.010000 0.012500
6 0.541250 0.722500 0.012500 0.017500
6 0.557500 0.715000 0.012500 0.017500
6 0.580000 0.703750 0.010000 0.017500
6 0.596250 0.696250 0.012500 0.015000
6 0.603750 0.695000 0.007500 0.015000
6 0.645000 0.702500 0.010000 0.015000
6 0.646250 0.716250 0.012500 0.007500
6 0.745000 0.731250 0.010000 0.015000
6 0.413750 0.748750 0.010000 0.017500
6 0.423750 0.748750 0.010000 0.017500
6 0.882500 0.832500 0.012500 0.020000
6 0.906250 0.842500 0.010000 0.017500
6 0.146250 0.121250 0.010000 0.017500
6 0.466250 0.993750 0.015000 0.012500
6 0.760000 0.792500 0.010000 0.015000
6 0.752500 0.787500 0.010000 0.015000
6 0.798750 0.802500 0.007500 0.015000
6 0.072500 0.432500 0.015000 0.010000
6 0.806250 0.841250 0.007500 0.012500
6 0.752500 0.732500 0.007500 0.015000
6 0.236250 0.933750 0.007500 0.012500
6 0.761250 0.733750 0.007500 0.012500
6 0.281250 0.328750 0.012500 0.010000
6 0.001250 0.062500 0.007500 0.015000
6 0.770000 0.736250 0.007500 0.017500
6 0.168750 0.951250 0.015000 0.010000
6 0.222500 0.238750 0.015000 0.010000
6 0.598750 0.980000 0.020000 0.010000
6 0.273750 0.080000 0.012500 0.017500
6 0.097500 0.346250 0.017500 0.012500
6 0.212500 0.261250 0.017500 0.012500
6 0.700000 0.880000 0.012500 0.020000
6 0.708750 0.812500 0.010000 0.012500
6 0.440000 0.090000 0.010000 0.020000
6 0.082500 0.400000 0.017500 0.010000
6 0.655000 0.862500 0.015000 0.025000
6 0.237500 0.963750 0.012500 0.017500
6 0.186250 0.343750 0.020000 0.012500
6 0.146250 0.825000 0.017500 0.017500
6 0.098750 0.885000 0.017500 0.020000
6 0.186250 0.211250 0.020000 0.010000
6 0.227500 0.215000 0.017500 0.012500
6 0.113750 0.301250 0.020000 0.012500
6 0.811250 0.753750 0.010000 0.010000
6 0.611250 0.943750 0.010000 0.010000
6 0.150000 0.905000 0.007500 0.015000
6 0.217500 0.245000 0.017500 0.010000
6 0.206250 0.916250 0.012500 0.020000
6 0.775000 0.795000 0.005000 0.012500
6 0.193750 0.325000 0.020000 0.012500
6 0.711250 0.730000 0.017500 0.007500
6 0.797500 0.785000 0.007500 0.015000
6 0.408750 0.597500 0.007500 0.012500
6 0.383750 0.593750 0.015000 0.010000
6 0.226250 0.222500 0.017500 0.010000
6 0.175000 0.243750 0.020000 0.010000
6 0.210000 0.277500 0.017500 0.012500
6 0.732500 0.821250 0.010000 0.010000
6 0.178750 0.941250 0.015000 0.007500
6 0.165000 0.927500 0.015000 0.010000
6 0.185000 0.218750 0.020000 0.010000
6 0.122500 0.270000 0.017500 0.010000
6 0.223750 0.230000 0.020000 0.010000
6 0.703750 0.750000 0.017500 0.007500
6 0.790000 0.800000 0.007500 0.017500
6 0.146250 0.988750 0.010000 0.015000
6 0.075000 0.416250 0.017500 0.010000
6 0.130000 0.246250 0.017500 0.010000
6 0.787500 0.742500 0.007500 0.012500
6 0.225000 0.940000 0.015000 0.012500
6 0.215000 0.767500 0.010000 0.010000
6 0.076250 0.407500 0.015000 0.010000
6 0.522500 0.713750 0.012500 0.010000
6 0.203750 0.292500 0.017500 0.010000
6 0.092500 0.880000 0.017500 0.017500
6 0.441250 0.753750 0.007500 0.007500
6 0.737500 0.783750 0.005000 0.012500
6 0.682500 0.807500 0.012500 0.017500
6 0.393750 0.561250 0.017500 0.010000
6 0.086250 0.391250 0.010000 0.010000
6 0.200000 0.300000 0.017500 0.012500
6 0.177500 0.236250 0.020000 0.010000
6 0.133750 0.796250 0.017500 0.015000
6 0.518750 0.706250 0.017500 0.010000
6 0.163750 0.945000 0.012500 0.007500
6 0.428750 0.073750 0.012500 0.017500
6 0.212500 0.270000 0.017500 0.010000
6 0.105000 0.902500 0.015000 0.017500
6 0.801250 0.748750 0.007500 0.012500
6 0.147500 0.337500 0.020000 0.010000
6 0.115000 0.816250 0.015000 0.017500
6 0.122500 0.808750 0.017500 0.017500
6 0.127500 0.802500 0.017500 0.017500
6 0.175000 0.792500 0.012500 0.015000
6 0.432500 0.585000 0.010000 0.015000
6 0.195000 0.987500 0.015000 0.007500
6 0.170000 0.932500 0.012500 0.007500
6 0.261250 0.078750 0.007500 0.015000
6 0.117500 0.285000 0.020000 0.012500
6 0.155000 0.307500 0.017500 0.010000
6 0.215000 0.253750 0.017500 0.015000
6 0.403750 0.750000 0.010000 0.015000
6 0.233750 0.955000 0.007500 0.012500
6 0.146250 0.783750 0.017500 0.015000
6 0.791250 0.781250 0.005000 0.015000
6 0.645000 0.726250 0.015000 0.005000
6 0.697500 0.775000 0.015000 0.010000
6 0.797500 0.838750 0.005000 0.012500
6 0.311250 0.343750 0.017500 0.010000
6 0.123750 0.262500 0.015000 0.010000
6 0.172500 0.958750 0.020000 0.010000
6 0.248750 0.927500 0.012500 0.007500
6 0.307500 0.367500 0.025000 0.015000
6 0.073750 0.425000 0.017500 0.012500
6 0.200000 0.911250 0.012500 0.017500
6 0.767500 0.776250 0.007500 0.012500
6 0.418750 0.635000 0.007500 0.010000
6 0.130000 0.525000 0.015000 0.012500
6 0.393750 0.627500 0.005000 0.012500
6 0.132500 0.516250 0.017500 0.010000
6 0.108750 0.316250 0.020000 0.012500
6 0.101250 0.331250 0.017500 0.012500
6 0.133750 0.837500 0.015000 0.017500
6 0.086250 0.873750 0.015000 0.015000
6 0.073750 0.546250 0.007500 0.010000
6 0.212500 0.898750 0.015000 0.020000
6 0.182500 0.363750 0.017500 0.010000
6 0.188750 0.801250 0.015000 0.017500
6 0.157500 0.051250 0.012500 0.027500
6 0.782500 0.836250 0.007500 0.007500
6 0.445000 0.610000 0.007500 0.015000
6 0.186250 0.897500 0.012500 0.017500
6 0.207500 0.286250 0.017500 0.010000
6 0.163750 0.167500 0.017500 0.012500
6 0.102500 0.896250 0.017500 0.017500
6 0.092500 0.046250 0.012500 0.007500
6 0.193750 0.901250 0.012500 0.017500
6 0.178750 0.372500 0.017500 0.010000
6 0.685000 0.875000 0.012500 0.022500
6 0.618750 0.927500 0.015000 0.005000
6 0.185000 0.973750 0.022500 0.010000
6 0.735000 0.767500 0.007500 0.012500
6 0.442500 0.668750 0.012500 0.010000
6 0.426250 0.131250 0.017500 0.032500
6 0.196250 0.962500 0.015000 0.007500
6 0.196250 0.308750 0.017500 0.010000
6 0.765000 0.833750 0.005000 0.012500
6 0.206250 0.978750 0.017500 0.007500
6 0.716250 0.818750 0.005000 0.010000
6 0.375000 0.747500 0.007500 0.017500
6 0.195000 0.316250 0.020000 0.010000
6 0.182500 0.795000 0.015000 0.015000
6 0.211250 0.923750 0.010000 0.015000
6 0.698750 0.763750 0.012500 0.007500
6 0.750000 0.768750 0.007500 0.015000
6 0.427500 0.550000 0.007500 0.012500
6 0.455000 0.701250 0.010000 0.007500
6 0.137500 0.500000 0.020000 0.012500
6 0.572500 0.707500 0.012500 0.017500
6 0.590000 0.700000 0.012500 0.012500
6 0.412500 0.632500 0.010000 0.010000
6 0.460000 0.560000 0.007500 0.012500
6 0.376250 0.603750 0.012500 0.005000
6 0.393750 0.750000 0.007500 0.015000
