6 0.368750 0.037500 0.015000 0.010000
6 0.428750 0.075000 0.017500 0.007500
6 0.558750 0.427500 0.010000 0.012500
6 0.581250 0.391250 0.010000 0.007500
6 0.615000 0.297500 0.010000 0.007500
6 0.826250 0.931250 0.017500 0.007500
6 0.417500 0.642500 0.020000 0.020000
6 0.468750 0.998750 0.010000 0.012500
6 0.212500 0.915000 0.012500 0.012500
6 0.353750 0.943750 0.007500 0.012500
6 0.495000 0.957500 0.015000 0.007500
6 0.472500 0.991250 0.010000 0.007500
6 0.741250 0.732500 0.012500 0.010000
6 0.327500 0.096250 0.010000 0.015000
6 0.382500 0.617500 0.030000 0.032500
6 0.568750 0.411250 0.020000 0.017500
6 0.683750 0.223750 0.012500 0.015000
6 0.772500 0.886250 0.017500 0.015000
6 0.321250 0.580000 0.017500 0.015000
6 0.293750 0.135000 0.015000 0.015000
6 0.273750 0.468750 0.017500 0.012500
6 0.825000 0.517500 0.010000 0.015000
6 0.748750 0.863750 0.017500 0.015000
6 0.581250 0.838750 0.017500 0.012500
6 0.706250 0.238750 0.015000 0.015000
6 0.328750 0.593750 0.015000 0.012500
6 0.613750 0.297500 0.012500 0.007500
6 0.413750 0.930000 0.012500 0.010000
6 0.308750 0.566250 0.017500 0.015000
6 0.555000 0.751250 0.022500 0.022500
6 0.650000 0.957500 0.017500 0.012500
6 0.635000 0.977500 0.015000 0.012500
6 0.717500 0.897500 0.020000 0.017500
6 0.762500 0.765000 0.007500 0.017500
6 0.881250 0.837500 0.012500 0.012500
6 0.400000 0.951250 0.012500 0.012500
6 0.971250 0.931250 0.020000 0.010000
6 0.371250 0.647500 0.015000 0.017500
6 0.567500 0.302500 0.010000 0.007500
6 0.877500 0.441250 0.015000 0.015000
6 0.490000 0.976250 0.015000 0.010000
6 0.336250 0.612500 0.012500 0.007500
6 0.612500 0.305000 0.010000 0.015000
6 0.865000 0.652500 0.015000 0.007500
6 0.402500 0.941250 0.017500 0.017500
6 0.367500 0.638750 0.015000 0.015000
6 0.423750 0.912500 0.020000 0.015000
6 0.572500 0.291250 0.012500 0.007500
6 0.347500 0.618750 0.020000 0.015000
6 0.746250 0.622500 0.007500 0.020000
6 0.442500 0.943750 0.012500 0.012500
6 0.983750 0.795000 0.012500 0.007500
6 0.318750 0.480000 0.015000 0.017500
6 0.866250 0.456250 0.012500 0.010000
6 0.361250 0.952500 0.007500 0.010000
6 0.926250 0.963750 0.020000 0.015000
6 0.631250 0.983750 0.015000 0.010000
6 0.558750 0.317500 0.015000 0.007500
6 0.355000 0.626250 0.017500 0.017500
6 0.645000 0.963750 0.017500 0.012500
6 0.826250 0.473750 0.022500 0.035000
6 0.575000 0.833750 0.015000 0.017500
6 0.328750 0.053750 0.010000 0.015000
6 0.886250 0.426250 0.017500 0.012500
6 0.773750 0.216250 0.007500 0.005000
6 0.746250 0.841250 0.015000 0.005000
6 0.377500 0.652500 0.015000 0.015000
6 0.916250 0.295000 0.010000 0.012500
6 0.627500 0.991250 0.015000 0.012500
6 0.662500 0.993750 0.017500 0.012500
6 0.881250 0.383750 0.015000 0.017500
6 0.778750 0.638750 0.017500 0.012500
6 0.440000 0.951250 0.015000 0.010000
6 0.345000 0.941250 0.007500 0.010000
6 0.632500 0.308750 0.015000 0.017500
6 0.392500 0.665000 0.015000 0.015000
6 0.531250 0.468750 0.012500 0.015000
6 0.737500 0.795000 0.015000 0.012500
6 0.772500 0.602500 0.010000 0.010000
6 0.622500 0.998750 0.015000 0.012500
6 0.423750 0.088750 0.010000 0.010000
6 0.416250 0.108750 0.015000 0.010000
6 0.385000 0.968750 0.010000 0.015000
6 0.361250 0.633750 0.015000 0.017500
6 0.805000 0.621250 0.002500 0.017500
6 0.758750 0.820000 0.015000 0.015000
