6 0.322500 0.672500 0.020000 0.010000
6 0.867500 0.717500 0.010000 0.012500
6 0.726250 0.660000 0.022500 0.015000
6 0.571250 0.455000 0.010000 0.012500
6 0.911250 0.887500 0.012500 0.007500
6 0.255000 0.143750 0.010000 0.015000
6 0.283750 0.070000 0.010000 0.015000
6 0.195000 0.077500 0.010000 0.017500
6 0.365000 0.448750 0.010000 0.017500
6 0.911250 0.880000 0.012500 0.007500
6 0.288750 0.008750 0.010000 0.020000
6 0.201250 0.058750 0.010000 0.012500
6 0.202500 0.047500 0.007500 0.007500
6 0.178750 0.130000 0.010000 0.012500
6 0.191250 0.170000 0.010000 0.020000
6 0.727500 0.585000 0.020000 0.017500
6 0.616250 0.470000 0.010000 0.005000
6 0.707500 0.393750 0.017500 0.020000
6 0.716250 0.397500 0.015000 0.017500
6 0.861250 0.153750 0.012500 0.007500
6 0.358750 0.438750 0.007500 0.012500
6 0.190000 0.090000 0.010000 0.010000
6 0.578750 0.485000 0.015000 0.012500
6 0.443750 0.398750 0.012500 0.015000
6 0.342500 0.451250 0.015000 0.012500
6 0.288750 0.890000 0.010000 0.012500
6 0.938750 0.640000 0.012500 0.015000
6 0.102500 0.422500 0.015000 0.020000
6 0.578750 0.462500 0.020000 0.020000
6 0.256250 0.166250 0.010000 0.017500
6 0.312500 0.812500 0.017500 0.012500
6 0.228750 0.187500 0.012500 0.022500
6 0.372500 0.663750 0.017500 0.032500
6 0.423750 0.772500 0.007500 0.020000
6 0.318750 0.796250 0.020000 0.012500
6 0.370000 0.580000 0.010000 0.022500
6 0.296250 0.035000 0.015000 0.017500
6 0.316250 0.805000 0.020000 0.010000
6 0.843750 0.222500 0.010000 0.017500
6 0.168750 0.172500 0.012500 0.010000
6 0.266250 0.098750 0.012500 0.017500
6 0.386250 0.583750 0.010000 0.017500
6 0.605000 0.928750 0.010000 0.020000
6 0.356250 0.660000 0.015000 0.020000
6 0.951250 0.940000 0.007500 0.020000
6 0.871250 0.140000 0.007500 0.020000
6 0.743750 0.597500 0.017500 0.015000
6 0.573750 0.456250 0.005000 0.012500
6 0.652500 0.525000 0.015000 0.017500
6 0.987500 0.850000 0.017500 0.015000
6 0.232500 0.986250 0.015000 0.007500
6 0.416250 0.527500 0.007500 0.012500
6 0.752500 0.370000 0.017500 0.017500
6 0.243750 0.171250 0.005000 0.020000
6 0.238750 0.195000 0.010000 0.020000
6 0.585000 0.908750 0.007500 0.015000
6 0.768750 0.612500 0.017500 0.012500
6 0.175000 0.140000 0.010000 0.012500
6 0.095000 0.416250 0.012500 0.017500
6 0.808750 0.037500 0.022500 0.045000
6 0.727500 0.327500 0.007500 0.017500
6 0.350000 0.428750 0.010000 0.010000
6 0.385000 0.763750 0.007500 0.017500
6 0.610000 0.816250 0.010000 0.020000
6 0.301250 0.651250 0.010000 0.015000
6 0.657500 0.445000 0.010000 0.007500
6 0.740000 0.296250 0.012500 0.017500
6 0.400000 0.767500 0.010000 0.012500
6 0.927500 0.882500 0.015000 0.015000
6 0.695000 0.558750 0.017500 0.010000
6 0.551250 0.450000 0.012500 0.012500
6 0.186250 0.108750 0.010000 0.015000
6 0.203750 0.148750 0.022500 0.012500
6 0.620000 0.877500 0.012500 0.020000
6 0.901250 0.136250 0.010000 0.010000
6 0.038750 0.401250 0.012500 0.020000
6 0.320000 0.788750 0.017500 0.012500
6 0.377500 0.580000 0.010000 0.020000
6 0.071250 0.410000 0.012500 0.017500
6 0.646250 0.688750 0.012500 0.020000
6 0.411250 0.736250 0.007500 0.020000
6 0.958750 0.000000 0.020000 0.020000
6 0.087500 0.413750 0.015000 0.020000
6 0.432500 0.741250 0.007500 0.017500
6 0.338750 0.770000 0.015000 0.012500
6 0.035000 0.135000 0.012500 0.017500
6 0.318750 0.583750 0.010000 0.022500
6 0.326250 0.517500 0.007500 0.015000
6 0.908750 0.896250 0.015000 0.005000
6 0.708750 0.936250 0.017500 0.015000
6 0.627500 0.770000 0.010000 0.015000
6 0.711250 0.570000 0.017500 0.015000
6 0.607500 0.832500 0.010000 0.017500
6 0.920000 0.912500 0.020000 0.005000
6 0.682500 0.480000 0.017500 0.005000
6 0.568750 0.576250 0.017500 0.015000
6 0.931250 0.927500 0.010000 0.010000
6 0.825000 0.656250 0.022500 0.010000
6 0.161250 0.191250 0.015000 0.022500
6 0.098750 0.610000 0.025000 0.017500
6 0.047500 0.401250 0.012500 0.017500
6 0.061250 0.406250 0.012500 0.017500
6 0.863750 0.188750 0.012500 0.015000
6 0.668750 0.492500 0.012500 0.007500
6 0.306250 0.838750 0.017500 0.012500
