6 0.598750 0.135000 0.017500 0.020000
6 0.977500 0.205000 0.032500 0.012500
6 0.968750 0.060000 0.022500 0.007500
6 0.657500 0.830000 0.010000 0.020000
6 0.897500 0.395000 0.012500 0.022500
6 0.618750 0.681250 0.010000 0.015000
6 0.523750 0.876250 0.022500 0.010000
6 0.737500 0.398750 0.020000 0.015000
6 0.803750 0.183750 0.007500 0.012500
6 0.913750 0.667500 0.010000 0.020000
6 0.372500 0.152500 0.007500 0.015000
6 0.818750 0.247500 0.012500 0.017500
6 0.903750 0.515000 0.010000 0.017500
6 0.853750 0.822500 0.010000 0.015000
6 0.857500 0.223750 0.017500 0.007500
6 0.983750 0.247500 0.020000 0.010000
6 0.967500 0.092500 0.022500 0.007500
6 0.745000 0.827500 0.010000 0.020000
6 0.818750 0.831250 0.010000 0.015000
6 0.595000 0.503750 0.007500 0.015000
6 0.030000 0.027500 0.020000 0.007500
6 0.603750 0.625000 0.012500 0.020000
6 0.698750 0.418750 0.025000 0.012500
6 0.976250 0.223750 0.037500 0.017500
6 0.356250 0.150000 0.015000 0.007500
6 0.720000 0.831250 0.010000 0.017500
6 0.987500 0.337500 0.025000 0.010000
6 0.916250 0.725000 0.010000 0.017500
6 0.761250 0.830000 0.005000 0.012500
6 0.335000 0.221250 0.015000 0.010000
6 0.011250 0.946250 0.010000 0.017500
6 0.942500 0.446250 0.012500 0.030000
6 0.977500 0.191250 0.035000 0.010000
6 0.347500 0.118750 0.010000 0.017500
6 0.788750 0.287500 0.007500 0.012500
6 0.795000 0.245000 0.007500 0.017500
6 0.778750 0.310000 0.015000 0.022500
6 0.921250 0.475000 0.012500 0.020000
6 0.072500 0.850000 0.027500 0.012500
6 0.388750 0.156250 0.007500 0.015000
6 0.032500 0.018750 0.017500 0.010000
6 0.768750 0.351250 0.012500 0.017500
6 0.870000 0.332500 0.025000 0.005000
6 0.766250 0.288750 0.010000 0.012500
6 0.980000 0.381250 0.040000 0.020000
6 0.561250 0.875000 0.035000 0.010000
6 0.817500 0.226250 0.010000 0.017500
6 0.775000 0.248750 0.007500 0.017500
6 0.896250 0.363750 0.015000 0.027500
6 0.211250 0.085000 0.010000 0.012500
6 0.032500 0.001250 0.025000 0.010000
6 0.867500 0.323750 0.022500 0.007500
6 0.741250 0.247500 0.007500 0.015000
6 0.778750 0.125000 0.007500 0.015000
6 0.717500 0.187500 0.010000 0.020000
6 0.732500 0.287500 0.012500 0.020000
6 0.688750 0.507500 0.022500 0.010000
6 0.913750 0.691250 0.010000 0.015000
6 0.228750 0.155000 0.012500 0.017500
6 0.031250 0.042500 0.020000 0.010000
6 0.718750 0.360000 0.010000 0.017500
6 0.371250 0.136250 0.007500 0.012500
6 0.808750 0.287500 0.012500 0.020000
6 0.982500 0.370000 0.042500 0.012500
6 0.830000 0.828750 0.012500 0.012500
6 0.955000 0.448750 0.007500 0.020000
6 0.866250 0.313750 0.015000 0.007500
6 0.715000 0.168750 0.007500 0.017500
6 0.768750 0.366250 0.012500 0.015000
6 0.975000 0.296250 0.020000 0.007500
6 0.371250 0.843750 0.025000 0.010000
6 0.868750 0.340000 0.020000 0.007500
6 0.155000 0.281250 0.010000 0.017500
6 0.702500 0.315000 0.012500 0.015000
6 0.973750 0.142500 0.027500 0.010000
6 0.317500 0.281250 0.007500 0.012500
6 0.795000 0.223750 0.010000 0.020000
6 0.967500 0.068750 0.020000 0.010000
6 0.362500 0.230000 0.020000 0.005000
6 0.396250 0.226250 0.012500 0.015000
6 0.237500 0.081250 0.012500 0.017500
6 0.745000 0.356250 0.010000 0.015000
6 0.683750 0.190000 0.010000 0.017500
6 0.733750 0.832500 0.012500 0.020000
6 0.980000 0.348750 0.032500 0.010000
6 0.877500 0.011250 0.012500 0.030000
6 0.378750 0.133750 0.007500 0.012500
6 0.788750 0.307500 0.012500 0.020000
6 0.741250 0.227500 0.010000 0.017500
6 0.348750 0.266250 0.017500 0.007500
6 0.820000 0.286250 0.010000 0.015000
6 0.690000 0.315000 0.010000 0.017500
6 0.868750 0.351250 0.017500 0.007500
6 0.361250 0.280000 0.010000 0.015000
6 0.777500 0.290000 0.007500 0.017500
6 0.810000 0.308750 0.007500 0.015000
6 0.763750 0.247500 0.010000 0.015000
6 0.715000 0.313750 0.012500 0.015000
6 0.733750 0.312500 0.010000 0.015000
6 0.883750 0.455000 0.010000 0.017500
6 0.962500 0.051250 0.025000 0.007500
6 0.918750 0.766250 0.007500 0.017500
6 0.903750 0.493750 0.007500 0.017500
6 0.807500 0.246250 0.007500 0.015000
6 0.780000 0.350000 0.010000 0.017500
6 0.358750 0.177500 0.020000 0.010000
6 0.720000 0.251250 0.010000 0.017500
6 0.678750 0.476250 0.017500 0.010000
6 0.950000 0.241250 0.007500 0.015000
6 0.601250 0.256250 0.007500 0.020000
6 0.613750 0.562500 0.007500 0.015000
6 0.865000 0.305000 0.020000 0.005000
6 0.752500 0.230000 0.010000 0.017500
6 0.591250 0.326250 0.010000 0.015000
6 0.338750 0.281250 0.005000 0.015000
6 0.263750 0.081250 0.015000 0.012500
6 0.295000 0.281250 0.007500 0.012500
6 0.695000 0.191250 0.010000 0.015000
6 0.790000 0.351250 0.010000 0.015000
6 0.753750 0.830000 0.007500 0.017500
6 0.863750 0.241250 0.017500 0.010000
6 0.110000 0.010000 0.015000 0.005000
6 0.032500 0.061250 0.020000 0.007500
6 0.772500 0.228750 0.007500 0.017500
6 0.743750 0.311250 0.007500 0.017500
6 0.895000 0.301250 0.010000 0.015000
6 0.912500 0.646250 0.010000 0.015000
6 0.776250 0.830000 0.010000 0.015000
6 0.843750 0.827500 0.010000 0.015000
6 0.335000 0.211250 0.020000 0.010000
6 0.305000 0.080000 0.007500 0.012500
6 0.353750 0.141250 0.022500 0.010000
6 0.721250 0.447500 0.012500 0.015000
6 0.351250 0.280000 0.012500 0.012500
6 0.032500 0.052500 0.020000 0.007500
6 0.753750 0.246250 0.010000 0.015000
6 0.327500 0.281250 0.007500 0.012500
6 0.981250 0.177500 0.042500 0.012500
6 0.307500 0.846250 0.020000 0.012500
6 0.331250 0.267500 0.015000 0.007500
6 0.966250 0.078750 0.037500 0.012500
6 0.287500 0.267500 0.017500 0.007500
6 0.965000 0.100000 0.022500 0.010000
6 0.768750 0.826250 0.010000 0.012500
6 0.351250 0.133750 0.015000 0.007500
6 0.871250 0.387500 0.017500 0.020000
6 0.897500 0.333750 0.010000 0.020000
6 0.308750 0.267500 0.020000 0.007500
6 0.707500 0.358750 0.010000 0.012500
6 0.981250 0.305000 0.025000 0.012500
6 0.223750 0.080000 0.010000 0.010000
6 0.948750 0.363750 0.015000 0.020000
6 0.166250 0.278750 0.010000 0.012500
6 0.730000 0.251250 0.010000 0.015000
6 0.723750 0.310000 0.007500 0.012500
6 0.756250 0.311250 0.012500 0.017500
6 0.821250 0.307500 0.010000 0.020000
6 0.756250 0.365000 0.012500 0.017500
6 0.822500 0.442500 0.017500 0.012500
6 0.908750 0.588750 0.020000 0.040000
6 0.033750 0.070000 0.025000 0.007500
6 0.732500 0.356250 0.010000 0.012500
6 0.816250 0.183750 0.007500 0.015000
6 0.797500 0.827500 0.010000 0.020000
6 0.863750 0.232500 0.017500 0.005000
6 0.766250 0.310000 0.005000 0.015000
6 0.285000 0.282500 0.007500 0.015000
6 0.358750 0.185000 0.020000 0.007500
6 0.982500 0.166250 0.030000 0.010000
6 0.175000 0.848750 0.027500 0.015000
6 0.216250 0.847500 0.020000 0.010000
6 0.655000 0.876250 0.005000 0.015000
6 0.866250 0.297500 0.017500 0.007500
6 0.306250 0.281250 0.005000 0.012500
6 0.823750 0.351250 0.010000 0.015000
6 0.357500 0.166250 0.020000 0.007500
6 0.772500 0.187500 0.007500 0.010000
6 0.710000 0.252500 0.010000 0.017500
6 0.985000 0.237500 0.022500 0.010000
6 0.786250 0.830000 0.010000 0.012500
6 0.600000 0.563750 0.012500 0.017500
