6 0.770000 0.056250 0.010000 0.020000
6 0.781250 0.057500 0.010000 0.020000
6 0.770000 0.081250 0.010000 0.017500
6 0.798750 0.055000 0.012500 0.017500
6 0.841250 0.005000 0.017500 0.007500
6 0.048750 0.936250 0.010000 0.017500
6 0.060000 0.741250 0.010000 0.015000
6 0.196250 0.675000 0.010000 0.015000
6 0.185000 0.655000 0.012500 0.017500
6 0.173750 0.656250 0.010000 0.017500
6 0.175000 0.676250 0.012500 0.020000
6 0.095000 0.848750 0.010000 0.020000
6 0.550000 0.253750 0.010000 0.017500
6 0.110000 0.933750 0.010000 0.015000
6 0.038750 0.213750 0.017500 0.010000
6 0.708750 0.311250 0.010000 0.015000
6 0.403750 0.993750 0.020000 0.007500
6 0.101250 0.727500 0.007500 0.017500
6 0.155000 0.722500 0.010000 0.017500
6 0.203750 0.785000 0.007500 0.015000
6 0.077500 0.867500 0.007500 0.017500
6 0.136250 0.978750 0.012500 0.022500
6 0.213750 0.980000 0.012500 0.017500
6 0.246250 0.690000 0.017500 0.007500
6 0.272500 0.716250 0.025000 0.007500
6 0.257500 0.860000 0.020000 0.007500
6 0.282500 0.968750 0.020000 0.007500
6 0.393750 0.811250 0.020000 0.005000
6 0.168750 0.783750 0.010000 0.017500
6 0.916250 0.055000 0.017500 0.012500
6 0.636250 0.131250 0.020000 0.010000
6 0.981250 0.356250 0.012500 0.015000
6 0.097500 0.660000 0.005000 0.012500
6 0.147500 0.805000 0.007500 0.017500
6 0.087500 0.850000 0.007500 0.015000
6 0.220000 0.871250 0.010000 0.022500
6 0.186250 0.913750 0.010000 0.017500
6 0.051250 0.983750 0.010000 0.022500
6 0.246250 0.708750 0.025000 0.007500
6 0.277500 0.858750 0.022500 0.007500
6 0.408750 0.738750 0.017500 0.005000
6 0.393750 0.795000 0.020000 0.007500
6 0.396250 0.857500 0.012500 0.007500
6 0.023750 0.108750 0.022500 0.012500
6 0.211250 0.721250 0.012500 0.017500
6 0.636250 0.448750 0.020000 0.012500
6 0.652500 0.318750 0.010000 0.017500
6 0.531250 0.073750 0.010000 0.020000
6 0.691250 0.036250 0.017500 0.007500
6 0.690000 0.026250 0.020000 0.010000
6 0.820000 0.392500 0.010000 0.015000
6 0.281250 0.903750 0.020000 0.010000
6 0.402500 0.967500 0.020000 0.010000
6 0.426250 0.992500 0.015000 0.007500
6 0.455000 0.923750 0.007500 0.012500
6 0.112500 0.680000 0.010000 0.020000
6 0.153750 0.677500 0.012500 0.017500
6 0.151250 0.657500 0.007500 0.015000
6 0.026250 0.723750 0.012500 0.017500
6 0.073750 0.806250 0.010000 0.015000
6 0.127500 0.786250 0.005000 0.015000
6 0.001250 0.851250 0.007500 0.015000
6 0.043750 0.848750 0.007500 0.015000
6 0.218750 0.848750 0.010000 0.015000
6 0.147500 0.983750 0.007500 0.022500
6 0.247500 0.732500 0.022500 0.007500
6 0.326250 0.813750 0.025000 0.010000
6 0.403750 0.666250 0.017500 0.005000
6 0.588750 0.466250 0.017500 0.007500
6 0.598750 0.273750 0.007500 0.020000
6 0.423750 0.966250 0.017500 0.007500
6 0.128750 0.677500 0.012500 0.017500
6 0.026250 0.740000 0.010000 0.015000
6 0.123750 0.740000 0.012500 0.010000
6 0.022500 0.851250 0.007500 0.012500
6 0.208750 0.866250 0.007500 0.017500
6 0.257500 0.868750 0.022500 0.007500
6 0.330000 0.947500 0.017500 0.007500
6 0.317500 0.688750 0.022500 0.010000
6 0.337500 0.668750 0.020000 0.010000
6 0.412500 0.731250 0.017500 0.007500
6 0.130000 0.657500 0.012500 0.020000
6 0.386250 0.685000 0.025000 0.015000
6 0.357500 0.121250 0.022500 0.012500
6 0.590000 0.426250 0.022500 0.010000
6 0.621250 0.376250 0.007500 0.015000
6 0.617500 0.278750 0.007500 0.020000
6 0.401250 0.957500 0.020000 0.007500
6 0.005000 0.726250 0.007500 0.015000
6 0.198750 0.723750 0.010000 0.012500
6 0.170000 0.742500 0.010000 0.015000
6 0.158750 0.803750 0.005000 0.015000
6 0.093750 0.790000 0.010000 0.017500
6 0.101250 0.933750 0.007500 0.012500
6 0.271250 0.752500 0.022500 0.010000
6 0.407500 0.685000 0.020000 0.007500
6 0.386250 0.722500 0.022500 0.010000
6 0.755000 0.390000 0.022500 0.007500
6 0.535000 0.143750 0.017500 0.025000
6 0.022500 0.661250 0.007500 0.015000
6 0.141250 0.677500 0.007500 0.015000
6 0.165000 0.676250 0.007500 0.015000
6 0.196250 0.866250 0.012500 0.020000
6 0.221250 0.917500 0.007500 0.012500
6 0.272500 0.726250 0.025000 0.007500
6 0.268750 0.742500 0.017500 0.007500
6 0.252500 0.815000 0.022500 0.007500
6 0.273750 0.876250 0.020000 0.007500
6 0.350000 0.866250 0.020000 0.007500
6 0.340000 0.731250 0.022500 0.007500
6 0.338750 0.686250 0.015000 0.007500
6 0.315000 0.660000 0.017500 0.007500
6 0.332500 0.651250 0.020000 0.007500
6 0.751250 0.263750 0.020000 0.005000
6 0.945000 0.101250 0.007500 0.017500
6 0.691250 0.047500 0.025000 0.005000
6 0.402500 0.931250 0.015000 0.007500
6 0.403750 0.985000 0.017500 0.007500
6 0.452500 0.906250 0.007500 0.017500
6 0.190000 0.723750 0.010000 0.015000
6 0.157500 0.742500 0.010000 0.015000
6 0.116250 0.803750 0.010000 0.015000
6 0.192500 0.783750 0.012500 0.012500
6 0.161250 0.847500 0.007500 0.020000
6 0.247500 0.760000 0.020000 0.007500
6 0.263750 0.986250 0.022500 0.010000
6 0.350000 0.903750 0.017500 0.007500
6 0.340000 0.750000 0.017500 0.010000
6 0.341250 0.696250 0.020000 0.007500
6 0.391250 0.785000 0.022500 0.007500
6 0.712500 0.393750 0.007500 0.017500
6 0.592500 0.412500 0.017500 0.007500
6 0.677500 0.376250 0.010000 0.015000
6 0.635000 0.377500 0.007500 0.015000
6 0.531250 0.025000 0.015000 0.017500
6 0.688750 0.006250 0.020000 0.005000
6 0.695000 0.280000 0.012500 0.017500
6 0.285000 0.996250 0.015000 0.007500
6 0.201250 0.742500 0.007500 0.017500
6 0.012500 0.851250 0.010000 0.015000
6 0.165000 0.913750 0.007500 0.017500
6 0.166250 0.932500 0.010000 0.015000
6 0.198750 0.916250 0.010000 0.017500
6 0.102500 0.983750 0.007500 0.020000
6 0.126250 0.997500 0.007500 0.015000
6 0.343750 0.812500 0.020000 0.010000
6 0.413750 0.766250 0.017500 0.007500
6 0.400000 0.885000 0.027500 0.007500
6 0.702500 0.432500 0.010000 0.015000
6 0.948750 0.163750 0.010000 0.015000
6 0.692500 0.065000 0.020000 0.007500
6 0.605000 0.040000 0.020000 0.010000
6 0.971250 0.355000 0.007500 0.017500
6 0.278750 0.915000 0.015000 0.007500
6 0.057500 0.678750 0.010000 0.015000
6 0.037500 0.723750 0.007500 0.015000
6 0.026250 0.787500 0.007500 0.012500
6 0.006250 0.923750 0.010000 0.015000
6 0.270000 0.733750 0.022500 0.007500
6 0.282500 0.977500 0.017500 0.010000
6 0.342500 0.803750 0.017500 0.007500
6 0.396250 0.848750 0.020000 0.007500
6 0.838750 0.013750 0.020000 0.007500
6 0.695000 0.086250 0.015000 0.007500
6 0.586250 0.170000 0.012500 0.027500
6 0.420000 0.911250 0.022500 0.007500
6 0.402500 0.948750 0.015000 0.007500
6 0.057500 0.660000 0.012500 0.015000
6 0.088750 0.677500 0.010000 0.015000
6 0.062500 0.803750 0.007500 0.010000
6 0.053750 0.850000 0.012500 0.017500
6 0.198750 0.933750 0.007500 0.012500
6 0.265000 0.651250 0.022500 0.007500
6 0.276250 0.822500 0.020000 0.007500
6 0.251250 0.833750 0.022500 0.010000
6 0.390000 0.757500 0.020000 0.007500
6 0.613750 0.495000 0.015000 0.015000
6 0.632500 0.402500 0.010000 0.017500
6 0.590000 0.442500 0.017500 0.007500
6 0.688750 0.375000 0.010000 0.015000
6 0.702500 0.257500 0.007500 0.015000
6 0.698750 0.137500 0.020000 0.010000
6 0.977500 0.318750 0.015000 0.020000
6 0.398750 0.911250 0.020000 0.007500
6 0.451250 0.883750 0.010000 0.015000
6 0.185000 0.673750 0.007500 0.017500
6 0.017500 0.808750 0.005000 0.015000
6 0.067500 0.866250 0.007500 0.017500
6 0.061250 0.983750 0.010000 0.017500
6 0.082500 0.986250 0.007500 0.020000
6 0.321250 0.786250 0.017500 0.007500
6 0.317500 0.760000 0.020000 0.007500
6 0.316250 0.723750 0.020000 0.007500
6 0.385000 0.675000 0.017500 0.005000
6 0.417500 0.857500 0.015000 0.007500
6 0.756250 0.415000 0.017500 0.010000
6 0.630000 0.497500 0.010000 0.017500
6 0.697500 0.310000 0.007500 0.015000
6 0.622500 0.166250 0.017500 0.027500
6 0.821250 0.375000 0.007500 0.012500
6 0.421250 0.920000 0.020000 0.007500
6 0.443750 0.743750 0.010000 0.015000
6 0.446250 0.765000 0.015000 0.020000
6 0.448750 0.823750 0.012500 0.017500
6 0.213750 0.743750 0.007500 0.015000
6 0.092500 0.806250 0.007500 0.015000
6 0.172500 0.846250 0.007500 0.015000
6 0.171250 0.998750 0.012500 0.017500
6 0.256250 0.878750 0.015000 0.007500
6 0.352500 0.948750 0.017500 0.010000
6 0.348750 0.895000 0.017500 0.010000
6 0.318750 0.768750 0.020000 0.007500
6 0.341250 0.758750 0.020000 0.007500
6 0.341250 0.740000 0.020000 0.007500
6 0.638750 0.496250 0.012500 0.015000
6 0.660000 0.260000 0.007500 0.017500
6 0.751250 0.133750 0.022500 0.007500
6 0.418750 0.902500 0.017500 0.007500
6 0.456250 0.972500 0.010000 0.017500
6 0.023750 0.680000 0.007500 0.017500
6 0.067500 0.660000 0.007500 0.015000
6 0.102500 0.677500 0.010000 0.012500
6 0.135000 0.722500 0.012500 0.012500
6 0.145000 0.723750 0.010000 0.020000
6 0.008750 0.810000 0.007500 0.017500
6 0.136250 0.787500 0.007500 0.015000
6 0.130000 0.867500 0.007500 0.017500
6 0.143750 0.916250 0.010000 0.017500
6 0.006250 0.988750 0.010000 0.017500
6 0.205000 0.998750 0.012500 0.020000
6 0.261250 0.951250 0.020000 0.007500
6 0.352500 0.913750 0.017500 0.010000
6 0.328750 0.886250 0.020000 0.010000
6 0.345000 0.831250 0.020000 0.007500
6 0.386250 0.667500 0.020000 0.007500
6 0.390000 0.731250 0.025000 0.005000
6 0.417500 0.866250 0.020000 0.007500
6 0.102500 0.742500 0.012500 0.015000
6 0.038750 0.790000 0.012500 0.017500
6 0.760000 0.423750 0.020000 0.010000
6 0.662500 0.337500 0.010000 0.017500
6 0.877500 0.127500 0.045000 0.037500
6 0.457500 0.990000 0.010000 0.015000
6 0.137500 0.806250 0.010000 0.017500
6 0.183750 0.801250 0.007500 0.015000
6 0.033750 0.851250 0.010000 0.015000
6 0.175000 0.867500 0.010000 0.022500
6 0.121250 0.933750 0.007500 0.012500
6 0.188750 0.933750 0.007500 0.015000
6 0.123750 0.981250 0.010000 0.017500
6 0.253750 0.806250 0.025000 0.007500
6 0.338750 0.722500 0.017500 0.007500
6 0.413750 0.792500 0.020000 0.005000
6 0.292500 0.586250 0.025000 0.012500
6 0.608750 0.093750 0.025000 0.010000
6 0.753750 0.191250 0.025000 0.010000
6 0.971250 0.202500 0.017500 0.012500
6 0.418750 0.338750 0.025000 0.010000
6 0.402500 0.920000 0.020000 0.005000
6 0.091250 0.743750 0.007500 0.012500
6 0.113750 0.725000 0.010000 0.020000
6 0.073750 0.788750 0.010000 0.017500
6 0.152500 0.866250 0.012500 0.020000
6 0.207500 0.845000 0.012500 0.015000
6 0.181250 0.998750 0.010000 0.022500
6 0.265000 0.678750 0.017500 0.007500
6 0.351250 0.886250 0.020000 0.007500
6 0.327500 0.876250 0.020000 0.007500
6 0.317500 0.697500 0.020000 0.010000
6 0.410000 0.703750 0.020000 0.007500
6 0.395000 0.828750 0.017500 0.007500
6 0.396250 0.840000 0.017500 0.007500
6 0.208750 0.658750 0.010000 0.012500
6 0.425000 0.983750 0.017500 0.007500
6 0.015000 0.741250 0.010000 0.015000
6 0.017500 0.791250 0.007500 0.017500
6 0.083750 0.807500 0.010000 0.017500
6 0.170000 0.803750 0.007500 0.015000
6 0.153750 0.933750 0.010000 0.017500
6 0.276250 0.832500 0.022500 0.010000
6 0.251250 0.852500 0.015000 0.007500
6 0.340000 0.768750 0.017500 0.010000
6 0.311250 0.651250 0.025000 0.010000
6 0.635000 0.092500 0.020000 0.007500
6 0.802500 0.273750 0.015000 0.020000
6 0.001250 0.662500 0.007500 0.015000
6 0.003750 0.682500 0.007500 0.017500
6 0.205000 0.800000 0.015000 0.007500
6 0.213750 0.782500 0.007500 0.015000
6 0.035000 0.871250 0.010000 0.017500
6 0.058750 0.918750 0.007500 0.015000
6 0.132500 0.936250 0.007500 0.015000
6 0.115000 0.998750 0.007500 0.015000
6 0.161250 0.998750 0.012500 0.020000
6 0.265000 0.661250 0.022500 0.007500
6 0.247500 0.742500 0.022500 0.010000
6 0.350000 0.876250 0.017500 0.010000
6 0.036250 0.225000 0.012500 0.007500
6 0.147500 0.786250 0.015000 0.017500
6 0.446250 0.215000 0.010000 0.017500
6 0.531250 0.046250 0.012500 0.017500
6 0.258750 0.923750 0.017500 0.007500
6 0.256250 0.897500 0.022500 0.010000
6 0.426250 0.958750 0.017500 0.007500
6 0.046250 0.662500 0.010000 0.015000
6 0.015000 0.726250 0.007500 0.012500
6 0.181250 0.786250 0.005000 0.015000
6 0.107500 0.848750 0.010000 0.020000
6 0.195000 0.845000 0.007500 0.015000
6 0.026250 0.940000 0.010000 0.012500
6 0.270000 0.770000 0.015000 0.007500
6 0.276250 0.850000 0.020000 0.007500
6 0.260000 0.886250 0.020000 0.007500
6 0.277500 0.923750 0.015000 0.007500
6 0.282500 0.960000 0.017500 0.007500
6 0.350000 0.840000 0.022500 0.010000
6 0.342500 0.786250 0.015000 0.007500
6 0.387500 0.712500 0.025000 0.007500
6 0.415000 0.830000 0.017500 0.007500
6 0.312500 0.548750 0.012500 0.010000
6 0.752500 0.401250 0.020000 0.007500
6 0.875000 0.090000 0.047500 0.035000
6 0.693750 0.107500 0.020000 0.010000
6 0.751250 0.202500 0.022500 0.010000
6 0.750000 0.250000 0.017500 0.005000
6 0.277500 0.841250 0.022500 0.007500
6 0.446250 0.785000 0.012500 0.020000
6 0.090000 0.723750 0.007500 0.015000
6 0.075000 0.848750 0.010000 0.017500
6 0.046250 0.918750 0.007500 0.017500
6 0.015000 0.921250 0.007500 0.015000
6 0.088750 0.920000 0.007500 0.020000
6 0.110000 0.917500 0.007500 0.017500
6 0.211250 0.932500 0.007500 0.012500
6 0.326250 0.895000 0.017500 0.007500
6 0.387500 0.702500 0.020000 0.005000
6 0.386250 0.693750 0.022500 0.005000
6 0.416250 0.840000 0.017500 0.007500
6 0.653750 0.377500 0.012500 0.015000
6 0.747500 0.108750 0.020000 0.007500
6 0.693750 0.098750 0.020000 0.005000
6 0.751250 0.172500 0.022500 0.010000
6 0.752500 0.181250 0.022500 0.010000
6 0.252500 0.843750 0.020000 0.010000
6 0.420000 0.885000 0.017500 0.010000
6 0.421250 0.937500 0.020000 0.007500
6 0.447500 0.805000 0.010000 0.020000
6 0.033750 0.661250 0.007500 0.012500
6 0.056250 0.871250 0.010000 0.015000
6 0.085000 0.868750 0.007500 0.015000
6 0.151250 0.845000 0.010000 0.017500
6 0.261250 0.996250 0.025000 0.007500
6 0.342500 0.793750 0.020000 0.007500
6 0.408750 0.721250 0.022500 0.007500
6 0.488750 0.226250 0.010000 0.020000
6 0.711250 0.336250 0.010000 0.020000
6 0.696250 0.127500 0.017500 0.007500
6 0.746250 0.097500 0.020000 0.007500
6 0.973750 0.258750 0.025000 0.010000
6 0.092500 0.985000 0.015000 0.025000
6 0.422500 0.976250 0.022500 0.007500
6 0.451250 0.862500 0.010000 0.017500
6 0.068750 0.676250 0.007500 0.015000
6 0.136250 0.741250 0.010000 0.010000
6 0.193750 0.805000 0.010000 0.012500
6 0.001250 0.871250 0.010000 0.017500
6 0.096250 0.868750 0.010000 0.015000
6 0.035000 0.920000 0.007500 0.012500
6 0.078750 0.918750 0.007500 0.017500
6 0.077500 0.936250 0.007500 0.017500
6 0.226250 0.995000 0.007500 0.017500
6 0.252500 0.796250 0.020000 0.007500
6 0.277500 0.886250 0.020000 0.010000
6 0.327500 0.867500 0.025000 0.010000
6 0.412500 0.747500 0.017500 0.007500
6 0.417500 0.820000 0.017500 0.007500
6 0.926250 0.192500 0.022500 0.010000
6 0.693750 0.118750 0.020000 0.007500
6 0.277500 0.895000 0.017500 0.007500
6 0.416250 0.876250 0.017500 0.007500
6 0.401250 0.938750 0.017500 0.007500
6 0.423750 0.948750 0.025000 0.010000
6 0.123750 0.722500 0.010000 0.017500
6 0.052500 0.805000 0.007500 0.012500
6 0.023750 0.870000 0.010000 0.015000
6 0.026250 0.918750 0.007500 0.017500
6 0.192500 0.978750 0.012500 0.022500
6 0.270000 0.778750 0.017500 0.005000
6 0.258750 0.905000 0.020000 0.007500
6 0.262500 0.960000 0.022500 0.007500
6 0.327500 0.903750 0.020000 0.007500
6 0.325000 0.832500 0.017500 0.007500
6 0.321250 0.778750 0.020000 0.007500
6 0.316250 0.703750 0.017500 0.007500
6 0.387500 0.740000 0.025000 0.010000
6 0.393750 0.776250 0.022500 0.007500
6 0.421250 0.892500 0.027500 0.005000
6 0.587500 0.453750 0.017500 0.007500
6 0.685000 0.336250 0.012500 0.020000
6 0.748750 0.117500 0.025000 0.005000
6 0.630000 0.057500 0.025000 0.015000
6 0.650000 0.163750 0.012500 0.025000
6 0.590000 0.267500 0.007500 0.015000
6 0.005000 0.745000 0.007500 0.015000
6 0.160000 0.788750 0.007500 0.015000
6 0.060000 0.791250 0.007500 0.017500
6 0.120000 0.917500 0.007500 0.017500
6 0.131250 0.918750 0.007500 0.020000
6 0.211250 0.916250 0.012500 0.012500
6 0.170000 0.981250 0.010000 0.017500
6 0.268750 0.707500 0.017500 0.007500
6 0.316250 0.713750 0.020000 0.007500
6 0.416250 0.785000 0.020000 0.010000
6 0.701250 0.372500 0.010000 0.015000
6 0.815000 0.250000 0.007500 0.020000
6 0.072500 0.985000 0.012500 0.020000
6 0.398750 0.903750 0.022500 0.007500
6 0.038750 0.741250 0.010000 0.012500
6 0.057500 0.723750 0.007500 0.017500
6 0.071250 0.740000 0.007500 0.017500
6 0.081250 0.722500 0.007500 0.017500
6 0.178750 0.721250 0.010000 0.015000
6 0.127500 0.803750 0.010000 0.012500
6 0.140000 0.845000 0.007500 0.015000
6 0.158750 0.980000 0.010000 0.017500
6 0.243750 0.652500 0.022500 0.007500
6 0.271250 0.761250 0.020000 0.007500
6 0.276250 0.806250 0.022500 0.010000
6 0.281250 0.987500 0.020000 0.010000
6 0.323750 0.795000 0.020000 0.007500
6 0.318750 0.733750 0.020000 0.010000
6 0.350000 0.931250 0.017500 0.007500
6 0.918750 0.151250 0.025000 0.015000
6 0.947500 0.181250 0.012500 0.020000
6 0.448750 0.843750 0.007500 0.017500
6 0.012500 0.682500 0.005000 0.015000
6 0.050000 0.743750 0.010000 0.017500
6 0.047500 0.725000 0.010000 0.015000
6 0.112500 0.745000 0.005000 0.017500
6 0.028750 0.806250 0.007500 0.015000
6 0.012500 0.872500 0.010000 0.015000
6 0.046250 0.871250 0.010000 0.017500
6 0.118750 0.846250 0.012500 0.020000
6 0.163750 0.868750 0.005000 0.015000
6 0.176250 0.931250 0.010000 0.015000
6 0.017500 0.986250 0.007500 0.015000
6 0.040000 0.983750 0.010000 0.020000
6 0.201250 0.977500 0.010000 0.020000
6 0.246250 0.681250 0.017500 0.007500
6 0.266250 0.698750 0.015000 0.007500
6 0.276250 0.813750 0.020000 0.005000
6 0.327500 0.932500 0.022500 0.010000
6 0.325000 0.848750 0.022500 0.007500
6 0.317500 0.742500 0.017500 0.007500
6 0.338750 0.715000 0.020000 0.010000
6 0.337500 0.705000 0.025000 0.010000
6 0.336250 0.660000 0.020000 0.010000
6 0.392500 0.802500 0.020000 0.007500
6 0.036250 0.250000 0.015000 0.012500
6 0.085000 0.657500 0.015000 0.017500
6 0.872500 0.037500 0.052500 0.035000
6 0.808750 0.345000 0.010000 0.020000
6 0.692500 0.077500 0.022500 0.007500
6 0.691250 0.057500 0.020000 0.007500
6 0.636250 0.165000 0.015000 0.025000
6 0.012500 0.663750 0.007500 0.020000
6 0.077500 0.678750 0.010000 0.015000
6 0.082500 0.742500 0.007500 0.020000
6 0.167500 0.717500 0.010000 0.015000
6 0.120000 0.868750 0.007500 0.017500
6 0.183750 0.845000 0.007500 0.017500
6 0.037500 0.938750 0.007500 0.012500
6 0.068750 0.936250 0.007500 0.015000
6 0.265000 0.670000 0.017500 0.007500
6 0.251250 0.823750 0.027500 0.007500
6 0.327500 0.923750 0.020000 0.007500
6 0.408750 0.693750 0.020000 0.007500
6 0.407500 0.713750 0.017500 0.010000
6 0.392500 0.766250 0.020000 0.007500
6 0.397500 0.895000 0.015000 0.007500
6 0.235000 0.225000 0.020000 0.022500
6 0.640000 0.281250 0.007500 0.020000
6 0.945000 0.126250 0.007500 0.017500
6 0.191250 0.741250 0.012500 0.012500
6 0.041250 0.808750 0.005000 0.012500
6 0.103750 0.806250 0.007500 0.015000
6 0.143750 0.936250 0.010000 0.020000
6 0.153750 0.916250 0.007500 0.015000
6 0.221250 0.933750 0.007500 0.012500
6 0.245000 0.672500 0.020000 0.007500
6 0.247500 0.698750 0.022500 0.007500
6 0.248750 0.716250 0.025000 0.010000
6 0.247500 0.788750 0.020000 0.007500
6 0.273750 0.787500 0.020000 0.007500
6 0.262500 0.941250 0.020000 0.007500
6 0.262500 0.968750 0.022500 0.007500
6 0.327500 0.841250 0.022500 0.010000
6 0.316250 0.668750 0.020000 0.005000
6 0.406250 0.675000 0.020000 0.010000
6 0.451250 0.291250 0.012500 0.015000
6 0.700000 0.397500 0.007500 0.017500
6 0.697500 0.331250 0.007500 0.017500
6 0.877500 0.106250 0.047500 0.035000
6 0.872500 0.055000 0.052500 0.035000
6 0.597500 0.168750 0.012500 0.020000
6 0.682500 0.260000 0.012500 0.020000
6 0.045000 0.681250 0.007500 0.017500
6 0.081250 0.787500 0.005000 0.015000
6 0.108750 0.871250 0.007500 0.017500
6 0.068750 0.920000 0.010000 0.017500
6 0.257500 0.916250 0.027500 0.007500
6 0.346250 0.848750 0.025000 0.007500
6 0.342500 0.776250 0.017500 0.007500
6 0.320000 0.752500 0.022500 0.010000
6 0.316250 0.678750 0.020000 0.007500
6 0.336250 0.677500 0.020000 0.010000
6 0.385000 0.658750 0.020000 0.007500
6 0.488750 0.691250 0.010000 0.015000
6 0.621250 0.338750 0.010000 0.017500
6 0.558750 0.070000 0.015000 0.022500
6 0.751250 0.125000 0.025000 0.005000
6 0.422500 0.930000 0.020000 0.010000
6 0.131250 0.846250 0.010000 0.015000
6 0.006250 0.940000 0.010000 0.015000
6 0.100000 0.918750 0.007500 0.017500
6 0.181250 0.980000 0.010000 0.020000
6 0.243750 0.663750 0.025000 0.010000
6 0.251250 0.771250 0.017500 0.007500
6 0.251250 0.781250 0.017500 0.007500
6 0.328750 0.857500 0.025000 0.007500
6 0.416250 0.775000 0.020000 0.007500
6 0.416250 0.810000 0.020000 0.007500
6 0.396250 0.820000 0.015000 0.007500
6 0.025000 0.088750 0.022500 0.007500
6 0.760000 0.466250 0.020000 0.007500
6 0.758750 0.433750 0.020000 0.007500
6 0.702500 0.451250 0.010000 0.017500
6 0.875000 0.072500 0.050000 0.037500
6 0.607500 0.028750 0.025000 0.012500
6 0.633750 0.103750 0.022500 0.010000
6 0.748750 0.233750 0.020000 0.010000
6 0.977500 0.300000 0.010000 0.015000
6 0.402500 0.975000 0.020000 0.007500
6 0.067500 0.721250 0.010000 0.015000
6 0.181250 0.742500 0.012500 0.017500
6 0.146250 0.742500 0.010000 0.015000
6 0.007500 0.788750 0.010000 0.017500
6 0.248750 0.751250 0.020000 0.007500
6 0.276250 0.795000 0.020000 0.007500
6 0.278750 0.868750 0.020000 0.007500
6 0.278750 0.933750 0.017500 0.007500
6 0.260000 0.932500 0.017500 0.007500
6 0.278750 0.941250 0.017500 0.007500
6 0.330000 0.938750 0.017500 0.007500
6 0.327500 0.912500 0.022500 0.007500
6 0.345000 0.821250 0.022500 0.010000
6 0.415000 0.802500 0.020000 0.007500
6 0.845000 0.358750 0.022500 0.010000
6 0.443750 0.067500 0.007500 0.017500
6 0.455000 0.943750 0.010000 0.017500
6 0.211250 0.677500 0.007500 0.017500
6 0.105000 0.788750 0.007500 0.012500
6 0.065000 0.850000 0.010000 0.015000
6 0.142500 0.868750 0.010000 0.017500
6 0.186250 0.866250 0.007500 0.015000
6 0.266250 0.688750 0.015000 0.007500
6 0.247500 0.725000 0.022500 0.010000
6 0.346250 0.856250 0.020000 0.007500
6 0.407500 0.658750 0.020000 0.005000
6 0.390000 0.748750 0.020000 0.007500
6 0.417500 0.847500 0.020000 0.007500
6 0.023750 0.098750 0.027500 0.010000
6 0.042500 0.355000 0.017500 0.012500
6 0.591250 0.482500 0.022500 0.007500
6 0.527500 0.001250 0.015000 0.027500
6 0.941250 0.071250 0.010000 0.012500
6 0.036250 0.680000 0.010000 0.017500
6 0.017500 0.941250 0.010000 0.015000
6 0.175000 0.915000 0.010000 0.017500
6 0.028750 0.982500 0.010000 0.017500
6 0.215000 0.997500 0.010000 0.020000
6 0.281250 0.951250 0.020000 0.007500
6 0.261250 0.977500 0.020000 0.007500
6 0.327500 0.822500 0.017500 0.010000
6 0.323750 0.803750 0.022500 0.007500
6 0.396250 0.866250 0.020000 0.007500
6 0.396250 0.875000 0.015000 0.007500
6 0.352500 0.938750 0.032500 0.010000
6 0.758750 0.455000 0.020000 0.007500
6 0.502500 0.558750 0.010000 0.017500
6 0.642500 0.340000 0.007500 0.017500
6 0.921250 0.137500 0.017500 0.012500
6 0.688750 0.016250 0.017500 0.007500
