6 0.396250 0.512500 0.022500 0.007500
6 0.257500 0.558750 0.062500 0.025000
6 0.788750 0.963750 0.017500 0.010000
6 0.432500 0.568750 0.045000 0.020000
6 0.106250 0.260000 0.010000 0.017500
6 0.912500 0.576250 0.022500 0.005000
6 0.997500 0.555000 0.020000 0.010000
6 0.851250 0.642500 0.025000 0.010000
6 0.897500 0.660000 0.022500 0.010000
6 0.238750 0.377500 0.020000 0.007500
6 0.197500 0.496250 0.022500 0.010000
6 0.173750 0.498750 0.020000 0.010000
6 0.111250 0.343750 0.022500 0.010000
6 0.773750 0.858750 0.022500 0.012500
6 0.215000 0.257500 0.010000 0.017500
6 0.891250 0.541250 0.017500 0.007500
6 0.635000 0.140000 0.015000 0.010000
6 0.266250 0.466250 0.017500 0.007500
6 0.261250 0.485000 0.022500 0.007500
6 0.236250 0.367500 0.022500 0.012500
6 0.056250 0.898750 0.010000 0.017500
6 0.236250 0.458750 0.020000 0.007500
6 0.346250 0.326250 0.022500 0.005000
6 0.988750 0.413750 0.020000 0.010000
6 0.986250 0.308750 0.025000 0.007500
6 0.351250 0.357500 0.017500 0.010000
6 0.163750 0.343750 0.022500 0.010000
6 0.233750 0.321250 0.020000 0.005000
6 0.895000 0.586250 0.022500 0.010000
6 0.735000 0.867500 0.012500 0.020000
6 0.997500 0.590000 0.020000 0.010000
6 0.890000 0.515000 0.017500 0.010000
6 0.172500 0.490000 0.017500 0.007500
6 0.163750 0.328750 0.020000 0.010000
6 0.190000 0.352500 0.017500 0.010000
6 0.997500 0.572500 0.025000 0.010000
6 0.188750 0.511250 0.020000 0.007500
6 0.823750 0.553750 0.020000 0.007500
6 0.846250 0.580000 0.022500 0.007500
6 0.896250 0.623750 0.020000 0.010000
6 0.763750 0.147500 0.017500 0.005000
6 0.016250 0.245000 0.012500 0.037500
6 0.261250 0.495000 0.020000 0.010000
6 0.273750 0.716250 0.037500 0.017500
6 0.915000 0.566250 0.017500 0.005000
6 0.823750 0.581250 0.022500 0.010000
6 0.826250 0.618750 0.020000 0.010000
6 0.891250 0.560000 0.020000 0.010000
6 0.917500 0.595000 0.022500 0.010000
6 0.348750 0.366250 0.022500 0.007500
6 0.120000 0.173750 0.020000 0.010000
6 0.255000 0.331250 0.020000 0.007500
6 0.190000 0.415000 0.017500 0.007500
6 0.988750 0.352500 0.022500 0.010000
6 0.988750 0.398750 0.020000 0.010000
6 0.846250 0.552500 0.022500 0.007500
6 0.893750 0.550000 0.020000 0.010000
6 0.263750 0.441250 0.020000 0.010000
6 0.241250 0.486250 0.017500 0.010000
6 0.168750 0.257500 0.010000 0.022500
6 0.167500 0.397500 0.025000 0.010000
6 0.407500 0.135000 0.015000 0.007500
6 0.998750 0.115000 0.017500 0.005000
6 0.920000 0.612500 0.022500 0.007500
6 0.915000 0.141250 0.022500 0.005000
6 0.053750 0.328750 0.020000 0.012500
6 0.191250 0.380000 0.017500 0.005000
6 0.890000 0.576250 0.017500 0.005000
6 0.847500 0.662500 0.020000 0.007500
6 0.913750 0.557500 0.020000 0.010000
6 0.922500 0.656250 0.022500 0.010000
6 0.261250 0.367500 0.020000 0.010000
6 0.060000 0.535000 0.010000 0.015000
6 0.908750 0.416250 0.015000 0.020000
6 0.241250 0.396250 0.022500 0.010000
6 0.052500 0.341250 0.017500 0.017500
6 0.191250 0.431250 0.020000 0.007500
6 0.101250 0.146250 0.020000 0.010000
6 0.443750 0.753750 0.020000 0.007500
6 0.022500 0.376250 0.017500 0.045000
6 0.915000 0.538750 0.020000 0.010000
6 0.893750 0.602500 0.022500 0.010000
6 0.945000 0.672500 0.017500 0.020000
6 0.037500 0.183750 0.017500 0.012500
6 0.350000 0.410000 0.022500 0.007500
6 0.736250 0.517500 0.047500 0.015000
6 0.781250 0.693750 0.022500 0.012500
6 0.110000 0.320000 0.020000 0.007500
6 0.111250 0.388750 0.025000 0.012500
6 0.201250 0.258750 0.010000 0.012500
6 0.165000 0.297500 0.020000 0.010000
6 0.847500 0.118750 0.017500 0.007500
6 0.991250 0.510000 0.017500 0.012500
6 0.236250 0.331250 0.025000 0.010000
6 0.191250 0.388750 0.025000 0.010000
6 0.995000 0.527500 0.022500 0.010000
6 0.846250 0.560000 0.020000 0.007500
6 0.921250 0.447500 0.012500 0.015000
6 0.816250 0.146250 0.020000 0.012500
6 0.712500 0.148750 0.020000 0.007500
6 0.238750 0.422500 0.017500 0.010000
6 0.262500 0.405000 0.020000 0.007500
6 0.262500 0.475000 0.017500 0.007500
6 0.242500 0.412500 0.022500 0.015000
6 0.143750 0.260000 0.007500 0.015000
6 0.786250 0.975000 0.012500 0.007500
6 0.091250 0.613750 0.012500 0.017500
6 0.988750 0.380000 0.020000 0.007500
6 0.822500 0.571250 0.020000 0.010000
6 0.823750 0.590000 0.022500 0.010000
6 0.850000 0.596250 0.020000 0.007500
6 0.261250 0.340000 0.017500 0.010000
6 0.262500 0.386250 0.025000 0.010000
6 0.827500 0.627500 0.020000 0.007500
6 0.847500 0.540000 0.020000 0.007500
6 0.986250 0.390000 0.020000 0.010000
6 0.920000 0.623750 0.025000 0.010000
6 0.916250 0.632500 0.020000 0.007500
6 0.343750 0.256250 0.017500 0.007500
6 0.158750 0.161250 0.022500 0.012500
6 0.183750 0.297500 0.020000 0.007500
6 0.758750 0.648750 0.017500 0.012500
6 0.922500 0.666250 0.027500 0.010000
6 0.505000 0.140000 0.015000 0.005000
6 0.350000 0.402500 0.020000 0.007500
6 0.260000 0.421250 0.017500 0.010000
6 0.260000 0.431250 0.020000 0.007500
6 0.052500 0.317500 0.017500 0.015000
6 0.980000 0.268750 0.020000 0.007500
6 0.347500 0.318750 0.020000 0.007500
6 0.343750 0.346250 0.025000 0.007500
6 0.961250 0.122500 0.025000 0.010000
6 0.347500 0.376250 0.022500 0.012500
6 0.165000 0.307500 0.020000 0.010000
6 0.915000 0.528750 0.020000 0.005000
6 0.990000 0.452500 0.025000 0.012500
6 0.472500 0.157500 0.020000 0.010000
6 0.092500 0.258750 0.007500 0.020000
6 0.070000 0.262500 0.007500 0.015000
6 0.073750 0.147500 0.027500 0.010000
6 0.435000 0.133750 0.020000 0.007500
6 0.592500 0.123750 0.055000 0.015000
6 0.802500 0.121250 0.017500 0.007500
6 0.998750 0.563750 0.017500 0.010000
6 0.848750 0.607500 0.022500 0.012500
6 0.848750 0.652500 0.017500 0.007500
6 0.345000 0.337500 0.022500 0.012500
6 0.390000 0.152500 0.022500 0.010000
6 0.238750 0.467500 0.022500 0.010000
6 0.847500 0.532500 0.017500 0.007500
6 0.847500 0.587500 0.017500 0.010000
6 0.915000 0.585000 0.015000 0.007500
6 0.348750 0.393750 0.017500 0.010000
6 0.167500 0.362500 0.022500 0.007500
6 0.902500 0.116250 0.015000 0.007500
6 0.988750 0.427500 0.017500 0.012500
6 0.892500 0.568750 0.022500 0.010000
6 0.756250 0.126250 0.020000 0.010000
6 0.260000 0.347500 0.022500 0.007500
6 0.261250 0.358750 0.020000 0.010000
6 0.781250 0.121250 0.020000 0.010000
6 0.958750 0.113750 0.012500 0.007500
6 0.985000 0.975000 0.020000 0.022500
6 0.823750 0.533750 0.017500 0.010000
6 0.846250 0.570000 0.030000 0.010000
6 0.917500 0.125000 0.022500 0.010000
6 0.571250 0.140000 0.025000 0.010000
6 0.238750 0.450000 0.022500 0.007500
6 0.186250 0.306250 0.017500 0.010000
6 0.187500 0.317500 0.020000 0.010000
6 0.175000 0.580000 0.022500 0.007500
6 0.440000 0.741250 0.020000 0.010000
6 0.041250 0.567500 0.015000 0.020000
6 0.848750 0.623750 0.022500 0.010000
6 0.236250 0.340000 0.022500 0.007500
6 0.260000 0.377500 0.020000 0.010000
6 0.235000 0.322500 0.020000 0.007500
6 0.180000 0.256250 0.007500 0.017500
6 0.047500 0.723750 0.012500 0.020000
6 0.893750 0.615000 0.025000 0.010000
6 0.872500 0.121250 0.020000 0.010000
6 0.730000 0.132500 0.017500 0.005000
6 0.351250 0.385000 0.017500 0.007500
6 0.255000 0.321250 0.020000 0.010000
6 0.108750 0.330000 0.025000 0.010000
6 0.775000 0.838750 0.022500 0.007500
6 0.988750 0.325000 0.022500 0.010000
6 0.998750 0.543750 0.022500 0.010000
6 0.848750 0.671250 0.022500 0.010000
6 0.915000 0.548750 0.020000 0.012500
6 0.782500 0.135000 0.022500 0.010000
6 0.286250 0.155000 0.020000 0.007500
6 0.190000 0.336250 0.020000 0.007500
6 0.190000 0.361250 0.020000 0.007500
6 0.986250 0.316250 0.022500 0.010000
6 0.913750 0.515000 0.020000 0.010000
6 0.207500 0.170000 0.027500 0.010000
6 0.262500 0.395000 0.020000 0.010000
6 0.191250 0.400000 0.020000 0.007500
6 0.773750 0.848750 0.027500 0.010000
6 0.173750 0.471250 0.022500 0.010000
6 0.130000 0.260000 0.010000 0.017500
6 0.188750 0.342500 0.020000 0.005000
6 0.322500 0.165000 0.022500 0.010000
6 0.195000 0.487500 0.015000 0.005000
6 0.892500 0.530000 0.022500 0.007500
6 0.893750 0.630000 0.020000 0.005000
6 0.172500 0.480000 0.022500 0.010000
6 0.081250 0.260000 0.007500 0.015000
6 0.106250 0.300000 0.022500 0.007500
6 0.156250 0.256250 0.007500 0.020000
6 0.526250 0.127500 0.015000 0.005000
