6 0.567500 0.935000 0.010000 0.020000
6 0.586250 0.945000 0.012500 0.017500
6 0.541250 0.898750 0.017500 0.007500
6 0.712500 0.945000 0.020000 0.012500
6 0.715000 0.936250 0.020000 0.012500
6 0.665000 0.920000 0.010000 0.017500
6 0.646250 0.957500 0.007500 0.015000
6 0.602500 0.908750 0.012500 0.020000
6 0.578750 0.906250 0.010000 0.015000
6 0.543750 0.930000 0.012500 0.012500
6 0.622500 0.912500 0.010000 0.015000
6 0.613750 0.910000 0.007500 0.015000
6 0.745000 0.860000 0.010000 0.020000
6 0.670000 0.821250 0.017500 0.015000
6 0.588750 0.906250 0.010000 0.017500
6 0.462500 0.982500 0.017500 0.035000
6 0.698750 0.931250 0.012500 0.022500
6 0.688750 0.927500 0.012500 0.017500
6 0.680000 0.965000 0.007500 0.017500
6 0.581250 0.970000 0.015000 0.017500
6 0.657500 0.820000 0.012500 0.012500
6 0.492500 0.550000 0.017500 0.010000
6 0.761250 0.650000 0.005000 0.010000
6 0.800000 0.660000 0.007500 0.012500
6 0.817500 0.666250 0.010000 0.012500
6 0.785000 0.652500 0.007500 0.012500
6 0.726250 0.858750 0.007500 0.010000
6 0.715000 0.975000 0.012500 0.017500
6 0.445000 0.505000 0.012500 0.017500
6 0.776250 0.653750 0.007500 0.010000
6 0.672500 0.837500 0.007500 0.015000
6 0.725000 0.875000 0.012500 0.007500
6 0.720000 0.900000 0.015000 0.005000
6 0.655000 0.958750 0.007500 0.015000
6 0.741250 0.880000 0.005000 0.015000
6 0.688750 0.967500 0.007500 0.017500
6 0.705000 0.971250 0.010000 0.015000
6 0.648750 0.917500 0.007500 0.015000
6 0.701250 0.627500 0.007500 0.012500
6 0.632500 0.915000 0.007500 0.017500
6 0.713750 0.926250 0.015000 0.007500
6 0.640000 0.916250 0.007500 0.015000
6 0.645000 0.816250 0.012500 0.010000
6 0.710000 0.852500 0.010000 0.022500
6 0.721250 0.906250 0.015000 0.005000
6 0.673750 0.963750 0.007500 0.020000
6 0.693750 0.798750 0.012500 0.022500
6 0.723750 0.883750 0.012500 0.010000
6 0.720000 0.852500 0.002500 0.020000
6 0.438750 0.536250 0.015000 0.005000
6 0.691250 0.846250 0.005000 0.017500
6 0.657500 0.732500 0.025000 0.012500
6 0.700000 0.851250 0.007500 0.015000
6 0.740000 0.858750 0.007500 0.020000
6 0.717500 0.917500 0.017500 0.015000
6 0.470000 0.537500 0.015000 0.007500
6 0.635000 0.796250 0.022500 0.012500
6 0.680000 0.845000 0.010000 0.012500
6 0.656250 0.921250 0.010000 0.012500
6 0.963750 0.821250 0.012500 0.020000
6 0.856250 0.866250 0.015000 0.007500
6 0.682500 0.925000 0.007500 0.017500
