6 0.060000 0.991250 0.010000 0.017500
6 0.380000 0.993750 0.027500 0.067500
6 0.078750 0.996250 0.005000 0.017500
6 0.045000 0.987500 0.007500 0.015000
6 0.566250 0.992500 0.042500 0.042500
6 0.053750 0.990000 0.010000 0.017500
6 0.018750 0.966250 0.022500 0.070000
6 0.068750 0.992500 0.010000 0.015000
6 0.037500 0.985000 0.005000 0.015000
4 0.226250 0.986250 0.025000 0.035000
6 0.116250 0.113750 0.022500 0.010000
6 0.330000 0.223750 0.015000 0.005000
6 0.422500 0.762500 0.017500 0.010000
6 0.428750 0.740000 0.017500 0.007500
6 0.426250 0.755000 0.017500 0.005000
6 0.332500 0.200000 0.015000 0.010000
6 0.335000 0.206250 0.017500 0.007500
6 0.330000 0.215000 0.015000 0.010000
6 0.436250 0.600000 0.057500 0.017500
6 0.408750 0.655000 0.020000 0.012500
6 0.401250 0.678750 0.017500 0.007500
6 0.332500 0.367500 0.010000 0.015000
6 0.242500 0.347500 0.007500 0.017500
6 0.438750 0.578750 0.057500 0.017500
6 0.390000 0.736250 0.012500 0.007500
6 0.443750 0.675000 0.020000 0.010000
6 0.442500 0.680000 0.015000 0.007500
6 0.426250 0.748750 0.020000 0.010000
6 0.518750 0.855000 0.007500 0.015000
6 0.117500 0.548750 0.022500 0.017500
6 0.285000 0.353750 0.010000 0.015000
6 0.383750 0.492500 0.025000 0.020000
6 0.136250 0.432500 0.025000 0.012500
6 0.261250 0.372500 0.025000 0.012500
6 0.087500 0.652500 0.015000 0.012500
6 0.198750 0.346250 0.012500 0.017500
6 0.400000 0.668750 0.017500 0.010000
6 0.308750 0.360000 0.010000 0.017500
6 0.087500 0.660000 0.017500 0.007500
6 0.392500 0.718750 0.017500 0.007500
6 0.333750 0.183750 0.017500 0.007500
6 0.325000 0.230000 0.017500 0.007500
6 0.391250 0.706250 0.017500 0.012500
6 0.428750 0.723750 0.025000 0.010000
6 0.503750 0.851250 0.010000 0.020000
6 0.128750 0.560000 0.020000 0.025000
6 0.451250 0.510000 0.027500 0.022500
6 0.316250 0.360000 0.005000 0.015000
6 0.135000 0.447500 0.010000 0.010000
6 0.120000 0.536250 0.022500 0.017500
6 0.487500 0.850000 0.007500 0.015000
6 0.812500 0.790000 0.027500 0.042500
6 0.350000 0.367500 0.010000 0.015000
6 0.137500 0.417500 0.017500 0.012500
6 0.337500 0.173750 0.015000 0.005000
6 0.420000 0.611250 0.072500 0.032500
6 0.001250 0.910000 0.012500 0.020000
6 0.863750 0.815000 0.040000 0.022500
6 0.128750 0.706250 0.012500 0.012500
6 0.165000 0.372500 0.020000 0.017500
6 0.450000 0.498750 0.025000 0.017500
6 0.863750 0.828750 0.040000 0.022500
6 0.190000 0.342500 0.017500 0.027500
6 0.292500 0.353750 0.012500 0.015000
6 0.455000 0.520000 0.027500 0.020000
6 0.120000 0.523750 0.022500 0.017500
6 0.333750 0.191250 0.017500 0.007500
6 0.117500 0.596250 0.020000 0.047500
6 0.182500 0.390000 0.012500 0.015000
6 0.496250 0.852500 0.007500 0.015000
6 0.436250 0.588750 0.055000 0.015000
6 0.292500 0.367500 0.027500 0.017500
6 0.273750 0.773750 0.062500 0.030000
6 0.441250 0.687500 0.017500 0.010000
6 0.217500 0.343750 0.007500 0.010000
6 0.471250 0.848750 0.007500 0.020000
6 0.443750 0.665000 0.025000 0.012500
6 0.268750 0.801250 0.012500 0.020000
6 0.453750 0.566250 0.032500 0.015000
6 0.266250 0.946250 0.045000 0.020000
6 0.388750 0.727500 0.012500 0.007500
6 0.430000 0.732500 0.027500 0.007500
6 0.480000 0.850000 0.007500 0.017500
6 0.086250 0.667500 0.015000 0.007500
6 0.145000 0.400000 0.020000 0.012500
6 0.236250 0.348750 0.007500 0.012500
6 0.435000 0.707500 0.017500 0.012500
