6 0.465000 0.016250 0.022500 0.007500
6 0.501250 0.112500 0.010000 0.015000
6 0.467500 0.080000 0.010000 0.015000
6 0.327500 0.207500 0.017500 0.010000
6 0.218750 0.011250 0.077500 0.030000
6 0.062500 0.873750 0.027500 0.042500
6 0.320000 0.011250 0.037500 0.020000
6 0.537500 0.083750 0.010000 0.015000
6 0.113750 0.898750 0.040000 0.022500
6 0.113750 0.912500 0.040000 0.022500
6 0.377500 0.016250 0.065000 0.020000
6 0.511250 0.083750 0.007500 0.015000
6 0.457500 0.035000 0.015000 0.010000
6 0.485000 0.081250 0.007500 0.015000
6 0.340000 0.275000 0.017500 0.035000
6 0.476250 0.082500 0.012500 0.017500
6 0.493750 0.082500 0.007500 0.015000
6 0.332500 0.216250 0.017500 0.010000
6 0.485000 0.033750 0.035000 0.015000
6 0.477500 0.113750 0.010000 0.015000
6 0.486250 0.113750 0.007500 0.015000
