6 0.460000 0.045000 0.012500 0.025000
6 0.415000 0.052500 0.005000 0.017500
6 0.430000 0.036250 0.007500 0.015000
6 0.452500 0.043750 0.005000 0.022500
6 0.381250 0.046250 0.007500 0.015000
6 0.390000 0.047500 0.007500 0.027500
6 0.352500 0.040000 0.010000 0.025000
6 0.400000 0.046250 0.010000 0.020000
6 0.362500 0.042500 0.007500 0.022500
6 0.373750 0.043750 0.007500 0.017500
6 0.446250 0.041250 0.007500 0.020000
6 0.303750 0.612500 0.015000 0.012500
6 0.395000 0.426250 0.010000 0.020000
6 0.416250 0.401250 0.015000 0.012500
6 0.411250 0.433750 0.007500 0.017500
6 0.420000 0.433750 0.007500 0.012500
6 0.386250 0.426250 0.007500 0.015000
6 0.331250 0.436250 0.015000 0.015000
6 0.268750 0.572500 0.007500 0.015000
6 0.276250 0.573750 0.010000 0.012500
6 0.260000 0.572500 0.010000 0.015000
6 0.323750 0.456250 0.012500 0.020000
6 0.272500 0.407500 0.027500 0.020000
6 0.193750 0.323750 0.020000 0.022500
6 0.307500 0.523750 0.015000 0.020000
6 0.781250 0.047500 0.010000 0.015000
6 0.796250 0.053750 0.010000 0.012500
6 0.863750 0.068750 0.010000 0.015000
6 0.990000 0.088750 0.010000 0.020000
6 0.558750 0.295000 0.010000 0.017500
6 0.551250 0.293750 0.010000 0.017500
6 0.293750 0.757500 0.017500 0.010000
6 0.292500 0.765000 0.017500 0.010000
6 0.286250 0.778750 0.017500 0.010000
6 0.287500 0.786250 0.015000 0.010000
6 0.283750 0.793750 0.017500 0.010000
6 0.282500 0.802500 0.017500 0.010000
6 0.280000 0.808750 0.017500 0.007500
6 0.278750 0.816250 0.017500 0.007500
6 0.277500 0.823750 0.017500 0.010000
6 0.273750 0.838750 0.017500 0.012500
6 0.271250 0.845000 0.015000 0.010000
6 0.270000 0.852500 0.017500 0.010000
6 0.265000 0.867500 0.015000 0.010000
6 0.265000 0.875000 0.017500 0.012500
6 0.261250 0.882500 0.017500 0.010000
6 0.260000 0.891250 0.017500 0.010000
6 0.257500 0.897500 0.017500 0.010000
6 0.255000 0.905000 0.015000 0.010000
6 0.253750 0.912500 0.017500 0.012500
6 0.250000 0.917500 0.012500 0.007500
6 0.247500 0.925000 0.015000 0.010000
6 0.243750 0.931250 0.012500 0.007500
6 0.245000 0.941250 0.017500 0.010000
6 0.241250 0.948750 0.020000 0.012500
6 0.240000 0.956250 0.017500 0.010000
6 0.238750 0.965000 0.017500 0.010000
6 0.236250 0.972500 0.017500 0.012500
6 0.233750 0.980000 0.015000 0.010000
6 0.232500 0.988750 0.017500 0.010000
6 0.230000 0.997500 0.015000 0.010000
6 0.312500 0.761250 0.020000 0.012500
6 0.308750 0.766250 0.015000 0.010000
6 0.306250 0.775000 0.015000 0.010000
6 0.305000 0.782500 0.015000 0.012500
6 0.301250 0.800000 0.020000 0.012500
6 0.298750 0.806250 0.017500 0.010000
6 0.296250 0.813750 0.017500 0.010000
6 0.293750 0.828750 0.017500 0.010000
6 0.290000 0.835000 0.015000 0.010000
6 0.290000 0.843750 0.015000 0.010000
6 0.290000 0.848750 0.015000 0.007500
6 0.287500 0.856250 0.015000 0.007500
6 0.285000 0.863750 0.015000 0.010000
6 0.282500 0.872500 0.015000 0.012500
6 0.281250 0.881250 0.015000 0.010000
6 0.277500 0.895000 0.017500 0.010000
6 0.275000 0.901250 0.017500 0.010000
6 0.272500 0.908750 0.017500 0.010000
6 0.271250 0.916250 0.017500 0.010000
6 0.268750 0.923750 0.017500 0.007500
6 0.267500 0.931250 0.015000 0.010000
6 0.265000 0.938750 0.015000 0.007500
6 0.258750 0.955000 0.015000 0.010000
6 0.257500 0.962500 0.015000 0.010000
6 0.253750 0.970000 0.015000 0.010000
6 0.251250 0.977500 0.015000 0.010000
6 0.250000 0.985000 0.017500 0.010000
6 0.248750 0.993750 0.015000 0.010000
6 0.351250 0.771250 0.017500 0.010000
6 0.340000 0.802500 0.017500 0.010000
6 0.338750 0.817500 0.015000 0.010000
6 0.333750 0.832500 0.017500 0.010000
6 0.332500 0.838750 0.017500 0.010000
6 0.331250 0.846250 0.017500 0.010000
6 0.327500 0.853750 0.017500 0.010000
6 0.325000 0.860000 0.017500 0.010000
6 0.325000 0.868750 0.015000 0.010000
6 0.322500 0.876250 0.017500 0.012500
6 0.318750 0.883750 0.017500 0.010000
6 0.317500 0.892500 0.015000 0.010000
6 0.316250 0.900000 0.017500 0.010000
6 0.312500 0.906250 0.017500 0.012500
6 0.310000 0.912500 0.017500 0.010000
6 0.308750 0.920000 0.015000 0.010000
6 0.307500 0.927500 0.017500 0.010000
6 0.306250 0.935000 0.017500 0.010000
6 0.303750 0.942500 0.017500 0.010000
6 0.301250 0.951250 0.017500 0.012500
6 0.298750 0.957500 0.015000 0.007500
6 0.316250 0.965000 0.017500 0.010000
6 0.367500 0.775000 0.015000 0.010000
6 0.367500 0.785000 0.015000 0.012500
6 0.360000 0.815000 0.017500 0.012500
6 0.355000 0.821250 0.015000 0.007500
6 0.353750 0.828750 0.017500 0.010000
6 0.351250 0.835000 0.017500 0.010000
6 0.350000 0.843750 0.015000 0.012500
6 0.347500 0.851250 0.017500 0.010000
6 0.346250 0.857500 0.017500 0.010000
6 0.342500 0.863750 0.017500 0.010000
6 0.342500 0.872500 0.017500 0.010000
6 0.338750 0.881250 0.017500 0.010000
6 0.337500 0.888750 0.017500 0.010000
6 0.333750 0.896250 0.015000 0.012500
6 0.332500 0.903750 0.015000 0.010000
6 0.331250 0.911250 0.017500 0.010000
6 0.328750 0.918750 0.017500 0.010000
6 0.327500 0.926250 0.017500 0.010000
6 0.326250 0.933750 0.017500 0.010000
6 0.322500 0.941250 0.017500 0.012500
6 0.320000 0.950000 0.017500 0.012500
6 0.318750 0.957500 0.017500 0.012500
6 0.315000 0.973750 0.017500 0.012500
6 0.311250 0.980000 0.015000 0.010000
6 0.310000 0.988750 0.015000 0.012500
6 0.305000 0.996250 0.017500 0.012500
6 0.398750 0.818750 0.015000 0.010000
6 0.396250 0.823750 0.017500 0.010000
6 0.386250 0.862500 0.017500 0.010000
6 0.385000 0.871250 0.017500 0.010000
6 0.382500 0.880000 0.017500 0.012500
6 0.380000 0.887500 0.017500 0.010000
6 0.378750 0.893750 0.017500 0.010000
6 0.376250 0.902500 0.017500 0.012500
6 0.372500 0.910000 0.017500 0.012500
6 0.368750 0.923750 0.017500 0.010000
6 0.367500 0.931250 0.017500 0.010000
6 0.363750 0.938750 0.015000 0.010000
6 0.362500 0.947500 0.015000 0.010000
6 0.361250 0.955000 0.017500 0.012500
6 0.358750 0.963750 0.017500 0.012500
6 0.355000 0.971250 0.020000 0.012500
6 0.355000 0.978750 0.015000 0.010000
6 0.352500 0.986250 0.017500 0.012500
6 0.348750 0.992500 0.017500 0.010000
6 0.436250 0.828750 0.017500 0.010000
6 0.433750 0.840000 0.015000 0.010000
6 0.427500 0.850000 0.017500 0.012500
6 0.425000 0.860000 0.020000 0.015000
6 0.423750 0.872500 0.015000 0.012500
6 0.421250 0.881250 0.015000 0.010000
6 0.418750 0.890000 0.015000 0.007500
6 0.416250 0.900000 0.015000 0.012500
6 0.416250 0.908750 0.020000 0.012500
6 0.411250 0.918750 0.017500 0.012500
6 0.408750 0.926250 0.017500 0.010000
6 0.408750 0.936250 0.017500 0.012500
6 0.406250 0.945000 0.015000 0.012500
6 0.391250 0.942500 0.017500 0.027500
6 0.402500 0.956250 0.017500 0.010000
6 0.398750 0.965000 0.017500 0.012500
6 0.395000 0.977500 0.015000 0.010000
6 0.392500 0.986250 0.017500 0.012500
6 0.390000 0.996250 0.015000 0.010000
6 0.292500 0.566250 0.007500 0.010000
6 0.318750 0.566250 0.015000 0.012500
6 0.315000 0.575000 0.017500 0.012500
6 0.325000 0.556250 0.017500 0.015000
6 0.311250 0.582500 0.017500 0.015000
6 0.627500 0.107500 0.010000 0.020000
6 0.402500 0.428750 0.005000 0.010000
6 0.442500 0.445000 0.012500 0.020000
6 0.161250 0.883750 0.017500 0.010000
6 0.157500 0.896250 0.017500 0.007500
6 0.166250 0.860000 0.015000 0.007500
6 0.155000 0.835000 0.017500 0.010000
6 0.227500 0.857500 0.017500 0.010000
6 0.227500 0.850000 0.015000 0.010000
6 0.228750 0.843750 0.015000 0.010000
6 0.231250 0.836250 0.015000 0.010000
6 0.300000 0.622500 0.012500 0.012500
6 0.298750 0.631250 0.012500 0.010000
6 0.297500 0.638750 0.012500 0.007500
6 0.307500 0.602500 0.012500 0.010000
6 0.441250 0.981250 0.010000 0.010000
6 0.445000 0.972500 0.012500 0.012500
6 0.448750 0.963750 0.012500 0.012500
6 0.136250 0.965000 0.017500 0.007500
6 0.155000 0.903750 0.020000 0.007500
6 0.427500 0.433750 0.012500 0.017500
6 0.198750 0.740000 0.015000 0.007500
6 0.186250 0.770000 0.015000 0.005000
6 0.115000 0.977500 0.017500 0.010000
6 0.141250 0.880000 0.015000 0.007500
6 0.178750 0.965000 0.017500 0.010000
6 0.185000 0.948750 0.020000 0.010000
6 0.130000 0.921250 0.015000 0.007500
6 0.206250 0.928750 0.015000 0.010000
6 0.217500 0.887500 0.017500 0.012500
6 0.236250 0.757500 0.020000 0.010000
6 0.230000 0.772500 0.017500 0.010000
6 0.230000 0.781250 0.017500 0.010000
6 0.142500 0.948750 0.017500 0.010000
6 0.222500 0.872500 0.020000 0.012500
6 0.213750 0.823750 0.015000 0.007500
6 0.133750 0.973750 0.017500 0.007500
6 0.140000 0.957500 0.017500 0.007500
6 0.445000 0.416250 0.017500 0.007500
6 0.202500 0.875000 0.017500 0.012500
6 0.211250 0.847500 0.015000 0.010000
6 0.201250 0.882500 0.017500 0.010000
6 0.196250 0.968750 0.015000 0.012500
6 0.426250 0.053750 0.012500 0.017500
6 0.181250 0.800000 0.015000 0.005000
6 0.148750 0.918750 0.017500 0.010000
6 0.198750 0.960000 0.017500 0.010000
6 0.203750 0.867500 0.015000 0.007500
6 0.240000 0.816250 0.017500 0.010000
6 0.528750 0.075000 0.007500 0.017500
6 0.173750 0.831250 0.015000 0.007500
6 0.162500 0.872500 0.015000 0.007500
6 0.407500 0.457500 0.020000 0.005000
6 0.217500 0.817500 0.017500 0.010000
6 0.988750 0.261250 0.010000 0.015000
6 0.127500 0.931250 0.017500 0.010000
6 0.182500 0.956250 0.017500 0.010000
6 0.218750 0.878750 0.017500 0.010000
6 0.156250 0.888750 0.015000 0.005000
6 0.220000 0.810000 0.020000 0.010000
6 0.150000 0.912500 0.020000 0.010000
6 0.240000 0.807500 0.017500 0.010000
6 0.182500 0.816250 0.017500 0.007500
6 0.166250 0.866250 0.015000 0.002500
6 0.120000 0.962500 0.020000 0.012500
6 0.172500 0.980000 0.020000 0.010000
6 0.198750 0.890000 0.017500 0.010000
6 0.225000 0.863750 0.017500 0.012500
6 0.202500 0.732500 0.012500 0.007500
6 0.211250 0.915000 0.017500 0.012500
6 0.445000 0.057500 0.007500 0.022500
6 0.127500 0.382500 0.017500 0.015000
6 0.131250 0.981250 0.015000 0.010000
6 0.191250 0.985000 0.015000 0.010000
6 0.242500 0.800000 0.017500 0.010000
6 0.213750 0.830000 0.015000 0.010000
6 0.116250 0.970000 0.015000 0.007500
6 0.193750 0.911250 0.017500 0.010000
6 0.237500 0.821250 0.017500 0.010000
6 0.168750 0.853750 0.010000 0.007500
6 0.247500 0.777500 0.020000 0.010000
6 0.196250 0.750000 0.017500 0.007500
6 0.190000 0.763750 0.010000 0.007500
6 0.183750 0.785000 0.015000 0.005000
6 0.212500 0.838750 0.017500 0.010000
6 0.196250 0.905000 0.020000 0.010000
6 0.157500 0.827500 0.015000 0.015000
6 0.221250 0.803750 0.017500 0.012500
6 0.197500 0.897500 0.017500 0.010000
6 0.256250 0.756250 0.022500 0.012500
6 0.188750 0.925000 0.017500 0.010000
6 0.213750 0.907500 0.020000 0.010000
6 0.223750 0.795000 0.020000 0.010000
6 0.146250 0.925000 0.017500 0.007500
6 0.201250 0.952500 0.017500 0.010000
6 0.233750 0.828750 0.017500 0.010000
6 0.246250 0.791250 0.017500 0.012500
6 0.445000 0.407500 0.015000 0.007500
6 0.550000 0.480000 0.012500 0.020000
6 0.145000 0.932500 0.017500 0.010000
6 0.192500 0.918750 0.020000 0.012500
6 0.187500 0.992500 0.015000 0.010000
6 0.192500 0.758750 0.020000 0.002500
6 0.207500 0.852500 0.017500 0.010000
6 0.143750 0.941250 0.017500 0.010000
6 0.186250 0.940000 0.017500 0.007500
6 0.202500 0.945000 0.017500 0.010000
6 0.215000 0.895000 0.017500 0.012500
6 0.170000 0.846250 0.010000 0.005000
6 0.206250 0.861250 0.017500 0.010000
6 0.215000 0.901250 0.017500 0.010000
6 0.247500 0.591250 0.010000 0.015000
6 0.238750 0.743750 0.022500 0.012500
6 0.227500 0.788750 0.020000 0.012500
6 0.187500 0.932500 0.017500 0.010000
6 0.267500 0.596250 0.010000 0.010000
6 0.175000 0.972500 0.017500 0.010000
6 0.188750 0.777500 0.015000 0.005000
6 0.170000 0.990000 0.017500 0.010000
6 0.195000 0.976250 0.017500 0.010000
6 0.183750 0.793750 0.015000 0.007500
6 0.238750 0.750000 0.020000 0.010000
6 0.232500 0.766250 0.017500 0.010000
