6 0.117500 0.055000 0.017500 0.012500
6 0.895000 0.331250 0.030000 0.015000
6 0.981250 0.353750 0.025000 0.020000
6 0.143750 0.573750 0.010000 0.012500
6 0.155000 0.585000 0.012500 0.017500
6 0.170000 0.591250 0.015000 0.020000
6 0.177500 0.597500 0.012500 0.015000
6 0.182500 0.602500 0.017500 0.015000
6 0.190000 0.606250 0.012500 0.015000
6 0.197500 0.610000 0.015000 0.017500
6 0.202500 0.616250 0.017500 0.020000
6 0.210000 0.621250 0.015000 0.020000
6 0.216250 0.625000 0.015000 0.020000
6 0.222500 0.628750 0.015000 0.017500
6 0.230000 0.635000 0.015000 0.020000
6 0.236250 0.640000 0.015000 0.017500
6 0.245000 0.656250 0.015000 0.015000
6 0.247500 0.665000 0.012500 0.015000
6 0.253750 0.672500 0.012500 0.015000
6 0.263750 0.685000 0.015000 0.010000
6 0.271250 0.692500 0.017500 0.015000
6 0.068750 0.808750 0.010000 0.015000
6 0.076250 0.810000 0.007500 0.012500
6 0.083750 0.811250 0.007500 0.012500
6 0.061250 0.806250 0.010000 0.017500
6 0.053750 0.748750 0.012500 0.020000
6 0.062500 0.752500 0.010000 0.017500
6 0.070000 0.752500 0.010000 0.015000
6 0.462500 0.516250 0.012500 0.017500
6 0.460000 0.531250 0.010000 0.020000
6 0.448750 0.560000 0.010000 0.017500
6 0.431250 0.573750 0.010000 0.017500
6 0.462500 0.567500 0.010000 0.015000
6 0.478750 0.521250 0.012500 0.017500
6 0.496250 0.523750 0.010000 0.015000
6 0.512500 0.528750 0.010000 0.017500
6 0.520000 0.531250 0.012500 0.015000
6 0.472500 0.568750 0.012500 0.017500
6 0.481250 0.571250 0.010000 0.017500
6 0.488750 0.573750 0.012500 0.017500
6 0.523750 0.480000 0.012500 0.017500
6 0.536250 0.483750 0.010000 0.015000
6 0.552500 0.486250 0.010000 0.017500
6 0.530000 0.497500 0.012500 0.017500
6 0.538750 0.501250 0.012500 0.017500
6 0.605000 0.512500 0.012500 0.020000
6 0.615000 0.512500 0.010000 0.017500
6 0.630000 0.518750 0.007500 0.015000
6 0.623750 0.516250 0.010000 0.015000
6 0.576250 0.546250 0.010000 0.017500
6 0.610000 0.551250 0.010000 0.017500
6 0.563750 0.558750 0.012500 0.017500
6 0.573750 0.561250 0.012500 0.017500
6 0.603750 0.568750 0.012500 0.017500
6 0.595000 0.566250 0.010000 0.017500
6 0.612500 0.568750 0.012500 0.017500
6 0.505000 0.577500 0.012500 0.017500
6 0.482500 0.590000 0.010000 0.017500
6 0.507500 0.596250 0.010000 0.017500
6 0.521250 0.601250 0.012500 0.017500
6 0.518750 0.582500 0.015000 0.022500
6 0.552500 0.590000 0.010000 0.020000
6 0.561250 0.593750 0.012500 0.020000
6 0.583750 0.600000 0.010000 0.017500
6 0.538750 0.605000 0.012500 0.020000
6 0.531250 0.601250 0.012500 0.020000
6 0.553750 0.611250 0.010000 0.015000
6 0.587500 0.615000 0.010000 0.017500
6 0.418750 0.608750 0.010000 0.020000
6 0.415000 0.622500 0.010000 0.017500
6 0.431250 0.611250 0.012500 0.020000
6 0.438750 0.613750 0.010000 0.020000
6 0.447500 0.617500 0.012500 0.017500
6 0.427500 0.626250 0.010000 0.017500
6 0.441250 0.633750 0.012500 0.017500
6 0.462500 0.622500 0.010000 0.020000
6 0.472500 0.622500 0.010000 0.017500
6 0.467500 0.637500 0.010000 0.015000
6 0.473750 0.642500 0.012500 0.017500
6 0.488750 0.627500 0.010000 0.020000
6 0.496250 0.632500 0.010000 0.015000
6 0.505000 0.632500 0.010000 0.017500
6 0.498750 0.650000 0.010000 0.020000
6 0.536250 0.638750 0.010000 0.017500
6 0.522500 0.651250 0.010000 0.017500
6 0.538750 0.657500 0.010000 0.017500
6 0.585000 0.651250 0.012500 0.015000
6 0.403750 0.655000 0.012500 0.020000
6 0.416250 0.661250 0.010000 0.015000
6 0.423750 0.661250 0.012500 0.020000
6 0.431250 0.662500 0.010000 0.022500
6 0.440000 0.666250 0.012500 0.017500
6 0.447500 0.667500 0.012500 0.020000
6 0.465000 0.668750 0.010000 0.017500
6 0.470000 0.675000 0.010000 0.017500
6 0.487500 0.683750 0.012500 0.017500
6 0.511250 0.687500 0.012500 0.017500
6 0.517500 0.688750 0.007500 0.015000
6 0.537500 0.692500 0.010000 0.017500
6 0.543750 0.697500 0.012500 0.020000
6 0.337500 0.856250 0.017500 0.010000
6 0.335000 0.865000 0.017500 0.012500
6 0.332500 0.872500 0.017500 0.010000
6 0.328750 0.882500 0.017500 0.010000
6 0.330000 0.891250 0.017500 0.012500
6 0.326250 0.902500 0.022500 0.012500
6 0.318750 0.912500 0.015000 0.007500
6 0.317500 0.918750 0.017500 0.010000
6 0.402500 0.802500 0.020000 0.017500
6 0.397500 0.811250 0.017500 0.010000
6 0.393750 0.821250 0.020000 0.012500
6 0.392500 0.830000 0.020000 0.012500
6 0.388750 0.840000 0.020000 0.012500
6 0.383750 0.848750 0.020000 0.012500
6 0.380000 0.857500 0.022500 0.012500
6 0.377500 0.868750 0.017500 0.012500
6 0.377500 0.876250 0.017500 0.010000
6 0.372500 0.885000 0.017500 0.010000
6 0.371250 0.895000 0.017500 0.010000
6 0.367500 0.905000 0.017500 0.012500
6 0.365000 0.912500 0.017500 0.010000
6 0.362500 0.922500 0.017500 0.010000
6 0.360000 0.931250 0.017500 0.012500
6 0.401250 0.863750 0.017500 0.010000
6 0.398750 0.871250 0.020000 0.010000
6 0.393750 0.882500 0.015000 0.010000
6 0.392500 0.890000 0.020000 0.012500
6 0.390000 0.898750 0.017500 0.012500
6 0.387500 0.905000 0.020000 0.012500
6 0.385000 0.913750 0.020000 0.012500
6 0.382500 0.923750 0.020000 0.010000
6 0.380000 0.930000 0.020000 0.012500
6 0.377500 0.938750 0.017500 0.012500
6 0.348750 0.907500 0.012500 0.020000
6 0.303750 0.955000 0.017500 0.010000
6 0.300000 0.963750 0.017500 0.010000
6 0.348750 0.967500 0.017500 0.010000
6 0.365000 0.973750 0.015000 0.012500
6 0.346250 0.976250 0.017500 0.010000
6 0.341250 0.986250 0.017500 0.010000
6 0.363750 0.982500 0.017500 0.010000
6 0.361250 0.992500 0.017500 0.012500
6 0.072500 0.218750 0.017500 0.012500
6 0.130000 0.015000 0.012500 0.010000
6 0.068750 0.926250 0.007500 0.015000
6 0.086250 0.931250 0.010000 0.015000
6 0.093750 0.932500 0.007500 0.015000
6 0.137500 0.948750 0.010000 0.017500
6 0.145000 0.951250 0.010000 0.017500
6 0.113750 0.062500 0.012500 0.007500
6 0.111250 0.071250 0.015000 0.010000
6 0.126250 0.021250 0.015000 0.010000
6 0.121250 0.036250 0.012500 0.010000
6 0.186250 0.516250 0.020000 0.025000
6 0.866250 0.870000 0.017500 0.010000
6 0.275000 0.481250 0.012500 0.015000
6 0.116250 0.742500 0.010000 0.017500
6 0.077500 0.753750 0.010000 0.015000
6 0.362500 0.517500 0.012500 0.022500
6 0.146250 0.495000 0.030000 0.037500
6 0.061250 0.727500 0.010000 0.017500
6 0.273750 0.623750 0.032500 0.017500
6 0.132500 0.771250 0.010000 0.017500
6 0.145000 0.670000 0.022500 0.027500
6 0.072500 0.538750 0.015000 0.012500
6 0.262500 0.725000 0.015000 0.010000
6 0.051250 0.143750 0.015000 0.015000
6 0.052500 0.802500 0.012500 0.015000
6 0.297500 0.585000 0.032500 0.022500
6 0.257500 0.737500 0.020000 0.010000
6 0.157500 0.651250 0.012500 0.015000
6 0.053750 0.725000 0.012500 0.017500
6 0.116250 0.766250 0.010000 0.015000
6 0.097500 0.993750 0.010000 0.017500
6 0.125000 0.691250 0.007500 0.015000
6 0.092500 0.736250 0.010000 0.015000
6 0.038750 0.771250 0.017500 0.012500
6 0.096250 0.546250 0.010000 0.017500
6 0.091250 0.573750 0.012500 0.012500
6 0.402500 0.855000 0.015000 0.010000
6 0.512500 0.687500 0.010000 0.012500
6 0.120000 0.715000 0.015000 0.010000
6 0.238750 0.558750 0.030000 0.035000
6 0.106250 0.740000 0.012500 0.017500
6 0.311250 0.645000 0.010000 0.012500
6 0.203750 0.533750 0.032500 0.037500
6 0.211250 0.538750 0.027500 0.037500
6 0.083750 0.703750 0.020000 0.012500
6 0.251250 0.467500 0.015000 0.010000
6 0.136250 0.720000 0.015000 0.010000
6 0.076250 0.731250 0.010000 0.015000
6 0.152500 0.957500 0.007500 0.012500
6 0.575000 0.855000 0.012500 0.015000
6 0.176250 0.102500 0.012500 0.020000
6 0.132500 0.693750 0.010000 0.015000
6 0.591250 0.807500 0.015000 0.020000
6 0.538750 0.691250 0.007500 0.020000
6 0.190000 0.102500 0.015000 0.030000
6 0.107500 0.583750 0.020000 0.015000
6 0.123750 0.768750 0.010000 0.017500
6 0.111250 0.941250 0.007500 0.012500
6 0.497500 0.405000 0.020000 0.015000
6 0.166250 0.096250 0.020000 0.030000
6 0.250000 0.528750 0.012500 0.015000
6 0.071250 0.678750 0.007500 0.010000
6 0.260000 0.730000 0.017500 0.010000
6 0.048750 0.693750 0.020000 0.010000
6 0.407500 0.843750 0.012500 0.007500
6 0.122500 0.943750 0.012500 0.012500
6 0.227500 0.446250 0.007500 0.020000
6 0.223750 0.115000 0.017500 0.035000
6 0.140000 0.695000 0.012500 0.017500
6 0.400000 0.421250 0.012500 0.007500
6 0.055000 0.776250 0.015000 0.010000
6 0.417500 0.816250 0.022500 0.010000
6 0.046250 0.746250 0.012500 0.017500
6 0.156250 0.620000 0.020000 0.015000
6 0.157500 0.498750 0.025000 0.030000
6 0.132500 0.542500 0.020000 0.020000
6 0.162500 0.657500 0.012500 0.015000
6 0.170000 0.660000 0.017500 0.017500
6 0.046250 0.722500 0.012500 0.017500
6 0.067500 0.728750 0.010000 0.015000
6 0.085000 0.733750 0.010000 0.015000
6 0.123750 0.030000 0.012500 0.007500
6 0.716250 0.763750 0.010000 0.012500
6 0.630000 0.780000 0.015000 0.015000
6 0.230000 0.551250 0.027500 0.032500
6 0.247500 0.611250 0.017500 0.015000
6 0.267500 0.473750 0.012500 0.015000
6 0.140000 0.773750 0.012500 0.020000
6 0.117500 0.045000 0.017500 0.007500
6 0.220000 0.543750 0.027500 0.030000
6 0.102500 0.760000 0.012500 0.017500
6 0.077500 0.927500 0.012500 0.020000
