6 0.615000 0.402500 0.032500 0.050000
6 0.382500 0.183750 0.032500 0.015000
6 0.410000 0.186250 0.025000 0.020000
6 0.745000 0.192500 0.047500 0.030000
6 0.865000 0.195000 0.042500 0.022500
6 0.571250 0.653750 0.045000 0.055000
6 0.467500 0.443750 0.012500 0.020000
6 0.997500 0.210000 0.025000 0.010000
6 0.586250 0.406250 0.020000 0.010000
6 0.472500 0.910000 0.010000 0.017500
6 0.122500 0.802500 0.012500 0.017500
6 0.491250 0.388750 0.022500 0.007500
6 0.413750 0.403750 0.020000 0.005000
6 0.587500 0.396250 0.022500 0.007500
6 0.411250 0.428750 0.020000 0.010000
6 0.513750 0.443750 0.010000 0.020000
6 0.435000 0.415000 0.020000 0.007500
6 0.567500 0.171250 0.060000 0.020000
6 0.502500 0.443750 0.007500 0.015000
6 0.455000 0.445000 0.015000 0.020000
6 0.405000 0.440000 0.017500 0.007500
6 0.413750 0.417500 0.020000 0.010000
6 0.487500 0.840000 0.015000 0.022500
6 0.615000 0.270000 0.010000 0.017500
6 0.486250 0.442500 0.010000 0.017500
6 0.612500 0.291250 0.007500 0.017500
6 0.590000 0.383750 0.022500 0.007500
