6 0.706250 0.975000 0.010000 0.017500
6 0.653750 0.971250 0.010000 0.022500
6 0.638750 0.947500 0.010000 0.015000
6 0.693750 0.931250 0.010000 0.017500
6 0.690000 0.912500 0.012500 0.012500
6 0.683750 0.895000 0.012500 0.015000
6 0.678750 0.877500 0.012500 0.012500
6 0.696250 0.866250 0.010000 0.017500
6 0.673750 0.857500 0.010000 0.017500
6 0.668750 0.840000 0.010000 0.015000
6 0.640000 0.815000 0.010000 0.020000
6 0.623750 0.836250 0.015000 0.022500
6 0.545000 0.856250 0.022500 0.012500
6 0.540000 0.818750 0.020000 0.010000
6 0.608750 0.791250 0.010000 0.020000
6 0.667500 0.780000 0.012500 0.015000
6 0.623750 0.747500 0.012500 0.020000
6 0.603750 0.741250 0.010000 0.017500
6 0.483750 0.848750 0.017500 0.010000
6 0.492500 0.838750 0.020000 0.010000
6 0.443750 0.825000 0.020000 0.010000
6 0.380000 0.866250 0.020000 0.007500
6 0.408750 0.863750 0.020000 0.007500
6 0.352500 0.865000 0.020000 0.007500
6 0.400000 0.840000 0.025000 0.012500
6 0.661250 0.741250 0.017500 0.022500
6 0.640000 0.688750 0.012500 0.015000
6 0.593750 0.632500 0.010000 0.017500
6 0.645000 0.648750 0.022500 0.035000
6 0.622500 0.632500 0.012500 0.017500
6 0.583750 0.585000 0.012500 0.020000
6 0.612500 0.528750 0.015000 0.020000
6 0.547500 0.521250 0.012500 0.022500
6 0.560000 0.507500 0.010000 0.017500
6 0.601250 0.463750 0.010000 0.015000
6 0.510000 0.356250 0.015000 0.030000
6 0.552500 0.348750 0.017500 0.022500
6 0.560000 0.321250 0.017500 0.025000
6 0.586250 0.421250 0.020000 0.035000
6 0.548750 0.277500 0.017500 0.030000
6 0.598750 0.335000 0.015000 0.020000
6 0.586250 0.293750 0.010000 0.015000
6 0.582500 0.271250 0.012500 0.017500
6 0.450000 0.021250 0.012500 0.022500
6 0.470000 0.050000 0.010000 0.020000
6 0.510000 0.121250 0.012500 0.017500
6 0.527500 0.132500 0.010000 0.017500
6 0.573750 0.096250 0.010000 0.017500
6 0.563750 0.097500 0.010000 0.017500
6 0.632500 0.086250 0.012500 0.017500
6 0.622500 0.088750 0.012500 0.017500
6 0.711250 0.075000 0.035000 0.012500
6 0.563750 0.026250 0.020000 0.007500
6 0.562500 0.035000 0.022500 0.010000
6 0.528750 0.028750 0.010000 0.017500
6 0.542500 0.042500 0.010000 0.015000
6 0.541250 0.026250 0.010000 0.015000
6 0.588750 0.027500 0.015000 0.020000
6 0.826250 0.847500 0.010000 0.017500
6 0.948750 0.846250 0.007500 0.015000
6 0.853750 0.405000 0.007500 0.017500
6 0.867500 0.402500 0.010000 0.012500
6 0.890000 0.406250 0.012500 0.015000
6 0.808750 0.442500 0.025000 0.012500
6 0.807500 0.451250 0.027500 0.012500
6 0.595000 0.092500 0.010000 0.015000
6 0.553750 0.126250 0.012500 0.020000
6 0.558750 0.151250 0.015000 0.020000
6 0.153750 0.058750 0.012500 0.020000
6 0.072500 0.076250 0.015000 0.015000
6 0.091250 0.073750 0.015000 0.012500
6 0.133750 0.072500 0.017500 0.015000
6 0.120000 0.072500 0.012500 0.012500
6 0.038750 0.073750 0.015000 0.015000
6 0.151250 0.008750 0.010000 0.015000
6 0.180000 0.020000 0.007500 0.017500
6 0.180000 0.040000 0.007500 0.015000
6 0.181250 0.055000 0.007500 0.015000
6 0.213750 0.087500 0.025000 0.010000
6 0.243750 0.085000 0.020000 0.007500
6 0.267500 0.086250 0.022500 0.010000
6 0.342500 0.110000 0.010000 0.017500
6 0.357500 0.126250 0.012500 0.017500
6 0.365000 0.160000 0.007500 0.017500
6 0.367500 0.176250 0.010000 0.015000
6 0.335000 0.011250 0.015000 0.020000
6 0.356250 0.083750 0.015000 0.020000
6 0.338750 0.046250 0.012500 0.017500
6 0.351250 0.018750 0.017500 0.057500
6 0.352500 0.053750 0.012500 0.012500
6 0.141250 0.007500 0.010000 0.017500
6 0.131250 0.005000 0.010000 0.017500
6 0.090000 0.116250 0.025000 0.010000
6 0.120000 0.126250 0.022500 0.007500
6 0.145000 0.127500 0.012500 0.015000
6 0.111250 0.092500 0.020000 0.007500
6 0.278750 0.115000 0.022500 0.010000
6 0.255000 0.116250 0.020000 0.010000
6 0.211250 0.116250 0.017500 0.007500
6 0.188750 0.117500 0.020000 0.010000
6 0.052500 0.118750 0.020000 0.010000
6 0.152500 0.157500 0.010000 0.012500
6 0.138750 0.167500 0.007500 0.017500
6 0.138750 0.193750 0.007500 0.020000
6 0.370000 0.242500 0.010000 0.015000
6 0.368750 0.275000 0.010000 0.020000
6 0.031250 0.797500 0.022500 0.007500
6 0.045000 0.815000 0.020000 0.007500
6 0.042500 0.807500 0.032500 0.012500
6 0.073750 0.816250 0.020000 0.010000
6 0.111250 0.795000 0.030000 0.015000
6 0.075000 0.806250 0.032500 0.012500
6 0.125000 0.806250 0.020000 0.007500
6 0.141250 0.793750 0.017500 0.010000
6 0.162500 0.793750 0.022500 0.010000
6 0.200000 0.792500 0.020000 0.010000
6 0.276250 0.788750 0.020000 0.010000
6 0.223750 0.875000 0.032500 0.015000
6 0.027500 0.842500 0.012500 0.015000
6 0.063750 0.840000 0.012500 0.015000
6 0.090000 0.837500 0.010000 0.012500
6 0.080000 0.853750 0.080000 0.022500
6 0.202500 0.838750 0.020000 0.010000
6 0.115000 0.833750 0.012500 0.015000
6 0.128750 0.832500 0.015000 0.012500
6 0.148750 0.830000 0.015000 0.015000
6 0.161250 0.827500 0.015000 0.012500
6 0.112500 0.888750 0.035000 0.015000
6 0.056250 0.893750 0.047500 0.015000
6 0.213750 0.910000 0.010000 0.015000
6 0.130000 0.920000 0.012500 0.012500
6 0.067500 0.927500 0.010000 0.015000
6 0.078750 0.927500 0.010000 0.015000
6 0.028750 0.940000 0.010000 0.015000
6 0.088750 0.926250 0.010000 0.015000
6 0.153750 0.918750 0.010000 0.012500
6 0.163750 0.917500 0.010000 0.015000
6 0.176250 0.916250 0.010000 0.015000
6 0.187500 0.915000 0.010000 0.015000
6 0.190000 0.928750 0.012500 0.012500
6 0.448750 0.857500 0.045000 0.015000
6 0.437500 0.831250 0.070000 0.032500
6 0.276250 0.831250 0.022500 0.010000
6 0.148750 0.846250 0.037500 0.015000
6 0.237500 0.835000 0.037500 0.015000
6 0.310000 0.828750 0.030000 0.012500
6 0.336250 0.827500 0.017500 0.010000
6 0.183750 0.827500 0.012500 0.010000
6 0.201250 0.823750 0.010000 0.012500
6 0.225000 0.821250 0.012500 0.010000
6 0.236250 0.821250 0.007500 0.010000
6 0.248750 0.821250 0.007500 0.010000
6 0.268750 0.817500 0.010000 0.012500
6 0.282500 0.813750 0.012500 0.015000
6 0.102500 0.805000 0.017500 0.007500
6 0.058750 0.797500 0.017500 0.007500
6 0.077500 0.796250 0.015000 0.005000
6 0.156250 0.803750 0.022500 0.010000
6 0.182500 0.802500 0.020000 0.010000
6 0.208750 0.803750 0.020000 0.010000
6 0.226250 0.792500 0.020000 0.010000
6 0.258750 0.783750 0.025000 0.012500
6 0.298750 0.772500 0.022500 0.007500
6 0.338750 0.780000 0.020000 0.015000
6 0.298750 0.813750 0.012500 0.015000
6 0.311250 0.812500 0.012500 0.012500
6 0.322500 0.812500 0.012500 0.015000
6 0.337500 0.812500 0.015000 0.012500
6 0.158750 0.648750 0.010000 0.017500
6 0.180000 0.547500 0.015000 0.025000
6 0.381250 0.536250 0.012500 0.017500
6 0.387500 0.561250 0.015000 0.027500
6 0.390000 0.602500 0.010000 0.017500
6 0.392500 0.661250 0.012500 0.017500
6 0.395000 0.703750 0.007500 0.015000
6 0.370000 0.707500 0.010000 0.015000
6 0.397500 0.720000 0.012500 0.020000
6 0.400000 0.741250 0.015000 0.020000
6 0.176250 0.495000 0.015000 0.017500
6 0.362500 0.473750 0.012500 0.025000
6 0.076250 0.105000 0.025000 0.010000
6 0.366250 0.791250 0.025000 0.017500
6 0.375000 0.777500 0.017500 0.010000
6 0.421250 0.778750 0.015000 0.007500
6 0.570000 0.848750 0.030000 0.012500
6 0.188750 0.600000 0.020000 0.040000
6 0.718750 0.931250 0.022500 0.030000
