6 0.075000 0.343750 0.025000 0.012500
6 0.083750 0.336250 0.025000 0.015000
6 0.110000 0.318750 0.020000 0.015000
6 0.118750 0.365000 0.020000 0.012500
6 0.137500 0.353750 0.022500 0.012500
6 0.153750 0.342500 0.022500 0.012500
6 0.165000 0.332500 0.022500 0.015000
6 0.175000 0.327500 0.022500 0.017500
6 0.140000 0.292500 0.020000 0.017500
6 0.150000 0.287500 0.020000 0.020000
6 0.192500 0.281250 0.015000 0.022500
6 0.243750 0.267500 0.015000 0.022500
6 0.262500 0.265000 0.017500 0.020000
6 0.278750 0.262500 0.017500 0.020000
6 0.367500 0.248750 0.012500 0.015000
6 0.312500 0.403750 0.030000 0.027500
6 0.426250 0.466250 0.037500 0.025000
6 0.453750 0.461250 0.037500 0.032500
6 0.196250 0.626250 0.025000 0.007500
6 0.706250 0.442500 0.030000 0.012500
6 0.998750 0.368750 0.020000 0.012500
6 0.046250 0.396250 0.025000 0.015000
6 0.588750 0.126250 0.032500 0.022500
6 0.635000 0.128750 0.020000 0.022500
6 0.947500 0.410000 0.017500 0.010000
6 0.816250 0.898750 0.017500 0.012500
6 0.767500 0.918750 0.020000 0.012500
6 0.760000 0.926250 0.020000 0.007500
6 0.746250 0.931250 0.020000 0.007500
6 0.755000 0.948750 0.015000 0.017500
6 0.813750 0.918750 0.022500 0.012500
6 0.786250 0.922500 0.012500 0.015000
6 0.853750 0.847500 0.020000 0.037500
