6 0.176250 0.180000 0.015000 0.020000
6 0.036250 0.190000 0.020000 0.010000
6 0.067500 0.236250 0.022500 0.012500
6 0.027500 0.220000 0.022500 0.012500
6 0.022500 0.232500 0.025000 0.007500
6 0.032500 0.670000 0.012500 0.017500
6 0.690000 0.125000 0.032500 0.050000
6 0.756250 0.147500 0.067500 0.042500
6 0.765000 0.137500 0.062500 0.042500
6 0.772500 0.126250 0.060000 0.042500
6 0.628750 0.031250 0.032500 0.040000
6 0.642500 0.037500 0.020000 0.027500
6 0.657500 0.042500 0.027500 0.042500
6 0.018750 0.585000 0.012500 0.020000
6 0.090000 0.560000 0.012500 0.017500
6 0.003750 0.510000 0.022500 0.017500
6 0.031250 0.446250 0.020000 0.010000
6 0.180000 0.387500 0.020000 0.010000
6 0.118750 0.463750 0.017500 0.020000
6 0.070000 0.387500 0.015000 0.022500
6 0.071250 0.433750 0.017500 0.025000
6 0.063750 0.352500 0.012500 0.015000
6 0.075000 0.326250 0.012500 0.017500
6 0.081250 0.310000 0.010000 0.015000
6 0.103750 0.331250 0.015000 0.020000
6 0.063750 0.262500 0.020000 0.010000
6 0.065000 0.253750 0.020000 0.010000
6 0.155000 0.242500 0.010000 0.015000
6 0.112500 0.241250 0.012500 0.022500
6 0.588750 0.002500 0.037500 0.060000
6 0.620000 0.015000 0.037500 0.062500
6 0.673750 0.117500 0.030000 0.047500
6 0.767500 0.001250 0.077500 0.025000
6 0.780000 0.115000 0.062500 0.042500
6 0.655000 0.117500 0.037500 0.060000
6 0.128750 0.003750 0.010000 0.015000
6 0.147500 0.027500 0.010000 0.017500
6 0.190000 0.051250 0.010000 0.020000
6 0.175000 0.081250 0.010000 0.017500
6 0.183750 0.108750 0.012500 0.020000
6 0.265000 0.035000 0.017500 0.015000
6 0.273750 0.041250 0.017500 0.017500
6 0.283750 0.045000 0.015000 0.015000
6 0.295000 0.051250 0.012500 0.015000
6 0.301250 0.055000 0.015000 0.015000
6 0.311250 0.058750 0.015000 0.015000
6 0.321250 0.063750 0.017500 0.017500
6 0.261250 0.080000 0.030000 0.012500
6 0.290000 0.101250 0.017500 0.015000
6 0.307500 0.100000 0.022500 0.012500
6 0.352500 0.071250 0.020000 0.012500
6 0.363750 0.058750 0.020000 0.015000
6 0.373750 0.046250 0.017500 0.012500
6 0.388750 0.028750 0.015000 0.012500
6 0.398750 0.018750 0.015000 0.010000
6 0.401250 0.056250 0.017500 0.017500
6 0.410000 0.041250 0.015000 0.017500
6 0.435000 0.135000 0.017500 0.015000
6 0.446250 0.093750 0.015000 0.017500
6 0.476250 0.081250 0.015000 0.017500
6 0.312500 0.113750 0.025000 0.012500
6 0.573750 0.062500 0.020000 0.030000
6 0.523750 0.041250 0.030000 0.012500
6 0.527500 0.055000 0.042500 0.020000
6 0.520000 0.066250 0.055000 0.020000
6 0.518750 0.080000 0.050000 0.020000
6 0.506250 0.083750 0.042500 0.017500
6 0.505000 0.097500 0.047500 0.025000
6 0.482500 0.100000 0.035000 0.020000
6 0.482500 0.113750 0.050000 0.025000
6 0.452500 0.146250 0.027500 0.022500
6 0.466250 0.150000 0.025000 0.022500
6 0.478750 0.160000 0.027500 0.022500
6 0.511250 0.152500 0.030000 0.020000
6 0.491250 0.166250 0.025000 0.022500
6 0.591250 0.065000 0.025000 0.027500
6 0.625000 0.088750 0.047500 0.020000
6 0.618750 0.101250 0.045000 0.017500
6 0.616250 0.113750 0.050000 0.022500
6 0.598750 0.132500 0.047500 0.025000
6 0.593750 0.143750 0.047500 0.027500
6 0.585000 0.153750 0.045000 0.030000
6 0.566250 0.166250 0.037500 0.025000
6 0.548750 0.191250 0.040000 0.042500
6 0.568750 0.182500 0.042500 0.030000
6 0.595000 0.321250 0.017500 0.015000
6 0.796250 0.205000 0.050000 0.025000
6 0.693750 0.223750 0.030000 0.042500
6 0.725000 0.243750 0.055000 0.020000
6 0.782500 0.312500 0.022500 0.007500
6 0.758750 0.383750 0.022500 0.012500
6 0.566250 0.341250 0.027500 0.022500
6 0.778750 0.083750 0.025000 0.020000
6 0.841250 0.080000 0.025000 0.017500
6 0.267500 0.465000 0.032500 0.032500
6 0.282500 0.467500 0.030000 0.030000
6 0.042500 0.475000 0.015000 0.017500
6 0.518750 0.723750 0.015000 0.017500
6 0.508750 0.751250 0.010000 0.017500
6 0.561250 0.810000 0.020000 0.017500
6 0.571250 0.832500 0.020000 0.025000
6 0.586250 0.860000 0.017500 0.020000
6 0.648750 0.995000 0.012500 0.012500
6 0.011250 0.966250 0.012500 0.017500
6 0.022500 0.962500 0.012500 0.020000
6 0.265000 0.736250 0.032500 0.010000
6 0.046250 0.762500 0.022500 0.012500
6 0.192500 0.737500 0.030000 0.010000
6 0.225000 0.735000 0.022500 0.010000
6 0.347500 0.830000 0.015000 0.015000
6 0.205000 0.821250 0.012500 0.015000
6 0.383750 0.960000 0.012500 0.017500
6 0.946250 0.847500 0.017500 0.015000
6 0.953750 0.742500 0.015000 0.015000
6 0.955000 0.333750 0.020000 0.007500
6 0.930000 0.331250 0.017500 0.007500
6 0.876250 0.326250 0.022500 0.010000
6 0.740000 0.056250 0.040000 0.025000
6 0.733750 0.072500 0.045000 0.025000
6 0.743750 0.180000 0.042500 0.027500
6 0.376250 0.135000 0.020000 0.012500
6 0.363750 0.150000 0.022500 0.017500
6 0.390000 0.127500 0.022500 0.017500
6 0.702500 0.301250 0.020000 0.007500
6 0.043750 0.511250 0.010000 0.012500
6 0.017500 0.532500 0.012500 0.017500
6 0.423750 0.195000 0.022500 0.022500
6 0.735000 0.281250 0.025000 0.015000
6 0.380000 0.776250 0.015000 0.022500
6 0.073750 0.762500 0.027500 0.010000
6 0.468750 0.700000 0.030000 0.015000
