6 0.926250 0.930000 0.015000 0.020000
6 0.786250 0.940000 0.020000 0.010000
6 0.817500 0.986250 0.022500 0.012500
6 0.777500 0.970000 0.022500 0.012500
6 0.772500 0.982500 0.025000 0.007500
6 0.905000 0.992500 0.010000 0.015000
6 0.862500 0.991250 0.012500 0.022500
6 0.297500 0.375000 0.015000 0.025000
6 0.326250 0.405000 0.025000 0.012500
6 0.316250 0.426250 0.020000 0.012500
6 0.300000 0.436250 0.010000 0.027500
6 0.325000 0.443750 0.015000 0.020000
6 0.311250 0.442500 0.010000 0.017500
6 0.248750 0.368750 0.020000 0.012500
6 0.305000 0.326250 0.012500 0.020000
6 0.303750 0.345000 0.012500 0.020000
6 0.750000 0.165000 0.020000 0.037500
6 0.747500 0.223750 0.012500 0.020000
6 0.718750 0.246250 0.020000 0.015000
6 0.736250 0.097500 0.010000 0.017500
6 0.811250 0.381250 0.027500 0.042500
6 0.882500 0.313750 0.012500 0.020000
6 0.865000 0.570000 0.017500 0.020000
6 0.820000 0.543750 0.010000 0.020000
6 0.621250 0.535000 0.022500 0.017500
6 0.906250 0.408750 0.012500 0.015000
6 0.845000 0.701250 0.025000 0.017500
6 0.892500 0.735000 0.012500 0.015000
6 0.878750 0.753750 0.010000 0.015000
6 0.897500 0.777500 0.010000 0.017500
6 0.952500 0.735000 0.015000 0.025000
6 0.971250 0.696250 0.020000 0.015000
6 0.972500 0.710000 0.017500 0.012500
6 0.971250 0.730000 0.020000 0.020000
6 0.940000 0.801250 0.010000 0.020000
6 0.925000 0.831250 0.010000 0.017500
6 0.933750 0.858750 0.012500 0.020000
6 0.932500 0.735000 0.017500 0.020000
6 0.946250 0.647500 0.012500 0.020000
6 0.930000 0.650000 0.012500 0.015000
6 0.918750 0.362500 0.010000 0.015000
6 0.901250 0.446250 0.012500 0.022500
6 0.925000 0.558750 0.017500 0.025000
6 0.945000 0.695000 0.015000 0.022500
6 0.891250 0.257500 0.012500 0.015000
6 0.730000 0.355000 0.015000 0.012500
6 0.476250 0.443750 0.015000 0.015000
6 0.197500 0.410000 0.017500 0.010000
6 0.066250 0.898750 0.017500 0.012500
6 0.017500 0.918750 0.020000 0.012500
6 0.010000 0.926250 0.020000 0.007500
6 0.005000 0.948750 0.015000 0.017500
6 0.063750 0.918750 0.022500 0.012500
6 0.036250 0.922500 0.012500 0.015000
6 0.956250 0.565000 0.017500 0.035000
6 0.870000 0.223750 0.012500 0.015000
6 0.103750 0.847500 0.020000 0.037500
