6 0.770000 0.285000 0.040000 0.067500
6 0.888750 0.132500 0.020000 0.012500
6 0.878750 0.151250 0.015000 0.010000
6 0.870000 0.156250 0.020000 0.012500
6 0.866250 0.165000 0.020000 0.012500
6 0.927500 0.166250 0.020000 0.012500
6 0.918750 0.173750 0.022500 0.012500
6 0.903750 0.180000 0.020000 0.015000
6 0.896250 0.188750 0.022500 0.015000
6 0.880000 0.195000 0.022500 0.015000
6 0.872500 0.202500 0.022500 0.017500
6 0.848750 0.155000 0.022500 0.027500
6 0.925000 0.106250 0.012500 0.017500
6 0.871250 0.093750 0.022500 0.017500
6 0.886250 0.068750 0.022500 0.017500
6 0.725000 0.181250 0.020000 0.025000
6 0.710000 0.216250 0.020000 0.025000
6 0.456250 0.163750 0.015000 0.017500
6 0.452500 0.185000 0.015000 0.020000
6 0.465000 0.166250 0.015000 0.017500
6 0.473750 0.173750 0.012500 0.015000
6 0.513750 0.255000 0.062500 0.010000
6 0.486250 0.118750 0.015000 0.017500
6 0.498750 0.122500 0.015000 0.017500
6 0.510000 0.125000 0.015000 0.017500
6 0.528750 0.133750 0.015000 0.020000
6 0.537500 0.137500 0.017500 0.020000
6 0.550000 0.140000 0.017500 0.020000
6 0.562500 0.146250 0.015000 0.020000
6 0.573750 0.148750 0.012500 0.022500
6 0.583750 0.155000 0.015000 0.015000
6 0.612500 0.166250 0.015000 0.017500
6 0.800000 0.361250 0.022500 0.047500
6 0.276250 0.375000 0.015000 0.015000
6 0.651250 0.861250 0.020000 0.017500
6 0.880000 0.705000 0.050000 0.035000
6 0.956250 0.680000 0.052500 0.025000
6 0.810000 0.642500 0.052500 0.032500
