6 0.013750 0.112500 0.012500 0.025000
6 0.022500 0.110000 0.012500 0.027500
6 0.008750 0.022500 0.020000 0.017500
6 0.081250 0.003750 0.022500 0.015000
6 0.068750 0.008750 0.022500 0.015000
6 0.070000 0.018750 0.022500 0.015000
6 0.088750 0.032500 0.030000 0.020000
6 0.095000 0.041250 0.020000 0.010000
6 0.068750 0.032500 0.022500 0.015000
6 0.103750 0.087500 0.022500 0.015000
6 0.073750 0.095000 0.010000 0.015000
6 0.067500 0.097500 0.010000 0.015000
6 0.062500 0.087500 0.025000 0.012500
6 0.083750 0.078750 0.022500 0.015000
6 0.095000 0.055000 0.025000 0.017500
6 0.097500 0.063750 0.022500 0.015000
6 0.103750 0.073750 0.025000 0.017500
6 0.048750 0.060000 0.025000 0.015000
6 0.048750 0.070000 0.035000 0.015000
6 0.075000 0.063750 0.025000 0.015000
6 0.053750 0.026250 0.017500 0.012500
6 0.015000 0.016250 0.015000 0.015000
6 0.051250 0.078750 0.020000 0.010000
6 0.082500 0.088750 0.010000 0.017500
6 0.051250 0.048750 0.020000 0.010000
6 0.027500 0.000000 0.012500 0.017500
6 0.031250 0.023750 0.010000 0.015000
6 0.050000 0.018750 0.017500 0.012500
6 0.088750 0.023750 0.017500 0.012500
6 0.087500 0.012500 0.015000 0.010000
6 0.032500 0.108750 0.010000 0.012500
6 0.818750 0.052500 0.020000 0.035000
6 0.063750 0.053750 0.015000 0.010000
