6 0.878750 0.993750 0.032500 0.042500
6 0.861250 0.998750 0.037500 0.045000
6 0.065000 0.883750 0.015000 0.022500
6 0.312500 0.371250 0.012500 0.012500
6 0.383750 0.397500 0.020000 0.017500
6 0.445000 0.418750 0.015000 0.015000
6 0.457500 0.428750 0.020000 0.017500
6 0.471250 0.443750 0.025000 0.022500
6 0.408750 0.406250 0.015000 0.015000
6 0.365000 0.397500 0.017500 0.015000
6 0.381250 0.411250 0.017500 0.020000
6 0.358750 0.428750 0.017500 0.017500
6 0.396250 0.497500 0.017500 0.022500
6 0.402500 0.487500 0.020000 0.020000
6 0.415000 0.475000 0.020000 0.017500
6 0.420000 0.446250 0.017500 0.012500
6 0.435000 0.438750 0.017500 0.015000
6 0.422500 0.428750 0.015000 0.015000
6 0.447500 0.451250 0.017500 0.017500
6 0.460000 0.462500 0.020000 0.017500
6 0.477500 0.468750 0.022500 0.017500
6 0.445000 0.470000 0.010000 0.010000
6 0.437500 0.486250 0.015000 0.012500
6 0.467500 0.501250 0.015000 0.017500
6 0.456250 0.501250 0.015000 0.015000
6 0.485000 0.483750 0.015000 0.017500
6 0.451250 0.512500 0.017500 0.015000
6 0.461250 0.521250 0.017500 0.020000
6 0.456250 0.527500 0.017500 0.020000
6 0.482500 0.552500 0.017500 0.015000
6 0.475000 0.558750 0.017500 0.017500
6 0.463750 0.562500 0.017500 0.017500
6 0.528750 0.501250 0.017500 0.015000
6 0.526250 0.508750 0.015000 0.015000
6 0.525000 0.556250 0.015000 0.015000
6 0.522500 0.565000 0.015000 0.017500
6 0.491250 0.653750 0.020000 0.015000
6 0.521250 0.648750 0.015000 0.017500
6 0.538750 0.626250 0.017500 0.017500
6 0.535000 0.638750 0.017500 0.020000
6 0.551250 0.642500 0.017500 0.017500
6 0.562500 0.640000 0.015000 0.015000
6 0.591250 0.663750 0.015000 0.020000
6 0.573750 0.697500 0.017500 0.017500
6 0.576250 0.677500 0.022500 0.022500
6 0.570000 0.682500 0.022500 0.022500
6 0.633750 0.667500 0.017500 0.017500
6 0.625000 0.706250 0.015000 0.015000
6 0.631250 0.700000 0.020000 0.020000
6 0.660000 0.757500 0.017500 0.017500
6 0.651250 0.761250 0.017500 0.020000
6 0.651250 0.806250 0.015000 0.020000
6 0.631250 0.792500 0.015000 0.015000
6 0.625000 0.800000 0.017500 0.015000
6 0.618750 0.801250 0.020000 0.020000
6 0.642500 0.811250 0.017500 0.020000
6 0.300000 0.060000 0.022500 0.030000
6 0.157500 0.025000 0.022500 0.020000
6 0.787500 0.975000 0.035000 0.040000
6 0.765000 0.992500 0.040000 0.050000
6 0.773750 0.982500 0.032500 0.045000
6 0.775000 0.942500 0.022500 0.017500
6 0.843750 0.812500 0.050000 0.040000
6 0.707500 0.650000 0.007500 0.007500
6 0.465000 0.477500 0.015000 0.015000
6 0.328750 0.383750 0.015000 0.012500
6 0.581250 0.632500 0.012500 0.010000
6 0.640000 0.790000 0.015000 0.015000
6 0.538750 0.501250 0.012500 0.012500
6 0.721250 0.748750 0.012500 0.012500
6 0.627500 0.826250 0.017500 0.017500
6 0.756250 0.763750 0.010000 0.010000
6 0.748750 0.745000 0.015000 0.017500
6 0.648750 0.691250 0.022500 0.022500
6 0.511250 0.548750 0.017500 0.015000
6 0.371250 0.387500 0.017500 0.015000
6 0.328750 0.372500 0.015000 0.012500
6 0.700000 0.742500 0.017500 0.015000
6 0.512500 0.535000 0.015000 0.012500
6 0.730000 0.823750 0.012500 0.012500
6 0.678750 0.811250 0.012500 0.015000
6 0.660000 0.657500 0.015000 0.012500
6 0.616250 0.663750 0.017500 0.015000
6 0.428750 0.443750 0.015000 0.015000
6 0.706250 0.785000 0.007500 0.010000
6 0.725000 0.766250 0.007500 0.012500
6 0.620000 0.653750 0.010000 0.012500
6 0.611250 0.645000 0.012500 0.010000
6 0.563750 0.618750 0.012500 0.012500
6 0.701250 0.768750 0.012500 0.012500
6 0.772500 0.732500 0.015000 0.012500
6 0.686250 0.672500 0.012500 0.012500
6 0.678750 0.623750 0.015000 0.012500
6 0.591250 0.607500 0.010000 0.010000
6 0.598750 0.616250 0.007500 0.010000
6 0.596250 0.602500 0.007500 0.007500
6 0.576250 0.618750 0.015000 0.012500
6 0.442500 0.478750 0.010000 0.012500
6 0.705000 0.808750 0.017500 0.017500
6 0.660000 0.772500 0.012500 0.012500
6 0.685000 0.805000 0.007500 0.010000
6 0.587500 0.546250 0.010000 0.012500
6 0.526250 0.490000 0.015000 0.012500
6 0.436250 0.460000 0.010000 0.012500
6 0.563750 0.585000 0.010000 0.010000
6 0.680000 0.861250 0.012500 0.015000
6 0.712500 0.707500 0.017500 0.015000
6 0.593750 0.692500 0.020000 0.020000
6 0.678750 0.797500 0.010000 0.010000
6 0.576250 0.725000 0.020000 0.022500
6 0.503750 0.505000 0.015000 0.010000
6 0.463750 0.457500 0.015000 0.015000
6 0.397500 0.396250 0.012500 0.012500
6 0.673750 0.868750 0.015000 0.017500
6 0.677500 0.697500 0.015000 0.017500
6 0.565000 0.850000 0.042500 0.040000
6 0.646250 0.782500 0.015000 0.017500
6 0.683750 0.740000 0.012500 0.012500
6 0.587500 0.595000 0.012500 0.010000
6 0.423750 0.398750 0.015000 0.012500
6 0.435000 0.410000 0.010000 0.012500
6 0.727500 0.805000 0.017500 0.015000
6 0.581250 0.718750 0.012500 0.017500
6 0.591250 0.641250 0.010000 0.010000
6 0.615000 0.567500 0.010000 0.010000
6 0.605000 0.561250 0.012500 0.012500
6 0.617500 0.602500 0.012500 0.010000
6 0.455000 0.478750 0.015000 0.015000
6 0.568750 0.635000 0.012500 0.012500
6 0.765000 0.893750 0.012500 0.012500
6 0.655000 0.685000 0.015000 0.012500
6 0.562500 0.597500 0.012500 0.012500
6 0.651250 0.855000 0.015000 0.017500
6 0.760000 0.722500 0.012500 0.012500
6 0.618750 0.642500 0.012500 0.010000
6 0.563750 0.550000 0.015000 0.015000
6 0.761250 0.875000 0.015000 0.017500
6 0.748750 0.861250 0.015000 0.015000
6 0.708750 0.915000 0.020000 0.017500
6 0.730000 0.945000 0.015000 0.017500
6 0.701250 0.677500 0.015000 0.015000
6 0.653750 0.613750 0.012500 0.015000
6 0.555000 0.670000 0.012500 0.015000
6 0.495000 0.565000 0.015000 0.012500
6 0.583750 0.615000 0.010000 0.010000
6 0.446250 0.430000 0.015000 0.015000
6 0.303750 0.373750 0.015000 0.012500
6 0.300000 0.361250 0.017500 0.012500
6 0.651250 0.601250 0.015000 0.015000
6 0.671250 0.717500 0.012500 0.015000
6 0.695000 0.705000 0.015000 0.015000
6 0.561250 0.655000 0.015000 0.012500
6 0.456250 0.572500 0.012500 0.015000
6 0.741250 0.760000 0.012500 0.012500
6 0.730000 0.747500 0.012500 0.015000
6 0.596250 0.710000 0.010000 0.010000
6 0.543750 0.615000 0.012500 0.012500
6 0.413750 0.420000 0.010000 0.010000
6 0.632500 0.755000 0.015000 0.015000
6 0.600000 0.587500 0.012500 0.012500
6 0.603750 0.608750 0.007500 0.007500
6 0.523750 0.546250 0.012500 0.012500
6 0.688750 0.796250 0.015000 0.015000
6 0.671250 0.787500 0.012500 0.015000
6 0.708750 0.713750 0.015000 0.012500
6 0.617500 0.762500 0.015000 0.017500
6 0.495000 0.601250 0.010000 0.012500
6 0.435000 0.420000 0.010000 0.012500
6 0.600000 0.685000 0.020000 0.020000
6 0.631250 0.767500 0.015000 0.015000
6 0.685000 0.775000 0.007500 0.010000
6 0.598750 0.770000 0.012500 0.017500
6 0.643750 0.636250 0.012500 0.012500
6 0.643750 0.615000 0.010000 0.010000
6 0.752500 0.726250 0.012500 0.015000
6 0.767500 0.738750 0.012500 0.012500
6 0.775000 0.710000 0.012500 0.012500
6 0.725000 0.718750 0.012500 0.012500
6 0.690000 0.666250 0.012500 0.012500
6 0.621250 0.616250 0.007500 0.010000
6 0.592500 0.621250 0.010000 0.010000
6 0.527500 0.613750 0.012500 0.012500
6 0.323750 0.360000 0.012500 0.010000
6 0.347500 0.406250 0.015000 0.015000
6 0.618750 0.686250 0.012500 0.012500
6 0.605000 0.673750 0.012500 0.012500
6 0.610000 0.616250 0.010000 0.010000
6 0.597500 0.595000 0.010000 0.010000
6 0.597500 0.646250 0.007500 0.007500
6 0.403750 0.421250 0.012500 0.015000
6 0.738750 0.846250 0.015000 0.015000
6 0.762500 0.851250 0.012500 0.017500
6 0.641250 0.652500 0.010000 0.012500
6 0.583750 0.561250 0.022500 0.022500
6 0.701250 0.797500 0.010000 0.010000
6 0.691250 0.786250 0.010000 0.015000
6 0.322500 0.387500 0.010000 0.010000
6 0.721250 0.845000 0.012500 0.012500
6 0.726250 0.857500 0.010000 0.015000
6 0.756250 0.752500 0.007500 0.007500
6 0.585000 0.645000 0.012500 0.012500
6 0.580000 0.650000 0.012500 0.010000
6 0.387500 0.443750 0.015000 0.017500
6 0.403750 0.455000 0.017500 0.015000
6 0.372500 0.415000 0.012500 0.010000
6 0.658750 0.800000 0.015000 0.017500
6 0.730000 0.758750 0.007500 0.007500
6 0.753750 0.740000 0.012500 0.015000
6 0.697500 0.775000 0.010000 0.010000
6 0.651250 0.631250 0.015000 0.012500
6 0.476250 0.457500 0.010000 0.010000
6 0.340000 0.383750 0.010000 0.007500
6 0.741250 0.901250 0.017500 0.020000
6 0.682500 0.750000 0.012500 0.012500
6 0.715000 0.690000 0.012500 0.015000
6 0.667500 0.831250 0.012500 0.015000
6 0.313750 0.381250 0.010000 0.007500
6 0.568750 0.580000 0.010000 0.010000
6 0.750000 0.756250 0.010000 0.010000
6 0.646250 0.743750 0.010000 0.012500
6 0.521250 0.586250 0.012500 0.012500
6 0.487500 0.603750 0.012500 0.015000
6 0.457500 0.492500 0.012500 0.012500
6 0.776250 0.905000 0.015000 0.015000
6 0.752500 0.836250 0.017500 0.017500
6 0.732500 0.737500 0.010000 0.012500
6 0.696250 0.726250 0.012500 0.012500
6 0.645000 0.677500 0.010000 0.010000
6 0.596250 0.656250 0.015000 0.015000
6 0.577500 0.565000 0.012500 0.010000
6 0.738750 0.805000 0.010000 0.012500
6 0.740000 0.792500 0.015000 0.017500
6 0.750000 0.791250 0.015000 0.017500
6 0.710000 0.762500 0.015000 0.017500
6 0.713750 0.755000 0.012500 0.015000
6 0.621250 0.712500 0.012500 0.015000
6 0.520000 0.531250 0.010000 0.012500
6 0.407500 0.395000 0.015000 0.015000
6 0.456250 0.470000 0.015000 0.017500
6 0.668750 0.641250 0.012500 0.015000
6 0.691250 0.712500 0.015000 0.015000
6 0.647500 0.833750 0.015000 0.017500
6 0.756250 0.797500 0.012500 0.017500
6 0.705000 0.723750 0.015000 0.017500
6 0.667500 0.768750 0.012500 0.015000
6 0.606250 0.652500 0.010000 0.010000
6 0.577500 0.596250 0.012500 0.012500
6 0.392500 0.422500 0.015000 0.015000
6 0.332500 0.396250 0.015000 0.015000
6 0.588750 0.575000 0.012500 0.010000
6 0.581250 0.550000 0.007500 0.007500
6 0.487500 0.570000 0.017500 0.015000
6 0.431250 0.502500 0.010000 0.015000
6 0.452500 0.446250 0.007500 0.010000
6 0.371250 0.453750 0.017500 0.015000
6 0.500000 0.538750 0.007500 0.010000
6 0.393750 0.503750 0.017500 0.012500
6 0.361250 0.372500 0.007500 0.010000
6 0.683750 0.682500 0.012500 0.010000
6 0.607500 0.602500 0.007500 0.005000
6 0.513750 0.608750 0.010000 0.017500
6 0.720000 0.661250 0.005000 0.007500
6 0.386250 0.463750 0.015000 0.012500
6 0.370000 0.376250 0.007500 0.010000
6 0.988750 0.925000 0.040000 0.065000
6 0.660000 0.851250 0.017500 0.012500
6 0.608750 0.787500 0.017500 0.015000
6 0.657500 0.708750 0.012500 0.010000
6 0.442500 0.538750 0.012500 0.012500
6 0.613750 0.610000 0.007500 0.010000
6 0.480000 0.531250 0.012500 0.015000
6 0.442500 0.517500 0.010000 0.015000
6 0.480000 0.491250 0.015000 0.012500
6 0.372500 0.471250 0.012500 0.012500
6 0.582500 0.695000 0.007500 0.010000
6 0.531250 0.692500 0.015000 0.010000
6 0.425000 0.525000 0.012500 0.020000
6 0.415000 0.451250 0.010000 0.012500
6 0.427500 0.487500 0.007500 0.002500
6 0.736250 0.767500 0.007500 0.007500
6 0.680000 0.690000 0.010000 0.012500
6 0.496250 0.521250 0.010000 0.012500
6 0.402500 0.476250 0.012500 0.015000
6 0.548750 0.721250 0.030000 0.027500
6 0.561250 0.665000 0.005000 0.007500
6 0.687500 0.841250 0.007500 0.015000
6 0.431250 0.470000 0.015000 0.015000
6 0.635000 0.727500 0.012500 0.015000
6 0.673750 0.658750 0.010000 0.010000
6 0.538750 0.671250 0.012500 0.010000
6 0.531250 0.643750 0.017500 0.017500
6 0.501250 0.485000 0.015000 0.017500
6 0.357500 0.357500 0.017500 0.020000
6 0.473750 0.583750 0.007500 0.012500
6 0.550000 0.587500 0.010000 0.005000
6 0.756250 0.856250 0.007500 0.005000
6 0.586250 0.668750 0.012500 0.012500
6 0.351250 0.337500 0.012500 0.012500
6 0.345000 0.417500 0.010000 0.010000
6 0.618750 0.737500 0.017500 0.020000
6 0.503750 0.670000 0.015000 0.015000
6 0.540000 0.563750 0.012500 0.010000
6 0.762500 0.760000 0.010000 0.007500
6 0.696250 0.638750 0.010000 0.005000
6 0.691250 0.656250 0.007500 0.007500
6 0.533750 0.605000 0.012500 0.010000
6 0.536250 0.576250 0.015000 0.010000
6 0.470000 0.512500 0.010000 0.010000
6 0.278750 0.392500 0.015000 0.015000
6 0.552500 0.608750 0.010000 0.012500
6 0.478750 0.625000 0.015000 0.017500
6 0.606250 0.623750 0.010000 0.010000
6 0.567500 0.537500 0.007500 0.010000
6 0.491250 0.542500 0.010000 0.012500
6 0.381250 0.362500 0.020000 0.015000
6 0.315000 0.363750 0.010000 0.012500
6 0.338750 0.437500 0.010000 0.010000
6 0.360000 0.467500 0.012500 0.012500
6 0.463750 0.547500 0.012500 0.015000
6 0.462500 0.445000 0.010000 0.012500
6 0.271250 0.405000 0.015000 0.015000
6 0.298750 0.381250 0.015000 0.020000
6 0.563750 0.607500 0.007500 0.007500
6 0.445000 0.553750 0.012500 0.015000
6 0.613750 0.700000 0.010000 0.010000
6 0.487500 0.460000 0.017500 0.020000
6 0.661250 0.787500 0.007500 0.012500
6 0.611250 0.715000 0.015000 0.017500
6 0.670000 0.737500 0.012500 0.012500
6 0.645000 0.768750 0.012500 0.012500
6 0.532500 0.582500 0.012500 0.017500
6 0.398750 0.460000 0.015000 0.015000
6 0.353750 0.446250 0.015000 0.015000
6 0.537500 0.521250 0.012500 0.012500
6 0.387500 0.431250 0.015000 0.012500
6 0.473750 0.476250 0.010000 0.010000
6 0.543750 0.547500 0.037500 0.025000
6 0.626250 0.578750 0.010000 0.010000
6 0.511250 0.556250 0.010000 0.012500
6 0.372500 0.440000 0.010000 0.010000
6 0.706250 0.836250 0.012500 0.015000
6 0.525000 0.625000 0.015000 0.012500
6 0.483750 0.523750 0.010000 0.010000
6 0.402500 0.410000 0.012500 0.015000
6 0.353750 0.382500 0.017500 0.012500
6 0.693750 0.823750 0.010000 0.012500
6 0.386250 0.386250 0.012500 0.012500
6 0.361250 0.420000 0.015000 0.012500
6 0.363750 0.403750 0.017500 0.017500
6 0.273750 0.376250 0.017500 0.020000
6 0.622500 0.781250 0.010000 0.007500
6 0.627500 0.610000 0.010000 0.007500
6 0.541250 0.513750 0.010000 0.010000
6 0.417500 0.433750 0.010000 0.007500
6 0.323750 0.422500 0.017500 0.015000
6 0.657500 0.721250 0.012500 0.012500
6 0.498750 0.633750 0.015000 0.015000
6 0.311250 0.407500 0.012500 0.015000
6 0.517500 0.601250 0.012500 0.015000
6 0.632500 0.676250 0.017500 0.015000
6 0.535000 0.681250 0.012500 0.012500
6 0.547500 0.655000 0.017500 0.017500
6 0.511250 0.477500 0.015000 0.012500
6 0.291250 0.387500 0.012500 0.012500
