6 0.092500 0.767500 0.020000 0.007500
6 0.173750 0.721250 0.020000 0.012500
6 0.202500 0.796250 0.015000 0.022500
6 0.187500 0.892500 0.010000 0.025000
6 0.178750 0.937500 0.010000 0.017500
6 0.628750 0.883750 0.015000 0.007500
6 0.520000 0.370000 0.010000 0.025000
6 0.497500 0.365000 0.017500 0.010000
6 0.530000 0.402500 0.010000 0.020000
6 0.486250 0.633750 0.022500 0.010000
6 0.603750 0.635000 0.027500 0.017500
6 0.630000 0.633750 0.027500 0.012500
6 0.552500 0.876250 0.017500 0.010000
6 0.011250 0.717500 0.012500 0.020000
