6 0.993750 0.347500 0.020000 0.010000
6 0.278750 0.185000 0.017500 0.015000
6 0.356250 0.997500 0.017500 0.012500
6 0.485000 0.938750 0.017500 0.010000
6 0.441250 0.948750 0.022500 0.010000
6 0.872500 0.591250 0.020000 0.012500
6 0.782500 0.878750 0.022500 0.015000
6 0.857500 0.926250 0.025000 0.017500
6 0.735000 0.996250 0.010000 0.017500
6 0.933750 0.911250 0.017500 0.010000
6 0.563750 0.998750 0.017500 0.012500
6 0.650000 0.978750 0.040000 0.020000
6 0.700000 0.966250 0.027500 0.017500
