6 0.770000 0.465000 0.022500 0.012500
6 0.961250 0.835000 0.010000 0.020000
6 0.946250 0.837500 0.010000 0.022500
6 0.935000 0.842500 0.010000 0.020000
6 0.918750 0.851250 0.022500 0.015000
6 0.921250 0.861250 0.017500 0.015000
6 0.968750 0.926250 0.007500 0.017500
6 0.930000 0.945000 0.022500 0.017500
6 0.832500 0.227500 0.022500 0.012500
6 0.305000 0.931250 0.010000 0.022500
6 0.312500 0.862500 0.015000 0.022500
6 0.372500 0.341250 0.012500 0.027500
6 0.388750 0.383750 0.012500 0.032500
6 0.423750 0.255000 0.025000 0.010000
6 0.370000 0.011250 0.012500 0.020000
6 0.377500 0.141250 0.042500 0.062500
