6 0.400000 0.966250 0.015000 0.070000
6 0.583750 0.942500 0.010000 0.020000
6 0.605000 0.942500 0.007500 0.020000
6 0.402500 0.881250 0.007500 0.017500
6 0.956250 0.363750 0.022500 0.015000
6 0.980000 0.375000 0.015000 0.012500
6 0.797500 0.500000 0.017500 0.015000
6 0.755000 0.516250 0.020000 0.017500
6 0.921250 0.783750 0.022500 0.010000
6 0.615000 0.641250 0.020000 0.015000
6 0.443750 0.706250 0.012500 0.017500
6 0.546250 0.591250 0.020000 0.017500
6 0.443750 0.392500 0.010000 0.020000
6 0.406250 0.441250 0.007500 0.017500
6 0.460000 0.630000 0.012500 0.022500
6 0.426250 0.628750 0.012500 0.020000
6 0.151250 0.855000 0.022500 0.015000
6 0.490000 0.742500 0.032500 0.022500
6 0.187500 0.962500 0.025000 0.022500
6 0.761250 0.428750 0.020000 0.017500
6 0.218750 0.862500 0.025000 0.015000
6 0.310000 0.832500 0.025000 0.017500
6 0.246250 0.833750 0.017500 0.017500
6 0.748750 0.443750 0.032500 0.012500
6 0.348750 0.756250 0.025000 0.022500
6 0.350000 0.851250 0.020000 0.015000
