6 0.357500 0.122500 0.020000 0.010000
6 0.656250 0.047500 0.020000 0.010000
6 0.921250 0.231250 0.010000 0.015000
6 0.716250 0.210000 0.020000 0.012500
6 0.897500 0.395000 0.010000 0.015000
6 0.667500 0.765000 0.012500 0.017500
6 0.660000 0.718750 0.007500 0.015000
6 0.653750 0.695000 0.010000 0.015000
6 0.620000 0.686250 0.010000 0.015000
6 0.563750 0.738750 0.017500 0.010000
6 0.591250 0.767500 0.017500 0.007500
6 0.601250 0.591250 0.010000 0.015000
6 0.493750 0.318750 0.020000 0.010000
6 0.082500 0.316250 0.010000 0.017500
6 0.518750 0.298750 0.020000 0.012500
6 0.056250 0.402500 0.020000 0.015000
6 0.420000 0.760000 0.022500 0.012500
6 0.380000 0.995000 0.012500 0.010000
6 0.138750 0.428750 0.007500 0.015000
