6 0.523750 0.900000 0.012500 0.020000
6 0.503750 0.887500 0.015000 0.017500
6 0.467500 0.882500 0.017500 0.012500
6 0.463750 0.870000 0.012500 0.010000
6 0.427500 0.940000 0.010000 0.020000
6 0.437500 0.968750 0.010000 0.020000
6 0.403750 0.975000 0.010000 0.015000
6 0.397500 0.935000 0.010000 0.022500
6 0.233750 0.921250 0.007500 0.020000
6 0.536250 0.021250 0.015000 0.010000
6 0.481250 0.015000 0.017500 0.010000
6 0.046250 0.102500 0.020000 0.010000
6 0.962500 0.432500 0.035000 0.015000
6 0.590000 0.257500 0.015000 0.010000
6 0.706250 0.188750 0.010000 0.015000
6 0.712500 0.380000 0.005000 0.015000
6 0.705000 0.338750 0.007500 0.010000
6 0.566250 0.421250 0.007500 0.010000
6 0.425000 0.341250 0.007500 0.017500
6 0.167500 0.065000 0.017500 0.007500
6 0.110000 0.076250 0.015000 0.010000
6 0.112500 0.250000 0.010000 0.020000
6 0.015000 0.123750 0.017500 0.010000
6 0.436250 0.403750 0.007500 0.020000
6 0.465000 0.285000 0.015000 0.007500
6 0.390000 0.285000 0.017500 0.007500
6 0.596250 0.463750 0.020000 0.010000
6 0.625000 0.476250 0.015000 0.010000
6 0.557500 0.492500 0.012500 0.007500
6 0.450000 0.471250 0.010000 0.017500
6 0.522500 0.481250 0.015000 0.010000
6 0.678750 0.203750 0.007500 0.015000
6 0.693750 0.286250 0.010000 0.017500
6 0.740000 0.366250 0.007500 0.015000
6 0.746250 0.397500 0.010000 0.017500
6 0.720000 0.422500 0.005000 0.012500
6 0.805000 0.490000 0.012500 0.020000
6 0.825000 0.501250 0.007500 0.017500
6 0.797500 0.476250 0.012500 0.012500
6 0.847500 0.502500 0.017500 0.017500
6 0.832500 0.511250 0.010000 0.017500
6 0.795000 0.520000 0.010000 0.015000
6 0.955000 0.577500 0.027500 0.012500
6 0.965000 0.861250 0.025000 0.015000
6 0.938750 0.865000 0.022500 0.015000
6 0.990000 0.753750 0.020000 0.025000
6 0.780000 0.733750 0.012500 0.020000
