6 0.796250 0.852500 0.020000 0.010000
6 0.661250 0.875000 0.015000 0.007500
6 0.917500 0.815000 0.017500 0.007500
6 0.860000 0.826250 0.015000 0.010000
6 0.765000 0.873750 0.017500 0.010000
6 0.727500 0.865000 0.012500 0.007500
6 0.560000 0.900000 0.017500 0.010000
6 0.628750 0.701250 0.010000 0.015000
6 0.613750 0.703750 0.005000 0.012500
6 0.003750 0.008750 0.022500 0.012500
6 0.267500 0.003750 0.017500 0.012500
6 0.271250 0.065000 0.017500 0.035000
6 0.807500 0.665000 0.017500 0.010000
6 0.771250 0.692500 0.010000 0.015000
6 0.815000 0.695000 0.017500 0.010000
6 0.737500 0.447500 0.010000 0.017500
6 0.700000 0.190000 0.012500 0.017500
6 0.752500 0.598750 0.007500 0.012500
6 0.742500 0.607500 0.015000 0.015000
6 0.708750 0.658750 0.017500 0.007500
6 0.017500 0.732500 0.012500 0.015000
6 0.001250 0.817500 0.017500 0.007500
6 0.120000 0.802500 0.010000 0.017500
