6 0.006250 0.088750 0.085000 0.030000
6 0.091250 0.062500 0.082500 0.042500
6 0.171250 0.027500 0.077500 0.047500
6 0.855000 0.211250 0.015000 0.007500
6 0.865000 0.243750 0.015000 0.007500
6 0.811250 0.198750 0.017500 0.020000
6 0.826250 0.198750 0.017500 0.017500
6 0.908750 0.212500 0.017500 0.022500
6 0.916250 0.202500 0.017500 0.017500
6 0.880000 0.126250 0.027500 0.012500
6 0.942500 0.137500 0.010000 0.020000
6 0.862500 0.075000 0.017500 0.025000
6 0.860000 0.058750 0.012500 0.015000
6 0.843750 0.011250 0.007500 0.015000
6 0.923750 0.036250 0.010000 0.020000
6 0.896250 0.027500 0.022500 0.027500
6 0.605000 0.285000 0.020000 0.015000
6 0.692500 0.286250 0.012500 0.017500
6 0.526250 0.305000 0.017500 0.010000
6 0.905000 0.817500 0.010000 0.015000
6 0.893750 0.815000 0.007500 0.015000
6 0.883750 0.806250 0.012500 0.012500
6 0.866250 0.805000 0.017500 0.012500
6 0.943750 0.746250 0.012500 0.010000
6 0.926250 0.786250 0.012500 0.007500
6 0.771250 0.832500 0.007500 0.017500
6 0.720000 0.845000 0.010000 0.020000
6 0.703750 0.843750 0.010000 0.015000
6 0.691250 0.826250 0.015000 0.012500
6 0.940000 0.771250 0.020000 0.010000
6 0.962500 0.745000 0.017500 0.012500
6 0.597500 0.906250 0.010000 0.017500
6 0.377500 0.588750 0.022500 0.010000
6 0.603750 0.950000 0.010000 0.015000
6 0.643750 0.996250 0.012500 0.017500
6 0.496250 0.832500 0.017500 0.010000
6 0.472500 0.835000 0.020000 0.007500
6 0.451250 0.838750 0.022500 0.010000
6 0.391250 0.848750 0.017500 0.010000
6 0.353750 0.857500 0.017500 0.015000
6 0.323750 0.900000 0.022500 0.010000
6 0.328750 0.915000 0.020000 0.012500
6 0.276250 0.908750 0.012500 0.010000
6 0.237500 0.937500 0.012500 0.017500
6 0.525000 0.825000 0.020000 0.010000
6 0.331250 0.971250 0.015000 0.012500
6 0.270000 0.981250 0.017500 0.010000
6 0.276250 0.990000 0.022500 0.007500
6 0.493750 0.885000 0.012500 0.015000
6 0.455000 0.868750 0.017500 0.010000
6 0.473750 0.886250 0.010000 0.022500
6 0.537500 0.858750 0.017500 0.010000
6 0.032500 0.690000 0.017500 0.007500
6 0.042500 0.708750 0.015000 0.007500
6 0.081250 0.886250 0.012500 0.010000
6 0.776250 0.138750 0.015000 0.020000
