6 0.557500 0.102500 0.052500 0.020000
6 0.623750 0.088750 0.085000 0.030000
6 0.708750 0.062500 0.082500 0.042500
6 0.048750 0.068750 0.082500 0.027500
6 0.788750 0.027500 0.077500 0.047500
6 0.257500 0.388750 0.050000 0.045000
6 0.566250 0.920000 0.025000 0.012500
6 0.995000 0.588750 0.022500 0.010000
6 0.971250 0.857500 0.017500 0.015000
6 0.941250 0.900000 0.022500 0.010000
6 0.946250 0.915000 0.020000 0.012500
6 0.893750 0.908750 0.012500 0.010000
6 0.855000 0.937500 0.012500 0.017500
6 0.948750 0.971250 0.015000 0.012500
6 0.887500 0.981250 0.017500 0.010000
6 0.893750 0.990000 0.022500 0.007500
6 0.582500 0.423750 0.012500 0.007500
6 0.535000 0.430000 0.020000 0.012500
6 0.448750 0.436250 0.015000 0.007500
6 0.426250 0.447500 0.015000 0.007500
6 0.372500 0.468750 0.012500 0.007500
6 0.376250 0.456250 0.020000 0.012500
6 0.247500 0.537500 0.012500 0.020000
6 0.257500 0.537500 0.007500 0.015000
6 0.332500 0.966250 0.017500 0.010000
6 0.231250 0.686250 0.007500 0.010000
6 0.650000 0.690000 0.017500 0.007500
6 0.660000 0.708750 0.015000 0.007500
6 0.392500 0.980000 0.017500 0.010000
6 0.287500 0.707500 0.007500 0.017500
6 0.228750 0.556250 0.010000 0.020000
6 0.156250 0.501250 0.012500 0.010000
6 0.338750 0.478750 0.012500 0.025000
6 0.698750 0.886250 0.012500 0.010000
6 0.133750 0.051250 0.085000 0.027500
6 0.275000 0.782500 0.007500 0.012500
6 0.323750 0.992500 0.010000 0.015000
6 0.287500 0.847500 0.010000 0.015000
6 0.278750 0.801250 0.007500 0.015000
6 0.493750 0.928750 0.017500 0.007500
