6 0.931250 0.368750 0.055000 0.042500
6 0.952500 0.362500 0.060000 0.045000
6 0.443750 0.535000 0.017500 0.040000
6 0.568750 0.547500 0.017500 0.042500
6 0.477500 0.660000 0.055000 0.020000
6 0.436250 0.326250 0.025000 0.015000
6 0.667500 0.318750 0.022500 0.010000
6 0.660000 0.303750 0.017500 0.012500
6 0.863750 0.430000 0.055000 0.017500
6 0.880000 0.390000 0.062500 0.050000
6 0.893750 0.377500 0.055000 0.040000
6 0.906250 0.370000 0.047500 0.040000
6 0.600000 0.093750 0.010000 0.017500
6 0.660000 0.117500 0.010000 0.015000
6 0.610000 0.141250 0.010000 0.015000
6 0.628750 0.138750 0.010000 0.020000
6 0.596250 0.147500 0.010000 0.012500
6 0.586250 0.148750 0.007500 0.015000
6 0.567500 0.153750 0.010000 0.017500
6 0.577500 0.151250 0.010000 0.015000
6 0.527500 0.131250 0.010000 0.017500
6 0.535000 0.167500 0.010000 0.015000
6 0.577500 0.186250 0.010000 0.012500
6 0.595000 0.181250 0.010000 0.012500
6 0.611250 0.180000 0.007500 0.012500
6 0.620000 0.177500 0.007500 0.015000
6 0.677500 0.181250 0.010000 0.015000
6 0.651250 0.187500 0.010000 0.015000
6 0.625000 0.193750 0.010000 0.015000
6 0.646250 0.171250 0.007500 0.015000
6 0.703750 0.213750 0.010000 0.020000
6 0.626250 0.232500 0.007500 0.012500
6 0.635000 0.228750 0.007500 0.017500
6 0.607500 0.235000 0.010000 0.015000
6 0.617500 0.232500 0.007500 0.012500
6 0.572500 0.100000 0.010000 0.012500
6 0.558750 0.037500 0.010000 0.010000
6 0.607500 0.193750 0.007500 0.012500
6 0.598750 0.196250 0.007500 0.010000
6 0.590000 0.197500 0.010000 0.015000
6 0.663750 0.223750 0.007500 0.015000
6 0.677500 0.220000 0.007500 0.012500
6 0.547500 0.150000 0.007500 0.012500
6 0.560000 0.198750 0.010000 0.015000
6 0.838750 0.516250 0.042500 0.017500
