6 0.641250 0.531250 0.037500 0.015000
6 0.836250 0.277500 0.015000 0.005000
6 0.745000 0.108750 0.017500 0.017500
6 0.751250 0.101250 0.010000 0.012500
6 0.755000 0.093750 0.010000 0.010000
6 0.670000 0.200000 0.025000 0.027500
6 0.690000 0.213750 0.020000 0.020000
6 0.860000 0.526250 0.027500 0.017500
6 0.712500 0.552500 0.015000 0.017500
6 0.681250 0.558750 0.015000 0.017500
6 0.590000 0.585000 0.010000 0.015000
6 0.638750 0.587500 0.007500 0.020000
6 0.658750 0.586250 0.010000 0.015000
6 0.667500 0.588750 0.010000 0.017500
6 0.693750 0.587500 0.007500 0.012500
6 0.713750 0.588750 0.010000 0.015000
6 0.490000 0.578750 0.010000 0.020000
6 0.693750 0.556250 0.017500 0.022500
6 0.843750 0.423750 0.020000 0.012500
