6 0.222500 0.206250 0.017500 0.010000
6 0.637500 0.671250 0.017500 0.017500
6 0.842500 0.791250 0.010000 0.025000
6 0.510000 0.100000 0.030000 0.015000
6 0.152500 0.498750 0.027500 0.035000
6 0.502500 0.931250 0.017500 0.017500
6 0.410000 0.953750 0.052500 0.037500
6 0.273750 0.498750 0.015000 0.015000
6 0.653750 0.715000 0.012500 0.022500
6 0.581250 0.000000 0.025000 0.015000
6 0.038750 0.727500 0.020000 0.020000
6 0.426250 0.932500 0.050000 0.040000
6 0.490000 0.237500 0.012500 0.020000
6 0.027500 0.635000 0.007500 0.020000
6 0.407500 0.471250 0.040000 0.012500
