6 0.360000 0.113750 0.010000 0.020000
6 0.443750 0.107500 0.020000 0.010000
6 0.575000 0.276250 0.010000 0.022500
6 0.456250 0.986250 0.015000 0.020000
6 0.428750 0.105000 0.007500 0.017500
6 0.371250 0.111250 0.010000 0.017500
6 0.707500 0.897500 0.020000 0.022500
6 0.572500 0.176250 0.015000 0.030000
6 0.586250 0.272500 0.012500 0.020000
6 0.541250 0.177500 0.020000 0.037500
6 0.451250 0.045000 0.022500 0.012500
6 0.417500 0.898750 0.020000 0.020000
6 0.590000 0.171250 0.015000 0.025000
