6 0.067500 0.166250 0.017500 0.005000
6 0.051250 0.533750 0.017500 0.007500
6 0.045000 0.488750 0.020000 0.010000
6 0.060000 0.460000 0.015000 0.005000
6 0.465000 0.006250 0.020000 0.010000
6 0.532500 0.008750 0.007500 0.012500
6 0.560000 0.003750 0.007500 0.010000
6 0.255000 0.133750 0.010000 0.012500
6 0.246250 0.136250 0.007500 0.015000
6 0.260000 0.150000 0.010000 0.015000
6 0.251250 0.151250 0.007500 0.015000
6 0.236250 0.153750 0.010000 0.017500
6 0.210000 0.138750 0.015000 0.010000
6 0.192500 0.141250 0.012500 0.005000
6 0.218750 0.176250 0.015000 0.007500
6 0.252500 0.185000 0.012500 0.010000
6 0.236250 0.190000 0.012500 0.007500
6 0.220000 0.193750 0.015000 0.010000
6 0.205000 0.195000 0.012500 0.010000
6 0.216250 0.153750 0.010000 0.012500
6 0.237500 0.136250 0.007500 0.015000
6 0.145000 0.173750 0.015000 0.010000
6 0.176250 0.158750 0.015000 0.007500
6 0.180000 0.183750 0.015000 0.010000
6 0.163750 0.185000 0.015000 0.010000
6 0.158750 0.163750 0.015000 0.010000
6 0.140000 0.166250 0.015000 0.010000
6 0.130000 0.177500 0.015000 0.007500
6 0.122500 0.186250 0.015000 0.007500
6 0.127500 0.193750 0.017500 0.007500
6 0.117500 0.213750 0.015000 0.007500
6 0.083750 0.218750 0.015000 0.007500
6 0.110000 0.172500 0.015000 0.005000
6 0.098750 0.182500 0.012500 0.005000
6 0.092500 0.201250 0.015000 0.007500
6 0.071250 0.182500 0.012500 0.007500
6 0.112500 0.163750 0.012500 0.007500
6 0.072500 0.197500 0.012500 0.007500
6 0.101250 0.143750 0.040000 0.017500
6 0.290000 0.266250 0.017500 0.007500
6 0.318750 0.335000 0.042500 0.007500
6 0.693750 0.037500 0.020000 0.010000
6 0.693750 0.045000 0.017500 0.010000
6 0.695000 0.058750 0.017500 0.010000
6 0.100000 0.118750 0.045000 0.017500
6 0.362500 0.330000 0.007500 0.010000
6 0.322500 0.282500 0.012500 0.007500
6 0.250000 0.297500 0.015000 0.007500
6 0.272500 0.181250 0.010000 0.012500
6 0.262500 0.180000 0.007500 0.015000
6 0.135000 0.210000 0.012500 0.007500
6 0.933750 0.108750 0.020000 0.010000
6 0.932500 0.096250 0.017500 0.007500
6 0.912500 0.046250 0.017500 0.012500
6 0.921250 0.053750 0.015000 0.007500
6 0.910000 0.036250 0.015000 0.010000
6 0.908750 0.027500 0.015000 0.010000
6 0.811250 0.032500 0.012500 0.015000
6 0.771250 0.023750 0.010000 0.017500
6 0.753750 0.028750 0.010000 0.017500
6 0.762500 0.045000 0.012500 0.017500
6 0.745000 0.031250 0.012500 0.015000
6 0.741250 0.046250 0.015000 0.017500
6 0.755000 0.083750 0.012500 0.015000
6 0.772500 0.077500 0.010000 0.017500
6 0.675000 0.095000 0.022500 0.012500
6 0.692500 0.091250 0.020000 0.012500
6 0.686250 0.081250 0.022500 0.012500
6 0.700000 0.158750 0.025000 0.010000
6 0.703750 0.168750 0.025000 0.012500
6 0.707500 0.181250 0.020000 0.010000
6 0.728750 0.192500 0.020000 0.010000
6 0.907500 0.233750 0.012500 0.020000
6 0.711250 0.203750 0.020000 0.005000
6 0.713750 0.211250 0.017500 0.007500
6 0.728750 0.200000 0.017500 0.007500
6 0.747500 0.202500 0.017500 0.010000
6 0.102500 0.487500 0.022500 0.007500
6 0.105000 0.470000 0.020000 0.007500
6 0.132500 0.480000 0.017500 0.007500
6 0.156250 0.462500 0.017500 0.010000
6 0.227500 0.467500 0.017500 0.007500
6 0.268750 0.487500 0.015000 0.005000
6 0.272500 0.467500 0.017500 0.010000
6 0.307500 0.466250 0.020000 0.010000
6 0.336250 0.473750 0.022500 0.010000
6 0.346250 0.453750 0.020000 0.010000
6 0.452500 0.446250 0.017500 0.007500
6 0.395000 0.500000 0.012500 0.005000
6 0.552500 0.506250 0.020000 0.010000
6 0.525000 0.490000 0.017500 0.010000
6 0.632500 0.433750 0.020000 0.007500
6 0.706250 0.488750 0.015000 0.007500
6 0.665000 0.467500 0.017500 0.007500
6 0.722500 0.473750 0.017500 0.007500
6 0.641250 0.491250 0.015000 0.007500
6 0.710000 0.430000 0.015000 0.007500
6 0.751250 0.426250 0.017500 0.010000
6 0.845000 0.447500 0.017500 0.007500
6 0.756250 0.446250 0.020000 0.010000
6 0.938750 0.355000 0.015000 0.007500
6 0.956250 0.360000 0.020000 0.007500
6 0.996250 0.100000 0.010000 0.017500
6 0.987500 0.101250 0.007500 0.015000
6 0.921250 0.137500 0.007500 0.015000
6 0.923750 0.083750 0.015000 0.005000
6 0.420000 0.013750 0.020000 0.007500
6 0.357500 0.026250 0.017500 0.007500
6 0.370000 0.060000 0.010000 0.015000
6 0.382500 0.068750 0.010000 0.015000
6 0.375000 0.075000 0.007500 0.012500
6 0.365000 0.073750 0.007500 0.010000
6 0.355000 0.100000 0.010000 0.012500
6 0.358750 0.082500 0.007500 0.012500
6 0.332500 0.115000 0.010000 0.005000
6 0.367500 0.116250 0.007500 0.015000
6 0.368750 0.085000 0.007500 0.010000
6 0.387500 0.085000 0.010000 0.010000
6 0.391250 0.098750 0.010000 0.015000
6 0.383750 0.100000 0.010000 0.015000
6 0.377500 0.111250 0.010000 0.017500
6 0.396250 0.113750 0.010000 0.015000
6 0.387500 0.116250 0.007500 0.012500
6 0.385000 0.130000 0.010000 0.012500
6 0.400000 0.128750 0.007500 0.007500
6 0.407500 0.141250 0.010000 0.012500
6 0.397500 0.142500 0.007500 0.015000
6 0.390000 0.143750 0.007500 0.012500
6 0.380000 0.145000 0.007500 0.012500
6 0.383750 0.161250 0.010000 0.020000
6 0.393750 0.160000 0.010000 0.015000
6 0.402500 0.157500 0.010000 0.015000
6 0.390000 0.176250 0.010000 0.015000
6 0.407500 0.173750 0.010000 0.012500
6 0.421250 0.185000 0.012500 0.015000
6 0.445000 0.178750 0.010000 0.015000
6 0.441250 0.163750 0.007500 0.012500
6 0.455000 0.175000 0.007500 0.012500
6 0.450000 0.161250 0.010000 0.012500
6 0.462500 0.171250 0.010000 0.012500
6 0.457500 0.157500 0.010000 0.015000
6 0.435000 0.146250 0.010000 0.012500
6 0.445000 0.146250 0.007500 0.010000
6 0.453750 0.141250 0.010000 0.012500
6 0.462500 0.143750 0.010000 0.012500
6 0.477500 0.165000 0.007500 0.010000
6 0.488750 0.163750 0.010000 0.012500
6 0.475000 0.151250 0.010000 0.015000
6 0.483750 0.146250 0.010000 0.015000
6 0.491250 0.141250 0.010000 0.015000
6 0.470000 0.137500 0.010000 0.012500
6 0.441250 0.133750 0.012500 0.015000
6 0.447500 0.127500 0.007500 0.012500
6 0.457500 0.128750 0.010000 0.010000
6 0.465000 0.123750 0.010000 0.012500
6 0.486250 0.126250 0.012500 0.015000
6 0.481250 0.111250 0.012500 0.012500
6 0.470000 0.105000 0.010000 0.012500
6 0.460000 0.110000 0.007500 0.012500
6 0.452500 0.116250 0.007500 0.010000
6 0.443750 0.112500 0.010000 0.012500
6 0.436250 0.118750 0.007500 0.010000
6 0.428750 0.126250 0.010000 0.022500
6 0.431250 0.106250 0.010000 0.012500
6 0.438750 0.097500 0.010000 0.012500
6 0.427500 0.095000 0.010000 0.012500
6 0.445000 0.090000 0.010000 0.015000
6 0.433750 0.083750 0.010000 0.012500
6 0.440000 0.075000 0.010000 0.012500
6 0.418750 0.066250 0.010000 0.012500
6 0.422500 0.081250 0.010000 0.015000
6 0.428750 0.070000 0.010000 0.012500
6 0.412500 0.080000 0.010000 0.015000
6 0.435000 0.061250 0.010000 0.012500
6 0.448750 0.072500 0.010000 0.015000
6 0.458750 0.077500 0.010000 0.012500
6 0.428750 0.046250 0.007500 0.012500
6 0.437500 0.047500 0.007500 0.012500
6 0.443750 0.057500 0.012500 0.012500
6 0.450000 0.052500 0.010000 0.012500
6 0.455000 0.037500 0.012500 0.012500
6 0.453750 0.065000 0.007500 0.010000
6 0.462500 0.061250 0.007500 0.010000
6 0.448750 0.102500 0.010000 0.012500
6 0.456250 0.097500 0.010000 0.012500
6 0.462500 0.091250 0.010000 0.012500
6 0.475000 0.097500 0.007500 0.012500
6 0.418750 0.095000 0.010000 0.015000
6 0.422500 0.107500 0.007500 0.012500
6 0.500000 0.186250 0.020000 0.007500
6 0.502500 0.178750 0.015000 0.005000
6 0.535000 0.213750 0.020000 0.007500
6 0.537500 0.220000 0.015000 0.005000
6 0.541250 0.226250 0.017500 0.005000
6 0.545000 0.235000 0.017500 0.007500
6 0.547500 0.248750 0.020000 0.007500
6 0.550000 0.256250 0.020000 0.010000
6 0.531250 0.200000 0.020000 0.007500
6 0.527500 0.192500 0.017500 0.005000
6 0.525000 0.186250 0.017500 0.007500
6 0.556250 0.182500 0.012500 0.015000
6 0.523750 0.178750 0.020000 0.010000
6 0.523750 0.171250 0.020000 0.010000
6 0.516250 0.157500 0.017500 0.007500
6 0.513750 0.150000 0.017500 0.007500
6 0.562500 0.163750 0.010000 0.015000
6 0.570000 0.160000 0.010000 0.015000
6 0.590000 0.153750 0.010000 0.015000
6 0.510000 0.142500 0.015000 0.007500
6 0.511250 0.133750 0.015000 0.005000
6 0.537500 0.123750 0.010000 0.015000
6 0.510000 0.120000 0.015000 0.007500
6 0.507500 0.112500 0.020000 0.005000
6 0.506250 0.102500 0.010000 0.012500
6 0.498750 0.086250 0.010000 0.015000
6 0.525000 0.096250 0.010000 0.012500
6 0.531250 0.108750 0.012500 0.015000
6 0.558750 0.113750 0.012500 0.017500
6 0.543750 0.096250 0.007500 0.012500
6 0.553750 0.100000 0.007500 0.010000
6 0.550000 0.088750 0.007500 0.010000
6 0.538750 0.081250 0.012500 0.015000
6 0.546250 0.075000 0.010000 0.012500
6 0.528750 0.075000 0.007500 0.012500
6 0.485000 0.075000 0.010000 0.012500
6 0.501250 0.066250 0.010000 0.012500
6 0.497500 0.052500 0.007500 0.010000
6 0.488750 0.056250 0.007500 0.012500
6 0.483750 0.040000 0.010000 0.012500
6 0.478750 0.026250 0.007500 0.012500
6 0.488750 0.027500 0.010000 0.012500
6 0.471250 0.083750 0.007500 0.010000
6 0.533750 0.066250 0.010000 0.010000
6 0.541250 0.063750 0.007500 0.010000
6 0.523750 0.061250 0.007500 0.010000
6 0.530000 0.055000 0.010000 0.012500
6 0.538750 0.051250 0.007500 0.010000
6 0.520000 0.048750 0.010000 0.012500
6 0.525000 0.041250 0.010000 0.012500
6 0.532500 0.037500 0.007500 0.010000
6 0.543750 0.038750 0.010000 0.012500
6 0.515000 0.036250 0.007500 0.010000
6 0.582500 0.042500 0.010000 0.012500
6 0.576250 0.030000 0.010000 0.012500
6 0.503750 0.028750 0.010000 0.015000
6 0.515000 0.012500 0.005000 0.010000
6 0.546250 0.021250 0.010000 0.015000
6 0.537500 0.023750 0.010000 0.012500
6 0.528750 0.025000 0.007500 0.012500
6 0.521250 0.030000 0.007500 0.012500
6 0.571250 0.015000 0.007500 0.010000
6 0.408750 0.067500 0.007500 0.010000
6 0.377500 0.037500 0.015000 0.010000
6 0.365000 0.032500 0.015000 0.007500
6 0.380000 0.020000 0.020000 0.010000
6 0.338750 0.028750 0.017500 0.007500
6 0.342500 0.036250 0.017500 0.007500
6 0.372500 0.095000 0.007500 0.007500
6 0.730000 0.207500 0.017500 0.007500
6 0.731250 0.215000 0.017500 0.007500
6 0.713750 0.217500 0.015000 0.005000
6 0.717500 0.225000 0.017500 0.005000
6 0.720000 0.231250 0.017500 0.007500
6 0.738750 0.228750 0.015000 0.005000
6 0.735000 0.237500 0.020000 0.007500
6 0.740000 0.243750 0.017500 0.005000
6 0.727500 0.258750 0.012500 0.005000
6 0.741250 0.263750 0.017500 0.007500
6 0.680000 0.277500 0.010000 0.015000
6 0.670000 0.280000 0.010000 0.012500
6 0.666250 0.267500 0.010000 0.012500
6 0.638750 0.285000 0.010000 0.012500
6 0.647500 0.281250 0.012500 0.017500
6 0.615000 0.291250 0.007500 0.015000
6 0.526250 0.305000 0.017500 0.007500
6 0.581250 0.297500 0.007500 0.010000
6 0.566250 0.288750 0.020000 0.007500
6 0.532500 0.316250 0.007500 0.012500
6 0.522500 0.317500 0.007500 0.012500
6 0.515000 0.318750 0.007500 0.010000
6 0.505000 0.321250 0.007500 0.010000
6 0.496250 0.321250 0.007500 0.007500
6 0.486250 0.321250 0.010000 0.010000
6 0.476250 0.326250 0.007500 0.010000
6 0.468750 0.328750 0.007500 0.012500
6 0.460000 0.330000 0.007500 0.012500
6 0.451250 0.331250 0.010000 0.015000
6 0.441250 0.332500 0.007500 0.010000
6 0.433750 0.335000 0.007500 0.012500
6 0.423750 0.337500 0.007500 0.010000
6 0.415000 0.337500 0.010000 0.010000
6 0.405000 0.341250 0.007500 0.015000
6 0.396250 0.341250 0.010000 0.015000
6 0.387500 0.341250 0.010000 0.015000
6 0.360000 0.312500 0.012500 0.015000
6 0.330000 0.308750 0.012500 0.012500
6 0.323750 0.297500 0.012500 0.005000
6 0.405000 0.303750 0.010000 0.012500
6 0.412500 0.298750 0.012500 0.015000
6 0.420000 0.297500 0.010000 0.015000
6 0.430000 0.295000 0.010000 0.015000
6 0.425000 0.280000 0.010000 0.012500
6 0.412500 0.270000 0.012500 0.017500
6 0.420000 0.265000 0.007500 0.012500
6 0.428750 0.263750 0.010000 0.017500
6 0.406250 0.255000 0.010000 0.012500
6 0.415000 0.252500 0.010000 0.015000
6 0.422500 0.243750 0.012500 0.017500
6 0.387500 0.216250 0.010000 0.012500
6 0.358750 0.242500 0.012500 0.012500
6 0.368750 0.228750 0.010000 0.010000
6 0.351250 0.286250 0.010000 0.012500
6 0.297500 0.300000 0.012500 0.005000
6 0.296250 0.310000 0.015000 0.007500
6 0.348750 0.256250 0.012500 0.010000
6 0.347500 0.268750 0.012500 0.015000
6 0.380000 0.228750 0.012500 0.012500
6 0.365000 0.167500 0.010000 0.012500
6 0.261250 0.348750 0.020000 0.007500
6 0.368750 0.180000 0.007500 0.010000
6 0.380000 0.193750 0.007500 0.012500
6 0.750000 0.211250 0.017500 0.010000
6 0.177500 0.520000 0.050000 0.022500
