6 0.070000 0.032500 0.017500 0.015000
6 0.087500 0.247500 0.020000 0.007500
6 0.043750 0.188750 0.015000 0.007500
6 0.161250 0.267500 0.017500 0.005000
6 0.101250 0.172500 0.020000 0.007500
6 0.107500 0.187500 0.020000 0.007500
6 0.141250 0.225000 0.017500 0.007500
6 0.123750 0.223750 0.017500 0.007500
6 0.122500 0.217500 0.015000 0.007500
6 0.188750 0.338750 0.025000 0.015000
6 0.247500 0.380000 0.017500 0.007500
6 0.303750 0.366250 0.017500 0.012500
6 0.228750 0.330000 0.025000 0.015000
6 0.222500 0.315000 0.017500 0.010000
6 0.216250 0.300000 0.015000 0.012500
6 0.340000 0.286250 0.017500 0.010000
6 0.156250 0.398750 0.017500 0.020000
6 0.175000 0.392500 0.017500 0.017500
6 0.168750 0.172500 0.017500 0.007500
6 0.321250 0.231250 0.022500 0.007500
6 0.181250 0.201250 0.015000 0.005000
6 0.148750 0.240000 0.017500 0.007500
6 0.218750 0.142500 0.010000 0.012500
6 0.380000 0.018750 0.040000 0.017500
6 0.383750 0.031250 0.042500 0.022500
6 0.203750 0.220000 0.022500 0.010000
6 0.190000 0.236250 0.017500 0.010000
6 0.186250 0.160000 0.017500 0.007500
6 0.552500 0.285000 0.020000 0.010000
6 0.607500 0.082500 0.020000 0.007500
6 0.525000 0.032500 0.015000 0.007500
6 0.723750 0.107500 0.020000 0.010000
6 0.636250 0.037500 0.012500 0.007500
6 0.591250 0.041250 0.015000 0.007500
6 0.698750 0.213750 0.012500 0.007500
6 0.326250 0.837500 0.010000 0.015000
6 0.337500 0.868750 0.012500 0.017500
6 0.138750 0.085000 0.022500 0.012500
6 0.388750 0.477500 0.010000 0.020000
6 0.401250 0.480000 0.010000 0.022500
6 0.411250 0.480000 0.012500 0.025000
6 0.473750 0.483750 0.007500 0.012500
6 0.570000 0.487500 0.007500 0.017500
6 0.590000 0.488750 0.007500 0.015000
6 0.606250 0.490000 0.012500 0.015000
6 0.468750 0.282500 0.017500 0.007500
6 0.643750 0.190000 0.017500 0.012500
6 0.626250 0.193750 0.020000 0.015000
6 0.682500 0.108750 0.015000 0.010000
6 0.793750 0.247500 0.020000 0.007500
6 0.475000 0.063750 0.020000 0.007500
6 0.510000 0.053750 0.017500 0.012500
6 0.512500 0.178750 0.015000 0.010000
6 0.515000 0.185000 0.020000 0.007500
6 0.495000 0.181250 0.017500 0.007500
6 0.583750 0.241250 0.010000 0.005000
6 0.451250 0.240000 0.020000 0.007500
6 0.497500 0.198750 0.015000 0.010000
6 0.466250 0.111250 0.020000 0.012500
6 0.496250 0.125000 0.022500 0.010000
6 0.482500 0.152500 0.020000 0.010000
6 0.566250 0.147500 0.017500 0.010000
6 0.571250 0.153750 0.017500 0.010000
6 0.571250 0.162500 0.017500 0.007500
6 0.573750 0.168750 0.020000 0.007500
6 0.612500 0.152500 0.017500 0.012500
6 0.632500 0.155000 0.020000 0.012500
6 0.637500 0.162500 0.017500 0.010000
6 0.695000 0.146250 0.015000 0.007500
6 0.692500 0.201250 0.015000 0.010000
6 0.633750 0.216250 0.015000 0.010000
6 0.607500 0.255000 0.017500 0.007500
6 0.672500 0.253750 0.017500 0.007500
6 0.637500 0.230000 0.020000 0.012500
6 0.550000 0.276250 0.020000 0.007500
6 0.432500 0.191250 0.015000 0.007500
6 0.653750 0.095000 0.017500 0.012500
6 0.593750 0.101250 0.017500 0.010000
6 0.527500 0.103750 0.015000 0.007500
6 0.547500 0.091250 0.015000 0.005000
6 0.546250 0.083750 0.015000 0.005000
6 0.675000 0.143750 0.012500 0.005000
6 0.756250 0.192500 0.020000 0.012500
6 0.766250 0.221250 0.017500 0.007500
6 0.711250 0.202500 0.017500 0.007500
6 0.648750 0.251250 0.020000 0.012500
6 0.675000 0.267500 0.020000 0.010000
6 0.500000 0.650000 0.012500 0.015000
6 0.513750 0.645000 0.010000 0.012500
6 0.557500 0.638750 0.012500 0.017500
6 0.537500 0.640000 0.012500 0.015000
6 0.625000 0.732500 0.015000 0.010000
6 0.645000 0.727500 0.015000 0.010000
6 0.687500 0.716250 0.020000 0.010000
6 0.467500 0.656250 0.007500 0.017500
6 0.455000 0.662500 0.010000 0.012500
6 0.445000 0.663750 0.010000 0.012500
6 0.433750 0.666250 0.010000 0.012500
6 0.422500 0.670000 0.010000 0.012500
6 0.400000 0.675000 0.010000 0.012500
6 0.322500 0.771250 0.017500 0.007500
6 0.300000 0.843750 0.020000 0.005000
6 0.302500 0.851250 0.017500 0.007500
6 0.305000 0.857500 0.017500 0.007500
6 0.333750 0.935000 0.010000 0.007500
6 0.561250 0.122500 0.007500 0.015000
6 0.711250 0.072500 0.012500 0.007500
6 0.401250 0.286250 0.017500 0.010000
6 0.192500 0.175000 0.017500 0.010000
6 0.890000 0.333750 0.020000 0.005000
6 0.883750 0.318750 0.017500 0.007500
6 0.886250 0.326250 0.015000 0.007500
6 0.855000 0.067500 0.015000 0.007500
6 0.857500 0.073750 0.017500 0.007500
6 0.643750 0.002500 0.020000 0.007500
6 0.647500 0.010000 0.020000 0.005000
6 0.246250 0.871250 0.012500 0.020000
6 0.320000 0.890000 0.012500 0.017500
6 0.030000 0.685000 0.010000 0.020000
6 0.852500 0.287500 0.020000 0.005000
6 0.853750 0.293750 0.020000 0.007500
6 0.523750 0.073750 0.012500 0.007500
6 0.605000 0.277500 0.030000 0.015000
6 0.806250 0.292500 0.022500 0.012500
6 0.715000 0.268750 0.022500 0.015000
6 0.731250 0.245000 0.020000 0.015000
6 0.487500 0.295000 0.027500 0.015000
6 0.836250 0.360000 0.022500 0.007500
6 0.842500 0.382500 0.012500 0.010000
6 0.875000 0.297500 0.017500 0.010000
6 0.482500 0.271250 0.020000 0.007500
6 0.377500 0.215000 0.022500 0.010000
6 0.377500 0.223750 0.020000 0.007500
6 0.086250 0.643750 0.015000 0.010000
6 0.086250 0.633750 0.015000 0.010000
6 0.532500 0.235000 0.017500 0.010000
6 0.558750 0.008750 0.020000 0.007500
6 0.520000 0.011250 0.017500 0.007500
6 0.498750 0.016250 0.022500 0.012500
6 0.563750 0.022500 0.017500 0.007500
6 0.565000 0.031250 0.017500 0.010000
6 0.571250 0.037500 0.022500 0.012500
6 0.575000 0.052500 0.017500 0.007500
6 0.580000 0.067500 0.017500 0.007500
6 0.583750 0.072500 0.017500 0.007500
6 0.347500 0.073750 0.020000 0.010000
6 0.332500 0.091250 0.020000 0.007500
6 0.428750 0.121250 0.022500 0.007500
6 0.605000 0.067500 0.020000 0.007500
6 0.446250 0.162500 0.020000 0.010000
6 0.361250 0.160000 0.022500 0.010000
6 0.360000 0.168750 0.020000 0.012500
6 0.372500 0.198750 0.022500 0.012500
6 0.325000 0.242500 0.022500 0.010000
6 0.447500 0.171250 0.017500 0.010000
6 0.451250 0.178750 0.020000 0.010000
6 0.452500 0.187500 0.015000 0.010000
6 0.488750 0.168750 0.017500 0.010000
6 0.503750 0.147500 0.017500 0.007500
6 0.505000 0.153750 0.020000 0.010000
6 0.560000 0.182500 0.020000 0.007500
6 0.556250 0.175000 0.017500 0.010000
6 0.497500 0.188750 0.020000 0.007500
6 0.507500 0.223750 0.017500 0.007500
6 0.530000 0.218750 0.020000 0.007500
6 0.453750 0.247500 0.022500 0.010000
6 0.395000 0.261250 0.020000 0.010000
6 0.515000 0.238750 0.017500 0.007500
6 0.596250 0.228750 0.020000 0.010000
6 0.555000 0.166250 0.020000 0.010000
6 0.552500 0.157500 0.015000 0.007500
6 0.548750 0.151250 0.020000 0.007500
6 0.547500 0.145000 0.020000 0.010000
6 0.497500 0.132500 0.020000 0.010000
6 0.480000 0.137500 0.022500 0.010000
6 0.472500 0.123750 0.020000 0.010000
6 0.441250 0.148750 0.022500 0.010000
6 0.491250 0.112500 0.020000 0.010000
6 0.482500 0.091250 0.020000 0.010000
6 0.538750 0.070000 0.020000 0.010000
6 0.532500 0.047500 0.017500 0.010000
6 0.541250 0.130000 0.022500 0.010000
6 0.538750 0.123750 0.020000 0.007500
6 0.536250 0.116250 0.020000 0.010000
6 0.590000 0.266250 0.020000 0.010000
6 0.568750 0.336250 0.017500 0.010000
6 0.498750 0.316250 0.017500 0.007500
6 0.432500 0.307500 0.020000 0.007500
6 0.416250 0.265000 0.020000 0.010000
6 0.413750 0.257500 0.017500 0.007500
6 0.410000 0.250000 0.020000 0.010000
6 0.357500 0.333750 0.020000 0.012500
6 0.363750 0.293750 0.020000 0.012500
6 0.351250 0.320000 0.017500 0.012500
6 0.325000 0.360000 0.017500 0.010000
6 0.652500 0.265000 0.022500 0.007500
6 0.353750 0.265000 0.022500 0.010000
6 0.382500 0.228750 0.022500 0.007500
6 0.386250 0.188750 0.022500 0.010000
6 0.431250 0.177500 0.022500 0.010000
6 0.461250 0.208750 0.020000 0.007500
6 0.441250 0.213750 0.017500 0.010000
6 0.643750 0.237500 0.020000 0.007500
6 0.662500 0.231250 0.020000 0.007500
6 0.202500 0.381250 0.025000 0.012500
6 0.585000 0.020000 0.017500 0.010000
6 0.621250 0.000000 0.020000 0.007500
6 0.536250 0.240000 0.017500 0.010000
6 0.521250 0.252500 0.015000 0.007500
6 0.701250 0.222500 0.020000 0.007500
6 0.722500 0.225000 0.022500 0.010000
6 0.820000 0.318750 0.022500 0.010000
6 0.155000 0.128750 0.022500 0.007500
6 0.151250 0.123750 0.020000 0.007500
6 0.428750 0.481250 0.007500 0.015000
6 0.420000 0.481250 0.007500 0.015000
6 0.437500 0.481250 0.007500 0.015000
6 0.446250 0.482500 0.007500 0.017500
6 0.456250 0.483750 0.007500 0.015000
6 0.525000 0.485000 0.010000 0.015000
6 0.516250 0.486250 0.010000 0.017500
6 0.533750 0.486250 0.007500 0.015000
6 0.541250 0.486250 0.007500 0.017500
6 0.560000 0.486250 0.010000 0.017500
6 0.578750 0.488750 0.010000 0.015000
6 0.597500 0.488750 0.010000 0.015000
6 0.617500 0.488750 0.007500 0.012500
6 0.537500 0.511250 0.017500 0.005000
6 0.518750 0.502500 0.025000 0.007500
6 0.482500 0.502500 0.020000 0.007500
6 0.573750 0.508750 0.017500 0.007500
6 0.590000 0.506250 0.017500 0.005000
6 0.595000 0.500000 0.015000 0.007500
6 0.625000 0.502500 0.020000 0.007500
6 0.628750 0.512500 0.010000 0.012500
6 0.612500 0.516250 0.012500 0.015000
6 0.587500 0.522500 0.007500 0.015000
6 0.570000 0.526250 0.012500 0.017500
6 0.563750 0.527500 0.012500 0.020000
6 0.553750 0.530000 0.010000 0.017500
6 0.546250 0.532500 0.010000 0.015000
6 0.537500 0.535000 0.010000 0.015000
6 0.528750 0.537500 0.012500 0.015000
6 0.517500 0.526250 0.007500 0.015000
6 0.501250 0.528750 0.010000 0.015000
6 0.490000 0.531250 0.010000 0.015000
6 0.481250 0.532500 0.010000 0.015000
6 0.486250 0.546250 0.010000 0.015000
6 0.495000 0.542500 0.010000 0.017500
6 0.503750 0.540000 0.012500 0.017500
6 0.411250 0.671250 0.010000 0.015000
6 0.478750 0.655000 0.010000 0.017500
6 0.547500 0.638750 0.010000 0.017500
6 0.570000 0.633750 0.012500 0.015000
6 0.598750 0.647500 0.020000 0.010000
6 0.612500 0.633750 0.017500 0.010000
6 0.623750 0.640000 0.017500 0.007500
6 0.626250 0.648750 0.017500 0.007500
6 0.648750 0.642500 0.030000 0.012500
6 0.628750 0.666250 0.017500 0.007500
6 0.635000 0.672500 0.020000 0.007500
6 0.652500 0.662500 0.020000 0.010000
6 0.658750 0.675000 0.017500 0.007500
6 0.668750 0.665000 0.015000 0.007500
6 0.638750 0.696250 0.020000 0.007500
6 0.657500 0.701250 0.020000 0.007500
6 0.660000 0.691250 0.017500 0.007500
6 0.682500 0.686250 0.025000 0.010000
6 0.681250 0.693750 0.020000 0.007500
6 0.680000 0.703750 0.017500 0.007500
6 0.627500 0.716250 0.017500 0.007500
6 0.643750 0.711250 0.020000 0.007500
6 0.646250 0.718750 0.017500 0.007500
6 0.663750 0.716250 0.017500 0.005000
6 0.531250 0.741250 0.012500 0.020000
6 0.517500 0.741250 0.012500 0.017500
6 0.505000 0.702500 0.015000 0.022500
6 0.462500 0.755000 0.020000 0.007500
6 0.448750 0.741250 0.022500 0.007500
6 0.430000 0.738750 0.020000 0.010000
6 0.445000 0.750000 0.020000 0.010000
6 0.445000 0.760000 0.020000 0.007500
6 0.411250 0.742500 0.022500 0.010000
6 0.392500 0.746250 0.022500 0.010000
6 0.412500 0.750000 0.020000 0.010000
6 0.391250 0.763750 0.020000 0.010000
6 0.373750 0.760000 0.020000 0.007500
6 0.426250 0.763750 0.017500 0.010000
6 0.411250 0.767500 0.022500 0.007500
6 0.421250 0.781250 0.022500 0.010000
6 0.391250 0.778750 0.022500 0.007500
6 0.442500 0.767500 0.020000 0.010000
6 0.116250 0.705000 0.020000 0.010000
6 0.127500 0.685000 0.017500 0.010000
6 0.140000 0.657500 0.020000 0.010000
6 0.091250 0.723750 0.010000 0.017500
6 0.081250 0.726250 0.010000 0.017500
6 0.063750 0.731250 0.010000 0.017500
6 0.000000 0.746250 0.012500 0.015000
6 0.342500 0.825000 0.020000 0.010000
6 0.346250 0.846250 0.017500 0.007500
6 0.352500 0.870000 0.020000 0.007500
6 0.366250 0.903750 0.017500 0.007500
6 0.372500 0.923750 0.025000 0.010000
6 0.373750 0.930000 0.022500 0.007500
6 0.477500 0.882500 0.017500 0.010000
6 0.487500 0.907500 0.020000 0.010000
6 0.142500 0.833750 0.010000 0.017500
6 0.178750 0.827500 0.010000 0.017500
6 0.186250 0.826250 0.012500 0.020000
6 0.122500 0.851250 0.020000 0.010000
6 0.158750 0.843750 0.017500 0.010000
6 0.141250 0.845000 0.020000 0.007500
6 0.058750 0.863750 0.025000 0.010000
6 0.260000 0.878750 0.012500 0.017500
6 0.265000 0.891250 0.012500 0.017500
6 0.268750 0.907500 0.015000 0.017500
6 0.280000 0.936250 0.012500 0.017500
6 0.285000 0.950000 0.012500 0.017500
6 0.288750 0.967500 0.012500 0.020000
6 0.085000 0.938750 0.015000 0.010000
6 0.073750 0.905000 0.015000 0.007500
6 0.070000 0.897500 0.015000 0.010000
6 0.066250 0.888750 0.015000 0.010000
6 0.021250 0.903750 0.012500 0.015000
6 0.025000 0.920000 0.012500 0.017500
6 0.011250 0.906250 0.010000 0.015000
6 0.007500 0.925000 0.012500 0.017500
6 0.003750 0.876250 0.010000 0.012500
6 0.510000 0.963750 0.022500 0.007500
6 0.690000 0.872500 0.017500 0.010000
6 0.712500 0.867500 0.015000 0.007500
6 0.732500 0.863750 0.015000 0.010000
6 0.668750 0.877500 0.017500 0.012500
6 0.647500 0.883750 0.017500 0.010000
6 0.625000 0.887500 0.012500 0.007500
6 0.421250 0.143750 0.027500 0.015000
