6 0.123750 0.006250 0.015000 0.007500
6 0.075000 0.050000 0.022500 0.010000
6 0.095000 0.097500 0.007500 0.010000
6 0.148750 0.091250 0.010000 0.015000
6 0.191250 0.082500 0.012500 0.015000
6 0.051250 0.107500 0.010000 0.012500
6 0.061250 0.053750 0.015000 0.007500
6 0.085000 0.063750 0.017500 0.010000
6 0.065000 0.066250 0.022500 0.010000
6 0.135000 0.033750 0.017500 0.007500
6 0.108750 0.025000 0.015000 0.010000
6 0.202500 0.040000 0.015000 0.007500
6 0.185000 0.043750 0.015000 0.007500
6 0.257500 0.023750 0.017500 0.012500
6 0.248750 0.068750 0.012500 0.020000
6 0.137500 0.088750 0.007500 0.010000
6 0.173750 0.082500 0.007500 0.010000
6 0.165000 0.082500 0.005000 0.015000
6 0.106250 0.002500 0.017500 0.007500
6 0.107500 0.010000 0.015000 0.005000
6 0.168750 0.000000 0.017500 0.005000
6 0.040000 0.012500 0.020000 0.007500
6 0.038750 0.003750 0.017500 0.007500
6 0.053750 0.032500 0.017500 0.007500
6 0.170000 0.007500 0.017500 0.007500
6 0.210000 0.080000 0.010000 0.015000
6 0.200000 0.082500 0.010000 0.017500
6 0.043750 0.111250 0.007500 0.015000
6 0.157500 0.090000 0.007500 0.015000
6 0.027500 0.112500 0.010000 0.017500
6 0.130000 0.020000 0.020000 0.007500
6 0.118750 0.037500 0.017500 0.007500
6 0.055000 0.038750 0.020000 0.007500
6 0.130000 0.027500 0.015000 0.007500
6 0.967500 0.002500 0.010000 0.015000
6 0.957500 0.005000 0.007500 0.015000
6 0.985000 0.045000 0.012500 0.015000
