6 0.661250 0.057500 0.020000 0.007500
6 0.661250 0.065000 0.017500 0.010000
6 0.668750 0.126250 0.022500 0.010000
6 0.657500 0.138750 0.020000 0.010000
6 0.656250 0.147500 0.010000 0.007500
6 0.653750 0.162500 0.020000 0.007500
6 0.651250 0.170000 0.015000 0.010000
6 0.598750 0.052500 0.012500 0.015000
6 0.045000 0.326250 0.020000 0.010000
6 0.102500 0.318750 0.015000 0.012500
6 0.118750 0.407500 0.017500 0.007500
6 0.146250 0.480000 0.020000 0.007500
6 0.123750 0.541250 0.015000 0.007500
6 0.041250 0.360000 0.017500 0.007500
6 0.006250 0.400000 0.017500 0.012500
6 0.242500 0.173750 0.017500 0.010000
6 0.250000 0.188750 0.020000 0.010000
6 0.192500 0.210000 0.017500 0.012500
6 0.132500 0.212500 0.020000 0.015000
6 0.011250 0.226250 0.017500 0.007500
6 0.047500 0.218750 0.017500 0.012500
6 0.043750 0.202500 0.020000 0.010000
6 0.000000 0.262500 0.017500 0.010000
6 0.018750 0.311250 0.022500 0.010000
6 0.163750 0.358750 0.020000 0.012500
6 0.263750 0.232500 0.022500 0.010000
6 0.262500 0.218750 0.030000 0.012500
6 0.233750 0.200000 0.020000 0.010000
6 0.231250 0.193750 0.020000 0.010000
6 0.313750 0.360000 0.020000 0.012500
6 0.245000 0.346250 0.020000 0.012500
6 0.233750 0.325000 0.017500 0.012500
6 0.158750 0.283750 0.017500 0.010000
6 0.110000 0.207500 0.020000 0.010000
6 0.197500 0.225000 0.020000 0.012500
6 0.258750 0.257500 0.017500 0.010000
6 0.046250 0.381250 0.020000 0.010000
6 0.377500 0.412500 0.020000 0.010000
6 0.487500 0.327500 0.012500 0.015000
6 0.616250 0.306250 0.007500 0.015000
6 0.587500 0.358750 0.012500 0.015000
6 0.600000 0.365000 0.010000 0.010000
6 0.606250 0.301250 0.007500 0.012500
6 0.597500 0.311250 0.005000 0.012500
6 0.607500 0.315000 0.007500 0.012500
6 0.568750 0.340000 0.007500 0.012500
6 0.276250 0.143750 0.020000 0.007500
6 0.161250 0.172500 0.015000 0.005000
6 0.162500 0.180000 0.015000 0.005000
6 0.166250 0.186250 0.017500 0.005000
6 0.185000 0.188750 0.017500 0.007500
6 0.075000 0.585000 0.022500 0.010000
6 0.151250 0.501250 0.022500 0.010000
6 0.121250 0.415000 0.015000 0.005000
6 0.065000 0.438750 0.020000 0.007500
6 0.158750 0.458750 0.020000 0.007500
6 0.158750 0.467500 0.020000 0.012500
6 0.276250 0.437500 0.017500 0.010000
6 0.278750 0.445000 0.017500 0.007500
6 0.091250 0.330000 0.020000 0.010000
6 0.123750 0.430000 0.017500 0.007500
6 0.333750 0.421250 0.012500 0.005000
6 0.332500 0.415000 0.017500 0.010000
6 0.025000 0.442500 0.012500 0.007500
6 0.030000 0.447500 0.017500 0.005000
6 0.095000 0.632500 0.007500 0.010000
6 0.148750 0.626250 0.010000 0.015000
6 0.191250 0.617500 0.012500 0.015000
6 0.051250 0.642500 0.010000 0.012500
6 0.061250 0.588750 0.015000 0.007500
6 0.085000 0.598750 0.017500 0.010000
6 0.065000 0.601250 0.022500 0.010000
6 0.135000 0.568750 0.017500 0.007500
6 0.108750 0.560000 0.015000 0.010000
6 0.202500 0.575000 0.015000 0.007500
6 0.185000 0.578750 0.015000 0.007500
6 0.257500 0.558750 0.017500 0.012500
6 0.248750 0.603750 0.012500 0.020000
6 0.137500 0.623750 0.007500 0.010000
6 0.173750 0.617500 0.007500 0.010000
6 0.165000 0.617500 0.005000 0.015000
6 0.507500 0.382500 0.010000 0.010000
6 0.593750 0.322500 0.010000 0.015000
6 0.575000 0.301250 0.010000 0.015000
6 0.352500 0.473750 0.020000 0.012500
6 0.462500 0.470000 0.017500 0.005000
6 0.190000 0.422500 0.017500 0.005000
6 0.006250 0.275000 0.015000 0.012500
6 0.030000 0.502500 0.017500 0.007500
6 0.105000 0.483750 0.017500 0.007500
6 0.105000 0.491250 0.017500 0.007500
6 0.106250 0.537500 0.017500 0.007500
6 0.107500 0.545000 0.015000 0.005000
6 0.168750 0.535000 0.017500 0.005000
6 0.047500 0.498750 0.017500 0.010000
6 0.057500 0.355000 0.015000 0.010000
6 0.033750 0.347500 0.020000 0.010000
6 0.256250 0.088750 0.020000 0.010000
6 0.257500 0.095000 0.020000 0.007500
6 0.233750 0.153750 0.017500 0.007500
6 0.256250 0.203750 0.020000 0.010000
6 0.251250 0.196250 0.020000 0.007500
6 0.015000 0.303750 0.017500 0.010000
6 0.000000 0.370000 0.015000 0.005000
6 0.003750 0.385000 0.017500 0.007500
6 0.006250 0.391250 0.020000 0.010000
6 0.048750 0.388750 0.020000 0.010000
6 0.093750 0.345000 0.015000 0.007500
6 0.208750 0.427500 0.040000 0.017500
6 0.172500 0.378750 0.020000 0.012500
6 0.240000 0.393750 0.017500 0.010000
6 0.315000 0.371250 0.020000 0.007500
6 0.298750 0.377500 0.020000 0.010000
6 0.262500 0.395000 0.020000 0.007500
6 0.260000 0.388750 0.020000 0.007500
6 0.258750 0.380000 0.017500 0.007500
6 0.246250 0.407500 0.020000 0.010000
6 0.001250 0.206250 0.015000 0.010000
6 0.066250 0.375000 0.020000 0.007500
6 0.040000 0.547500 0.020000 0.007500
6 0.038750 0.538750 0.017500 0.007500
6 0.183750 0.523750 0.020000 0.012500
6 0.267500 0.471250 0.025000 0.010000
6 0.230000 0.480000 0.017500 0.007500
6 0.081250 0.427500 0.017500 0.007500
6 0.151250 0.433750 0.020000 0.010000
6 0.398750 0.005000 0.022500 0.010000
6 0.401250 0.013750 0.020000 0.012500
6 0.386250 0.046250 0.010000 0.020000
6 0.403750 0.060000 0.012500 0.015000
6 0.522500 0.126250 0.010000 0.017500
6 0.542500 0.120000 0.012500 0.017500
6 0.547500 0.136250 0.010000 0.017500
6 0.548750 0.117500 0.010000 0.017500
6 0.378750 0.078750 0.025000 0.010000
6 0.327500 0.068750 0.025000 0.010000
6 0.340000 0.088750 0.020000 0.007500
6 0.272500 0.082500 0.020000 0.010000
6 0.278750 0.091250 0.020000 0.010000
6 0.282500 0.103750 0.020000 0.010000
6 0.262500 0.110000 0.022500 0.010000
6 0.257500 0.103750 0.022500 0.010000
6 0.206250 0.076250 0.017500 0.012500
6 0.190000 0.082500 0.025000 0.010000
6 0.191250 0.087500 0.020000 0.007500
6 0.193750 0.095000 0.020000 0.010000
6 0.213750 0.091250 0.020000 0.007500
6 0.217500 0.106250 0.022500 0.010000
6 0.146250 0.083750 0.022500 0.012500
6 0.150000 0.092500 0.020000 0.010000
6 0.153750 0.107500 0.017500 0.010000
6 0.127500 0.087500 0.022500 0.007500
6 0.136250 0.110000 0.020000 0.007500
6 0.141250 0.123750 0.020000 0.007500
6 0.160000 0.118750 0.017500 0.010000
6 0.166250 0.133750 0.020000 0.007500
6 0.145000 0.131250 0.020000 0.007500
6 0.145000 0.140000 0.022500 0.010000
6 0.091250 0.091250 0.020000 0.010000
6 0.092500 0.107500 0.020000 0.010000
6 0.068750 0.096250 0.022500 0.007500
6 0.090000 0.098750 0.022500 0.012500
6 0.068750 0.102500 0.022500 0.007500
6 0.071250 0.111250 0.025000 0.010000
6 0.073750 0.118750 0.022500 0.010000
6 0.077500 0.125000 0.020000 0.007500
6 0.080000 0.132500 0.020000 0.010000
6 0.100000 0.133750 0.020000 0.010000
6 0.082500 0.140000 0.020000 0.010000
6 0.082500 0.147500 0.025000 0.010000
6 0.107500 0.150000 0.020000 0.010000
6 0.083750 0.156250 0.022500 0.012500
6 0.012500 0.065000 0.022500 0.012500
6 0.000000 0.037500 0.020000 0.010000
6 0.022500 0.101250 0.027500 0.012500
6 0.016250 0.133750 0.025000 0.012500
6 0.037500 0.138750 0.022500 0.007500
6 0.048750 0.163750 0.020000 0.010000
6 0.030000 0.168750 0.020000 0.010000
6 0.027500 0.161250 0.022500 0.012500
6 0.026250 0.155000 0.020000 0.010000
6 0.220000 0.165000 0.020000 0.007500
6 0.182500 0.175000 0.020000 0.010000
6 0.166250 0.193750 0.017500 0.010000
6 0.190000 0.196250 0.017500 0.007500
6 0.168750 0.202500 0.020000 0.010000
6 0.176250 0.222500 0.020000 0.012500
6 0.225000 0.178750 0.020000 0.005000
6 0.228750 0.185000 0.020000 0.007500
6 0.281250 0.156250 0.017500 0.007500
6 0.283750 0.163750 0.017500 0.007500
6 0.366250 0.212500 0.017500 0.007500
6 0.262500 0.285000 0.020000 0.012500
6 0.393750 0.285000 0.020000 0.007500
6 0.405000 0.263750 0.020000 0.007500
6 0.455000 0.281250 0.022500 0.010000
6 0.116250 0.228750 0.020000 0.012500
6 0.217500 0.157500 0.017500 0.007500
6 0.106250 0.200000 0.017500 0.007500
6 0.123750 0.197500 0.020000 0.010000
6 0.121250 0.188750 0.020000 0.007500
6 0.098750 0.187500 0.022500 0.007500
6 0.100000 0.180000 0.017500 0.005000
6 0.071250 0.225000 0.020000 0.010000
6 0.067500 0.211250 0.020000 0.007500
6 0.061250 0.197500 0.020000 0.007500
6 0.061250 0.188750 0.017500 0.010000
6 0.007500 0.212500 0.017500 0.007500
6 0.025000 0.262500 0.017500 0.007500
6 0.012500 0.287500 0.020000 0.007500
6 0.023750 0.316250 0.020000 0.010000
6 0.041250 0.367500 0.020000 0.010000
6 0.058750 0.362500 0.017500 0.007500
6 0.062500 0.368750 0.020000 0.010000
6 0.046250 0.373750 0.017500 0.007500
6 0.107500 0.372500 0.020000 0.007500
6 0.018750 0.420000 0.020000 0.010000
6 0.003750 0.377500 0.017500 0.007500
6 0.092500 0.337500 0.017500 0.007500
6 0.008750 0.447500 0.020000 0.010000
6 0.023750 0.435000 0.020000 0.010000
6 0.007500 0.432500 0.020000 0.007500
6 0.065000 0.431250 0.017500 0.007500
6 0.027500 0.331250 0.020000 0.010000
6 0.087500 0.270000 0.017500 0.007500
6 0.168750 0.371250 0.017500 0.010000
6 0.220000 0.341250 0.017500 0.010000
6 0.278750 0.328750 0.022500 0.007500
6 0.232500 0.371250 0.020000 0.010000
6 0.356250 0.361250 0.017500 0.007500
6 0.371250 0.351250 0.017500 0.010000
6 0.267500 0.402500 0.017500 0.007500
6 0.471250 0.326250 0.017500 0.007500
6 0.297500 0.486250 0.017500 0.007500
6 0.290000 0.466250 0.020000 0.007500
6 0.287500 0.458750 0.017500 0.007500
6 0.241250 0.508750 0.022500 0.010000
6 0.346250 0.506250 0.017500 0.007500
6 0.235000 0.495000 0.017500 0.010000
6 0.273750 0.485000 0.017500 0.007500
6 0.253750 0.436250 0.020000 0.010000
6 0.057500 0.411250 0.020000 0.007500
6 0.345000 0.445000 0.020000 0.010000
6 0.325000 0.448750 0.020000 0.007500
6 0.216250 0.445000 0.020000 0.010000
6 0.102500 0.476250 0.020000 0.010000
6 0.178750 0.393750 0.022500 0.010000
6 0.251250 0.358750 0.020000 0.007500
6 0.158750 0.516250 0.020000 0.010000
6 0.163750 0.530000 0.020000 0.007500
6 0.115000 0.503750 0.017500 0.010000
6 0.031250 0.510000 0.017500 0.007500
6 0.100000 0.523750 0.017500 0.005000
6 0.301250 0.385000 0.017500 0.005000
6 0.067500 0.383750 0.017500 0.010000
6 0.013750 0.462500 0.020000 0.010000
6 0.015000 0.468750 0.017500 0.007500
6 0.052500 0.338750 0.017500 0.010000
6 0.098750 0.516250 0.017500 0.010000
6 0.095000 0.507500 0.020000 0.010000
6 0.332500 0.468750 0.017500 0.010000
6 0.025000 0.493750 0.017500 0.010000
6 0.167500 0.480000 0.017500 0.010000
6 0.053750 0.567500 0.017500 0.007500
6 0.026250 0.338750 0.017500 0.010000
6 0.170000 0.542500 0.017500 0.007500
6 0.210000 0.615000 0.010000 0.015000
6 0.200000 0.617500 0.010000 0.017500
6 0.043750 0.646250 0.007500 0.015000
6 0.157500 0.625000 0.007500 0.015000
6 0.027500 0.647500 0.010000 0.017500
6 0.130000 0.555000 0.020000 0.007500
6 0.122500 0.525000 0.017500 0.007500
6 0.118750 0.572500 0.017500 0.007500
6 0.116250 0.511250 0.017500 0.007500
6 0.075000 0.405000 0.017500 0.010000
6 0.001250 0.425000 0.015000 0.007500
6 0.286250 0.350000 0.022500 0.010000
6 0.055000 0.573750 0.020000 0.007500
6 0.088750 0.441250 0.017500 0.007500
6 0.186250 0.415000 0.017500 0.007500
6 0.137500 0.466250 0.017500 0.007500
6 0.101250 0.358750 0.020000 0.010000
6 0.255000 0.372500 0.020000 0.010000
6 0.213750 0.486250 0.017500 0.007500
6 0.130000 0.562500 0.015000 0.007500
6 0.967500 0.537500 0.010000 0.015000
6 0.957500 0.540000 0.007500 0.015000
6 0.985000 0.580000 0.012500 0.015000
