6 0.430000 0.207500 0.007500 0.017500
6 0.431250 0.188750 0.007500 0.015000
6 0.433750 0.173750 0.010000 0.017500
6 0.437500 0.205000 0.005000 0.017500
6 0.450000 0.190000 0.002500 0.017500
6 0.441250 0.187500 0.015000 0.017500
6 0.441250 0.172500 0.007500 0.017500
6 0.450000 0.175000 0.005000 0.022500
6 0.445000 0.161250 0.010000 0.015000
6 0.435000 0.158750 0.007500 0.015000
6 0.445000 0.148750 0.007500 0.015000
6 0.437500 0.145000 0.007500 0.015000
6 0.453750 0.146250 0.007500 0.012500
6 0.448750 0.133750 0.015000 0.017500
6 0.442500 0.120000 0.010000 0.015000
6 0.445000 0.102500 0.010000 0.017500
6 0.455000 0.102500 0.010000 0.017500
6 0.450000 0.191250 0.010000 0.015000
6 0.448750 0.086250 0.010000 0.012500
6 0.463750 0.102500 0.007500 0.017500
6 0.456250 0.088750 0.007500 0.012500
6 0.466250 0.087500 0.010000 0.012500
6 0.460000 0.075000 0.010000 0.015000
6 0.467500 0.075000 0.010000 0.017500
6 0.450000 0.076250 0.010000 0.017500
6 0.862500 0.432500 0.020000 0.015000
6 0.823750 0.466250 0.022500 0.015000
6 0.872500 0.488750 0.015000 0.015000
6 0.546250 0.216250 0.017500 0.012500
6 0.553750 0.150000 0.015000 0.017500
6 0.546250 0.146250 0.012500 0.020000
6 0.566250 0.136250 0.010000 0.017500
6 0.557500 0.136250 0.012500 0.020000
6 0.563750 0.120000 0.012500 0.017500
6 0.438750 0.038750 0.012500 0.015000
6 0.508750 0.046250 0.010000 0.015000
6 0.485000 0.011250 0.010000 0.015000
6 0.250000 0.166250 0.010000 0.015000
6 0.262500 0.161250 0.015000 0.020000
6 0.286250 0.087500 0.012500 0.017500
6 0.281250 0.063750 0.012500 0.020000
6 0.271250 0.116250 0.010000 0.015000
6 0.937500 0.086250 0.010000 0.015000
6 0.943750 0.035000 0.015000 0.020000
6 0.748750 0.110000 0.010000 0.015000
6 0.721250 0.002500 0.012500 0.010000
6 0.945000 0.192500 0.012500 0.017500
6 0.455000 0.158750 0.005000 0.010000
