6 0.013750 0.036250 0.017500 0.012500
6 0.110000 0.048750 0.017500 0.010000
6 0.152500 0.055000 0.017500 0.012500
6 0.145000 0.027500 0.015000 0.010000
6 0.168750 0.027500 0.020000 0.012500
6 0.198750 0.032500 0.020000 0.012500
6 0.221250 0.035000 0.015000 0.010000
6 0.286250 0.042500 0.017500 0.012500
6 0.275000 0.072500 0.017500 0.012500
6 0.365000 0.053750 0.015000 0.010000
6 0.368750 0.066250 0.017500 0.012500
6 0.386250 0.056250 0.015000 0.012500
6 0.430000 0.095000 0.012500 0.012500
6 0.450000 0.065000 0.022500 0.012500
6 0.475000 0.068750 0.015000 0.012500
6 0.497500 0.105000 0.015000 0.012500
