6 0.122500 0.013750 0.015000 0.007500
6 0.125000 0.028750 0.015000 0.007500
6 0.128750 0.042500 0.017500 0.007500
6 0.133750 0.062500 0.015000 0.007500
6 0.141250 0.091250 0.015000 0.005000
6 0.147500 0.120000 0.015000 0.007500
6 0.148750 0.133750 0.017500 0.007500
6 0.153750 0.148750 0.017500 0.007500
6 0.156250 0.156250 0.015000 0.007500
6 0.160000 0.176250 0.015000 0.007500
6 0.163750 0.197500 0.015000 0.007500
6 0.166250 0.205000 0.015000 0.007500
6 0.166250 0.211250 0.017500 0.007500
6 0.168750 0.217500 0.017500 0.007500
6 0.172500 0.232500 0.015000 0.005000
6 0.173750 0.238750 0.017500 0.007500
6 0.175000 0.246250 0.015000 0.007500
6 0.177500 0.252500 0.017500 0.007500
6 0.178750 0.258750 0.015000 0.005000
6 0.180000 0.266250 0.017500 0.007500
6 0.181250 0.273750 0.015000 0.007500
6 0.183750 0.280000 0.015000 0.005000
6 0.183750 0.287500 0.017500 0.007500
6 0.186250 0.295000 0.015000 0.007500
6 0.187500 0.302500 0.017500 0.007500
6 0.191250 0.310000 0.017500 0.007500
6 0.191250 0.316250 0.017500 0.007500
6 0.192500 0.323750 0.017500 0.007500
6 0.193750 0.330000 0.017500 0.005000
6 0.196250 0.337500 0.017500 0.005000
6 0.197500 0.345000 0.017500 0.007500
6 0.200000 0.351250 0.017500 0.007500
6 0.198750 0.357500 0.017500 0.007500
6 0.202500 0.366250 0.015000 0.007500
6 0.203750 0.372500 0.015000 0.007500
6 0.207500 0.378750 0.015000 0.007500
6 0.208750 0.393750 0.012500 0.007500
6 0.208750 0.386250 0.015000 0.007500
6 0.211250 0.401250 0.020000 0.005000
6 0.211250 0.407500 0.017500 0.007500
6 0.215000 0.415000 0.015000 0.005000
6 0.216250 0.421250 0.015000 0.007500
6 0.216250 0.427500 0.017500 0.005000
6 0.218750 0.435000 0.015000 0.005000
6 0.220000 0.442500 0.015000 0.007500
6 0.222500 0.450000 0.015000 0.007500
6 0.223750 0.456250 0.017500 0.007500
6 0.225000 0.463750 0.015000 0.005000
6 0.225000 0.470000 0.015000 0.007500
6 0.228750 0.478750 0.015000 0.007500
6 0.230000 0.486250 0.015000 0.005000
6 0.232500 0.492500 0.015000 0.007500
6 0.232500 0.500000 0.015000 0.010000
6 0.233750 0.507500 0.017500 0.007500
6 0.236250 0.512500 0.020000 0.007500
6 0.237500 0.520000 0.015000 0.007500
6 0.240000 0.528750 0.017500 0.007500
6 0.161250 0.008750 0.017500 0.005000
6 0.162500 0.021250 0.017500 0.007500
6 0.168750 0.043750 0.017500 0.010000
6 0.170000 0.056250 0.020000 0.010000
6 0.177500 0.093750 0.015000 0.010000
6 0.187500 0.120000 0.017500 0.007500
6 0.187500 0.128750 0.012500 0.007500
6 0.193750 0.153750 0.015000 0.007500
6 0.196250 0.163750 0.015000 0.007500
6 0.198750 0.177500 0.017500 0.010000
6 0.176250 0.006250 0.017500 0.007500
6 0.177500 0.012500 0.020000 0.007500
6 0.181250 0.018750 0.015000 0.005000
6 0.182500 0.026250 0.015000 0.007500
6 0.185000 0.040000 0.020000 0.007500
6 0.187500 0.047500 0.020000 0.007500
6 0.190000 0.053750 0.017500 0.007500
6 0.192500 0.061250 0.017500 0.007500
6 0.192500 0.068750 0.017500 0.007500
6 0.193750 0.075000 0.015000 0.007500
6 0.196250 0.082500 0.020000 0.007500
6 0.200000 0.096250 0.017500 0.007500
6 0.202500 0.102500 0.017500 0.005000
6 0.203750 0.110000 0.017500 0.007500
6 0.206250 0.116250 0.017500 0.005000
6 0.206250 0.123750 0.020000 0.007500
6 0.216250 0.161250 0.017500 0.007500
6 0.217500 0.167500 0.015000 0.007500
6 0.217500 0.173750 0.020000 0.007500
6 0.218750 0.181250 0.020000 0.010000
6 0.221250 0.187500 0.015000 0.005000
6 0.222500 0.193750 0.012500 0.007500
6 0.223750 0.201250 0.015000 0.007500
6 0.201250 0.196250 0.017500 0.007500
6 0.170000 0.225000 0.015000 0.007500
6 0.202500 0.205000 0.020000 0.010000
6 0.225000 0.208750 0.017500 0.007500
6 0.208750 0.218750 0.017500 0.010000
6 0.226250 0.215000 0.017500 0.007500
6 0.230000 0.221250 0.017500 0.007500
6 0.231250 0.228750 0.015000 0.007500
6 0.212500 0.232500 0.017500 0.007500
6 0.211250 0.240000 0.017500 0.007500
6 0.232500 0.236250 0.017500 0.007500
6 0.213750 0.246250 0.015000 0.007500
6 0.232500 0.243750 0.017500 0.007500
6 0.233750 0.250000 0.017500 0.007500
6 0.216250 0.253750 0.017500 0.007500
6 0.233750 0.256250 0.017500 0.007500
6 0.220000 0.261250 0.015000 0.007500
6 0.221250 0.266250 0.020000 0.005000
6 0.238750 0.265000 0.015000 0.005000
6 0.221250 0.273750 0.017500 0.007500
6 0.237500 0.271250 0.017500 0.007500
6 0.241250 0.280000 0.020000 0.007500
6 0.221250 0.281250 0.015000 0.005000
6 0.223750 0.288750 0.015000 0.005000
6 0.242500 0.286250 0.017500 0.005000
6 0.245000 0.293750 0.017500 0.007500
6 0.225000 0.296250 0.017500 0.007500
6 0.227500 0.303750 0.015000 0.005000
6 0.245000 0.300000 0.017500 0.005000
6 0.246250 0.307500 0.015000 0.010000
6 0.228750 0.310000 0.020000 0.007500
6 0.230000 0.317500 0.017500 0.007500
6 0.250000 0.315000 0.015000 0.007500
6 0.231250 0.325000 0.020000 0.010000
6 0.235000 0.331250 0.017500 0.005000
6 0.250000 0.322500 0.015000 0.010000
6 0.252500 0.330000 0.020000 0.007500
6 0.236250 0.338750 0.017500 0.007500
6 0.252500 0.336250 0.015000 0.005000
6 0.237500 0.346250 0.012500 0.007500
6 0.255000 0.343750 0.015000 0.007500
6 0.240000 0.353750 0.015000 0.007500
6 0.257500 0.350000 0.020000 0.010000
6 0.260000 0.356250 0.017500 0.007500
6 0.241250 0.366250 0.017500 0.007500
6 0.261250 0.363750 0.015000 0.010000
6 0.242500 0.375000 0.015000 0.007500
6 0.263750 0.371250 0.020000 0.007500
6 0.245000 0.382500 0.017500 0.007500
6 0.265000 0.378750 0.015000 0.007500
6 0.266250 0.385000 0.017500 0.005000
6 0.268750 0.391250 0.017500 0.007500
6 0.250000 0.395000 0.017500 0.005000
6 0.248750 0.401250 0.017500 0.005000
6 0.270000 0.398750 0.017500 0.010000
6 0.248750 0.408750 0.017500 0.007500
6 0.251250 0.415000 0.015000 0.005000
6 0.253750 0.422500 0.015000 0.005000
6 0.272500 0.418750 0.017500 0.007500
6 0.255000 0.428750 0.017500 0.010000
6 0.275000 0.426250 0.015000 0.007500
6 0.256250 0.436250 0.020000 0.007500
6 0.275000 0.433750 0.017500 0.005000
6 0.277500 0.441250 0.020000 0.007500
6 0.260000 0.443750 0.015000 0.007500
6 0.261250 0.450000 0.020000 0.005000
6 0.280000 0.453750 0.017500 0.007500
6 0.261250 0.458750 0.017500 0.007500
6 0.263750 0.466250 0.012500 0.007500
6 0.282500 0.461250 0.015000 0.010000
6 0.285000 0.470000 0.017500 0.007500
6 0.266250 0.473750 0.015000 0.007500
6 0.267500 0.478750 0.017500 0.007500
6 0.286250 0.476250 0.017500 0.007500
6 0.288750 0.483750 0.015000 0.007500
6 0.268750 0.486250 0.015000 0.005000
6 0.290000 0.490000 0.017500 0.010000
6 0.267500 0.492500 0.017500 0.007500
6 0.268750 0.501250 0.017500 0.007500
6 0.220000 0.006250 0.017500 0.010000
6 0.238750 0.002500 0.017500 0.007500
6 0.240000 0.008750 0.017500 0.007500
6 0.221250 0.013750 0.012500 0.005000
6 0.223750 0.020000 0.015000 0.005000
6 0.241250 0.017500 0.017500 0.007500
6 0.225000 0.035000 0.012500 0.007500
6 0.243750 0.023750 0.017500 0.010000
6 0.242500 0.031250 0.017500 0.007500
6 0.246250 0.038750 0.015000 0.007500
6 0.248750 0.045000 0.015000 0.007500
6 0.232500 0.046250 0.017500 0.007500
6 0.233750 0.055000 0.017500 0.010000
6 0.250000 0.051250 0.015000 0.007500
6 0.235000 0.062500 0.017500 0.007500
6 0.255000 0.057500 0.017500 0.007500
6 0.253750 0.065000 0.017500 0.007500
6 0.255000 0.072500 0.017500 0.007500
6 0.233750 0.083750 0.017500 0.007500
6 0.258750 0.086250 0.017500 0.007500
6 0.237500 0.090000 0.017500 0.007500
6 0.240000 0.096250 0.015000 0.007500
6 0.242500 0.103750 0.017500 0.007500
6 0.261250 0.101250 0.015000 0.007500
6 0.243750 0.110000 0.020000 0.007500
6 0.262500 0.107500 0.015000 0.005000
6 0.262500 0.115000 0.015000 0.007500
6 0.245000 0.117500 0.017500 0.007500
6 0.278750 0.003750 0.017500 0.005000
6 0.280000 0.011250 0.017500 0.007500
6 0.282500 0.017500 0.020000 0.007500
6 0.282500 0.025000 0.017500 0.010000
6 0.285000 0.030000 0.015000 0.007500
6 0.287500 0.037500 0.020000 0.010000
6 0.288750 0.046250 0.020000 0.007500
6 0.291250 0.052500 0.017500 0.007500
6 0.292500 0.058750 0.010000 0.007500
6 0.293750 0.066250 0.015000 0.007500
6 0.295000 0.072500 0.017500 0.007500
6 0.297500 0.080000 0.015000 0.007500
6 0.296250 0.086250 0.015000 0.007500
6 0.298750 0.093750 0.015000 0.007500
6 0.300000 0.101250 0.017500 0.010000
6 0.306250 0.115000 0.017500 0.010000
6 0.301250 0.107500 0.017500 0.007500
6 0.307500 0.121250 0.020000 0.007500
6 0.311250 0.128750 0.020000 0.007500
6 0.313750 0.143750 0.022500 0.007500
6 0.311250 0.136250 0.017500 0.005000
6 0.313750 0.151250 0.017500 0.007500
6 0.315000 0.156250 0.020000 0.007500
6 0.315000 0.163750 0.017500 0.007500
6 0.317500 0.172500 0.015000 0.005000
6 0.323750 0.178750 0.015000 0.005000
6 0.318750 0.185000 0.015000 0.005000
6 0.321250 0.192500 0.017500 0.007500
6 0.325000 0.200000 0.017500 0.007500
6 0.326250 0.207500 0.017500 0.007500
6 0.328750 0.215000 0.015000 0.007500
6 0.332500 0.221250 0.017500 0.010000
6 0.332500 0.228750 0.017500 0.010000
6 0.333750 0.236250 0.015000 0.007500
6 0.338750 0.241250 0.017500 0.007500
6 0.338750 0.248750 0.015000 0.007500
6 0.338750 0.256250 0.017500 0.005000
6 0.340000 0.263750 0.015000 0.007500
6 0.340000 0.270000 0.020000 0.007500
6 0.342500 0.277500 0.017500 0.007500
6 0.270000 0.143750 0.015000 0.007500
6 0.255000 0.152500 0.015000 0.005000
6 0.253750 0.158750 0.015000 0.007500
6 0.270000 0.150000 0.015000 0.005000
6 0.273750 0.157500 0.017500 0.007500
6 0.275000 0.165000 0.017500 0.007500
6 0.256250 0.167500 0.017500 0.007500
6 0.276250 0.171250 0.020000 0.007500
6 0.260000 0.181250 0.015000 0.005000
6 0.280000 0.177500 0.015000 0.007500
6 0.281250 0.185000 0.020000 0.007500
6 0.261250 0.188750 0.012500 0.007500
6 0.283750 0.191250 0.015000 0.007500
6 0.262500 0.195000 0.017500 0.005000
6 0.283750 0.198750 0.017500 0.007500
6 0.265000 0.202500 0.017500 0.007500
6 0.285000 0.207500 0.017500 0.007500
6 0.286250 0.213750 0.015000 0.005000
6 0.268750 0.215000 0.017500 0.007500
6 0.288750 0.220000 0.015000 0.007500
6 0.268750 0.222500 0.015000 0.007500
6 0.287500 0.227500 0.015000 0.005000
6 0.268750 0.231250 0.015000 0.010000
6 0.291250 0.233750 0.015000 0.007500
6 0.290000 0.240000 0.012500 0.007500
6 0.273750 0.243750 0.015000 0.005000
6 0.293750 0.247500 0.020000 0.005000
6 0.276250 0.251250 0.017500 0.007500
6 0.278750 0.258750 0.015000 0.005000
6 0.293750 0.255000 0.017500 0.010000
6 0.280000 0.265000 0.020000 0.007500
6 0.297500 0.262500 0.015000 0.007500
6 0.297500 0.268750 0.020000 0.007500
6 0.280000 0.272500 0.017500 0.007500
6 0.301250 0.276250 0.020000 0.007500
6 0.280000 0.280000 0.017500 0.007500
6 0.285000 0.286250 0.017500 0.007500
6 0.303750 0.283750 0.022500 0.005000
6 0.305000 0.290000 0.020000 0.007500
6 0.287500 0.300000 0.017500 0.007500
6 0.305000 0.297500 0.017500 0.005000
6 0.288750 0.308750 0.017500 0.007500
6 0.307500 0.305000 0.017500 0.007500
6 0.308750 0.312500 0.020000 0.007500
6 0.290000 0.315000 0.017500 0.005000
6 0.292500 0.322500 0.017500 0.007500
6 0.312500 0.320000 0.017500 0.005000
6 0.312500 0.326250 0.020000 0.007500
6 0.293750 0.330000 0.017500 0.007500
6 0.295000 0.335000 0.015000 0.007500
6 0.312500 0.332500 0.017500 0.007500
6 0.315000 0.340000 0.017500 0.005000
6 0.296250 0.343750 0.012500 0.007500
6 0.298750 0.351250 0.015000 0.005000
6 0.317500 0.347500 0.020000 0.007500
6 0.301250 0.357500 0.015000 0.005000
6 0.320000 0.355000 0.020000 0.007500
6 0.303750 0.371250 0.017500 0.010000
6 0.321250 0.361250 0.017500 0.007500
6 0.322500 0.367500 0.012500 0.007500
6 0.325000 0.375000 0.017500 0.007500
6 0.307500 0.383750 0.017500 0.007500
6 0.326250 0.382500 0.020000 0.005000
6 0.328750 0.388750 0.015000 0.005000
6 0.308750 0.391250 0.020000 0.007500
6 0.330000 0.395000 0.015000 0.007500
6 0.331250 0.403750 0.017500 0.007500
6 0.310000 0.400000 0.020000 0.010000
6 0.311250 0.407500 0.017500 0.007500
6 0.333750 0.410000 0.017500 0.005000
6 0.313750 0.413750 0.020000 0.007500
6 0.333750 0.417500 0.017500 0.010000
6 0.313750 0.420000 0.020000 0.007500
6 0.316250 0.427500 0.015000 0.007500
6 0.338750 0.437500 0.015000 0.010000
6 0.336250 0.425000 0.017500 0.007500
6 0.316250 0.433750 0.017500 0.007500
6 0.318750 0.441250 0.017500 0.007500
6 0.341250 0.445000 0.015000 0.007500
6 0.322500 0.447500 0.020000 0.010000
6 0.346250 0.460000 0.015000 0.010000
6 0.323750 0.455000 0.017500 0.005000
6 0.326250 0.462500 0.015000 0.007500
6 0.345000 0.467500 0.017500 0.007500
6 0.326250 0.472500 0.017500 0.007500
6 0.346250 0.473750 0.020000 0.010000
6 0.330000 0.478750 0.017500 0.007500
6 0.348750 0.481250 0.020000 0.007500
6 0.330000 0.485000 0.017500 0.005000
6 0.351250 0.488750 0.017500 0.007500
6 0.332500 0.491250 0.017500 0.005000
6 0.363750 0.367500 0.017500 0.007500
6 0.366250 0.377500 0.017500 0.010000
6 0.366250 0.383750 0.017500 0.007500
6 0.368750 0.390000 0.015000 0.005000
6 0.370000 0.396250 0.020000 0.007500
6 0.377500 0.403750 0.017500 0.007500
6 0.380000 0.410000 0.015000 0.005000
6 0.412500 0.381250 0.010000 0.012500
6 0.382500 0.417500 0.015000 0.007500
6 0.380000 0.425000 0.015000 0.007500
6 0.378750 0.431250 0.017500 0.005000
6 0.381250 0.438750 0.012500 0.007500
6 0.382500 0.445000 0.020000 0.007500
6 0.387500 0.452500 0.020000 0.007500
6 0.388750 0.460000 0.020000 0.010000
6 0.387500 0.468750 0.012500 0.007500
6 0.385000 0.475000 0.015000 0.005000
6 0.245000 0.553750 0.015000 0.007500
6 0.247500 0.562500 0.015000 0.005000
6 0.248750 0.570000 0.020000 0.007500
6 0.250000 0.577500 0.022500 0.007500
6 0.253750 0.590000 0.015000 0.007500
6 0.257500 0.603750 0.015000 0.007500
6 0.260000 0.618750 0.017500 0.010000
6 0.267500 0.647500 0.015000 0.010000
6 0.281250 0.701250 0.017500 0.010000
6 0.282500 0.711250 0.017500 0.007500
6 0.311250 0.662500 0.017500 0.007500
6 0.336250 0.687500 0.020000 0.007500
6 0.320000 0.626250 0.020000 0.010000
6 0.313750 0.596250 0.017500 0.007500
6 0.310000 0.583750 0.017500 0.007500
6 0.308750 0.576250 0.017500 0.005000
6 0.308750 0.567500 0.017500 0.007500
6 0.307500 0.560000 0.020000 0.007500
6 0.305000 0.553750 0.017500 0.005000
6 0.301250 0.546250 0.017500 0.007500
6 0.286250 0.557500 0.020000 0.007500
6 0.288750 0.572500 0.017500 0.007500
6 0.280000 0.535000 0.017500 0.005000
6 0.301250 0.540000 0.020000 0.007500
6 0.280000 0.542500 0.020000 0.007500
6 0.338750 0.526250 0.015000 0.007500
6 0.341250 0.533750 0.017500 0.005000
6 0.343750 0.540000 0.017500 0.007500
6 0.343750 0.547500 0.017500 0.005000
6 0.343750 0.556250 0.017500 0.010000
6 0.350000 0.568750 0.017500 0.005000
6 0.350000 0.575000 0.020000 0.007500
6 0.351250 0.583750 0.017500 0.007500
6 0.358750 0.610000 0.020000 0.007500
6 0.320000 0.617500 0.020000 0.010000
6 0.360000 0.618750 0.017500 0.010000
6 0.360000 0.523750 0.015000 0.007500
6 0.361250 0.530000 0.015000 0.005000
6 0.362500 0.537500 0.017500 0.007500
6 0.366250 0.552500 0.017500 0.010000
6 0.367500 0.558750 0.017500 0.010000
6 0.366250 0.565000 0.015000 0.007500
6 0.370000 0.578750 0.020000 0.007500
6 0.370000 0.586250 0.020000 0.007500
6 0.376250 0.593750 0.017500 0.007500
6 0.377500 0.607500 0.012500 0.007500
6 0.400000 0.555000 0.010000 0.012500
6 0.410000 0.553750 0.012500 0.012500
6 0.418750 0.552500 0.007500 0.012500
6 0.427500 0.551250 0.010000 0.015000
6 0.435000 0.548750 0.010000 0.012500
6 0.442500 0.548750 0.010000 0.015000
6 0.452500 0.545000 0.010000 0.017500
6 0.468750 0.542500 0.007500 0.015000
6 0.412500 0.568750 0.012500 0.015000
6 0.401250 0.571250 0.012500 0.012500
6 0.437500 0.562500 0.010000 0.015000
6 0.463750 0.560000 0.010000 0.012500
6 0.472500 0.558750 0.010000 0.017500
6 0.481250 0.557500 0.007500 0.012500
6 0.492500 0.556250 0.012500 0.012500
6 0.427500 0.516250 0.010000 0.012500
6 0.436250 0.515000 0.007500 0.012500
6 0.445000 0.515000 0.007500 0.012500
6 0.462500 0.513750 0.010000 0.012500
6 0.471250 0.512500 0.010000 0.012500
6 0.365000 0.630000 0.017500 0.010000
6 0.385000 0.642500 0.020000 0.007500
6 0.370000 0.666250 0.015000 0.007500
6 0.411250 0.601250 0.010000 0.012500
6 0.427500 0.597500 0.010000 0.015000
6 0.443750 0.597500 0.007500 0.012500
6 0.432500 0.616250 0.007500 0.015000
6 0.412500 0.618750 0.007500 0.012500
6 0.467500 0.611250 0.010000 0.015000
6 0.500000 0.605000 0.007500 0.012500
6 0.421250 0.651250 0.007500 0.010000
6 0.431250 0.650000 0.010000 0.015000
6 0.457500 0.646250 0.010000 0.015000
6 0.476250 0.660000 0.010000 0.015000
6 0.511250 0.653750 0.010000 0.012500
6 0.525000 0.636250 0.010000 0.012500
6 0.583750 0.635000 0.017500 0.007500
6 0.542500 0.595000 0.010000 0.012500
6 0.530000 0.583750 0.010000 0.012500
6 0.537500 0.545000 0.015000 0.017500
6 0.513750 0.526250 0.015000 0.012500
6 0.497500 0.520000 0.015000 0.012500
6 0.572500 0.576250 0.015000 0.007500
6 0.557500 0.561250 0.012500 0.015000
6 0.411250 0.522500 0.007500 0.010000
6 0.418750 0.517500 0.010000 0.015000
6 0.398750 0.518750 0.010000 0.022500
6 0.526250 0.515000 0.012500 0.010000
6 0.613750 0.563750 0.045000 0.030000
6 0.718750 0.705000 0.007500 0.015000
