6 0.823750 0.212500 0.020000 0.012500
6 0.445000 0.372500 0.010000 0.015000
6 0.047500 0.720000 0.030000 0.007500
4 0.993750 0.213750 0.040000 0.030000
6 0.128750 0.432500 0.035000 0.022500
6 0.736250 0.443750 0.037500 0.010000
6 0.278750 0.485000 0.017500 0.030000
6 0.203750 0.505000 0.020000 0.017500
6 0.097500 0.536250 0.015000 0.017500
6 0.392500 0.456250 0.015000 0.017500
6 0.410000 0.450000 0.012500 0.017500
6 0.270000 0.611250 0.010000 0.022500
6 0.386250 0.585000 0.017500 0.010000
6 0.223750 0.600000 0.007500 0.015000
6 0.418750 0.608750 0.022500 0.010000
6 0.416250 0.623750 0.020000 0.015000
6 0.216250 0.596250 0.007500 0.010000
6 0.171250 0.595000 0.010000 0.020000
6 0.440000 0.402500 0.017500 0.030000
6 0.651250 0.901250 0.022500 0.015000
6 0.080000 0.757500 0.035000 0.012500
6 0.322500 0.471250 0.022500 0.032500
6 0.441250 0.776250 0.047500 0.030000
6 0.333750 0.470000 0.025000 0.037500
6 0.173750 0.511250 0.027500 0.035000
6 0.307500 0.473750 0.027500 0.035000
6 0.156250 0.516250 0.025000 0.032500
6 0.003750 0.565000 0.025000 0.035000
6 0.320000 0.760000 0.045000 0.022500
