6 0.588750 0.167500 0.012500 0.015000
6 0.582500 0.263750 0.010000 0.012500
6 0.542500 0.291250 0.010000 0.015000
6 0.577500 0.297500 0.012500 0.020000
6 0.590000 0.243750 0.010000 0.015000
6 0.566250 0.283750 0.012500 0.015000
6 0.908750 0.003750 0.025000 0.012500
6 0.876250 0.067500 0.020000 0.010000
6 0.827500 0.130000 0.020000 0.010000
6 0.868750 0.080000 0.022500 0.010000
6 0.868750 0.096250 0.020000 0.010000
6 0.987500 0.068750 0.020000 0.007500
6 0.992500 0.050000 0.022500 0.010000
6 0.993750 0.042500 0.020000 0.010000
6 0.993750 0.032500 0.020000 0.010000
6 0.993750 0.020000 0.015000 0.010000
6 0.997500 0.007500 0.015000 0.007500
6 0.833750 0.366250 0.015000 0.007500
6 0.831250 0.357500 0.017500 0.010000
6 0.840000 0.341250 0.020000 0.012500
6 0.838750 0.327500 0.017500 0.010000
6 0.838750 0.318750 0.020000 0.007500
6 0.558750 0.505000 0.010000 0.012500
6 0.593750 0.536250 0.020000 0.010000
6 0.615000 0.538750 0.020000 0.007500
6 0.656250 0.545000 0.015000 0.005000
6 0.753750 0.560000 0.017500 0.010000
6 0.551250 0.593750 0.020000 0.010000
6 0.518750 0.726250 0.010000 0.020000
6 0.050000 0.707500 0.022500 0.010000
6 0.060000 0.732500 0.017500 0.010000
6 0.278750 0.742500 0.022500 0.012500
6 0.132500 0.732500 0.020000 0.010000
6 0.161250 0.726250 0.022500 0.007500
6 0.421250 0.762500 0.020000 0.012500
6 0.496250 0.785000 0.017500 0.012500
6 0.345000 0.761250 0.020000 0.010000
6 0.566250 0.793750 0.020000 0.010000
6 0.997500 0.593750 0.015000 0.007500
6 0.848750 0.281250 0.017500 0.012500
