6 0.593750 0.002500 0.020000 0.010000
6 0.615000 0.005000 0.020000 0.007500
6 0.656250 0.011250 0.015000 0.005000
6 0.753750 0.026250 0.017500 0.010000
6 0.551250 0.060000 0.020000 0.010000
6 0.518750 0.192500 0.010000 0.020000
6 0.050000 0.173750 0.022500 0.010000
6 0.060000 0.198750 0.017500 0.010000
6 0.278750 0.208750 0.022500 0.012500
6 0.132500 0.198750 0.020000 0.010000
6 0.161250 0.192500 0.022500 0.007500
6 0.421250 0.228750 0.020000 0.012500
6 0.496250 0.251250 0.017500 0.012500
6 0.345000 0.227500 0.020000 0.010000
6 0.566250 0.260000 0.020000 0.010000
6 0.703750 0.486250 0.010000 0.017500
6 0.721250 0.487500 0.010000 0.012500
6 0.730000 0.488750 0.010000 0.015000
6 0.777500 0.602500 0.020000 0.007500
6 0.893750 0.477500 0.005000 0.015000
6 0.748750 0.486250 0.010000 0.015000
6 0.997500 0.060000 0.015000 0.007500
6 0.502500 0.717500 0.022500 0.007500
6 0.501250 0.706250 0.022500 0.010000
6 0.117500 0.582500 0.017500 0.007500
6 0.227500 0.515000 0.015000 0.010000
