6 0.170000 0.028750 0.012500 0.012500
6 0.168750 0.027500 0.015000 0.012500
6 0.157500 0.041250 0.025000 0.020000
6 0.143750 0.043750 0.022500 0.025000
6 0.136250 0.053750 0.015000 0.017500
6 0.128750 0.058750 0.022500 0.017500
6 0.103750 0.078750 0.017500 0.020000
6 0.108750 0.095000 0.015000 0.017500
6 0.115000 0.092500 0.015000 0.015000
6 0.123750 0.087500 0.017500 0.020000
6 0.165000 0.058750 0.012500 0.010000
6 0.138750 0.077500 0.015000 0.017500
6 0.117500 0.005000 0.022500 0.022500
6 0.101250 0.018750 0.025000 0.027500
6 0.080000 0.032500 0.020000 0.022500
6 0.070000 0.038750 0.020000 0.020000
6 0.053750 0.046250 0.020000 0.020000
6 0.053750 0.110000 0.017500 0.017500
6 0.068750 0.097500 0.017500 0.022500
6 0.077500 0.095000 0.017500 0.020000
6 0.086250 0.087500 0.015000 0.015000
6 0.170000 0.097500 0.015000 0.012500
6 0.211250 0.070000 0.015000 0.017500
6 0.198750 0.080000 0.015000 0.012500
6 0.161250 0.033750 0.015000 0.012500
6 0.175000 0.048750 0.015000 0.015000
6 0.046250 0.236250 0.015000 0.010000
6 0.062500 0.223750 0.017500 0.012500
6 0.083750 0.211250 0.017500 0.012500
6 0.235000 0.145000 0.012500 0.012500
6 0.307500 0.081250 0.017500 0.012500
6 0.326250 0.081250 0.015000 0.015000
6 0.415000 0.017500 0.010000 0.012500
6 0.846250 0.067500 0.015000 0.015000
6 0.525000 0.106250 0.022500 0.017500
6 0.531250 0.117500 0.025000 0.022500
6 0.708750 0.228750 0.010000 0.010000
6 0.647500 0.128750 0.015000 0.015000
6 0.430000 0.630000 0.012500 0.010000
6 0.176250 0.378750 0.010000 0.010000
6 0.347500 0.207500 0.015000 0.012500
6 0.785000 0.621250 0.015000 0.017500
6 0.385000 0.246250 0.020000 0.015000
6 0.798750 0.636250 0.017500 0.015000
6 0.185000 0.358750 0.022500 0.020000
6 0.611250 0.465000 0.020000 0.015000
6 0.758750 0.595000 0.012500 0.012500
6 0.326250 0.891250 0.025000 0.022500
6 0.226250 0.863750 0.012500 0.012500
6 0.228750 0.431250 0.015000 0.015000
6 0.415000 0.978750 0.020000 0.020000
6 0.568750 0.428750 0.020000 0.020000
6 0.587500 0.033750 0.022500 0.020000
6 0.236250 0.802500 0.022500 0.017500
6 0.602500 0.081250 0.025000 0.017500
6 0.312500 0.483750 0.017500 0.020000
6 0.447500 0.733750 0.020000 0.012500
6 0.442500 0.641250 0.020000 0.017500
6 0.450000 0.707500 0.020000 0.022500
6 0.668750 0.837500 0.022500 0.017500
6 0.703750 0.541250 0.020000 0.017500
6 0.716250 0.552500 0.020000 0.022500
6 0.518750 0.747500 0.017500 0.020000
6 0.872500 0.150000 0.020000 0.017500
6 0.315000 0.876250 0.020000 0.020000
6 0.673750 0.512500 0.020000 0.025000
6 0.057500 0.582500 0.020000 0.020000
6 0.037500 0.560000 0.022500 0.025000
6 0.638750 0.838750 0.017500 0.015000
6 0.468750 0.120000 0.020000 0.022500
6 0.237500 0.411250 0.015000 0.017500
6 0.286250 0.458750 0.015000 0.015000
6 0.150000 0.713750 0.017500 0.015000
6 0.591250 0.745000 0.017500 0.012500
6 0.918750 0.757500 0.015000 0.012500
6 0.196250 0.316250 0.025000 0.020000
6 0.656250 0.828750 0.020000 0.015000
6 0.941250 0.777500 0.020000 0.017500
6 0.636250 0.115000 0.020000 0.015000
6 0.361250 0.532500 0.010000 0.012500
6 0.386250 0.556250 0.017500 0.017500
6 0.463750 0.697500 0.017500 0.015000
6 0.756250 0.925000 0.020000 0.015000
6 0.771250 0.938750 0.015000 0.015000
6 0.981250 0.487500 0.017500 0.020000
6 0.377500 0.573750 0.020000 0.015000
6 0.498750 0.101250 0.022500 0.020000
6 0.472500 0.996250 0.012500 0.017500
6 0.465000 0.635000 0.017500 0.020000
6 0.468750 0.666250 0.020000 0.017500
6 0.661250 0.158750 0.017500 0.017500
6 0.206250 0.381250 0.017500 0.017500
6 0.602500 0.051250 0.017500 0.017500
6 0.940000 0.160000 0.025000 0.020000
6 0.217500 0.418750 0.020000 0.017500
6 0.347500 0.518750 0.017500 0.020000
6 0.658750 0.143750 0.020000 0.012500
6 0.100000 0.667500 0.015000 0.015000
6 0.518750 0.686250 0.020000 0.022500
6 0.993750 0.071250 0.015000 0.020000
6 0.923750 0.147500 0.017500 0.015000
6 0.328750 0.502500 0.015000 0.015000
6 0.540000 0.711250 0.017500 0.015000
6 0.690000 0.826250 0.015000 0.012500
6 0.022500 0.916250 0.015000 0.017500
6 0.496250 0.355000 0.025000 0.015000
6 0.271250 0.443750 0.015000 0.020000
6 0.185000 0.750000 0.017500 0.015000
6 0.685000 0.857500 0.020000 0.015000
6 0.223750 0.398750 0.020000 0.017500
6 0.206250 0.730000 0.020000 0.025000
6 0.478750 0.645000 0.020000 0.015000
6 0.368750 0.932500 0.025000 0.027500
6 0.115000 0.941250 0.020000 0.012500
6 0.373750 0.543750 0.017500 0.017500
6 0.188750 0.713750 0.017500 0.020000
6 0.672500 0.152500 0.012500 0.015000
6 0.363750 0.563750 0.012500 0.015000
6 0.241250 0.763750 0.020000 0.017500
6 0.856250 0.693750 0.012500 0.012500
6 0.397500 0.260000 0.022500 0.020000
6 0.828750 0.667500 0.015000 0.017500
6 0.453750 0.626250 0.020000 0.017500
6 0.547500 0.067500 0.022500 0.017500
6 0.655000 0.493750 0.017500 0.020000
6 0.812500 0.652500 0.015000 0.015000
6 0.215000 0.778750 0.017500 0.017500
6 0.236250 0.880000 0.015000 0.020000
6 0.440000 0.962500 0.022500 0.027500
6 0.377500 0.043750 0.022500 0.017500
6 0.726250 0.565000 0.017500 0.022500
6 0.262500 0.431250 0.027500 0.017500
6 0.403750 0.571250 0.020000 0.015000
6 0.391250 0.586250 0.015000 0.015000
6 0.771250 0.607500 0.015000 0.017500
6 0.300000 0.470000 0.020000 0.012500
6 0.491250 0.660000 0.025000 0.017500
