6 0.862500 0.903750 0.015000 0.012500
6 0.838750 0.930000 0.012500 0.012500
6 0.851250 0.917500 0.012500 0.012500
6 0.858750 0.880000 0.015000 0.010000
6 0.992500 0.778750 0.010000 0.012500
6 0.980000 0.791250 0.010000 0.010000
6 0.967500 0.806250 0.015000 0.012500
6 0.948750 0.807500 0.012500 0.015000
6 0.961250 0.793750 0.010000 0.010000
6 0.877500 0.422500 0.015000 0.010000
6 0.002500 0.883750 0.015000 0.012500
6 0.578750 0.796250 0.015000 0.017500
6 0.041250 0.893750 0.020000 0.012500
6 0.550000 0.271250 0.020000 0.015000
6 0.228750 0.176250 0.020000 0.015000
6 0.047500 0.931250 0.022500 0.012500
6 0.265000 0.475000 0.027500 0.017500
6 0.453750 0.362500 0.022500 0.017500
6 0.667500 0.662500 0.020000 0.020000
6 0.877500 0.907500 0.010000 0.012500
6 0.042500 0.307500 0.017500 0.012500
6 0.143750 0.255000 0.017500 0.015000
6 0.203750 0.195000 0.015000 0.017500
6 0.282500 0.462500 0.022500 0.017500
6 0.065000 0.313750 0.017500 0.020000
6 0.020000 0.321250 0.017500 0.012500
6 0.158750 0.246250 0.022500 0.022500
6 0.743750 0.577500 0.017500 0.015000
6 0.246250 0.511250 0.020000 0.017500
6 0.533750 0.283750 0.017500 0.020000
6 0.021250 0.342500 0.012500 0.012500
6 0.405000 0.073750 0.022500 0.017500
6 0.070000 0.951250 0.015000 0.017500
6 0.232500 0.496250 0.022500 0.015000
6 0.395000 0.381250 0.020000 0.015000
6 0.805000 0.287500 0.017500 0.020000
6 0.643750 0.690000 0.017500 0.020000
6 0.585000 0.788750 0.015000 0.015000
6 0.805000 0.508750 0.030000 0.020000
6 0.317500 0.437500 0.025000 0.020000
6 0.120000 0.250000 0.017500 0.017500
6 0.155000 0.226250 0.015000 0.012500
6 0.251250 0.161250 0.017500 0.015000
6 0.900000 0.883750 0.010000 0.010000
6 0.008750 0.328750 0.015000 0.017500
6 0.032500 0.882500 0.017500 0.015000
6 0.148750 0.997500 0.017500 0.012500
6 0.655000 0.675000 0.017500 0.015000
6 0.667500 0.695000 0.017500 0.015000
6 0.705000 0.648750 0.020000 0.022500
6 0.026250 0.643750 0.025000 0.017500
6 0.227500 0.525000 0.022500 0.012500
6 0.428750 0.357500 0.020000 0.015000
6 0.505000 0.305000 0.022500 0.020000
6 0.131250 0.267500 0.017500 0.020000
6 0.025000 0.906250 0.017500 0.015000
6 0.471250 0.326250 0.027500 0.017500
6 0.833750 0.295000 0.017500 0.020000
6 0.282500 0.162500 0.020000 0.015000
6 0.017500 0.672500 0.022500 0.012500
6 0.425000 0.380000 0.022500 0.020000
6 0.860000 0.471250 0.017500 0.015000
6 0.858750 0.445000 0.025000 0.020000
6 0.520000 0.293750 0.020000 0.017500
6 0.102500 0.287500 0.020000 0.017500
6 0.473750 0.655000 0.020000 0.012500
6 0.375000 0.397500 0.022500 0.017500
6 0.476250 0.305000 0.017500 0.010000
6 0.800000 0.540000 0.017500 0.020000
6 0.243750 0.188750 0.020000 0.012500
6 0.377500 0.092500 0.020000 0.017500
6 0.926250 0.831250 0.012500 0.015000
6 0.455000 0.340000 0.020000 0.012500
6 0.677500 0.678750 0.017500 0.012500
6 0.031250 0.656250 0.017500 0.015000
6 0.826250 0.272500 0.022500 0.017500
6 0.853750 0.271250 0.017500 0.025000
6 0.387500 0.065000 0.020000 0.020000
6 0.560000 0.286250 0.015000 0.015000
6 0.985000 0.768750 0.012500 0.007500
6 0.168750 0.046250 0.017500 0.015000
6 0.095000 0.975000 0.020000 0.015000
6 0.390000 0.082500 0.017500 0.015000
6 0.682500 0.645000 0.015000 0.015000
6 0.728750 0.592500 0.015000 0.017500
6 0.825000 0.942500 0.015000 0.012500
6 0.226250 0.201250 0.017500 0.012500
6 0.023750 0.878750 0.017500 0.015000
