6 0.203750 0.822500 0.030000 0.010000
6 0.236250 0.670000 0.032500 0.032500
6 0.251250 0.643750 0.015000 0.015000
6 0.551250 0.677500 0.017500 0.010000
6 0.547500 0.685000 0.017500 0.010000
6 0.551250 0.695000 0.025000 0.010000
6 0.553750 0.716250 0.022500 0.012500
6 0.513750 0.723750 0.022500 0.010000
6 0.550000 0.725000 0.025000 0.010000
6 0.552500 0.735000 0.027500 0.010000
6 0.555000 0.743750 0.017500 0.007500
6 0.583750 0.757500 0.012500 0.020000
6 0.543750 0.763750 0.017500 0.015000
6 0.555000 0.786250 0.027500 0.012500
6 0.520000 0.778750 0.025000 0.015000
6 0.522500 0.800000 0.017500 0.007500
6 0.560000 0.795000 0.025000 0.005000
6 0.455000 0.826250 0.015000 0.017500
6 0.471250 0.823750 0.015000 0.015000
6 0.515000 0.736250 0.017500 0.007500
6 0.521250 0.791250 0.022500 0.012500
6 0.563750 0.878750 0.010000 0.015000
6 0.601250 0.802500 0.015000 0.020000
6 0.605000 0.853750 0.012500 0.017500
6 0.590000 0.910000 0.020000 0.020000
6 0.461250 0.995000 0.015000 0.012500
6 0.480000 0.545000 0.020000 0.010000
6 0.481250 0.532500 0.017500 0.010000
6 0.410000 0.523750 0.020000 0.007500
6 0.415000 0.585000 0.025000 0.010000
6 0.218750 0.365000 0.015000 0.012500
6 0.257500 0.442500 0.017500 0.012500
6 0.426250 0.415000 0.022500 0.010000
6 0.456250 0.433750 0.025000 0.007500
6 0.556250 0.182500 0.035000 0.060000
6 0.537500 0.206250 0.010000 0.012500
6 0.027500 0.017500 0.020000 0.017500
6 0.731250 0.797500 0.025000 0.007500
6 0.677500 0.817500 0.012500 0.012500
6 0.862500 0.507500 0.017500 0.007500
6 0.575000 0.002500 0.027500 0.010000
6 0.741250 0.043750 0.022500 0.010000
