6 0.461250 0.037500 0.015000 0.012500
6 0.432500 0.101250 0.020000 0.007500
6 0.431250 0.092500 0.025000 0.010000
6 0.487500 0.081250 0.020000 0.010000
6 0.063750 0.626250 0.012500 0.010000
6 0.073750 0.653750 0.007500 0.015000
6 0.123750 0.662500 0.012500 0.022500
6 0.076250 0.757500 0.012500 0.015000
6 0.075000 0.787500 0.017500 0.022500
6 0.093750 0.820000 0.022500 0.007500
6 0.127500 0.826250 0.017500 0.022500
6 0.482500 0.781250 0.012500 0.017500
6 0.495000 0.782500 0.017500 0.015000
6 0.508750 0.782500 0.012500 0.015000
6 0.480000 0.826250 0.027500 0.010000
6 0.671250 0.722500 0.010000 0.015000
6 0.635000 0.657500 0.015000 0.017500
6 0.653750 0.605000 0.015000 0.025000
6 0.633750 0.521250 0.012500 0.015000
6 0.651250 0.370000 0.020000 0.027500
6 0.438750 0.786250 0.017500 0.022500
6 0.463750 0.783750 0.020000 0.027500
6 0.373750 0.773750 0.015000 0.020000
6 0.355000 0.781250 0.020000 0.020000
6 0.338750 0.786250 0.020000 0.017500
6 0.621250 0.285000 0.007500 0.015000
6 0.483750 0.132500 0.010000 0.015000
6 0.153750 0.920000 0.050000 0.012500
6 0.172500 0.828750 0.010000 0.012500
6 0.143750 0.830000 0.012500 0.012500
6 0.303750 0.498750 0.022500 0.022500
6 0.766250 0.276250 0.017500 0.010000
6 0.748750 0.088750 0.040000 0.012500
