6 0.997500 0.270000 0.012500 0.015000
6 0.981250 0.278750 0.010000 0.017500
6 0.967500 0.287500 0.012500 0.020000
6 0.977500 0.295000 0.015000 0.015000
6 0.990000 0.303750 0.012500 0.015000
6 0.913750 0.242500 0.022500 0.007500
6 0.921250 0.291250 0.015000 0.012500
6 0.822500 0.277500 0.017500 0.017500
6 0.802500 0.273750 0.015000 0.017500
6 0.785000 0.270000 0.015000 0.015000
6 0.770000 0.266250 0.012500 0.017500
6 0.758750 0.262500 0.012500 0.017500
6 0.745000 0.260000 0.012500 0.017500
6 0.883750 0.316250 0.012500 0.010000
6 0.857500 0.315000 0.012500 0.015000
6 0.846250 0.307500 0.015000 0.017500
6 0.815000 0.301250 0.017500 0.017500
6 0.988750 0.375000 0.017500 0.015000
6 0.908750 0.357500 0.017500 0.015000
6 0.805000 0.338750 0.040000 0.015000
6 0.801250 0.298750 0.012500 0.017500
6 0.791250 0.295000 0.012500 0.012500
6 0.766250 0.290000 0.015000 0.015000
6 0.736250 0.285000 0.017500 0.020000
6 0.708750 0.278750 0.012500 0.012500
6 0.778750 0.332500 0.020000 0.015000
6 0.761250 0.330000 0.017500 0.015000
6 0.738750 0.322500 0.022500 0.017500
6 0.712500 0.317500 0.032500 0.017500
6 0.698750 0.315000 0.015000 0.015000
6 0.648750 0.306250 0.022500 0.015000
6 0.636250 0.301250 0.020000 0.012500
6 0.322500 0.241250 0.032500 0.012500
6 0.295000 0.232500 0.027500 0.012500
6 0.281250 0.250000 0.020000 0.007500
6 0.595000 0.515000 0.025000 0.007500
6 0.570000 0.442500 0.032500 0.010000
6 0.405000 0.458750 0.015000 0.017500
6 0.327500 0.493750 0.017500 0.012500
6 0.173750 0.552500 0.020000 0.012500
6 0.512500 0.830000 0.012500 0.015000
6 0.222500 0.622500 0.020000 0.012500
6 0.647500 0.993750 0.012500 0.012500
6 0.686250 0.905000 0.017500 0.020000
6 0.893750 0.732500 0.015000 0.017500
6 0.503750 0.705000 0.017500 0.005000
6 0.156250 0.511250 0.025000 0.005000
6 0.702500 0.382500 0.012500 0.012500
