6 0.883750 0.350000 0.007500 0.022500
6 0.306250 0.410000 0.015000 0.005000
6 0.547500 0.188750 0.012500 0.015000
6 0.557500 0.121250 0.017500 0.017500
6 0.230000 0.435000 0.017500 0.007500
6 0.242500 0.633750 0.010000 0.015000
6 0.585000 0.071250 0.007500 0.017500
6 0.542500 0.215000 0.012500 0.015000
6 0.443750 0.671250 0.020000 0.017500
6 0.468750 0.676250 0.015000 0.010000
6 0.502500 0.346250 0.017500 0.010000
6 0.508750 0.426250 0.020000 0.007500
6 0.610000 0.372500 0.010000 0.022500
6 0.251250 0.427500 0.015000 0.007500
6 0.475000 0.355000 0.022500 0.010000
6 0.546250 0.322500 0.012500 0.012500
6 0.737500 0.301250 0.022500 0.010000
6 0.815000 0.471250 0.017500 0.010000
6 0.491250 0.678750 0.020000 0.012500
6 0.226250 0.653750 0.025000 0.010000
6 0.435000 0.931250 0.045000 0.017500
6 0.450000 0.910000 0.027500 0.012500
6 0.447500 0.900000 0.022500 0.012500
6 0.455000 0.876250 0.025000 0.012500
6 0.365000 0.942500 0.025000 0.035000
6 0.346250 0.942500 0.015000 0.027500
6 0.337500 0.933750 0.015000 0.027500
6 0.310000 0.901250 0.055000 0.022500
6 0.796250 0.985000 0.012500 0.020000
6 0.830000 0.992500 0.015000 0.022500
6 0.895000 0.966250 0.017500 0.015000
6 0.821250 0.963750 0.017500 0.020000
6 0.835000 0.966250 0.012500 0.017500
6 0.792500 0.958750 0.015000 0.020000
6 0.783750 0.948750 0.015000 0.017500
6 0.742500 0.943750 0.015000 0.020000
6 0.756250 0.945000 0.015000 0.020000
6 0.770000 0.948750 0.010000 0.020000
6 0.672500 0.902500 0.022500 0.020000
6 0.380000 0.780000 0.027500 0.015000
6 0.415000 0.781250 0.022500 0.012500
6 0.451250 0.782500 0.027500 0.015000
6 0.486250 0.785000 0.025000 0.015000
6 0.557500 0.796250 0.025000 0.012500
6 0.612500 0.803750 0.027500 0.012500
6 0.637500 0.803750 0.022500 0.012500
6 0.448750 0.887500 0.022500 0.012500
6 0.516250 0.876250 0.022500 0.012500
6 0.126250 0.505000 0.017500 0.027500
6 0.135000 0.320000 0.007500 0.017500
6 0.130000 0.208750 0.007500 0.015000
6 0.492500 0.737500 0.020000 0.010000
6 0.795000 0.770000 0.025000 0.010000
6 0.111250 0.781250 0.022500 0.010000
6 0.691250 0.625000 0.012500 0.017500
6 0.901250 0.275000 0.010000 0.017500
6 0.911250 0.723750 0.015000 0.022500
6 0.220000 0.741250 0.015000 0.007500
6 0.941250 0.877500 0.010000 0.015000
6 0.307500 0.737500 0.025000 0.007500
6 0.331250 0.741250 0.025000 0.012500
6 0.583750 0.777500 0.020000 0.007500
6 0.383750 0.943750 0.010000 0.017500
6 0.966250 0.953750 0.010000 0.017500
6 0.125000 0.393750 0.015000 0.015000
6 0.982500 0.302500 0.020000 0.010000
6 0.003750 0.751250 0.017500 0.007500
6 0.071250 0.758750 0.022500 0.007500
6 0.096250 0.760000 0.022500 0.010000
6 0.953750 0.937500 0.012500 0.017500
6 0.976250 0.770000 0.020000 0.012500
6 0.930000 0.917500 0.030000 0.025000
6 0.287500 0.771250 0.022500 0.012500
6 0.413750 0.503750 0.015000 0.022500
6 0.138750 0.707500 0.020000 0.015000
6 0.181250 0.756250 0.017500 0.010000
6 0.208750 0.725000 0.027500 0.010000
6 0.355000 0.757500 0.025000 0.007500
6 0.558750 0.775000 0.022500 0.012500
6 0.316250 0.772500 0.027500 0.012500
6 0.305000 0.660000 0.025000 0.010000
6 0.667500 0.302500 0.010000 0.015000
6 0.443750 0.747500 0.035000 0.012500
6 0.533750 0.772500 0.020000 0.010000
6 0.117500 0.443750 0.010000 0.012500
6 0.910000 0.895000 0.015000 0.015000
6 0.382500 0.890000 0.017500 0.007500
6 0.455000 0.762500 0.027500 0.010000
6 0.260000 0.773750 0.025000 0.012500
6 0.123750 0.412500 0.010000 0.017500
6 0.171250 0.741250 0.022500 0.007500
6 0.328750 0.756250 0.017500 0.010000
6 0.358750 0.891250 0.025000 0.012500
6 0.151250 0.488750 0.012500 0.017500
6 0.131250 0.353750 0.010000 0.017500
6 0.098750 0.105000 0.017500 0.015000
6 0.243750 0.738750 0.020000 0.012500
6 0.485000 0.767500 0.017500 0.005000
6 0.271250 0.643750 0.017500 0.017500
6 0.955000 0.300000 0.015000 0.010000
6 0.130000 0.372500 0.010000 0.015000
6 0.530000 0.260000 0.012500 0.022500
6 0.896250 0.830000 0.025000 0.035000
6 0.123750 0.760000 0.017500 0.010000
6 0.375000 0.756250 0.020000 0.007500
6 0.646250 0.783750 0.022500 0.010000
6 0.036250 0.785000 0.022500 0.010000
6 0.990000 0.973750 0.020000 0.022500
6 0.991250 0.326250 0.017500 0.007500
6 0.363750 0.660000 0.027500 0.010000
6 0.427500 0.761250 0.017500 0.010000
6 0.447500 0.921250 0.027500 0.007500
6 0.852500 0.841250 0.025000 0.022500
6 0.892500 0.878750 0.015000 0.017500
6 0.058750 0.746250 0.017500 0.010000
6 0.043750 0.760000 0.017500 0.010000
6 0.241250 0.753750 0.025000 0.012500
6 0.731250 0.790000 0.030000 0.010000
6 0.135000 0.780000 0.017500 0.010000
6 0.082500 0.746250 0.020000 0.012500
6 0.196250 0.740000 0.020000 0.010000
6 0.203750 0.755000 0.027500 0.012500
6 0.567500 0.328750 0.022500 0.007500
6 0.138750 0.282500 0.017500 0.015000
6 0.935000 0.791250 0.025000 0.007500
6 0.393750 0.943750 0.012500 0.017500
6 0.032500 0.748750 0.017500 0.012500
6 0.023750 0.760000 0.015000 0.010000
6 0.205000 0.775000 0.030000 0.007500
6 0.806250 0.506250 0.010000 0.020000
6 0.327500 0.298750 0.030000 0.007500
6 0.115000 0.463750 0.007500 0.012500
6 0.910000 0.208750 0.010000 0.017500
6 0.360000 0.743750 0.022500 0.010000
6 0.705000 0.777500 0.020000 0.007500
6 0.588750 0.800000 0.022500 0.012500
6 0.918750 0.142500 0.012500 0.017500
6 0.363750 0.643750 0.015000 0.017500
6 0.965000 0.327500 0.022500 0.012500
6 0.275000 0.752500 0.030000 0.012500
6 0.518750 0.756250 0.022500 0.007500
6 0.595000 0.765000 0.025000 0.007500
6 0.062500 0.782500 0.020000 0.012500
6 0.913750 0.832500 0.025000 0.030000
6 0.611250 0.748750 0.022500 0.015000
6 0.728750 0.777500 0.025000 0.010000
6 0.680000 0.785000 0.032500 0.010000
6 0.583750 0.100000 0.010000 0.020000
6 0.203750 0.442500 0.015000 0.012500
6 0.111250 0.147500 0.017500 0.017500
6 0.302500 0.751250 0.025000 0.007500
6 0.385000 0.745000 0.022500 0.012500
6 0.473750 0.751250 0.020000 0.010000
6 0.878750 0.805000 0.030000 0.012500
6 0.165000 0.488750 0.012500 0.022500
6 0.962500 0.893750 0.022500 0.017500
6 0.280000 0.740000 0.022500 0.010000
6 0.352500 0.777500 0.020000 0.012500
6 0.773750 0.727500 0.012500 0.010000
6 0.122500 0.428750 0.010000 0.012500
6 0.511250 0.767500 0.025000 0.010000
6 0.495000 0.755000 0.017500 0.007500
6 0.621250 0.780000 0.017500 0.007500
6 0.632500 0.768750 0.022500 0.010000
6 0.087500 0.781250 0.020000 0.012500
6 0.601250 0.863750 0.022500 0.012500
6 0.847500 0.780000 0.017500 0.010000
6 0.141250 0.743750 0.020000 0.007500
6 0.718750 0.765000 0.022500 0.007500
6 0.658750 0.771250 0.025000 0.010000
6 0.140000 0.265000 0.010000 0.017500
6 0.288750 0.651250 0.022500 0.007500
6 0.397500 0.760000 0.027500 0.010000
6 0.571250 0.762500 0.022500 0.007500
6 0.146250 0.756250 0.017500 0.010000
6 0.007500 0.785000 0.017500 0.007500
6 0.320000 0.275000 0.005000 0.017500
6 0.116250 0.743750 0.020000 0.012500
6 0.286250 0.726250 0.017500 0.010000
6 0.161250 0.778750 0.020000 0.010000
6 0.232500 0.773750 0.017500 0.010000
6 0.925000 0.850000 0.010000 0.020000
6 0.951250 0.361250 0.007500 0.017500
6 0.905000 0.251250 0.010000 0.015000
6 0.183750 0.448750 0.017500 0.010000
6 0.122500 0.108750 0.007500 0.020000
