3 0.013750 0.253750 0.047500 0.062500
6 0.408750 0.021250 0.022500 0.007500
6 0.455000 0.067500 0.015000 0.015000
6 0.475000 0.005000 0.025000 0.010000
6 0.112500 0.808750 0.015000 0.020000
6 0.368750 0.576250 0.047500 0.017500
6 0.366250 0.590000 0.047500 0.022500
6 0.895000 0.736250 0.017500 0.015000
6 0.623750 0.777500 0.037500 0.020000
6 0.666250 0.407500 0.022500 0.027500
6 0.683750 0.411250 0.017500 0.025000
6 0.468750 0.360000 0.017500 0.022500
6 0.048750 0.635000 0.020000 0.027500
6 0.073750 0.641250 0.025000 0.022500
6 0.052500 0.240000 0.035000 0.050000
6 0.067500 0.250000 0.020000 0.040000
6 0.052500 0.137500 0.030000 0.012500
6 0.155000 0.233750 0.025000 0.035000
6 0.541250 0.048750 0.027500 0.015000
6 0.658750 0.101250 0.020000 0.017500
6 0.558750 0.133750 0.027500 0.015000
6 0.510000 0.196250 0.020000 0.027500
6 0.458750 0.316250 0.012500 0.020000
6 0.433750 0.126250 0.027500 0.015000
6 0.693750 0.013750 0.020000 0.007500
6 0.615000 0.006250 0.017500 0.007500
6 0.643750 0.005000 0.020000 0.007500
6 0.670000 0.041250 0.020000 0.010000
6 0.623750 0.035000 0.020000 0.010000
6 0.532500 0.035000 0.022500 0.010000
6 0.861250 0.031250 0.022500 0.010000
6 0.788750 0.428750 0.070000 0.032500
6 0.556250 0.772500 0.020000 0.017500
6 0.555000 0.660000 0.040000 0.035000
6 0.773750 0.708750 0.010000 0.020000
6 0.322500 0.022500 0.025000 0.012500
6 0.753750 0.001250 0.017500 0.007500
6 0.821250 0.008750 0.022500 0.007500
6 0.846250 0.010000 0.022500 0.010000
6 0.815000 0.722500 0.010000 0.015000
6 0.435000 0.028750 0.037500 0.007500
6 0.701250 0.001250 0.017500 0.007500
6 0.931250 0.006250 0.017500 0.010000
6 0.735000 0.037500 0.020000 0.010000
6 0.470000 0.318750 0.012500 0.015000
6 0.987500 0.758750 0.017500 0.022500
6 0.721250 0.017500 0.020000 0.010000
6 0.692500 0.038750 0.017500 0.007500
6 0.915000 0.741250 0.012500 0.012500
6 0.237500 0.007500 0.022500 0.007500
6 0.757500 0.826250 0.010000 0.017500
6 0.160000 0.956250 0.030000 0.020000
6 0.873750 0.010000 0.017500 0.010000
6 0.786250 0.035000 0.022500 0.010000
6 0.928750 0.746250 0.012500 0.017500
6 0.712500 0.040000 0.017500 0.010000
6 0.350000 0.025000 0.022500 0.010000
6 0.341250 0.002500 0.025000 0.012500
6 0.436250 0.146250 0.015000 0.022500
6 0.793750 0.010000 0.017500 0.010000
6 0.991250 0.003750 0.025000 0.012500
6 0.885000 0.030000 0.017500 0.010000
6 0.735000 0.811250 0.020000 0.015000
6 0.800000 0.721250 0.010000 0.020000
6 0.953750 0.005000 0.027500 0.012500
6 0.311250 0.651250 0.035000 0.017500
6 0.527500 0.770000 0.025000 0.020000
6 0.942500 0.750000 0.012500 0.015000
6 0.863750 0.733750 0.020000 0.020000
6 0.773750 0.010000 0.015000 0.010000
6 0.955000 0.025000 0.030000 0.007500
6 0.953750 0.753750 0.012500 0.017500
6 0.602500 0.018750 0.020000 0.012500
6 0.351250 0.161250 0.027500 0.017500
6 0.646250 0.038750 0.022500 0.007500
6 0.812500 0.032500 0.020000 0.012500
6 0.417500 0.002500 0.020000 0.010000
6 0.673750 0.016250 0.017500 0.007500
6 0.095000 0.260000 0.027500 0.050000
6 0.742500 0.702500 0.017500 0.022500
6 0.837500 0.031250 0.020000 0.012500
6 0.758750 0.706250 0.012500 0.020000
6 0.292500 0.017500 0.027500 0.010000
6 0.747500 0.013750 0.027500 0.010000
6 0.441250 0.310000 0.020000 0.025000
6 0.501250 0.322500 0.017500 0.020000
6 0.373750 0.030000 0.022500 0.010000
6 0.621250 0.016250 0.012500 0.010000
6 0.725000 0.000000 0.027500 0.010000
6 0.327500 0.182500 0.032500 0.017500
6 0.787500 0.717500 0.015000 0.017500
6 0.671250 0.003750 0.017500 0.007500
6 0.538750 0.777500 0.017500 0.020000
6 0.896250 0.006250 0.017500 0.010000
6 0.757500 0.035000 0.017500 0.007500
6 0.438750 0.115000 0.025000 0.010000
6 0.647500 0.013750 0.022500 0.012500
6 0.911250 0.028750 0.020000 0.010000
6 0.982500 0.023750 0.017500 0.010000
