6 0.478750 0.242500 0.060000 0.015000
6 0.483750 0.225000 0.057500 0.020000
6 0.487500 0.196250 0.062500 0.027500
6 0.475000 0.077500 0.027500 0.017500
6 0.500000 0.160000 0.082500 0.027500
6 0.506250 0.118750 0.042500 0.017500
6 0.853750 0.013750 0.052500 0.052500
6 0.140000 0.708750 0.015000 0.022500
6 0.490000 0.812500 0.025000 0.022500
6 0.542500 0.793750 0.015000 0.015000
6 0.438750 0.591250 0.030000 0.010000
6 0.760000 0.922500 0.022500 0.012500
6 0.771250 0.931250 0.017500 0.010000
6 0.776250 0.945000 0.020000 0.012500
6 0.786250 0.952500 0.022500 0.010000
6 0.791250 0.962500 0.022500 0.010000
6 0.808750 0.980000 0.025000 0.012500
6 0.675000 0.873750 0.020000 0.017500
6 0.590000 0.650000 0.017500 0.015000
6 0.716250 0.611250 0.037500 0.012500
6 0.713750 0.600000 0.040000 0.017500
6 0.686250 0.771250 0.015000 0.020000
6 0.870000 0.406250 0.027500 0.010000
6 0.400000 0.405000 0.015000 0.022500
6 0.383750 0.406250 0.015000 0.017500
