6 0.082500 0.410000 0.055000 0.020000
6 0.357500 0.490000 0.027500 0.015000
6 0.368750 0.406250 0.032500 0.017500
6 0.302500 0.411250 0.035000 0.025000
6 0.326250 0.401250 0.020000 0.010000
6 0.320000 0.408750 0.020000 0.012500
6 0.876250 0.878750 0.022500 0.012500
6 0.951250 0.903750 0.042500 0.025000
6 0.958750 0.402500 0.055000 0.045000
6 0.490000 0.062500 0.025000 0.022500
6 0.542500 0.043750 0.015000 0.015000
6 0.760000 0.172500 0.022500 0.012500
6 0.771250 0.181250 0.017500 0.010000
6 0.776250 0.195000 0.020000 0.012500
6 0.786250 0.202500 0.022500 0.010000
6 0.791250 0.212500 0.022500 0.010000
6 0.573750 0.302500 0.052500 0.050000
6 0.808750 0.230000 0.025000 0.012500
6 0.848750 0.266250 0.022500 0.010000
6 0.675000 0.123750 0.020000 0.017500
6 0.686250 0.021250 0.015000 0.020000
6 0.220000 0.506250 0.022500 0.012500
6 0.323750 0.443750 0.022500 0.012500
6 0.587500 0.798750 0.025000 0.012500
6 0.900000 0.566250 0.020000 0.015000
