6 0.062500 0.345000 0.030000 0.020000
6 0.096250 0.332500 0.027500 0.022500
6 0.116250 0.330000 0.032500 0.022500
6 0.132500 0.310000 0.032500 0.025000
6 0.148750 0.307500 0.020000 0.017500
6 0.271250 0.331250 0.082500 0.037500
6 0.221250 0.346250 0.030000 0.025000
6 0.212500 0.353750 0.022500 0.017500
6 0.187500 0.363750 0.030000 0.022500
6 0.006250 0.463750 0.020000 0.012500
6 0.155000 0.488750 0.020000 0.015000
6 0.051250 0.580000 0.030000 0.017500
6 0.022500 0.613750 0.087500 0.040000
6 0.017500 0.603750 0.020000 0.010000
6 0.177500 0.592500 0.072500 0.022500
6 0.383750 0.548750 0.037500 0.015000
6 0.452500 0.605000 0.032500 0.020000
6 0.612500 0.432500 0.032500 0.017500
6 0.575000 0.450000 0.037500 0.020000
6 0.567500 0.441250 0.037500 0.020000
6 0.613750 0.463750 0.040000 0.025000
6 0.661250 0.496250 0.025000 0.015000
6 0.657500 0.517500 0.030000 0.007500
6 0.727500 0.551250 0.070000 0.030000
6 0.726250 0.621250 0.040000 0.050000
6 0.670000 0.570000 0.027500 0.032500
6 0.650000 0.566250 0.017500 0.017500
6 0.643750 0.576250 0.015000 0.015000
6 0.632500 0.586250 0.017500 0.012500
6 0.528750 0.511250 0.025000 0.012500
6 0.820000 0.617500 0.055000 0.035000
6 0.931250 0.632500 0.017500 0.015000
6 0.921250 0.682500 0.030000 0.025000
6 0.816250 0.682500 0.057500 0.030000
6 0.771250 0.702500 0.025000 0.012500
6 0.700000 0.691250 0.077500 0.032500
6 0.707500 0.703750 0.077500 0.030000
6 0.672500 0.681250 0.065000 0.025000
6 0.480000 0.681250 0.017500 0.012500
6 0.466250 0.686250 0.017500 0.015000
6 0.453750 0.688750 0.015000 0.017500
6 0.425000 0.703750 0.012500 0.017500
6 0.465000 0.705000 0.020000 0.017500
6 0.458750 0.718750 0.017500 0.017500
6 0.476250 0.720000 0.015000 0.015000
6 0.360000 0.612500 0.012500 0.015000
6 0.367500 0.628750 0.015000 0.015000
6 0.735000 0.765000 0.062500 0.055000
6 0.235000 0.826250 0.015000 0.012500
6 0.250000 0.823750 0.010000 0.012500
6 0.276250 0.817500 0.012500 0.015000
6 0.313750 0.807500 0.012500 0.012500
6 0.340000 0.805000 0.017500 0.017500
6 0.356250 0.802500 0.015000 0.012500
6 0.367500 0.800000 0.015000 0.015000
6 0.433750 0.795000 0.047500 0.020000
6 0.276250 0.847500 0.042500 0.015000
6 0.658750 0.932500 0.047500 0.055000
6 0.625000 0.933750 0.052500 0.045000
6 0.690000 0.950000 0.047500 0.045000
6 0.526250 0.835000 0.022500 0.017500
6 0.508750 0.842500 0.015000 0.017500
6 0.705000 0.998750 0.020000 0.020000
6 0.521250 0.912500 0.037500 0.015000
