6 0.311250 0.431250 0.017500 0.017500
6 0.380000 0.475000 0.035000 0.017500
6 0.735000 0.015000 0.062500 0.055000
6 0.235000 0.076250 0.015000 0.012500
6 0.250000 0.073750 0.010000 0.012500
6 0.276250 0.067500 0.012500 0.015000
6 0.313750 0.057500 0.012500 0.012500
6 0.340000 0.055000 0.017500 0.017500
6 0.356250 0.052500 0.015000 0.012500
6 0.367500 0.050000 0.015000 0.015000
6 0.433750 0.045000 0.047500 0.020000
6 0.276250 0.097500 0.042500 0.015000
6 0.658750 0.182500 0.047500 0.055000
6 0.625000 0.183750 0.052500 0.045000
6 0.690000 0.200000 0.047500 0.045000
6 0.690000 0.253750 0.030000 0.027500
6 0.526250 0.085000 0.022500 0.017500
6 0.508750 0.092500 0.015000 0.017500
6 0.705000 0.248750 0.020000 0.020000
6 0.740000 0.280000 0.027500 0.022500
6 0.752500 0.302500 0.020000 0.020000
6 0.761250 0.312500 0.022500 0.020000
6 0.841250 0.268750 0.015000 0.017500
6 0.743750 0.343750 0.020000 0.022500
6 0.300000 0.505000 0.017500 0.012500
6 0.801250 0.661250 0.015000 0.020000
6 0.370000 0.785000 0.012500 0.012500
6 0.013750 0.638750 0.022500 0.005000
6 0.132500 0.452500 0.027500 0.010000
6 0.427500 0.403750 0.062500 0.025000
6 0.521250 0.162500 0.037500 0.015000
