6 0.965000 0.267500 0.022500 0.012500
6 0.603750 0.451250 0.030000 0.010000
6 0.067500 0.497500 0.025000 0.012500
6 0.872500 0.271250 0.017500 0.005000
6 0.833750 0.068750 0.022500 0.022500
6 0.698750 0.318750 0.007500 0.017500
6 0.137500 0.360000 0.025000 0.007500
6 0.197500 0.067500 0.027500 0.020000
6 0.628750 0.181250 0.007500 0.002500
6 0.097500 0.873750 0.020000 0.010000
6 0.701250 0.263750 0.015000 0.022500
6 0.085000 0.352500 0.015000 0.005000
6 0.643750 0.770000 0.022500 0.007500
6 0.708750 0.655000 0.012500 0.017500
6 0.258750 0.681250 0.010000 0.015000
6 0.262500 0.661250 0.010000 0.012500
6 0.277500 0.583750 0.007500 0.012500
6 0.692500 0.533750 0.010000 0.015000
6 0.695000 0.495000 0.010000 0.015000
6 0.696250 0.418750 0.007500 0.010000
6 0.345000 0.566250 0.020000 0.012500
6 0.320000 0.096250 0.027500 0.010000
6 0.252500 0.700000 0.007500 0.015000
6 0.256250 0.548750 0.010000 0.010000
6 0.900000 0.092500 0.015000 0.010000
6 0.136250 0.050000 0.017500 0.012500
6 0.232500 0.543750 0.012500 0.007500
6 0.425000 0.133750 0.022500 0.015000
6 0.368750 0.128750 0.017500 0.010000
6 0.220000 0.522500 0.017500 0.015000
6 0.313750 0.416250 0.015000 0.015000
6 0.691250 0.558750 0.015000 0.017500
6 0.668750 0.621250 0.017500 0.010000
6 0.190000 0.513750 0.017500 0.010000
6 0.433750 0.902500 0.017500 0.010000
6 0.851250 0.075000 0.010000 0.020000
6 0.090000 0.211250 0.017500 0.015000
6 0.380000 0.093750 0.007500 0.012500
6 0.718750 0.201250 0.020000 0.010000
6 0.210000 0.946250 0.017500 0.020000
6 0.356250 0.731250 0.015000 0.010000
6 0.211250 0.541250 0.020000 0.005000
6 0.668750 0.033750 0.027500 0.010000
6 0.551250 0.601250 0.015000 0.007500
6 0.226250 0.853750 0.007500 0.020000
6 0.245000 0.080000 0.022500 0.012500
6 0.868750 0.265000 0.027500 0.007500
6 0.846250 0.257500 0.022500 0.015000
6 0.762500 0.215000 0.017500 0.010000
6 0.293750 0.118750 0.012500 0.015000
6 0.860000 0.240000 0.022500 0.012500
6 0.317500 0.125000 0.015000 0.010000
6 0.063750 0.708750 0.015000 0.012500
6 0.341250 0.133750 0.022500 0.010000
6 0.676250 0.215000 0.025000 0.005000
6 0.690000 0.193750 0.017500 0.007500
6 0.326250 0.370000 0.012500 0.015000
6 0.637500 0.785000 0.020000 0.012500
6 0.665000 0.203750 0.017500 0.010000
6 0.402500 0.897500 0.025000 0.007500
6 0.930000 0.638750 0.012500 0.007500
6 0.681250 0.876250 0.010000 0.012500
6 0.237500 0.993750 0.012500 0.007500
6 0.630000 0.205000 0.020000 0.010000
6 0.607500 0.777500 0.020000 0.010000
6 0.268750 0.640000 0.012500 0.015000
6 0.343750 0.107500 0.020000 0.010000
6 0.510000 0.570000 0.017500 0.005000
6 0.241250 0.982500 0.012500 0.012500
6 0.681250 0.898750 0.007500 0.017500
6 0.000000 0.461250 0.010000 0.012500
6 0.006250 0.442500 0.015000 0.015000
6 0.273750 0.086250 0.020000 0.012500
6 0.683750 0.826250 0.015000 0.017500
6 0.225000 0.856250 0.012500 0.015000
6 0.076250 0.238750 0.012500 0.015000
6 0.470000 0.138750 0.020000 0.010000
6 0.472500 0.563750 0.022500 0.005000
6 0.557500 0.396250 0.007500 0.025000
6 0.292500 0.090000 0.017500 0.010000
6 0.493750 0.143750 0.017500 0.010000
6 0.205000 0.978750 0.007500 0.012500
6 0.682500 0.852500 0.010000 0.020000
6 0.683750 0.807500 0.010000 0.017500
6 0.282500 0.566250 0.007500 0.010000
6 0.383750 0.077500 0.010000 0.012500
6 0.241250 0.762500 0.012500 0.012500
6 0.693750 0.513750 0.010000 0.012500
6 0.310000 0.437500 0.015000 0.015000
6 0.116250 0.046250 0.017500 0.010000
6 0.255000 0.926250 0.012500 0.010000
6 0.265000 0.708750 0.007500 0.012500
6 0.343750 0.280000 0.017500 0.010000
6 0.953750 0.141250 0.017500 0.012500
