6 0.968750 0.095000 0.012500 0.010000
6 0.692500 0.910000 0.022500 0.007500
6 0.070000 0.558750 0.017500 0.010000
6 0.461250 0.597500 0.017500 0.007500
6 0.626250 0.852500 0.007500 0.012500
6 0.992500 0.098750 0.017500 0.012500
6 0.182500 0.987500 0.017500 0.007500
6 0.217500 0.926250 0.017500 0.007500
6 0.946250 0.088750 0.017500 0.010000
6 0.446250 0.595000 0.022500 0.005000
6 0.158750 0.985000 0.017500 0.005000
6 0.241250 0.795000 0.025000 0.012500
6 0.551250 0.393750 0.017500 0.007500
6 0.316250 0.802500 0.020000 0.007500
6 0.502500 0.603750 0.017500 0.007500
6 0.955000 0.490000 0.015000 0.017500
6 0.611250 0.611250 0.017500 0.007500
6 0.368750 0.026250 0.020000 0.007500
6 0.632500 0.617500 0.022500 0.005000
6 0.252500 0.855000 0.010000 0.012500
6 0.970000 0.400000 0.010000 0.017500
6 0.603750 0.827500 0.022500 0.010000
6 0.215000 0.901250 0.012500 0.017500
6 0.257500 0.568750 0.020000 0.007500
6 0.948750 0.515000 0.007500 0.017500
6 0.267500 0.613750 0.010000 0.012500
6 0.775000 0.416250 0.017500 0.007500
6 0.183750 0.301250 0.015000 0.020000
6 0.912500 0.703750 0.010000 0.015000
6 0.046250 0.353750 0.025000 0.010000
6 0.221250 0.987500 0.025000 0.010000
6 0.933750 0.591250 0.010000 0.020000
6 0.291250 0.797500 0.017500 0.007500
6 0.433750 0.750000 0.007500 0.012500
6 0.256250 0.995000 0.017500 0.007500
6 0.973750 0.678750 0.015000 0.012500
6 0.981250 0.340000 0.007500 0.012500
6 0.622500 0.997500 0.007500 0.017500
6 0.882500 0.973750 0.010000 0.017500
6 0.646250 0.395000 0.017500 0.007500
6 0.980000 0.361250 0.010000 0.010000
6 0.938750 0.570000 0.010000 0.010000
6 0.585000 0.237500 0.012500 0.007500
6 0.156250 0.381250 0.020000 0.010000
6 0.746250 0.411250 0.020000 0.010000
6 0.383750 0.097500 0.020000 0.017500
6 0.263750 0.392500 0.017500 0.012500
6 0.163750 0.360000 0.025000 0.012500
6 0.133750 0.381250 0.025000 0.010000
6 0.386250 0.666250 0.015000 0.020000
6 0.353750 0.378750 0.025000 0.012500
6 0.376250 0.002500 0.032500 0.017500
6 0.705000 0.395000 0.010000 0.010000
6 0.892500 0.873750 0.012500 0.025000
6 0.967500 0.421250 0.007500 0.012500
6 0.435000 0.383750 0.020000 0.010000
6 0.520000 0.392500 0.020000 0.012500
6 0.942500 0.296250 0.012500 0.012500
6 0.897500 0.818750 0.012500 0.015000
6 0.171250 0.318750 0.012500 0.020000
6 0.917500 0.683750 0.010000 0.012500
6 0.927500 0.706250 0.010000 0.020000
6 0.562500 0.700000 0.010000 0.017500
6 0.886250 0.932500 0.007500 0.015000
6 0.901250 0.777500 0.012500 0.015000
6 0.887500 0.913750 0.005000 0.012500
6 0.898750 0.801250 0.012500 0.015000
6 0.906250 0.740000 0.020000 0.022500
6 0.260000 0.587500 0.025000 0.012500
6 0.836250 0.445000 0.015000 0.007500
6 0.626250 0.891250 0.015000 0.020000
6 0.886250 0.952500 0.015000 0.012500
6 0.890000 0.896250 0.015000 0.015000
