6 0.121250 0.897500 0.037500 0.015000
6 0.086250 0.341250 0.045000 0.022500
6 0.900000 0.092500 0.022500 0.017500
6 0.083750 0.845000 0.012500 0.015000
6 0.092500 0.567500 0.010000 0.015000
6 0.887500 0.606250 0.025000 0.012500
6 0.042500 0.853750 0.012500 0.017500
6 0.958750 0.871250 0.015000 0.010000
6 0.560000 0.295000 0.012500 0.015000
6 0.618750 0.647500 0.012500 0.012500
6 0.217500 0.465000 0.015000 0.015000
6 0.301250 0.701250 0.015000 0.012500
6 0.981250 0.862500 0.017500 0.012500
6 0.052500 0.933750 0.010000 0.020000
6 0.625000 0.911250 0.015000 0.012500
6 0.153750 0.451250 0.010000 0.015000
6 0.153750 0.475000 0.015000 0.015000
6 0.925000 0.878750 0.017500 0.017500
6 0.881250 0.122500 0.022500 0.012500
6 0.122500 0.737500 0.007500 0.012500
6 0.057500 0.975000 0.007500 0.012500
6 0.421250 0.828750 0.012500 0.017500
6 0.665000 0.913750 0.017500 0.007500
6 0.543750 0.512500 0.022500 0.015000
6 0.540000 0.890000 0.020000 0.012500
6 0.100000 0.845000 0.017500 0.015000
6 0.937500 0.612500 0.017500 0.007500
6 0.547500 0.570000 0.010000 0.017500
6 0.270000 0.950000 0.015000 0.017500
6 0.092500 0.250000 0.027500 0.012500
6 0.830000 0.413750 0.012500 0.022500
6 0.225000 0.917500 0.022500 0.015000
6 0.111250 0.495000 0.010000 0.012500
6 0.670000 0.661250 0.027500 0.007500
6 0.077500 0.857500 0.010000 0.015000
6 0.157500 0.881250 0.020000 0.010000
6 0.958750 0.610000 0.017500 0.010000
6 0.501250 0.506250 0.017500 0.022500
6 0.825000 0.436250 0.020000 0.007500
6 0.087500 0.720000 0.007500 0.017500
6 0.416250 0.356250 0.010000 0.010000
6 0.582500 0.317500 0.020000 0.015000
6 0.313750 0.718750 0.010000 0.015000
6 0.858750 0.148750 0.020000 0.012500
6 0.123750 0.815000 0.010000 0.020000
6 0.093750 0.757500 0.010000 0.020000
6 0.276250 0.663750 0.012500 0.010000
6 0.485000 0.467500 0.012500 0.020000
6 0.006250 0.875000 0.017500 0.010000
6 0.056250 0.953750 0.010000 0.017500
6 0.406250 0.342500 0.017500 0.012500
6 0.196250 0.713750 0.010000 0.012500
