6 0.756250 0.987500 0.022500 0.010000
6 0.878750 0.600000 0.012500 0.015000
6 0.148750 0.562500 0.012500 0.015000
6 0.112500 0.006250 0.012500 0.017500
6 0.713750 0.025000 0.007500 0.010000
6 0.561250 0.920000 0.020000 0.010000
6 0.555000 0.628750 0.007500 0.012500
6 0.270000 0.441250 0.010000 0.015000
6 0.388750 0.310000 0.012500 0.010000
6 0.746250 0.121250 0.015000 0.010000
6 0.007500 0.365000 0.010000 0.017500
6 0.487500 0.720000 0.012500 0.010000
6 0.117500 0.058750 0.010000 0.010000
6 0.721250 0.007500 0.010000 0.015000
6 0.653750 0.917500 0.020000 0.010000
6 0.930000 0.163750 0.017500 0.010000
6 0.390000 0.880000 0.022500 0.007500
6 0.641250 0.270000 0.012500 0.015000
6 0.485000 0.316250 0.022500 0.012500
6 0.313750 0.025000 0.017500 0.010000
6 0.670000 0.180000 0.010000 0.020000
6 0.571250 0.905000 0.017500 0.012500
6 0.390000 0.895000 0.017500 0.007500
6 0.177500 0.572500 0.010000 0.012500
6 0.096250 0.042500 0.017500 0.010000
6 0.488750 0.588750 0.015000 0.007500
6 0.368750 0.257500 0.020000 0.012500
6 0.202500 0.091250 0.020000 0.012500
6 0.803750 0.821250 0.017500 0.007500
6 0.193750 0.122500 0.017500 0.007500
6 0.138750 0.078750 0.020000 0.010000
6 0.957500 0.170000 0.015000 0.007500
6 0.530000 0.336250 0.012500 0.012500
6 0.315000 0.183750 0.010000 0.010000
6 0.666250 0.935000 0.022500 0.010000
6 0.477500 0.576250 0.020000 0.010000
6 0.591250 0.498750 0.007500 0.015000
6 0.450000 0.355000 0.020000 0.012500
6 0.575000 0.385000 0.017500 0.010000
6 0.240000 0.126250 0.015000 0.012500
6 0.820000 0.867500 0.007500 0.012500
6 0.180000 0.722500 0.010000 0.012500
6 0.132500 0.557500 0.010000 0.020000
6 0.267500 0.142500 0.015000 0.012500
6 0.970000 0.936250 0.007500 0.020000
6 0.482500 0.907500 0.020000 0.012500
6 0.675000 0.600000 0.015000 0.007500
6 0.225000 0.001250 0.022500 0.007500
6 0.292500 0.017500 0.012500 0.010000
6 0.336250 0.028750 0.017500 0.007500
6 0.463750 0.303750 0.012500 0.010000
6 0.398750 0.248750 0.010000 0.015000
6 0.178750 0.108750 0.015000 0.012500
6 0.990000 0.933750 0.010000 0.017500
6 0.546250 0.376250 0.017500 0.012500
6 0.408750 0.290000 0.015000 0.012500
6 0.478750 0.745000 0.017500 0.007500
6 0.378750 0.341250 0.015000 0.007500
6 0.765000 0.933750 0.030000 0.010000
6 0.525000 0.720000 0.012500 0.015000
6 0.540000 0.052500 0.015000 0.010000
6 0.401250 0.578750 0.017500 0.010000
6 0.073750 0.023750 0.012500 0.015000
6 0.663750 0.103750 0.017500 0.010000
6 0.343750 0.242500 0.017500 0.012500
6 0.388750 0.275000 0.017500 0.015000
6 0.277500 0.700000 0.015000 0.010000
6 0.263750 0.807500 0.025000 0.012500
6 0.516250 0.370000 0.012500 0.010000
6 0.761250 0.126250 0.017500 0.010000
6 0.537500 0.681250 0.010000 0.015000
6 0.650000 0.612500 0.020000 0.010000
6 0.162500 0.567500 0.010000 0.020000
6 0.887500 0.558750 0.012500 0.017500
6 0.052500 0.010000 0.020000 0.012500
6 0.266250 0.876250 0.022500 0.010000
6 0.263750 0.476250 0.020000 0.020000
6 0.558750 0.342500 0.020000 0.007500
6 0.295000 0.165000 0.015000 0.012500
6 0.175000 0.072500 0.015000 0.012500
6 0.155000 0.057500 0.012500 0.012500
6 0.470000 0.892500 0.025000 0.012500
6 0.511250 0.592500 0.012500 0.010000
6 0.430000 0.582500 0.020000 0.012500
6 0.822500 0.140000 0.017500 0.010000
6 0.941250 0.930000 0.010000 0.015000
6 0.415000 0.260000 0.017500 0.012500
6 0.217500 0.108750 0.015000 0.012500
6 0.271250 0.417500 0.010000 0.017500
6 0.491250 0.366250 0.017500 0.012500
6 0.158750 0.092500 0.015000 0.015000
6 0.786250 0.128750 0.020000 0.010000
6 0.893750 0.152500 0.020000 0.012500
6 0.590000 0.602500 0.025000 0.012500
6 0.377500 0.236250 0.015000 0.012500
