6 0.547500 0.288750 0.015000 0.007500
6 0.550000 0.446250 0.015000 0.007500
6 0.313750 0.260000 0.020000 0.007500
6 0.303750 0.071250 0.022500 0.012500
6 0.310000 0.061250 0.020000 0.012500
6 0.278750 0.017500 0.007500 0.015000
6 0.525000 0.685000 0.015000 0.007500
6 0.785000 0.943750 0.020000 0.007500
6 0.208750 0.121250 0.015000 0.010000
6 0.657500 0.715000 0.007500 0.020000
6 0.966250 0.361250 0.012500 0.012500
6 0.231250 0.112500 0.017500 0.012500
6 0.587500 0.281250 0.017500 0.007500
6 0.175000 0.128750 0.017500 0.017500
6 0.663750 0.820000 0.010000 0.012500
6 0.637500 0.946250 0.012500 0.010000
6 0.982500 0.386250 0.007500 0.012500
6 0.843750 0.982500 0.012500 0.012500
6 0.707500 0.633750 0.020000 0.007500
6 0.336250 0.461250 0.007500 0.012500
6 0.628750 0.776250 0.007500 0.012500
6 0.102500 0.701250 0.010000 0.025000
6 0.677500 0.338750 0.010000 0.012500
6 0.660000 0.927500 0.010000 0.012500
6 0.623750 0.721250 0.010000 0.015000
6 0.656250 0.280000 0.015000 0.012500
6 0.808750 0.148750 0.025000 0.012500
6 0.332500 0.713750 0.007500 0.015000
6 0.328750 0.556250 0.007500 0.020000
6 0.711250 0.325000 0.012500 0.020000
6 0.965000 0.921250 0.017500 0.010000
6 0.952500 0.341250 0.012500 0.015000
6 0.338750 0.900000 0.005000 0.020000
6 0.706250 0.346250 0.010000 0.015000
6 0.332500 0.682500 0.007500 0.017500
6 0.333750 0.662500 0.007500 0.017500
6 0.388750 0.503750 0.012500 0.010000
6 0.632500 0.280000 0.012500 0.007500
6 0.780000 0.291250 0.027500 0.012500
6 0.292500 0.015000 0.015000 0.017500
6 0.341250 0.961250 0.012500 0.015000
6 0.341250 0.930000 0.007500 0.015000
6 0.625000 0.663750 0.007500 0.012500
6 0.657500 0.688750 0.007500 0.015000
6 0.711250 0.623750 0.017500 0.007500
6 0.691250 0.420000 0.007500 0.010000
6 0.100000 0.525000 0.022500 0.007500
6 0.683750 0.308750 0.015000 0.015000
6 0.670000 0.788750 0.007500 0.012500
