6 0.068750 0.616250 0.020000 0.015000
6 0.068750 0.601250 0.015000 0.012500
6 0.077500 0.588750 0.012500 0.012500
6 0.088750 0.572500 0.015000 0.015000
6 0.100000 0.576250 0.015000 0.015000
6 0.112500 0.580000 0.012500 0.015000
6 0.132500 0.587500 0.012500 0.010000
6 0.192500 0.546250 0.012500 0.010000
6 0.103750 0.463750 0.017500 0.020000
6 0.132500 0.470000 0.015000 0.017500
6 0.147500 0.472500 0.010000 0.015000
6 0.163750 0.482500 0.012500 0.012500
6 0.215000 0.468750 0.030000 0.010000
6 0.240000 0.487500 0.035000 0.015000
6 0.037500 0.156250 0.020000 0.015000
6 0.053750 0.778750 0.017500 0.027500
6 0.100000 0.773750 0.020000 0.035000
6 0.082500 0.783750 0.022500 0.025000
6 0.362500 0.481250 0.020000 0.010000
6 0.212500 0.176250 0.027500 0.027500
6 0.485000 0.138750 0.055000 0.040000
6 0.523750 0.100000 0.057500 0.042500
6 0.898750 0.248750 0.027500 0.030000
6 0.960000 0.158750 0.025000 0.012500
6 0.963750 0.150000 0.022500 0.012500
6 0.972500 0.135000 0.022500 0.010000
6 0.975000 0.126250 0.020000 0.010000
6 0.982500 0.120000 0.020000 0.010000
6 0.985000 0.108750 0.025000 0.010000
6 0.991250 0.102500 0.020000 0.010000
6 0.997500 0.095000 0.022500 0.010000
6 0.840000 0.441250 0.020000 0.035000
6 0.563750 0.546250 0.090000 0.030000
