6 0.547500 0.035000 0.090000 0.017500
6 0.493750 0.046250 0.025000 0.010000
6 0.611250 0.067500 0.017500 0.020000
6 0.643750 0.067500 0.015000 0.020000
6 0.691250 0.067500 0.012500 0.017500
6 0.707500 0.067500 0.015000 0.017500
6 0.720000 0.066250 0.012500 0.017500
6 0.733750 0.066250 0.015000 0.020000
6 0.745000 0.065000 0.015000 0.017500
6 0.762500 0.067500 0.012500 0.017500
6 0.775000 0.068750 0.015000 0.020000
6 0.786250 0.067500 0.015000 0.017500
6 0.807500 0.095000 0.020000 0.010000
6 0.515000 0.097500 0.020000 0.012500
6 0.500000 0.066250 0.012500 0.015000
6 0.468750 0.070000 0.017500 0.017500
6 0.380000 0.082500 0.015000 0.017500
6 0.732500 0.807500 0.010000 0.020000
6 0.067500 0.351250 0.015000 0.020000
6 0.006250 0.866250 0.047500 0.015000
6 0.013750 0.898750 0.050000 0.030000
6 0.048750 0.736250 0.012500 0.017500
6 0.011250 0.540000 0.022500 0.010000
6 0.036250 0.508750 0.012500 0.020000
