6 0.381250 0.035000 0.017500 0.030000
6 0.668750 0.085000 0.027500 0.040000
6 0.280000 0.567500 0.007500 0.010000
6 0.510000 0.917500 0.010000 0.015000
6 0.507500 0.893750 0.022500 0.007500
6 0.755000 0.950000 0.012500 0.015000
6 0.775000 0.953750 0.010000 0.015000
6 0.770000 0.912500 0.012500 0.015000
6 0.793750 0.883750 0.020000 0.007500
6 0.792500 0.907500 0.025000 0.010000
6 0.792500 0.915000 0.020000 0.010000
6 0.793750 0.923750 0.020000 0.007500
6 0.796250 0.940000 0.020000 0.007500
6 0.796250 0.948750 0.022500 0.005000
6 0.797500 0.972500 0.017500 0.005000
6 0.732500 0.455000 0.030000 0.040000
