6 0.038750 0.531250 0.022500 0.010000
6 0.617500 0.906250 0.040000 0.010000
6 0.616250 0.888750 0.022500 0.010000
6 0.613750 0.871250 0.020000 0.010000
6 0.612500 0.846250 0.022500 0.010000
6 0.610000 0.786250 0.030000 0.010000
6 0.637500 0.761250 0.022500 0.025000
6 0.706250 0.756250 0.017500 0.015000
6 0.735000 0.755000 0.015000 0.015000
6 0.702500 0.811250 0.020000 0.025000
6 0.875000 0.731250 0.020000 0.012500
6 0.873750 0.720000 0.025000 0.010000
6 0.873750 0.696250 0.022500 0.012500
6 0.876250 0.665000 0.025000 0.012500
6 0.883750 0.865000 0.012500 0.017500
6 0.897500 0.863750 0.010000 0.017500
6 0.912500 0.865000 0.012500 0.017500
6 0.967500 0.796250 0.022500 0.015000
6 0.872500 0.563750 0.025000 0.010000
6 0.922500 0.583750 0.027500 0.012500
6 0.616250 0.485000 0.007500 0.015000
6 0.716250 0.431250 0.020000 0.010000
6 0.716250 0.421250 0.020000 0.010000
6 0.717500 0.392500 0.020000 0.010000
6 0.713750 0.366250 0.017500 0.007500
6 0.712500 0.343750 0.020000 0.010000
6 0.713750 0.335000 0.020000 0.010000
6 0.856250 0.160000 0.022500 0.012500
