6 0.860000 0.558750 0.012500 0.020000
6 0.825000 0.527500 0.027500 0.007500
6 0.765000 0.595000 0.022500 0.010000
6 0.770000 0.580000 0.022500 0.012500
6 0.867500 0.483750 0.015000 0.017500
6 0.680000 0.572500 0.027500 0.010000
6 0.713750 0.576250 0.027500 0.010000
6 0.642500 0.570000 0.025000 0.010000
6 0.873750 0.511250 0.012500 0.015000
6 0.612500 0.570000 0.025000 0.010000
6 0.998750 0.603750 0.027500 0.012500
6 0.865000 0.431250 0.012500 0.015000
6 0.738750 0.580000 0.020000 0.012500
6 0.961250 0.602500 0.025000 0.010000
6 0.808750 0.656250 0.022500 0.017500
6 0.955000 0.613750 0.030000 0.012500
6 0.898750 0.455000 0.017500 0.017500
6 0.812500 0.673750 0.020000 0.010000
6 0.810000 0.681250 0.022500 0.015000
6 0.808750 0.692500 0.030000 0.015000
6 0.805000 0.705000 0.027500 0.010000
6 0.822500 0.712500 0.017500 0.017500
6 0.820000 0.733750 0.012500 0.022500
6 0.801250 0.755000 0.025000 0.012500
6 0.831250 0.792500 0.017500 0.015000
6 0.262500 0.831250 0.035000 0.012500
6 0.390000 0.337500 0.027500 0.012500
6 0.143750 0.270000 0.015000 0.017500
6 0.841250 0.461250 0.022500 0.010000
6 0.857500 0.356250 0.022500 0.015000
6 0.906250 0.296250 0.015000 0.017500
6 0.873750 0.231250 0.027500 0.010000
6 0.875000 0.240000 0.027500 0.010000
6 0.876250 0.250000 0.022500 0.010000
6 0.888750 0.403750 0.015000 0.017500
6 0.880000 0.341250 0.010000 0.017500
6 0.868750 0.258750 0.027500 0.010000
6 0.875000 0.371250 0.012500 0.015000
6 0.867500 0.270000 0.027500 0.010000
6 0.866250 0.278750 0.030000 0.012500
6 0.866250 0.287500 0.025000 0.012500
6 0.870000 0.295000 0.027500 0.010000
6 0.868750 0.302500 0.022500 0.010000
6 0.863750 0.313750 0.030000 0.012500
6 0.858750 0.323750 0.030000 0.010000
6 0.403750 0.216250 0.020000 0.015000
6 0.426250 0.215000 0.015000 0.015000
6 0.156250 0.236250 0.017500 0.017500
6 0.742500 0.032500 0.025000 0.010000
6 0.732500 0.065000 0.010000 0.015000
6 0.746250 0.066250 0.015000 0.017500
6 0.792500 0.038750 0.025000 0.010000
6 0.737500 0.007500 0.015000 0.017500
6 0.853750 0.042500 0.032500 0.012500
6 0.935000 0.046250 0.032500 0.012500
6 0.853750 0.013750 0.012500 0.017500
6 0.290000 0.013750 0.030000 0.010000
6 0.227500 0.016250 0.030000 0.015000
6 0.808750 0.068750 0.015000 0.012500
6 0.863750 0.056250 0.027500 0.010000
6 0.905000 0.071250 0.025000 0.017500
6 0.893750 0.125000 0.022500 0.010000
6 0.891250 0.138750 0.022500 0.015000
6 0.886250 0.152500 0.027500 0.012500
6 0.372500 0.013750 0.060000 0.015000
6 0.363750 0.001250 0.030000 0.010000
6 0.670000 0.617500 0.022500 0.022500
6 0.685000 0.618750 0.027500 0.022500
6 0.701250 0.620000 0.020000 0.017500
6 0.713750 0.620000 0.020000 0.017500
6 0.132500 0.555000 0.022500 0.012500
6 0.177500 0.560000 0.022500 0.010000
6 0.213750 0.547500 0.032500 0.010000
6 0.245000 0.555000 0.025000 0.012500
6 0.202500 0.575000 0.030000 0.015000
6 0.255000 0.565000 0.030000 0.007500
6 0.232500 0.571250 0.025000 0.010000
6 0.243750 0.695000 0.015000 0.017500
6 0.457500 0.600000 0.015000 0.017500
6 0.585000 0.566250 0.025000 0.012500
6 0.806250 0.713750 0.022500 0.010000
6 0.805000 0.722500 0.022500 0.010000
6 0.311250 0.537500 0.020000 0.020000
6 0.858750 0.937500 0.020000 0.015000
6 0.808750 0.920000 0.015000 0.015000
6 0.763750 0.933750 0.025000 0.012500
6 0.230000 0.733750 0.025000 0.027500
6 0.605000 0.286250 0.017500 0.015000
6 0.800000 0.741250 0.022500 0.010000
6 0.850000 0.892500 0.012500 0.015000
6 0.848750 0.597500 0.020000 0.015000
6 0.776250 0.623750 0.020000 0.015000
6 0.781250 0.011250 0.015000 0.017500
6 0.822500 0.013750 0.017500 0.017500
6 0.838750 0.012500 0.012500 0.017500
6 0.315000 0.026250 0.022500 0.010000
