6 0.057500 0.478750 0.015000 0.015000
6 0.043750 0.480000 0.015000 0.017500
6 0.346250 0.415000 0.017500 0.020000
6 0.293750 0.427500 0.022500 0.017500
6 0.310000 0.431250 0.012500 0.017500
6 0.275000 0.516250 0.027500 0.012500
6 0.021250 0.502500 0.025000 0.010000
6 0.082500 0.495000 0.057500 0.020000
6 0.135000 0.511250 0.022500 0.010000
6 0.785000 0.535000 0.015000 0.020000
6 0.801250 0.533750 0.015000 0.017500
6 0.806250 0.553750 0.025000 0.012500
6 0.947500 0.552500 0.027500 0.012500
6 0.760000 0.540000 0.017500 0.007500
6 0.826250 0.537500 0.017500 0.020000
6 0.981250 0.556250 0.025000 0.010000
6 0.021250 0.896250 0.022500 0.015000
6 0.035000 0.898750 0.020000 0.012500
6 0.565000 0.798750 0.015000 0.020000
6 0.583750 0.790000 0.012500 0.020000
6 0.593750 0.791250 0.015000 0.020000
6 0.605000 0.790000 0.010000 0.015000
6 0.587500 0.825000 0.015000 0.020000
6 0.798750 0.000000 0.017500 0.020000
6 0.813750 0.000000 0.020000 0.017500
6 0.826250 0.000000 0.017500 0.020000
6 0.995000 0.041250 0.015000 0.012500
6 0.391250 0.525000 0.025000 0.010000
6 0.917500 0.551250 0.027500 0.012500
6 0.980000 0.538750 0.025000 0.012500
6 0.941250 0.022500 0.035000 0.012500
6 0.843750 0.540000 0.017500 0.015000
6 0.755000 0.548750 0.027500 0.010000
6 0.352500 0.008750 0.017500 0.012500
6 0.861250 0.003750 0.030000 0.005000
6 0.550000 0.832500 0.012500 0.012500
6 0.292500 0.848750 0.015000 0.015000
6 0.637500 0.550000 0.057500 0.012500
6 0.910000 0.418750 0.012500 0.012500
6 0.040000 0.123750 0.015000 0.017500
6 0.092500 0.531250 0.010000 0.012500
6 0.322500 0.671250 0.010000 0.012500
6 0.116250 0.537500 0.015000 0.017500
6 0.111250 0.483750 0.020000 0.022500
6 0.547500 0.793750 0.015000 0.015000
