6 0.020000 0.935000 0.012500 0.017500
6 0.095000 0.945000 0.015000 0.017500
6 0.226250 0.998750 0.015000 0.017500
6 0.203750 0.997500 0.015000 0.017500
6 0.113750 0.990000 0.015000 0.017500
6 0.126250 0.991250 0.012500 0.017500
6 0.356250 0.960000 0.017500 0.020000
6 0.402500 0.965000 0.015000 0.015000
6 0.667500 0.977500 0.012500 0.017500
6 0.688750 0.978750 0.017500 0.015000
6 0.810000 0.915000 0.010000 0.015000
6 0.681250 0.992500 0.027500 0.007500
6 0.625000 0.966250 0.025000 0.010000
6 0.641250 0.977500 0.015000 0.017500
6 0.418750 0.982500 0.022500 0.007500
6 0.807500 0.936250 0.015000 0.017500
6 0.800000 0.955000 0.017500 0.017500
6 0.817500 0.872500 0.015000 0.017500
6 0.832500 0.868750 0.015000 0.017500
6 0.813750 0.896250 0.015000 0.017500
6 0.830000 0.937500 0.022500 0.017500
6 0.897500 0.875000 0.012500 0.015000
6 0.822500 0.837500 0.017500 0.020000
6 0.721250 0.990000 0.022500 0.012500
6 0.845000 0.883750 0.025000 0.030000
6 0.896250 0.858750 0.032500 0.015000
6 0.925000 0.875000 0.012500 0.015000
6 0.858750 0.893750 0.017500 0.015000
6 0.936250 0.858750 0.022500 0.007500
6 0.995000 0.862500 0.025000 0.012500
6 0.938750 0.876250 0.015000 0.020000
6 0.953750 0.875000 0.012500 0.017500
6 0.813750 0.975000 0.012500 0.015000
6 0.865000 0.565000 0.012500 0.017500
6 0.861250 0.585000 0.015000 0.017500
6 0.782500 0.477500 0.037500 0.012500
6 0.821250 0.481250 0.030000 0.010000
6 0.422500 0.477500 0.025000 0.012500
6 0.498750 0.481250 0.025000 0.007500
6 0.362500 0.443750 0.022500 0.010000
6 0.453750 0.465000 0.015000 0.015000
6 0.428750 0.463750 0.017500 0.017500
6 0.552500 0.440000 0.025000 0.010000
6 0.420000 0.448750 0.025000 0.010000
6 0.867500 0.440000 0.015000 0.017500
6 0.875000 0.426250 0.017500 0.020000
6 0.861250 0.603750 0.015000 0.020000
6 0.892500 0.347500 0.015000 0.020000
6 0.923750 0.137500 0.015000 0.020000
6 0.936250 0.092500 0.015000 0.020000
6 0.930000 0.062500 0.022500 0.020000
6 0.316250 0.456250 0.017500 0.020000
6 0.333750 0.457500 0.017500 0.020000
6 0.533750 0.420000 0.017500 0.020000
6 0.551250 0.421250 0.017500 0.020000
6 0.730000 0.483750 0.020000 0.022500
6 0.990000 0.878750 0.020000 0.017500
6 0.071250 0.437500 0.020000 0.020000
6 0.085000 0.438750 0.015000 0.017500
6 0.096250 0.437500 0.017500 0.022500
6 0.153750 0.396250 0.017500 0.017500
6 0.848750 0.672500 0.012500 0.017500
6 0.827500 0.715000 0.025000 0.017500
6 0.822500 0.725000 0.027500 0.012500
6 0.823750 0.732500 0.027500 0.015000
6 0.858750 0.915000 0.017500 0.020000
6 0.723750 0.435000 0.010000 0.017500
6 0.648750 0.481250 0.015000 0.017500
6 0.713750 0.485000 0.017500 0.017500
6 0.620000 0.613750 0.017500 0.017500
6 0.618750 0.467500 0.022500 0.010000
6 0.743750 0.438750 0.015000 0.015000
6 0.756250 0.441250 0.015000 0.017500
6 0.056250 0.438750 0.015000 0.022500
6 0.573750 0.295000 0.022500 0.010000
6 0.428750 0.971250 0.012500 0.012500
6 0.008750 0.922500 0.025000 0.010000
6 0.343750 0.958750 0.017500 0.017500
6 0.373750 0.947500 0.022500 0.010000
6 0.380000 0.961250 0.020000 0.017500
6 0.967500 0.875000 0.015000 0.017500
6 0.970000 0.862500 0.020000 0.007500
6 0.370000 0.473750 0.025000 0.010000
6 0.341250 0.472500 0.020000 0.007500
6 0.868750 0.490000 0.030000 0.017500
6 0.097500 0.422500 0.027500 0.010000
