6 0.538750 0.115000 0.080000 0.037500
6 0.147500 0.005000 0.037500 0.017500
6 0.950000 0.346250 0.070000 0.030000
6 0.886250 0.326250 0.072500 0.035000
6 0.823750 0.305000 0.070000 0.037500
6 0.757500 0.278750 0.070000 0.037500
6 0.691250 0.261250 0.072500 0.032500
6 0.630000 0.238750 0.075000 0.032500
6 0.565000 0.217500 0.072500 0.032500
6 0.498750 0.195000 0.075000 0.030000
6 0.438750 0.175000 0.075000 0.032500
6 0.195000 0.110000 0.070000 0.032500
6 0.135000 0.088750 0.070000 0.032500
6 0.161250 0.083750 0.055000 0.027500
6 0.102500 0.061250 0.072500 0.032500
6 0.060000 0.068750 0.067500 0.030000
6 0.002500 0.047500 0.070000 0.035000
6 0.033750 0.041250 0.067500 0.032500
6 0.632500 0.526250 0.022500 0.027500
6 0.532500 0.468750 0.035000 0.015000
6 0.758750 0.563750 0.027500 0.012500
6 0.837500 0.596250 0.047500 0.022500
6 0.706250 0.560000 0.035000 0.015000
6 0.500000 0.458750 0.037500 0.015000
6 0.005000 0.947500 0.037500 0.012500
6 0.001250 0.963750 0.030000 0.012500
6 0.001250 0.983750 0.017500 0.020000
6 0.015000 0.983750 0.015000 0.017500
6 0.027500 0.982500 0.015000 0.017500
6 0.085000 0.955000 0.030000 0.010000
6 0.003750 0.935000 0.015000 0.020000
6 0.017500 0.933750 0.012500 0.017500
6 0.028750 0.931250 0.017500 0.017500
6 0.041250 0.930000 0.012500 0.017500
6 0.055000 0.928750 0.015000 0.017500
6 0.065000 0.927500 0.012500 0.015000
6 0.078750 0.926250 0.010000 0.015000
6 0.090000 0.926250 0.012500 0.017500
6 0.105000 0.926250 0.015000 0.017500
6 0.116250 0.923750 0.015000 0.017500
6 0.218750 0.981250 0.012500 0.017500
6 0.230000 0.981250 0.015000 0.020000
6 0.137500 0.920000 0.010000 0.020000
6 0.151250 0.920000 0.012500 0.017500
6 0.165000 0.918750 0.015000 0.020000
6 0.177500 0.920000 0.012500 0.020000
6 0.188750 0.920000 0.012500 0.017500
6 0.198750 0.920000 0.010000 0.017500
6 0.212500 0.920000 0.010000 0.017500
6 0.230000 0.921250 0.012500 0.017500
6 0.250000 0.982500 0.012500 0.015000
6 0.262500 0.982500 0.012500 0.015000
6 0.301250 0.981250 0.010000 0.017500
6 0.326250 0.982500 0.012500 0.017500
6 0.337500 0.982500 0.012500 0.017500
6 0.265000 0.921250 0.012500 0.015000
6 0.277500 0.922500 0.015000 0.017500
6 0.290000 0.926250 0.015000 0.017500
6 0.303750 0.925000 0.012500 0.015000
6 0.315000 0.927500 0.012500 0.017500
6 0.326250 0.931250 0.012500 0.015000
6 0.338750 0.932500 0.012500 0.015000
6 0.352500 0.933750 0.012500 0.017500
6 0.363750 0.937500 0.012500 0.017500
6 0.271250 0.393750 0.025000 0.012500
6 0.477500 0.607500 0.015000 0.017500
6 0.498750 0.615000 0.015000 0.015000
6 0.468750 0.450000 0.025000 0.015000
