6 0.983750 0.490000 0.032500 0.017500
6 0.987500 0.243750 0.015000 0.015000
6 0.968750 0.152500 0.025000 0.025000
6 0.456250 0.063750 0.022500 0.012500
6 0.293750 0.282500 0.020000 0.017500
6 0.627500 0.288750 0.015000 0.022500
6 0.485000 0.170000 0.020000 0.015000
6 0.670000 0.423750 0.025000 0.012500
6 0.683750 0.437500 0.027500 0.012500
6 0.668750 0.388750 0.017500 0.012500
6 0.597500 0.272500 0.040000 0.020000
6 0.558750 0.278750 0.042500 0.020000
6 0.553750 0.316250 0.052500 0.020000
6 0.518750 0.455000 0.070000 0.032500
6 0.457500 0.431250 0.062500 0.030000
6 0.392500 0.410000 0.067500 0.032500
6 0.325000 0.387500 0.062500 0.027500
6 0.257500 0.366250 0.065000 0.027500
6 0.200000 0.346250 0.070000 0.030000
6 0.136250 0.326250 0.072500 0.035000
6 0.073750 0.305000 0.070000 0.037500
6 0.007500 0.278750 0.070000 0.037500
6 0.008750 0.563750 0.027500 0.012500
6 0.087500 0.596250 0.047500 0.022500
6 0.766250 0.776250 0.035000 0.015000
6 0.267500 0.651250 0.035000 0.020000
6 0.716250 0.516250 0.067500 0.035000
6 0.757500 0.572500 0.070000 0.035000
6 0.792500 0.553750 0.057500 0.032500
6 0.817500 0.601250 0.065000 0.030000
6 0.872500 0.588750 0.062500 0.035000
6 0.876250 0.625000 0.060000 0.037500
6 0.948750 0.630000 0.060000 0.040000
6 0.938750 0.658750 0.057500 0.035000
6 0.991250 0.690000 0.055000 0.042500
6 0.536250 0.186250 0.025000 0.032500
6 0.996250 0.967500 0.020000 0.015000
6 0.983750 0.981250 0.022500 0.015000
6 0.975000 0.993750 0.022500 0.015000
6 0.941250 0.997500 0.017500 0.015000
6 0.932500 0.992500 0.020000 0.015000
6 0.952500 0.983750 0.020000 0.015000
6 0.913750 0.981250 0.017500 0.017500
6 0.936250 0.976250 0.020000 0.015000
6 0.987500 0.962500 0.020000 0.017500
6 0.977500 0.958750 0.017500 0.015000
6 0.968750 0.953750 0.017500 0.012500
6 0.968750 0.970000 0.020000 0.015000
6 0.958750 0.968750 0.022500 0.017500
6 0.947500 0.965000 0.022500 0.017500
6 0.956250 0.946250 0.020000 0.015000
6 0.942500 0.928750 0.017500 0.012500
6 0.942500 0.945000 0.022500 0.017500
6 0.928750 0.945000 0.020000 0.015000
6 0.930000 0.957500 0.020000 0.012500
6 0.916250 0.955000 0.015000 0.010000
6 0.916250 0.966250 0.017500 0.015000
6 0.900000 0.970000 0.017500 0.012500
6 0.916250 0.931250 0.020000 0.015000
6 0.910000 0.915000 0.025000 0.017500
6 0.912500 0.923750 0.017500 0.010000
6 0.808750 0.933750 0.022500 0.010000
6 0.893750 0.927500 0.017500 0.015000
6 0.862500 0.953750 0.020000 0.017500
6 0.852500 0.950000 0.017500 0.012500
6 0.902500 0.940000 0.010000 0.012500
6 0.881250 0.950000 0.012500 0.015000
6 0.891250 0.953750 0.015000 0.012500
6 0.868750 0.938750 0.017500 0.015000
6 0.848750 0.942500 0.017500 0.012500
6 0.831250 0.943750 0.020000 0.015000
6 0.821250 0.938750 0.015000 0.012500
6 0.880000 0.927500 0.020000 0.015000
6 0.895000 0.915000 0.020000 0.015000
6 0.851250 0.928750 0.022500 0.020000
6 0.878750 0.913750 0.020000 0.015000
6 0.870000 0.911250 0.022500 0.015000
6 0.862500 0.905000 0.020000 0.012500
6 0.855000 0.902500 0.020000 0.015000
6 0.845000 0.898750 0.020000 0.015000
6 0.832500 0.927500 0.017500 0.012500
6 0.825000 0.922500 0.022500 0.015000
6 0.811250 0.921250 0.020000 0.010000
6 0.827500 0.910000 0.022500 0.015000
6 0.800000 0.917500 0.022500 0.015000
6 0.790000 0.913750 0.022500 0.012500
6 0.828750 0.888750 0.022500 0.015000
6 0.766250 0.913750 0.022500 0.012500
6 0.771250 0.903750 0.025000 0.012500
6 0.820000 0.905000 0.020000 0.010000
6 0.790000 0.903750 0.020000 0.012500
6 0.811250 0.883750 0.020000 0.012500
6 0.793750 0.891250 0.022500 0.012500
6 0.686250 0.895000 0.040000 0.020000
6 0.648750 0.486250 0.067500 0.037500
6 0.645000 0.448750 0.025000 0.015000
6 0.612500 0.312500 0.037500 0.015000
6 0.476250 0.158750 0.017500 0.010000
6 0.483750 0.153750 0.015000 0.007500
6 0.600000 0.375000 0.065000 0.022500
