6 0.205000 0.045000 0.017500 0.020000
6 0.217500 0.008750 0.015000 0.015000
6 0.172500 0.087500 0.020000 0.015000
6 0.177500 0.121250 0.017500 0.017500
6 0.150000 0.146250 0.020000 0.020000
6 0.595000 0.011250 0.025000 0.007500
6 0.680000 0.033750 0.015000 0.012500
6 0.118750 0.823750 0.017500 0.012500
6 0.006250 0.883750 0.020000 0.007500
6 0.087500 0.666250 0.025000 0.010000
6 0.095000 0.647500 0.020000 0.010000
6 0.091250 0.656250 0.025000 0.007500
6 0.102500 0.635000 0.022500 0.007500
6 0.003750 0.716250 0.022500 0.010000
6 0.025000 0.712500 0.012500 0.032500
6 0.002500 0.588750 0.017500 0.015000
6 0.082500 0.593750 0.017500 0.025000
6 0.065000 0.595000 0.027500 0.037500
6 0.865000 0.900000 0.047500 0.040000
6 0.895000 0.936250 0.017500 0.017500
6 0.902500 0.921250 0.015000 0.012500
6 0.028750 0.516250 0.015000 0.017500
6 0.005000 0.531250 0.017500 0.017500
6 0.097500 0.897500 0.015000 0.012500
6 0.102500 0.363750 0.017500 0.017500
6 0.077500 0.352500 0.015000 0.017500
6 0.200000 0.020000 0.017500 0.020000
6 0.151250 0.115000 0.015000 0.015000
6 0.361250 0.667500 0.012500 0.015000
