6 0.570000 0.043750 0.027500 0.012500
6 0.186250 0.206250 0.022500 0.017500
6 0.295000 0.141250 0.022500 0.017500
6 0.785000 0.568750 0.015000 0.017500
6 0.602500 0.966250 0.037500 0.032500
6 0.920000 0.758750 0.022500 0.012500
6 0.628750 0.647500 0.022500 0.020000
6 0.635000 0.243750 0.010000 0.017500
6 0.586250 0.945000 0.010000 0.012500
6 0.563750 0.943750 0.012500 0.012500
6 0.835000 0.425000 0.017500 0.012500
6 0.661250 0.923750 0.007500 0.012500
6 0.618750 0.631250 0.012500 0.010000
6 0.368750 0.245000 0.015000 0.017500
6 0.637500 0.840000 0.017500 0.010000
6 0.778750 0.080000 0.015000 0.017500
6 0.548750 0.903750 0.010000 0.012500
6 0.962500 0.490000 0.017500 0.015000
6 0.846250 0.403750 0.017500 0.010000
6 0.145000 0.230000 0.015000 0.010000
6 0.822500 0.407500 0.022500 0.017500
6 0.270000 0.156250 0.022500 0.012500
6 0.690000 0.758750 0.012500 0.010000
6 0.992500 0.566250 0.015000 0.015000
6 0.707500 0.391250 0.010000 0.012500
6 0.615000 0.208750 0.022500 0.025000
6 0.597500 0.897500 0.007500 0.010000
6 0.667500 0.876250 0.015000 0.012500
6 0.587500 0.900000 0.007500 0.010000
6 0.028750 0.702500 0.020000 0.015000
6 0.623750 0.891250 0.010000 0.010000
6 0.683750 0.741250 0.017500 0.012500
6 0.703750 0.911250 0.017500 0.020000
6 0.608750 0.932500 0.010000 0.010000
6 0.662500 0.861250 0.015000 0.007500
6 0.717500 0.907500 0.010000 0.015000
6 0.638750 0.862500 0.017500 0.010000
6 0.685000 0.345000 0.015000 0.012500
6 0.640000 0.927500 0.010000 0.012500
6 0.636250 0.888750 0.015000 0.012500
6 0.132500 0.657500 0.025000 0.015000
6 0.650000 0.885000 0.012500 0.015000
6 0.615000 0.847500 0.017500 0.012500
6 0.625000 0.228750 0.015000 0.015000
6 0.667500 0.300000 0.015000 0.015000
6 0.378750 0.210000 0.017500 0.015000
6 0.441250 0.360000 0.012500 0.012500
6 0.671250 0.727500 0.010000 0.012500
6 0.775000 0.547500 0.020000 0.022500
6 0.352500 0.168750 0.012500 0.017500
6 0.618750 0.930000 0.012500 0.012500
6 0.611250 0.895000 0.012500 0.017500
6 0.567500 0.543750 0.012500 0.012500
6 0.238750 0.612500 0.017500 0.012500
6 0.650000 0.921250 0.012500 0.010000
6 0.771250 0.030000 0.015000 0.020000
6 0.981250 0.743750 0.012500 0.007500
6 0.573750 0.900000 0.017500 0.017500
6 0.595000 0.931250 0.010000 0.010000
6 0.946250 0.393750 0.017500 0.012500
6 0.402500 0.252500 0.015000 0.017500
6 0.680000 0.872500 0.010000 0.015000
6 0.630000 0.927500 0.010000 0.012500
6 0.542500 0.887500 0.007500 0.010000
