6 0.391250 0.600000 0.020000 0.027500
6 0.401250 0.605000 0.015000 0.025000
6 0.521250 0.900000 0.017500 0.020000
6 0.508750 0.912500 0.015000 0.017500
6 0.851250 0.863750 0.025000 0.015000
6 0.525000 0.925000 0.010000 0.020000
6 0.826250 0.830000 0.025000 0.017500
6 0.556250 0.982500 0.015000 0.015000
6 0.540000 0.990000 0.015000 0.012500
6 0.486250 0.896250 0.007500 0.012500
6 0.006250 0.510000 0.020000 0.017500
6 0.247500 0.247500 0.017500 0.020000
6 0.331250 0.123750 0.017500 0.015000
6 0.455000 0.001250 0.050000 0.055000
6 0.987500 0.257500 0.020000 0.010000
6 0.547500 0.022500 0.010000 0.012500
6 0.383750 0.820000 0.010000 0.010000
6 0.293750 0.226250 0.022500 0.025000
6 0.102500 0.491250 0.022500 0.015000
6 0.342500 0.221250 0.015000 0.015000
6 0.145000 0.357500 0.015000 0.017500
6 0.367500 0.801250 0.020000 0.012500
6 0.818750 0.002500 0.015000 0.012500
6 0.738750 0.961250 0.017500 0.007500
6 0.288750 0.322500 0.015000 0.012500
6 0.566250 0.461250 0.007500 0.015000
6 0.117500 0.505000 0.022500 0.010000
6 0.585000 0.463750 0.010000 0.012500
6 0.358750 0.790000 0.017500 0.010000
6 0.388750 0.825000 0.017500 0.010000
6 0.436250 0.815000 0.020000 0.015000
6 0.815000 0.012500 0.017500 0.012500
6 0.257500 0.358750 0.017500 0.015000
6 0.407500 0.646250 0.050000 0.022500
6 0.687500 0.463750 0.007500 0.010000
6 0.411250 0.460000 0.017500 0.012500
6 0.651250 0.062500 0.012500 0.015000
6 0.763750 0.015000 0.010000 0.012500
6 0.633750 0.477500 0.010000 0.012500
6 0.346250 0.293750 0.052500 0.047500
6 0.128750 0.685000 0.020000 0.012500
6 0.397500 0.833750 0.015000 0.012500
6 0.395000 0.456250 0.017500 0.012500
6 0.845000 0.946250 0.010000 0.010000
6 0.512500 0.011250 0.012500 0.015000
6 0.418750 0.427500 0.017500 0.012500
6 0.462500 0.372500 0.015000 0.012500
6 0.177500 0.425000 0.022500 0.017500
6 0.475000 0.896250 0.015000 0.010000
6 0.021250 0.577500 0.015000 0.012500
6 0.315000 0.172500 0.017500 0.012500
6 0.350000 0.753750 0.020000 0.017500
6 0.292500 0.580000 0.017500 0.015000
6 0.398750 0.061250 0.020000 0.010000
6 0.380000 0.811250 0.017500 0.015000
6 0.682500 0.477500 0.017500 0.015000
6 0.065000 0.552500 0.020000 0.007500
