6 0.602500 0.216250 0.037500 0.032500
6 0.920000 0.008750 0.022500 0.012500
6 0.586250 0.195000 0.010000 0.012500
6 0.563750 0.193750 0.012500 0.012500
6 0.661250 0.173750 0.007500 0.012500
6 0.637500 0.090000 0.017500 0.010000
6 0.548750 0.153750 0.010000 0.012500
6 0.690000 0.008750 0.012500 0.010000
6 0.597500 0.147500 0.007500 0.010000
6 0.667500 0.126250 0.015000 0.012500
6 0.587500 0.150000 0.007500 0.010000
6 0.623750 0.141250 0.010000 0.010000
6 0.703750 0.161250 0.017500 0.020000
6 0.608750 0.182500 0.010000 0.010000
6 0.662500 0.111250 0.015000 0.007500
6 0.717500 0.157500 0.010000 0.015000
6 0.638750 0.112500 0.017500 0.010000
6 0.640000 0.177500 0.010000 0.012500
6 0.636250 0.138750 0.015000 0.012500
6 0.650000 0.135000 0.012500 0.015000
6 0.615000 0.097500 0.017500 0.012500
6 0.618750 0.180000 0.012500 0.012500
6 0.611250 0.145000 0.012500 0.017500
6 0.650000 0.171250 0.012500 0.010000
6 0.573750 0.150000 0.017500 0.017500
6 0.595000 0.181250 0.010000 0.010000
6 0.680000 0.122500 0.010000 0.015000
6 0.630000 0.177500 0.010000 0.012500
6 0.542500 0.137500 0.007500 0.010000
