6 0.918750 0.805000 0.027500 0.017500
6 0.725000 0.968750 0.050000 0.025000
6 0.126250 0.976250 0.017500 0.012500
6 0.207500 0.802500 0.017500 0.022500
6 0.176250 0.576250 0.025000 0.030000
6 0.318750 0.036250 0.015000 0.020000
6 0.102500 0.842500 0.027500 0.047500
6 0.113750 0.931250 0.020000 0.037500
6 0.216250 0.755000 0.010000 0.020000
6 0.190000 0.095000 0.010000 0.015000
6 0.085000 0.701250 0.027500 0.052500
6 0.088750 0.751250 0.022500 0.047500
6 0.107500 0.888750 0.020000 0.047500
6 0.096250 0.797500 0.022500 0.047500
6 0.170000 0.367500 0.010000 0.017500
6 0.158750 0.383750 0.017500 0.037500
6 0.646250 0.870000 0.032500 0.017500
6 0.690000 0.856250 0.035000 0.017500
6 0.550000 0.883750 0.020000 0.010000
6 0.283750 0.083750 0.010000 0.017500
6 0.306250 0.083750 0.012500 0.015000
6 0.695000 0.040000 0.010000 0.012500
6 0.465000 0.872500 0.047500 0.027500
6 0.193750 0.321250 0.025000 0.057500
6 0.260000 0.073750 0.017500 0.007500
6 0.392500 0.076250 0.012500 0.015000
6 0.748750 0.035000 0.012500 0.010000
6 0.811250 0.025000 0.010000 0.012500
6 0.171250 0.553750 0.017500 0.030000
6 0.100000 0.020000 0.012500 0.012500
6 0.420000 0.021250 0.010000 0.012500
6 0.702500 0.040000 0.007500 0.010000
6 0.990000 0.748750 0.015000 0.012500
6 0.910000 0.932500 0.022500 0.017500
6 0.781250 0.957500 0.040000 0.027500
6 0.095000 0.098750 0.015000 0.007500
6 0.246250 0.000000 0.017500 0.010000
6 0.553750 0.056250 0.010000 0.012500
6 0.172500 0.112500 0.020000 0.020000
6 0.085000 0.072500 0.015000 0.007500
6 0.138750 0.241250 0.015000 0.025000
6 0.346250 0.606250 0.017500 0.022500
6 0.218750 0.446250 0.020000 0.020000
6 0.155000 0.031250 0.010000 0.015000
6 0.211250 0.091250 0.010000 0.012500
6 0.157500 0.051250 0.010000 0.015000
6 0.761250 0.031250 0.010000 0.010000
6 0.973750 0.010000 0.007500 0.012500
6 0.720000 0.847500 0.015000 0.010000
6 0.911250 0.781250 0.012500 0.007500
6 0.210000 0.703750 0.012500 0.022500
6 0.192500 0.242500 0.017500 0.012500
6 0.187500 0.222500 0.017500 0.015000
6 0.076250 0.030000 0.020000 0.007500
6 0.088750 0.081250 0.015000 0.007500
6 0.221250 0.090000 0.010000 0.015000
6 0.527500 0.060000 0.010000 0.010000
6 0.882500 0.780000 0.017500 0.015000
6 0.308750 0.611250 0.010000 0.015000
6 0.150000 0.012500 0.012500 0.010000
6 0.255000 0.090000 0.012500 0.012500
6 0.426250 0.068750 0.012500 0.015000
6 0.947500 0.171250 0.012500 0.012500
6 0.371250 0.078750 0.010000 0.015000
6 0.178750 0.161250 0.012500 0.015000
6 0.192500 0.718750 0.017500 0.010000
6 0.077500 0.046250 0.012500 0.005000
6 0.840000 0.023750 0.012500 0.010000
6 0.812500 0.820000 0.012500 0.010000
6 0.900000 0.018750 0.010000 0.012500
6 0.870000 0.782500 0.012500 0.012500
6 0.930000 0.173750 0.012500 0.015000
6 0.171250 0.127500 0.015000 0.012500
6 0.396250 0.020000 0.012500 0.012500
6 0.273750 0.087500 0.007500 0.012500
6 0.985000 0.008750 0.012500 0.010000
6 0.408750 0.853750 0.020000 0.012500
6 0.585000 0.883750 0.015000 0.010000
6 0.767500 0.833750 0.017500 0.010000
6 0.201250 0.091250 0.017500 0.027500
6 0.478750 0.905000 0.045000 0.020000
6 0.121250 0.153750 0.015000 0.015000
6 0.117500 0.125000 0.012500 0.017500
6 0.063750 0.003750 0.010000 0.012500
6 0.076250 0.038750 0.017500 0.007500
6 0.983750 0.172500 0.012500 0.015000
6 0.375000 0.641250 0.020000 0.012500
6 0.231250 0.090000 0.012500 0.015000
6 0.357500 0.077500 0.012500 0.012500
6 0.853750 0.022500 0.007500 0.010000
6 0.333750 0.666250 0.015000 0.012500
6 0.215000 0.467500 0.010000 0.017500
6 0.181250 0.178750 0.012500 0.015000
6 0.078750 0.066250 0.015000 0.005000
6 0.616250 0.037500 0.017500 0.002500
6 0.241250 0.090000 0.010000 0.010000
6 0.325000 0.610000 0.012500 0.015000
6 0.130000 0.216250 0.012500 0.012500
6 0.098750 0.002500 0.012500 0.012500
6 0.250000 0.012500 0.015000 0.007500
6 0.337500 0.082500 0.010000 0.015000
6 0.168750 0.096250 0.015000 0.020000
6 0.077500 0.058750 0.015000 0.007500
6 0.950000 0.013750 0.010000 0.015000
6 0.607500 0.876250 0.015000 0.015000
6 0.936250 0.771250 0.020000 0.007500
6 0.127500 0.170000 0.010000 0.012500
6 0.206250 0.005000 0.020000 0.010000
6 0.190000 0.701250 0.015000 0.017500
6 0.093750 0.088750 0.015000 0.005000
6 0.262500 0.087500 0.010000 0.010000
6 0.095000 0.043750 0.012500 0.020000
6 0.185000 0.195000 0.007500 0.015000
6 0.415000 0.072500 0.012500 0.017500
6 0.966250 0.760000 0.012500 0.012500
6 0.127500 0.188750 0.017500 0.022500
6 0.295000 0.083750 0.010000 0.012500
6 0.562500 0.890000 0.015000 0.012500
6 0.792500 0.826250 0.015000 0.012500
6 0.198750 0.763750 0.015000 0.027500
6 0.740000 0.036250 0.010000 0.010000
6 0.798750 0.028750 0.015000 0.012500
6 0.178750 0.517500 0.017500 0.025000
6 0.660000 0.047500 0.012500 0.012500
6 0.680000 0.043750 0.010000 0.010000
6 0.912500 0.018750 0.010000 0.015000
6 0.408750 0.021250 0.012500 0.015000
6 0.402500 0.075000 0.007500 0.012500
6 0.866250 0.021250 0.015000 0.012500
6 0.142500 0.283750 0.010000 0.017500
6 0.963750 0.010000 0.012500 0.015000
6 0.317500 0.082500 0.010000 0.012500
6 0.966250 0.241250 0.015000 0.010000
