6 0.318750 0.786250 0.015000 0.020000
6 0.250000 0.405000 0.022500 0.012500
6 0.168750 0.416250 0.025000 0.010000
6 0.113750 0.418750 0.017500 0.017500
6 0.282500 0.402500 0.030000 0.012500
6 0.346250 0.387500 0.032500 0.015000
6 0.190000 0.845000 0.010000 0.015000
6 0.115000 0.568750 0.015000 0.017500
6 0.023750 0.513750 0.012500 0.027500
6 0.190000 0.420000 0.027500 0.010000
6 0.368750 0.371250 0.030000 0.012500
6 0.332500 0.380000 0.030000 0.012500
6 0.228750 0.417500 0.030000 0.010000
6 0.311250 0.395000 0.030000 0.012500
6 0.402500 0.362500 0.022500 0.012500
6 0.046250 0.581250 0.012500 0.017500
6 0.220000 0.410000 0.027500 0.010000
6 0.961250 0.212500 0.025000 0.010000
6 0.283750 0.833750 0.010000 0.017500
6 0.306250 0.833750 0.012500 0.015000
6 0.695000 0.790000 0.010000 0.012500
6 0.296250 0.662500 0.020000 0.007500
6 0.337500 0.667500 0.025000 0.007500
6 0.177500 0.601250 0.022500 0.007500
6 0.051250 0.692500 0.010000 0.015000
6 0.135000 0.677500 0.010000 0.010000
6 0.221250 0.542500 0.010000 0.015000
6 0.338750 0.677500 0.017500 0.007500
6 0.032500 0.290000 0.015000 0.015000
6 0.250000 0.638750 0.020000 0.010000
6 0.298750 0.652500 0.015000 0.007500
6 0.346250 0.692500 0.017500 0.005000
6 0.260000 0.823750 0.017500 0.007500
6 0.392500 0.826250 0.012500 0.015000
6 0.748750 0.785000 0.012500 0.010000
6 0.811250 0.775000 0.010000 0.012500
6 0.127500 0.047500 0.010000 0.017500
6 0.147500 0.732500 0.012500 0.012500
6 0.032500 0.627500 0.012500 0.005000
6 0.100000 0.770000 0.012500 0.012500
6 0.195000 0.700000 0.020000 0.010000
6 0.420000 0.771250 0.010000 0.012500
6 0.387500 0.577500 0.022500 0.007500
6 0.702500 0.790000 0.007500 0.010000
6 0.095000 0.848750 0.015000 0.007500
6 0.242500 0.733750 0.017500 0.007500
6 0.246250 0.750000 0.017500 0.010000
6 0.343750 0.553750 0.015000 0.012500
6 0.553750 0.806250 0.010000 0.012500
6 0.172500 0.862500 0.020000 0.020000
6 0.085000 0.822500 0.015000 0.007500
6 0.267500 0.746250 0.017500 0.010000
6 0.311250 0.505000 0.012500 0.015000
6 0.438750 0.501250 0.020000 0.005000
6 0.476250 0.345000 0.015000 0.010000
6 0.138750 0.991250 0.015000 0.025000
6 0.017500 0.055000 0.017500 0.010000
6 0.583750 0.376250 0.015000 0.010000
6 0.155000 0.781250 0.010000 0.015000
6 0.143750 0.717500 0.010000 0.010000
6 0.077500 0.708750 0.012500 0.015000
6 0.227500 0.675000 0.015000 0.007500
6 0.211250 0.841250 0.010000 0.012500
6 0.085000 0.680000 0.017500 0.025000
6 0.035000 0.088750 0.017500 0.007500
6 0.090000 0.405000 0.020000 0.012500
6 0.157500 0.801250 0.010000 0.015000
6 0.037500 0.616250 0.012500 0.005000
6 0.370000 0.700000 0.015000 0.010000
6 0.761250 0.781250 0.010000 0.010000
6 0.973750 0.760000 0.007500 0.012500
6 0.391250 0.375000 0.027500 0.015000
6 0.192500 0.992500 0.017500 0.012500
6 0.187500 0.972500 0.017500 0.015000
6 0.116250 0.051250 0.012500 0.012500
6 0.076250 0.780000 0.020000 0.007500
6 0.088750 0.831250 0.015000 0.007500
6 0.227500 0.522500 0.007500 0.012500
6 0.388750 0.586250 0.017500 0.007500
6 0.343750 0.493750 0.012500 0.015000
6 0.433750 0.483750 0.015000 0.005000
6 0.438750 0.510000 0.015000 0.005000
6 0.221250 0.840000 0.010000 0.015000
6 0.527500 0.810000 0.010000 0.010000
6 0.150000 0.762500 0.012500 0.010000
6 0.138750 0.695000 0.010000 0.012500
6 0.165000 0.556250 0.017500 0.005000
6 0.401250 0.637500 0.020000 0.010000
6 0.330000 0.501250 0.010000 0.015000
6 0.365000 0.490000 0.010000 0.012500
6 0.255000 0.840000 0.012500 0.012500
6 0.426250 0.818750 0.012500 0.015000
6 0.947500 0.921250 0.012500 0.012500
6 0.168750 0.036250 0.015000 0.012500
6 0.235000 0.191250 0.012500 0.015000
6 0.183750 0.653750 0.020000 0.007500
6 0.251250 0.665000 0.017500 0.007500
6 0.238750 0.700000 0.017500 0.007500
6 0.295000 0.677500 0.015000 0.007500
6 0.305000 0.695000 0.015000 0.010000
6 0.371250 0.828750 0.010000 0.015000
6 0.178750 0.911250 0.012500 0.015000
6 0.451250 0.350000 0.017500 0.010000
6 0.077500 0.796250 0.012500 0.005000
6 0.242500 0.605000 0.017500 0.007500
6 0.247500 0.621250 0.012500 0.005000
6 0.452500 0.686250 0.015000 0.007500
6 0.840000 0.773750 0.012500 0.010000
6 0.016250 0.473750 0.020000 0.017500
6 0.128750 0.642500 0.012500 0.015000
6 0.240000 0.523750 0.010000 0.010000
6 0.465000 0.740000 0.015000 0.007500
6 0.900000 0.768750 0.010000 0.012500
6 0.050000 0.092500 0.015000 0.007500
6 0.171250 0.581250 0.015000 0.007500
6 0.325000 0.555000 0.010000 0.015000
6 0.930000 0.923750 0.012500 0.015000
6 0.171250 0.877500 0.015000 0.012500
6 0.067500 0.086250 0.012500 0.012500
6 0.300000 0.687500 0.015000 0.007500
6 0.396250 0.770000 0.012500 0.012500
6 0.273750 0.837500 0.007500 0.012500
6 0.985000 0.758750 0.012500 0.010000
6 0.201250 0.841250 0.017500 0.027500
6 0.121250 0.903750 0.015000 0.015000
6 0.117500 0.875000 0.012500 0.017500
6 0.081250 0.057500 0.015000 0.012500
6 0.063750 0.753750 0.010000 0.012500
6 0.076250 0.788750 0.017500 0.007500
6 0.225000 0.613750 0.020000 0.010000
6 0.247500 0.628750 0.020000 0.010000
6 0.370000 0.722500 0.020000 0.007500
6 0.983750 0.922500 0.012500 0.015000
6 0.961250 0.125000 0.022500 0.042500
6 0.217500 0.582500 0.017500 0.010000
6 0.288750 0.572500 0.017500 0.007500
6 0.227500 0.667500 0.015000 0.007500
6 0.452500 0.696250 0.017500 0.005000
6 0.030000 0.070000 0.012500 0.007500
6 0.182500 0.637500 0.015000 0.007500
6 0.446250 0.653750 0.017500 0.007500
6 0.231250 0.840000 0.012500 0.015000
6 0.357500 0.827500 0.012500 0.012500
6 0.853750 0.772500 0.007500 0.010000
6 0.181250 0.928750 0.012500 0.015000
6 0.047500 0.668750 0.015000 0.010000
6 0.078750 0.816250 0.015000 0.005000
6 0.182500 0.546250 0.012500 0.015000
6 0.208750 0.543750 0.012500 0.012500
6 0.382500 0.487500 0.010000 0.015000
6 0.616250 0.787500 0.017500 0.002500
6 0.071250 0.667500 0.012500 0.012500
6 0.188750 0.665000 0.020000 0.010000
6 0.433750 0.592500 0.017500 0.007500
6 0.383750 0.561250 0.015000 0.005000
6 0.241250 0.840000 0.010000 0.010000
6 0.130000 0.966250 0.012500 0.012500
6 0.022500 0.236250 0.015000 0.017500
6 0.132500 0.663750 0.007500 0.010000
6 0.098750 0.752500 0.012500 0.012500
6 0.250000 0.762500 0.015000 0.007500
6 0.293750 0.606250 0.017500 0.007500
6 0.337500 0.832500 0.010000 0.015000
6 0.168750 0.846250 0.015000 0.020000
6 0.093750 0.717500 0.022500 0.037500
6 0.106250 0.051250 0.012500 0.015000
6 0.010000 0.041250 0.015000 0.010000
6 0.253750 0.185000 0.015000 0.015000
6 0.066250 0.645000 0.015000 0.017500
6 0.077500 0.808750 0.015000 0.007500
6 0.305000 0.703750 0.020000 0.010000
6 0.361250 0.663750 0.020000 0.010000
6 0.378750 0.542500 0.015000 0.007500
6 0.950000 0.763750 0.010000 0.015000
6 0.127500 0.920000 0.010000 0.012500
6 0.206250 0.755000 0.020000 0.010000
6 0.218750 0.598750 0.015000 0.007500
6 0.223750 0.625000 0.017500 0.007500
6 0.020000 0.603750 0.015000 0.015000
6 0.118750 0.583750 0.012500 0.012500
6 0.080000 0.728750 0.015000 0.012500
6 0.093750 0.838750 0.015000 0.005000
6 0.096250 0.737500 0.012500 0.012500
6 0.168750 0.566250 0.015000 0.007500
6 0.292500 0.587500 0.020000 0.007500
6 0.365000 0.675000 0.020000 0.007500
6 0.421250 0.717500 0.022500 0.010000
6 0.356250 0.492500 0.012500 0.010000
6 0.262500 0.837500 0.010000 0.010000
6 0.256250 0.683750 0.025000 0.015000
6 0.095000 0.793750 0.012500 0.020000
6 0.185000 0.945000 0.007500 0.015000
6 0.091250 0.606250 0.015000 0.012500
6 0.063750 0.618750 0.010000 0.012500
6 0.195000 0.545000 0.012500 0.010000
6 0.382500 0.552500 0.017500 0.007500
6 0.415000 0.822500 0.012500 0.017500
6 0.127500 0.938750 0.017500 0.022500
6 0.093750 0.053750 0.012500 0.012500
6 0.568750 0.385000 0.015000 0.010000
6 0.422500 0.735000 0.015000 0.007500
6 0.385000 0.568750 0.017500 0.007500
6 0.436250 0.491250 0.015000 0.005000
6 0.295000 0.833750 0.010000 0.012500
6 0.138750 0.046250 0.012500 0.012500
6 0.072500 0.691250 0.012500 0.012500
6 0.198750 0.727500 0.022500 0.007500
6 0.196250 0.720000 0.015000 0.010000
6 0.228750 0.658750 0.015000 0.007500
6 0.233750 0.683750 0.020000 0.010000
6 0.435000 0.582500 0.015000 0.007500
6 0.258750 0.700000 0.020000 0.012500
6 0.086250 0.647500 0.027500 0.032500
6 0.371250 0.732500 0.017500 0.010000
6 0.740000 0.786250 0.010000 0.010000
6 0.798750 0.778750 0.015000 0.012500
6 0.196250 0.710000 0.022500 0.010000
6 0.338750 0.656250 0.015000 0.007500
6 0.440000 0.626250 0.017500 0.007500
6 0.660000 0.797500 0.012500 0.012500
6 0.680000 0.793750 0.010000 0.010000
6 0.912500 0.768750 0.010000 0.015000
6 0.933750 0.126250 0.022500 0.030000
6 0.148750 0.748750 0.012500 0.012500
6 0.258750 0.522500 0.012500 0.012500
6 0.242500 0.596250 0.017500 0.007500
6 0.246250 0.613750 0.015000 0.005000
6 0.293750 0.596250 0.017500 0.007500
6 0.391250 0.596250 0.012500 0.007500
6 0.393750 0.482500 0.010000 0.012500
6 0.147500 0.043750 0.012500 0.015000
6 0.433750 0.357500 0.015000 0.007500
6 0.122500 0.605000 0.010000 0.012500
6 0.058750 0.721250 0.017500 0.010000
6 0.181250 0.627500 0.015000 0.007500
6 0.180000 0.610000 0.012500 0.007500
6 0.408750 0.771250 0.012500 0.015000
6 0.377500 0.535000 0.020000 0.010000
6 0.402500 0.825000 0.007500 0.012500
6 0.866250 0.771250 0.015000 0.012500
6 0.306250 0.716250 0.030000 0.012500
6 0.011250 0.407500 0.015000 0.015000
6 0.222500 0.605000 0.020000 0.005000
6 0.250000 0.656250 0.017500 0.010000
6 0.407500 0.477500 0.010000 0.010000
6 0.963750 0.760000 0.012500 0.015000
6 0.180000 0.033750 0.017500 0.017500
6 0.060000 0.736250 0.010000 0.012500
6 0.241250 0.587500 0.017500 0.007500
6 0.297500 0.668750 0.017500 0.007500
6 0.372500 0.748750 0.017500 0.007500
6 0.438750 0.617500 0.020000 0.007500
6 0.317500 0.832500 0.010000 0.012500
6 0.966250 0.991250 0.015000 0.010000
