6 0.976250 0.071250 0.042500 0.022500
6 0.992500 0.038750 0.010000 0.010000
6 0.867500 0.651250 0.015000 0.015000
6 0.910000 0.562500 0.010000 0.017500
6 0.885000 0.585000 0.010000 0.015000
6 0.888750 0.285000 0.007500 0.015000
6 0.906250 0.337500 0.015000 0.007500
6 0.938750 0.146250 0.010000 0.017500
6 0.882500 0.150000 0.007500 0.017500
6 0.875000 0.115000 0.010000 0.017500
6 0.888750 0.187500 0.010000 0.015000
6 0.887500 0.207500 0.012500 0.015000
6 0.915000 0.495000 0.015000 0.012500
6 0.883750 0.536250 0.005000 0.012500
6 0.960000 0.000000 0.015000 0.017500
6 0.023750 0.730000 0.055000 0.015000
6 0.008750 0.090000 0.020000 0.010000
6 0.900000 0.045000 0.007500 0.010000
6 0.948750 0.002500 0.012500 0.015000
6 0.750000 0.025000 0.010000 0.010000
6 0.940000 0.006250 0.012500 0.012500
6 0.727500 0.028750 0.017500 0.012500
6 0.125000 0.041250 0.027500 0.017500
6 0.717500 0.005000 0.015000 0.007500
6 0.050000 0.072500 0.020000 0.012500
6 0.162500 0.027500 0.022500 0.012500
6 0.908750 0.011250 0.010000 0.012500
6 0.753750 0.632500 0.020000 0.042500
6 0.473750 0.093750 0.017500 0.010000
6 0.693750 0.615000 0.022500 0.040000
6 0.898750 0.013750 0.010000 0.012500
6 0.102500 0.050000 0.022500 0.015000
6 0.771250 0.631250 0.022500 0.042500
6 0.735000 0.638750 0.027500 0.040000
6 0.716250 0.031250 0.012500 0.012500
6 0.917500 0.008750 0.010000 0.012500
6 0.928750 0.006250 0.010000 0.010000
6 0.525000 0.083750 0.017500 0.010000
6 0.031250 0.082500 0.020000 0.015000
6 0.740000 0.001250 0.020000 0.010000
6 0.068750 0.065000 0.015000 0.012500
6 0.883750 0.038750 0.020000 0.012500
