6 0.876250 0.051250 0.017500 0.012500
6 0.875000 0.107500 0.027500 0.050000
6 0.965000 0.766250 0.027500 0.052500
6 0.991250 0.962500 0.022500 0.052500
6 0.863750 0.006250 0.020000 0.037500
6 0.881250 0.153750 0.025000 0.050000
6 0.951250 0.675000 0.027500 0.047500
6 0.887500 0.202500 0.022500 0.047500
6 0.972500 0.821250 0.022500 0.047500
6 0.960000 0.718750 0.030000 0.045000
6 0.981250 0.893750 0.017500 0.052500
6 0.895000 0.247500 0.022500 0.045000
6 0.913750 0.388750 0.030000 0.047500
6 0.947500 0.623750 0.022500 0.050000
6 0.165000 0.696250 0.022500 0.027500
6 0.466250 0.460000 0.042500 0.025000
6 0.668750 0.512500 0.015000 0.020000
6 0.250000 0.665000 0.032500 0.035000
6 0.395000 0.910000 0.017500 0.020000
6 0.373750 0.953750 0.020000 0.015000
6 0.862500 0.792500 0.010000 0.017500
6 0.180000 0.055000 0.012500 0.020000
6 0.018750 0.003750 0.025000 0.012500
6 0.162500 0.132500 0.017500 0.015000
6 0.165000 0.212500 0.012500 0.017500
6 0.137500 0.271250 0.017500 0.030000
6 0.917500 0.433750 0.032500 0.050000
6 0.978750 0.273750 0.027500 0.015000
6 0.747500 0.358750 0.027500 0.015000
6 0.748750 0.397500 0.022500 0.017500
6 0.176250 0.165000 0.015000 0.020000
6 0.071250 0.600000 0.017500 0.020000
6 0.808750 0.797500 0.022500 0.010000
6 0.806250 0.835000 0.017500 0.010000
6 0.036250 0.872500 0.020000 0.025000
6 0.455000 0.870000 0.030000 0.027500
6 0.536250 0.065000 0.017500 0.015000
6 0.062500 0.946250 0.015000 0.015000
6 0.552500 0.481250 0.017500 0.015000
6 0.926250 0.322500 0.020000 0.010000
6 0.586250 0.452500 0.015000 0.012500
6 0.883750 0.310000 0.015000 0.010000
6 0.631250 0.198750 0.012500 0.017500
6 0.155000 0.847500 0.012500 0.015000
6 0.918750 0.596250 0.017500 0.030000
6 0.785000 0.997500 0.012500 0.010000
6 0.862500 0.778750 0.020000 0.020000
6 0.590000 0.153750 0.015000 0.010000
6 0.776250 0.832500 0.017500 0.012500
6 0.847500 0.723750 0.017500 0.025000
6 0.630000 0.450000 0.015000 0.012500
6 0.780000 0.823750 0.022500 0.012500
6 0.750000 0.996250 0.012500 0.010000
6 0.192500 0.722500 0.017500 0.015000
6 0.833750 0.355000 0.017500 0.015000
6 0.096250 0.985000 0.020000 0.012500
6 0.878750 0.357500 0.070000 0.037500
6 0.073750 0.895000 0.012500 0.010000
6 0.402500 0.498750 0.017500 0.010000
6 0.726250 0.961250 0.015000 0.010000
6 0.477500 0.492500 0.022500 0.012500
6 0.220000 0.678750 0.015000 0.017500
6 0.373750 0.547500 0.017500 0.012500
6 0.638750 0.400000 0.017500 0.012500
6 0.986250 0.158750 0.020000 0.020000
6 0.030000 0.808750 0.012500 0.015000
6 0.048750 0.983750 0.015000 0.017500
6 0.822500 0.591250 0.025000 0.015000
6 0.096250 0.831250 0.012500 0.012500
6 0.021250 0.746250 0.017500 0.047500
6 0.723750 0.953750 0.015000 0.007500
6 0.480000 0.025000 0.015000 0.012500
6 0.155000 0.801250 0.012500 0.017500
6 0.530000 0.471250 0.015000 0.012500
6 0.731250 0.943750 0.022500 0.012500
6 0.788750 0.981250 0.015000 0.012500
6 0.608750 0.200000 0.012500 0.017500
6 0.105000 0.493750 0.010000 0.012500
6 0.218750 0.623750 0.017500 0.017500
6 0.317500 0.581250 0.015000 0.007500
6 0.457500 0.522500 0.022500 0.015000
6 0.613750 0.398750 0.017500 0.010000
6 0.093750 0.878750 0.015000 0.012500
