6 0.248750 0.053750 0.020000 0.015000
6 0.950000 0.076250 0.022500 0.017500
6 0.880000 0.117500 0.022500 0.015000
6 0.866250 0.165000 0.037500 0.030000
6 0.676250 0.157500 0.020000 0.015000
6 0.763750 0.136250 0.022500 0.015000
6 0.586250 0.170000 0.017500 0.012500
6 0.203750 0.201250 0.020000 0.015000
6 0.395000 0.401250 0.020000 0.015000
6 0.478750 0.483750 0.022500 0.017500
6 0.152500 0.503750 0.055000 0.030000
6 0.291250 0.608750 0.017500 0.015000
6 0.226250 0.722500 0.022500 0.020000
6 0.163750 0.753750 0.020000 0.015000
