6 0.393750 0.826250 0.020000 0.022500
6 0.373750 0.866250 0.030000 0.012500
6 0.368750 0.822500 0.030000 0.010000
6 0.353750 0.840000 0.025000 0.010000
6 0.343750 0.832500 0.022500 0.007500
6 0.343750 0.823750 0.025000 0.010000
6 0.368750 0.831250 0.025000 0.010000
6 0.323750 0.828750 0.017500 0.017500
6 0.327500 0.840000 0.025000 0.010000
6 0.298750 0.841250 0.025000 0.010000
6 0.308750 0.828750 0.015000 0.015000
6 0.292500 0.827500 0.015000 0.017500
6 0.277500 0.830000 0.012500 0.017500
6 0.262500 0.831250 0.015000 0.012500
6 0.265000 0.843750 0.027500 0.012500
6 0.237500 0.842500 0.025000 0.012500
6 0.246250 0.830000 0.015000 0.015000
6 0.231250 0.830000 0.015000 0.017500
6 0.347500 0.866250 0.022500 0.012500
6 0.320000 0.867500 0.027500 0.012500
6 0.288750 0.867500 0.032500 0.012500
6 0.260000 0.868750 0.022500 0.007500
6 0.207500 0.826250 0.022500 0.007500
6 0.208750 0.832500 0.032500 0.010000
6 0.208750 0.840000 0.027500 0.007500
6 0.212500 0.846250 0.027500 0.007500
6 0.181250 0.816250 0.025000 0.010000
6 0.181250 0.823750 0.022500 0.010000
6 0.182500 0.837500 0.025000 0.017500
6 0.166250 0.807500 0.020000 0.022500
6 0.153750 0.800000 0.017500 0.017500
6 0.145000 0.797500 0.015000 0.012500
6 0.142500 0.815000 0.027500 0.017500
6 0.175000 0.863750 0.022500 0.025000
6 0.133750 0.845000 0.015000 0.015000
6 0.106250 0.847500 0.017500 0.015000
6 0.117500 0.825000 0.032500 0.010000
6 0.090000 0.826250 0.030000 0.010000
6 0.065000 0.825000 0.030000 0.012500
6 0.123750 0.810000 0.015000 0.017500
6 0.042500 0.816250 0.030000 0.010000
6 0.071250 0.815000 0.030000 0.010000
6 0.100000 0.817500 0.035000 0.010000
6 0.101250 0.807500 0.035000 0.010000
6 0.072500 0.807500 0.027500 0.010000
6 0.047500 0.807500 0.027500 0.010000
6 0.025000 0.805000 0.017500 0.017500
6 0.050000 0.846250 0.022500 0.025000
6 0.033750 0.850000 0.020000 0.015000
6 0.011250 0.806250 0.017500 0.017500
6 0.156250 0.846250 0.017500 0.020000
6 0.145000 0.848750 0.015000 0.015000
6 0.021250 0.836250 0.025000 0.012500
6 0.012500 0.852500 0.020000 0.025000
6 0.001250 0.852500 0.020000 0.020000
6 0.118750 0.795000 0.035000 0.010000
