6 0.328750 0.980000 0.022500 0.012500
6 0.516250 0.983750 0.027500 0.015000
6 0.395000 0.996250 0.030000 0.012500
6 0.407500 0.977500 0.020000 0.010000
6 0.453750 0.955000 0.025000 0.010000
6 0.470000 0.921250 0.022500 0.007500
6 0.402500 0.988750 0.025000 0.012500
6 0.415000 0.968750 0.020000 0.010000
6 0.336250 0.972500 0.027500 0.010000
6 0.437500 0.985000 0.027500 0.012500
6 0.432500 0.993750 0.030000 0.012500
6 0.441250 0.975000 0.025000 0.010000
6 0.522500 0.973750 0.025000 0.010000
6 0.527500 0.965000 0.025000 0.010000
6 0.465000 0.928750 0.027500 0.007500
6 0.422500 0.951250 0.027500 0.010000
6 0.448750 0.966250 0.027500 0.012500
6 0.417500 0.961250 0.025000 0.010000
6 0.427500 0.942500 0.027500 0.010000
6 0.441250 0.923750 0.022500 0.010000
6 0.783750 0.048750 0.060000 0.027500
6 0.800000 0.023750 0.070000 0.032500
6 0.651250 0.713750 0.047500 0.020000
6 0.532500 0.956250 0.020000 0.010000
