6 0.560000 0.723750 0.022500 0.020000
6 0.611250 0.706250 0.017500 0.015000
6 0.592500 0.678750 0.020000 0.017500
6 0.688750 0.670000 0.020000 0.017500
6 0.666250 0.630000 0.020000 0.020000
6 0.633750 0.625000 0.020000 0.017500
6 0.653750 0.597500 0.020000 0.015000
6 0.716250 0.565000 0.017500 0.017500
6 0.681250 0.562500 0.017500 0.017500
6 0.761250 0.522500 0.017500 0.012500
6 0.441250 0.642500 0.020000 0.015000
6 0.692500 0.443750 0.025000 0.012500
6 0.707500 0.478750 0.012500 0.012500
6 0.670000 0.435000 0.020000 0.012500
6 0.580000 0.165000 0.020000 0.007500
6 0.601250 0.271250 0.030000 0.012500
6 0.258750 0.378750 0.017500 0.012500
6 0.245000 0.401250 0.020000 0.015000
6 0.150000 0.523750 0.020000 0.020000
6 0.117500 0.565000 0.020000 0.022500
6 0.685000 0.465000 0.025000 0.017500
6 0.328750 0.243750 0.022500 0.017500
6 0.857500 0.156250 0.022500 0.015000
6 0.485000 0.048750 0.017500 0.017500
6 0.522500 0.045000 0.020000 0.017500
6 0.268750 0.195000 0.025000 0.015000
6 0.356250 0.065000 0.027500 0.015000
6 0.477500 0.007500 0.040000 0.015000
6 0.440000 0.003750 0.025000 0.015000
