6 0.893750 0.812500 0.020000 0.015000
6 0.711250 0.548750 0.017500 0.012500
6 0.697500 0.571250 0.020000 0.015000
6 0.602500 0.693750 0.020000 0.020000
6 0.570000 0.735000 0.020000 0.022500
6 0.781250 0.413750 0.022500 0.017500
6 0.937500 0.218750 0.017500 0.017500
6 0.975000 0.215000 0.020000 0.017500
6 0.095000 0.963750 0.012500 0.010000
6 0.002500 0.760000 0.015000 0.017500
6 0.013750 0.743750 0.012500 0.015000
6 0.155000 0.660000 0.022500 0.020000
6 0.181250 0.607500 0.017500 0.020000
6 0.721250 0.365000 0.025000 0.015000
6 0.808750 0.235000 0.027500 0.015000
6 0.930000 0.177500 0.040000 0.015000
6 0.892500 0.173750 0.025000 0.015000
6 0.895000 0.166250 0.020000 0.010000
6 0.773750 0.038750 0.022500 0.010000
6 0.036250 0.646250 0.027500 0.015000
6 0.282500 0.476250 0.017500 0.017500
6 0.311250 0.440000 0.022500 0.020000
6 0.372500 0.355000 0.022500 0.017500
6 0.390000 0.336250 0.025000 0.022500
6 0.416250 0.298750 0.020000 0.017500
