6 0.845000 0.963750 0.012500 0.010000
6 0.727500 0.785000 0.017500 0.020000
6 0.740000 0.776250 0.015000 0.017500
6 0.752500 0.760000 0.015000 0.017500
6 0.763750 0.743750 0.012500 0.015000
6 0.393750 0.928750 0.027500 0.010000
6 0.391250 0.940000 0.027500 0.012500
6 0.386250 0.950000 0.030000 0.012500
6 0.332500 0.918750 0.030000 0.012500
6 0.326250 0.933750 0.030000 0.012500
6 0.322500 0.945000 0.022500 0.012500
6 0.905000 0.660000 0.022500 0.020000
6 0.931250 0.607500 0.017500 0.020000
6 0.786250 0.646250 0.027500 0.015000
6 0.440000 0.433750 0.020000 0.015000
6 0.451250 0.415000 0.022500 0.015000
6 0.465000 0.398750 0.015000 0.010000
6 0.421250 0.452500 0.020000 0.020000
6 0.585000 0.241250 0.012500 0.015000
6 0.645000 0.165000 0.020000 0.015000
6 0.660000 0.142500 0.020000 0.015000
6 0.163750 0.313750 0.030000 0.027500
6 0.183750 0.320000 0.020000 0.020000
6 0.151250 0.351250 0.022500 0.020000
6 0.170000 0.356250 0.015000 0.015000
6 0.082500 0.352500 0.017500 0.017500
6 0.040000 0.337500 0.022500 0.017500
6 0.005000 0.216250 0.045000 0.025000
6 0.470000 0.038750 0.025000 0.012500
6 0.498750 0.042500 0.030000 0.010000
6 0.405000 0.027500 0.025000 0.010000
6 0.338750 0.017500 0.027500 0.015000
6 0.310000 0.012500 0.027500 0.012500
6 0.255000 0.005000 0.027500 0.012500
6 0.221250 0.000000 0.032500 0.012500
6 0.420000 0.008750 0.027500 0.010000
6 0.453750 0.013750 0.030000 0.012500
6 0.572500 0.053750 0.027500 0.010000
6 0.342500 0.050000 0.025000 0.017500
6 0.015000 0.927500 0.017500 0.025000
6 0.003750 0.740000 0.027500 0.012500
6 0.007500 0.730000 0.025000 0.012500
6 0.163750 0.662500 0.027500 0.010000
6 0.167500 0.652500 0.032500 0.015000
6 0.185000 0.616250 0.025000 0.012500
6 0.291250 0.641250 0.015000 0.015000
6 0.226250 0.615000 0.015000 0.015000
6 0.271250 0.593750 0.027500 0.012500
6 0.171250 0.642500 0.025000 0.010000
6 0.193750 0.603750 0.025000 0.012500
6 0.176250 0.633750 0.027500 0.012500
6 0.178750 0.625000 0.022500 0.012500
6 0.216250 0.577500 0.032500 0.015000
6 0.225000 0.567500 0.030000 0.015000
6 0.235000 0.560000 0.022500 0.010000
6 0.160000 0.530000 0.020000 0.022500
6 0.118750 0.522500 0.017500 0.022500
6 0.065000 0.516250 0.020000 0.017500
6 0.003750 0.505000 0.030000 0.015000
6 0.012500 0.493750 0.027500 0.015000
6 0.048750 0.050000 0.022500 0.015000
6 0.065000 0.035000 0.025000 0.020000
6 0.081250 0.016250 0.020000 0.015000
