6 0.845000 0.793750 0.012500 0.010000
6 0.727500 0.615000 0.017500 0.020000
6 0.740000 0.606250 0.015000 0.017500
6 0.752500 0.590000 0.015000 0.017500
6 0.763750 0.573750 0.012500 0.015000
6 0.393750 0.758750 0.027500 0.010000
6 0.391250 0.770000 0.027500 0.012500
6 0.386250 0.780000 0.030000 0.012500
6 0.332500 0.748750 0.030000 0.012500
6 0.326250 0.763750 0.030000 0.012500
6 0.322500 0.775000 0.022500 0.012500
6 0.905000 0.490000 0.022500 0.020000
6 0.931250 0.437500 0.017500 0.020000
6 0.786250 0.476250 0.027500 0.015000
6 0.440000 0.263750 0.020000 0.015000
6 0.451250 0.245000 0.022500 0.015000
6 0.465000 0.228750 0.015000 0.010000
6 0.421250 0.282500 0.020000 0.020000
6 0.585000 0.071250 0.012500 0.015000
6 0.163750 0.143750 0.030000 0.027500
6 0.183750 0.150000 0.020000 0.020000
6 0.151250 0.181250 0.022500 0.020000
6 0.170000 0.186250 0.015000 0.015000
6 0.082500 0.182500 0.017500 0.017500
6 0.040000 0.167500 0.022500 0.017500
6 0.005000 0.046250 0.045000 0.025000
6 0.015000 0.757500 0.017500 0.025000
6 0.003750 0.570000 0.027500 0.012500
6 0.007500 0.560000 0.025000 0.012500
6 0.163750 0.492500 0.027500 0.010000
6 0.167500 0.482500 0.032500 0.015000
6 0.185000 0.446250 0.025000 0.012500
6 0.291250 0.471250 0.015000 0.015000
6 0.226250 0.445000 0.015000 0.015000
6 0.271250 0.423750 0.027500 0.012500
6 0.171250 0.472500 0.025000 0.010000
6 0.193750 0.433750 0.025000 0.012500
6 0.176250 0.463750 0.027500 0.012500
6 0.178750 0.455000 0.022500 0.012500
6 0.216250 0.407500 0.032500 0.015000
6 0.225000 0.397500 0.030000 0.015000
6 0.235000 0.390000 0.022500 0.010000
6 0.160000 0.360000 0.020000 0.022500
6 0.118750 0.352500 0.017500 0.022500
6 0.065000 0.346250 0.020000 0.017500
6 0.003750 0.335000 0.030000 0.015000
6 0.012500 0.323750 0.027500 0.015000
