6 0.072500 0.023750 0.030000 0.020000
6 0.670000 0.371250 0.027500 0.022500
6 0.693750 0.366250 0.027500 0.022500
6 0.775000 0.433750 0.075000 0.062500
6 0.998750 0.727500 0.017500 0.012500
6 0.006250 0.808750 0.030000 0.010000
6 0.008750 0.798750 0.027500 0.010000
6 0.025000 0.710000 0.025000 0.010000
6 0.083750 0.781250 0.027500 0.012500
6 0.081250 0.792500 0.022500 0.007500
6 0.073750 0.812500 0.025000 0.007500
6 0.011250 0.780000 0.027500 0.012500
6 0.082500 0.770000 0.030000 0.012500
6 0.087500 0.758750 0.022500 0.010000
6 0.088750 0.748750 0.025000 0.012500
6 0.026250 0.723750 0.030000 0.012500
6 0.017500 0.741250 0.025000 0.010000
6 0.445000 0.435000 0.027500 0.010000
6 0.443750 0.445000 0.030000 0.010000
6 0.451250 0.455000 0.030000 0.010000
6 0.448750 0.466250 0.030000 0.010000
6 0.447500 0.477500 0.030000 0.012500
6 0.448750 0.488750 0.030000 0.012500
6 0.356250 0.456250 0.032500 0.012500
6 0.353750 0.467500 0.027500 0.012500
6 0.353750 0.480000 0.027500 0.012500
6 0.351250 0.491250 0.032500 0.012500
6 0.301250 0.421250 0.027500 0.012500
6 0.301250 0.432500 0.030000 0.010000
6 0.296250 0.453750 0.037500 0.015000
6 0.296250 0.465000 0.032500 0.012500
6 0.293750 0.477500 0.032500 0.012500
6 0.292500 0.488750 0.027500 0.012500
6 0.266250 0.416250 0.030000 0.010000
6 0.265000 0.426250 0.030000 0.010000
6 0.262500 0.437500 0.030000 0.012500
6 0.255000 0.477500 0.027500 0.010000
6 0.260000 0.486250 0.035000 0.012500
6 0.258750 0.498750 0.030000 0.010000
6 0.257500 0.507500 0.030000 0.010000
6 0.252500 0.530000 0.027500 0.007500
6 0.250000 0.542500 0.032500 0.012500
6 0.188750 0.540000 0.030000 0.010000
6 0.190000 0.525000 0.030000 0.010000
6 0.190000 0.515000 0.030000 0.012500
6 0.190000 0.505000 0.030000 0.007500
6 0.191250 0.486250 0.025000 0.010000
6 0.191250 0.476250 0.027500 0.010000
6 0.155000 0.538750 0.030000 0.010000
6 0.157500 0.527500 0.032500 0.010000
6 0.158750 0.516250 0.027500 0.010000
6 0.160000 0.506250 0.027500 0.010000
6 0.161250 0.497500 0.030000 0.012500
6 0.162500 0.486250 0.027500 0.010000
6 0.161250 0.476250 0.027500 0.012500
6 0.161250 0.466250 0.027500 0.010000
6 0.195000 0.457500 0.027500 0.010000
6 0.166250 0.455000 0.030000 0.010000
6 0.096250 0.537500 0.030000 0.010000
6 0.095000 0.516250 0.027500 0.010000
6 0.096250 0.505000 0.030000 0.010000
6 0.098750 0.486250 0.032500 0.010000
6 0.097500 0.475000 0.030000 0.012500
6 0.098750 0.462500 0.030000 0.010000
6 0.098750 0.452500 0.027500 0.010000
6 0.195000 0.438750 0.030000 0.012500
6 0.197500 0.427500 0.027500 0.010000
6 0.101250 0.442500 0.032500 0.010000
6 0.102500 0.431250 0.030000 0.010000
6 0.105000 0.420000 0.032500 0.012500
6 0.302500 0.395000 0.030000 0.012500
6 0.200000 0.395000 0.030000 0.010000
6 0.083750 0.388750 0.032500 0.012500
6 0.052500 0.388750 0.030000 0.012500
6 0.021250 0.388750 0.032500 0.012500
6 0.058750 0.503750 0.027500 0.015000
6 0.053750 0.515000 0.040000 0.020000
6 0.055000 0.527500 0.032500 0.017500
6 0.335000 0.395000 0.040000 0.012500
6 0.371250 0.805000 0.027500 0.012500
6 0.376250 0.778750 0.032500 0.015000
6 0.382500 0.741250 0.027500 0.015000
6 0.095000 0.728750 0.022500 0.012500
6 0.096250 0.718750 0.025000 0.012500
6 0.017500 0.761250 0.025000 0.010000
6 0.016250 0.752500 0.022500 0.010000
