6 0.822500 0.195000 0.030000 0.020000
6 0.085000 0.675000 0.032500 0.015000
6 0.025000 0.682500 0.032500 0.010000
6 0.033750 0.656250 0.027500 0.010000
6 0.030000 0.635000 0.027500 0.010000
6 0.036250 0.625000 0.032500 0.010000
6 0.035000 0.615000 0.032500 0.010000
6 0.036250 0.606250 0.032500 0.015000
6 0.085000 0.660000 0.032500 0.010000
6 0.085000 0.651250 0.030000 0.010000
6 0.086250 0.642500 0.032500 0.012500
6 0.088750 0.632500 0.032500 0.010000
6 0.087500 0.621250 0.032500 0.012500
6 0.090000 0.610000 0.030000 0.010000
6 0.091250 0.600000 0.030000 0.010000
6 0.090000 0.588750 0.027500 0.010000
6 0.091250 0.578750 0.032500 0.010000
6 0.093750 0.567500 0.030000 0.010000
6 0.096250 0.556250 0.027500 0.010000
6 0.096250 0.542500 0.027500 0.010000
6 0.060000 0.421250 0.030000 0.015000
6 0.051250 0.440000 0.030000 0.012500
6 0.116250 0.488750 0.032500 0.012500
6 0.118750 0.478750 0.032500 0.012500
6 0.125000 0.460000 0.030000 0.012500
6 0.125000 0.438750 0.027500 0.012500
6 0.048750 0.483750 0.032500 0.010000
6 0.048750 0.472500 0.030000 0.010000
6 0.052500 0.462500 0.032500 0.012500
6 0.123750 0.852500 0.015000 0.022500
6 0.756250 0.980000 0.030000 0.010000
6 0.758750 0.970000 0.027500 0.010000
6 0.775000 0.881250 0.025000 0.010000
6 0.833750 0.952500 0.027500 0.012500
6 0.831250 0.963750 0.022500 0.007500
6 0.823750 0.983750 0.025000 0.007500
6 0.761250 0.951250 0.027500 0.012500
6 0.832500 0.941250 0.030000 0.012500
6 0.837500 0.930000 0.022500 0.010000
6 0.838750 0.920000 0.025000 0.012500
6 0.776250 0.895000 0.030000 0.012500
6 0.767500 0.912500 0.025000 0.010000
6 0.203750 0.712500 0.025000 0.007500
6 0.938750 0.711250 0.030000 0.010000
6 0.940000 0.696250 0.030000 0.010000
6 0.940000 0.686250 0.030000 0.012500
6 0.940000 0.676250 0.030000 0.007500
6 0.941250 0.657500 0.025000 0.010000
6 0.941250 0.647500 0.027500 0.010000
6 0.905000 0.710000 0.030000 0.010000
6 0.907500 0.698750 0.032500 0.010000
6 0.908750 0.687500 0.027500 0.010000
6 0.910000 0.677500 0.027500 0.010000
6 0.911250 0.668750 0.030000 0.012500
6 0.912500 0.657500 0.027500 0.010000
6 0.911250 0.647500 0.027500 0.012500
6 0.911250 0.637500 0.027500 0.010000
6 0.945000 0.628750 0.027500 0.010000
6 0.916250 0.626250 0.030000 0.010000
6 0.846250 0.708750 0.030000 0.010000
6 0.845000 0.687500 0.027500 0.010000
6 0.846250 0.676250 0.030000 0.010000
6 0.848750 0.657500 0.032500 0.010000
6 0.847500 0.646250 0.030000 0.012500
6 0.848750 0.633750 0.030000 0.010000
6 0.848750 0.623750 0.027500 0.010000
6 0.945000 0.610000 0.030000 0.012500
6 0.947500 0.598750 0.027500 0.010000
6 0.851250 0.613750 0.032500 0.010000
6 0.852500 0.602500 0.030000 0.010000
6 0.855000 0.591250 0.032500 0.012500
6 0.950000 0.566250 0.030000 0.010000
6 0.833750 0.560000 0.032500 0.012500
6 0.802500 0.560000 0.030000 0.012500
6 0.771250 0.560000 0.032500 0.012500
6 0.808750 0.675000 0.027500 0.015000
6 0.803750 0.686250 0.040000 0.020000
6 0.805000 0.698750 0.032500 0.017500
6 0.688750 0.557500 0.030000 0.012500
6 0.652500 0.556250 0.032500 0.012500
6 0.475000 0.586250 0.012500 0.022500
6 0.586250 0.553750 0.030000 0.012500
6 0.552500 0.552500 0.032500 0.010000
6 0.515000 0.553750 0.035000 0.010000
6 0.445000 0.588750 0.030000 0.037500
6 0.467500 0.551250 0.030000 0.012500
6 0.432500 0.550000 0.030000 0.010000
6 0.400000 0.548750 0.030000 0.010000
6 0.366250 0.548750 0.030000 0.012500
6 0.336250 0.548750 0.030000 0.012500
6 0.328750 0.580000 0.012500 0.022500
6 0.280000 0.572500 0.012500 0.017500
6 0.250000 0.570000 0.012500 0.012500
6 0.232500 0.570000 0.015000 0.017500
6 0.253750 0.521250 0.015000 0.017500
6 0.230000 0.520000 0.030000 0.012500
6 0.306250 0.481250 0.042500 0.015000
6 0.698750 0.480000 0.012500 0.020000
6 0.703750 0.528750 0.020000 0.010000
6 0.208750 0.375000 0.032500 0.012500
6 0.127500 0.428750 0.025000 0.010000
6 0.041250 0.577500 0.027500 0.012500
6 0.040000 0.590000 0.022500 0.010000
6 0.047500 0.503750 0.030000 0.012500
6 0.052500 0.493750 0.030000 0.010000
6 0.043750 0.541250 0.027500 0.010000
6 0.040000 0.531250 0.032500 0.010000
6 0.045000 0.522500 0.032500 0.010000
6 0.041250 0.512500 0.027500 0.010000
6 0.845000 0.900000 0.022500 0.012500
6 0.846250 0.890000 0.025000 0.012500
6 0.767500 0.932500 0.025000 0.010000
6 0.766250 0.923750 0.022500 0.010000
6 0.031250 0.645000 0.032500 0.012500
