6 0.252500 0.977500 0.030000 0.010000
6 0.251250 0.967500 0.027500 0.010000
6 0.248750 0.957500 0.030000 0.010000
6 0.250000 0.948750 0.025000 0.007500
6 0.246250 0.940000 0.030000 0.010000
6 0.242500 0.930000 0.030000 0.010000
6 0.242500 0.921250 0.025000 0.010000
6 0.236250 0.912500 0.032500 0.010000
6 0.232500 0.902500 0.042500 0.010000
6 0.188750 0.990000 0.030000 0.010000
6 0.190000 0.981250 0.025000 0.010000
6 0.187500 0.971250 0.027500 0.010000
6 0.185000 0.962500 0.030000 0.010000
6 0.183750 0.953750 0.025000 0.010000
6 0.183750 0.945000 0.022500 0.007500
6 0.180000 0.936250 0.027500 0.010000
6 0.175000 0.927500 0.025000 0.010000
6 0.176250 0.917500 0.025000 0.010000
6 0.835000 0.675000 0.032500 0.015000
6 0.775000 0.682500 0.032500 0.010000
6 0.783750 0.656250 0.027500 0.010000
6 0.780000 0.635000 0.027500 0.010000
6 0.786250 0.625000 0.032500 0.010000
6 0.785000 0.615000 0.032500 0.010000
6 0.786250 0.606250 0.032500 0.015000
6 0.835000 0.660000 0.032500 0.010000
6 0.835000 0.651250 0.030000 0.010000
6 0.836250 0.642500 0.032500 0.012500
6 0.838750 0.632500 0.032500 0.010000
6 0.837500 0.621250 0.032500 0.012500
6 0.840000 0.610000 0.030000 0.010000
6 0.841250 0.600000 0.030000 0.010000
6 0.840000 0.588750 0.027500 0.010000
6 0.841250 0.578750 0.032500 0.010000
6 0.843750 0.567500 0.030000 0.010000
6 0.846250 0.556250 0.027500 0.010000
6 0.846250 0.542500 0.027500 0.010000
6 0.810000 0.421250 0.030000 0.015000
6 0.801250 0.440000 0.030000 0.012500
6 0.866250 0.488750 0.032500 0.012500
6 0.868750 0.478750 0.032500 0.012500
6 0.875000 0.460000 0.030000 0.012500
6 0.875000 0.438750 0.027500 0.012500
6 0.798750 0.483750 0.032500 0.010000
6 0.798750 0.472500 0.030000 0.010000
6 0.802500 0.462500 0.032500 0.012500
6 0.873750 0.852500 0.015000 0.022500
6 0.953750 0.712500 0.025000 0.007500
6 0.982500 0.570000 0.015000 0.017500
6 0.980000 0.520000 0.030000 0.012500
6 0.958750 0.375000 0.032500 0.012500
6 0.877500 0.428750 0.025000 0.010000
6 0.791250 0.577500 0.027500 0.012500
6 0.790000 0.590000 0.022500 0.010000
6 0.797500 0.503750 0.030000 0.012500
6 0.802500 0.493750 0.030000 0.010000
6 0.793750 0.541250 0.027500 0.010000
6 0.790000 0.531250 0.032500 0.010000
6 0.795000 0.522500 0.032500 0.010000
6 0.791250 0.512500 0.027500 0.010000
6 0.781250 0.645000 0.032500 0.012500
