6 0.808750 0.915000 0.047500 0.050000
6 0.110000 0.963750 0.030000 0.010000
6 0.046250 0.988750 0.025000 0.012500
6 0.150000 0.983750 0.025000 0.007500
6 0.145000 0.498750 0.057500 0.015000
6 0.115000 0.156250 0.030000 0.010000
6 0.122500 0.182500 0.030000 0.010000
6 0.043750 0.170000 0.020000 0.017500
6 0.055000 0.175000 0.015000 0.010000
6 0.023750 0.172500 0.015000 0.012500
6 0.016250 0.187500 0.017500 0.010000
6 0.005000 0.173750 0.010000 0.012500
6 0.457500 0.243750 0.030000 0.010000
6 0.398750 0.160000 0.012500 0.015000
6 0.592500 0.225000 0.025000 0.007500
6 0.633750 0.235000 0.025000 0.012500
6 0.648750 0.198750 0.032500 0.010000
6 0.596250 0.206250 0.045000 0.012500
6 0.815000 0.267500 0.030000 0.010000
6 0.840000 0.453750 0.030000 0.010000
6 0.827500 0.413750 0.025000 0.010000
6 0.813750 0.360000 0.022500 0.007500
6 0.762500 0.367500 0.022500 0.007500
6 0.815000 0.368750 0.020000 0.007500
6 0.807500 0.313750 0.022500 0.007500
6 0.802500 0.305000 0.027500 0.007500
6 0.760000 0.358750 0.020000 0.007500
6 0.750000 0.341250 0.025000 0.007500
6 0.750000 0.331250 0.022500 0.007500
6 0.801250 0.296250 0.030000 0.012500
6 0.733750 0.302500 0.035000 0.010000
6 0.777500 0.315000 0.022500 0.025000
6 0.743750 0.322500 0.020000 0.007500
6 0.611250 0.113750 0.012500 0.017500
6 0.298750 0.197500 0.012500 0.012500
6 0.140000 0.197500 0.025000 0.007500
6 0.107500 0.201250 0.022500 0.007500
6 0.023750 0.212500 0.020000 0.005000
6 0.041250 0.182500 0.027500 0.015000
6 0.168750 0.046250 0.020000 0.007500
6 0.137500 0.048750 0.025000 0.005000
6 0.096250 0.056250 0.030000 0.007500
6 0.061250 0.056250 0.032500 0.012500
6 0.786250 0.063750 0.025000 0.015000
6 0.627500 0.171250 0.022500 0.020000
