6 0.700000 0.845000 0.025000 0.007500
6 0.838750 0.817500 0.032500 0.007500
6 0.151250 0.747500 0.012500 0.020000
6 0.136250 0.763750 0.012500 0.020000
6 0.135000 0.666250 0.012500 0.020000
6 0.108750 0.641250 0.012500 0.017500
6 0.120000 0.573750 0.015000 0.017500
6 0.153750 0.836250 0.017500 0.020000
6 0.176250 0.840000 0.017500 0.022500
6 0.531250 0.841250 0.060000 0.015000
6 0.201250 0.877500 0.025000 0.012500
6 0.436250 0.393750 0.027500 0.007500
6 0.440000 0.406250 0.025000 0.007500
6 0.268750 0.571250 0.040000 0.007500
6 0.266250 0.617500 0.025000 0.007500
6 0.270000 0.636250 0.017500 0.007500
6 0.240000 0.758750 0.030000 0.010000
6 0.227500 0.731250 0.025000 0.010000
6 0.215000 0.685000 0.022500 0.012500
6 0.222500 0.712500 0.027500 0.010000
6 0.250000 0.791250 0.027500 0.010000
6 0.253750 0.810000 0.030000 0.012500
6 0.542500 0.518750 0.022500 0.007500
6 0.643750 0.521250 0.030000 0.010000
6 0.108750 0.311250 0.030000 0.007500
6 0.346250 0.273750 0.012500 0.020000
6 0.561250 0.213750 0.030000 0.010000
6 0.765000 0.250000 0.032500 0.010000
6 0.687500 0.293750 0.037500 0.010000
6 0.731250 0.346250 0.025000 0.010000
6 0.390000 0.232500 0.027500 0.007500
6 0.497500 0.238750 0.025000 0.012500
6 0.495000 0.256250 0.022500 0.007500
6 0.111250 0.226250 0.025000 0.007500
6 0.111250 0.323750 0.025000 0.010000
6 0.336250 0.406250 0.030000 0.010000
6 0.343750 0.420000 0.027500 0.010000
6 0.347500 0.431250 0.027500 0.010000
6 0.351250 0.450000 0.025000 0.010000
6 0.326250 0.472500 0.027500 0.007500
6 0.367500 0.485000 0.017500 0.007500
6 0.417500 0.432500 0.027500 0.010000
6 0.422500 0.450000 0.022500 0.007500
6 0.426250 0.468750 0.027500 0.010000
6 0.546250 0.407500 0.027500 0.007500
6 0.508750 0.400000 0.022500 0.005000
6 0.481250 0.315000 0.027500 0.007500
6 0.477500 0.295000 0.020000 0.007500
6 0.475000 0.278750 0.022500 0.010000
6 0.523750 0.343750 0.025000 0.010000
6 0.530000 0.352500 0.027500 0.010000
6 0.672500 0.391250 0.027500 0.007500
6 0.540000 0.505000 0.030000 0.010000
6 0.492500 0.580000 0.025000 0.010000
6 0.475000 0.621250 0.025000 0.007500
6 0.470000 0.602500 0.022500 0.007500
6 0.473750 0.611250 0.027500 0.010000
6 0.596250 0.697500 0.022500 0.007500
6 0.615000 0.656250 0.027500 0.010000
6 0.606250 0.640000 0.027500 0.010000
6 0.581250 0.651250 0.025000 0.012500
6 0.712500 0.646250 0.025000 0.010000
6 0.815000 0.632500 0.025000 0.007500
6 0.776250 0.628750 0.022500 0.007500
6 0.677500 0.801250 0.012500 0.017500
6 0.732500 0.796250 0.015000 0.017500
6 0.760000 0.793750 0.015000 0.017500
6 0.791250 0.786250 0.012500 0.015000
6 0.807500 0.783750 0.010000 0.010000
6 0.831250 0.782500 0.010000 0.010000
6 0.856250 0.776250 0.010000 0.015000
6 0.875000 0.776250 0.015000 0.015000
6 0.885000 0.775000 0.012500 0.015000
6 0.901250 0.773750 0.012500 0.012500
6 0.356250 0.596250 0.027500 0.007500
6 0.296250 0.601250 0.032500 0.010000
6 0.806250 0.602500 0.027500 0.010000
6 0.798750 0.590000 0.027500 0.007500
6 0.795000 0.580000 0.027500 0.010000
6 0.792500 0.561250 0.025000 0.007500
6 0.787500 0.543750 0.032500 0.015000
6 0.822500 0.658750 0.027500 0.010000
6 0.885000 0.630000 0.025000 0.012500
6 0.871250 0.585000 0.020000 0.010000
6 0.865000 0.571250 0.027500 0.007500
6 0.557500 0.570000 0.027500 0.012500
6 0.496250 0.588750 0.025000 0.007500
6 0.560000 0.578750 0.027500 0.010000
6 0.592500 0.568750 0.022500 0.010000
6 0.595000 0.578750 0.025000 0.007500
6 0.598750 0.596250 0.027500 0.012500
6 0.601250 0.606250 0.025000 0.007500
6 0.655000 0.560000 0.022500 0.010000
6 0.658750 0.568750 0.022500 0.007500
6 0.662500 0.577500 0.025000 0.005000
6 0.683750 0.656250 0.027500 0.010000
6 0.721250 0.662500 0.027500 0.007500
6 0.678750 0.638750 0.027500 0.007500
6 0.706250 0.638750 0.022500 0.007500
6 0.706250 0.627500 0.027500 0.010000
6 0.633750 0.711250 0.030000 0.010000
6 0.633750 0.718750 0.027500 0.007500
6 0.638750 0.737500 0.025000 0.012500
6 0.638750 0.765000 0.030000 0.012500
6 0.820000 0.648750 0.025000 0.012500
6 0.890000 0.655000 0.022500 0.007500
6 0.665000 0.591250 0.020000 0.020000
6 0.723750 0.681250 0.022500 0.010000
6 0.797500 0.673750 0.027500 0.007500
6 0.825000 0.666250 0.025000 0.010000
6 0.827500 0.676250 0.030000 0.012500
6 0.831250 0.695000 0.025000 0.007500
6 0.833750 0.703750 0.027500 0.007500
6 0.895000 0.667500 0.022500 0.010000
6 0.897500 0.678750 0.030000 0.007500
6 0.438750 0.503750 0.022500 0.010000
6 0.440000 0.512500 0.022500 0.007500
6 0.268750 0.515000 0.025000 0.010000
6 0.278750 0.541250 0.025000 0.007500
6 0.376250 0.521250 0.025000 0.007500
6 0.327500 0.488750 0.027500 0.010000
6 0.333750 0.506250 0.025000 0.012500
6 0.343750 0.525000 0.030000 0.012500
6 0.445000 0.550000 0.020000 0.010000
6 0.385000 0.557500 0.027500 0.010000
6 0.381250 0.547500 0.027500 0.012500
6 0.435000 0.476250 0.025000 0.007500
6 0.432500 0.486250 0.030000 0.012500
6 0.283750 0.558750 0.022500 0.010000
6 0.388750 0.591250 0.025000 0.010000
6 0.561250 0.588750 0.027500 0.010000
6 0.697500 0.695000 0.025000 0.007500
6 0.901250 0.687500 0.025000 0.007500
6 0.902500 0.696250 0.025000 0.007500
6 0.905000 0.705000 0.022500 0.005000
6 0.910000 0.721250 0.017500 0.007500
6 0.907500 0.713750 0.025000 0.005000
6 0.832500 0.713750 0.022500 0.010000
6 0.368750 0.495000 0.020000 0.010000
6 0.607500 0.400000 0.030000 0.012500
6 0.711250 0.387500 0.025000 0.010000
6 0.708750 0.378750 0.027500 0.010000
6 0.606250 0.383750 0.027500 0.012500
6 0.703750 0.365000 0.022500 0.010000
6 0.630000 0.370000 0.027500 0.012500
6 0.697500 0.342500 0.027500 0.012500
6 0.702500 0.352500 0.022500 0.007500
6 0.597500 0.365000 0.027500 0.012500
6 0.596250 0.346250 0.027500 0.010000
6 0.595000 0.336250 0.027500 0.007500
6 0.503750 0.385000 0.022500 0.007500
6 0.622500 0.315000 0.027500 0.010000
6 0.500000 0.376250 0.022500 0.007500
6 0.601250 0.233750 0.025000 0.007500
6 0.173750 0.293750 0.022500 0.007500
