6 0.816250 0.193750 0.022500 0.022500
6 0.942500 0.180000 0.025000 0.012500
6 0.933750 0.168750 0.025000 0.010000
6 0.978750 0.115000 0.030000 0.007500
6 0.976250 0.106250 0.020000 0.007500
6 0.985000 0.047500 0.025000 0.007500
6 0.988750 0.057500 0.030000 0.010000
6 0.992500 0.067500 0.027500 0.007500
6 0.995000 0.075000 0.032500 0.010000
6 0.930000 0.151250 0.022500 0.007500
6 0.928750 0.142500 0.025000 0.007500
6 0.926250 0.133750 0.025000 0.010000
6 0.918750 0.112500 0.027500 0.007500
6 0.921250 0.123750 0.022500 0.007500
6 0.933750 0.091250 0.027500 0.007500
6 0.933750 0.082500 0.022500 0.007500
6 0.933750 0.073750 0.030000 0.010000
6 0.047500 0.000000 0.030000 0.010000
6 0.402500 0.348750 0.027500 0.040000
6 0.327500 0.367500 0.022500 0.040000
6 0.310000 0.378750 0.020000 0.030000
6 0.287500 0.373750 0.027500 0.047500
6 0.257500 0.360000 0.022500 0.035000
