6 0.002500 0.783750 0.020000 0.015000
6 0.041250 0.687500 0.025000 0.015000
6 0.016250 0.668750 0.022500 0.017500
6 0.073750 0.613750 0.022500 0.015000
6 0.081250 0.622500 0.022500 0.010000
6 0.093750 0.628750 0.025000 0.010000
6 0.102500 0.637500 0.022500 0.012500
6 0.112500 0.645000 0.022500 0.015000
6 0.002500 0.631250 0.025000 0.012500
6 0.021250 0.645000 0.025000 0.015000
6 0.031250 0.653750 0.017500 0.010000
6 0.041250 0.660000 0.017500 0.010000
6 0.050000 0.667500 0.020000 0.010000
6 0.022500 0.863750 0.020000 0.012500
6 0.012500 0.857500 0.020000 0.015000
6 0.003750 0.850000 0.025000 0.017500
6 0.027500 0.808750 0.020000 0.012500
6 0.045000 0.818750 0.022500 0.015000
6 0.056250 0.827500 0.022500 0.017500
6 0.077500 0.840000 0.025000 0.012500
6 0.086250 0.847500 0.025000 0.017500
6 0.098750 0.852500 0.022500 0.015000
6 0.090000 0.723750 0.025000 0.015000
6 0.052500 0.726250 0.027500 0.007500
6 0.063750 0.735000 0.027500 0.012500
6 0.077500 0.745000 0.025000 0.012500
6 0.091250 0.753750 0.025000 0.010000
6 0.100000 0.761250 0.027500 0.010000
6 0.115000 0.770000 0.025000 0.010000
6 0.126250 0.776250 0.027500 0.010000
6 0.138750 0.783750 0.027500 0.010000
6 0.145000 0.792500 0.027500 0.010000
6 0.258750 0.893750 0.027500 0.012500
6 0.248750 0.883750 0.027500 0.010000
6 0.183750 0.836250 0.022500 0.010000
6 0.192500 0.846250 0.022500 0.012500
6 0.206250 0.850000 0.025000 0.010000
6 0.211250 0.856250 0.027500 0.010000
6 0.220000 0.865000 0.020000 0.012500
6 0.228750 0.871250 0.025000 0.015000
6 0.241250 0.877500 0.025000 0.017500
6 0.140000 0.668750 0.030000 0.017500
6 0.241250 0.836250 0.042500 0.022500
6 0.973750 0.612500 0.030000 0.015000
6 0.980000 0.601250 0.027500 0.012500
