6 0.442500 0.487500 0.025000 0.007500
6 0.585000 0.406250 0.015000 0.017500
6 0.372500 0.530000 0.015000 0.025000
6 0.387500 0.530000 0.015000 0.025000
6 0.405000 0.528750 0.015000 0.022500
6 0.421250 0.527500 0.015000 0.022500
6 0.437500 0.528750 0.010000 0.020000
6 0.455000 0.527500 0.015000 0.022500
6 0.471250 0.527500 0.012500 0.022500
6 0.486250 0.525000 0.017500 0.022500
6 0.503750 0.523750 0.012500 0.020000
6 0.485000 0.596250 0.015000 0.025000
6 0.457500 0.591250 0.010000 0.022500
6 0.437500 0.591250 0.017500 0.022500
6 0.417500 0.592500 0.012500 0.020000
6 0.401250 0.595000 0.015000 0.022500
6 0.381250 0.595000 0.015000 0.022500
6 0.361250 0.616250 0.022500 0.010000
6 0.356250 0.650000 0.030000 0.012500
6 0.093750 0.408750 0.012500 0.025000
6 0.568750 0.338750 0.030000 0.030000
6 0.583750 0.311250 0.027500 0.030000
6 0.678750 0.257500 0.042500 0.020000
6 0.680000 0.271250 0.040000 0.020000
6 0.630000 0.153750 0.037500 0.022500
6 0.008750 0.940000 0.047500 0.037500
6 0.488750 0.406250 0.017500 0.025000
