6 0.995000 0.070000 0.057500 0.025000
6 0.995000 0.055000 0.082500 0.035000
6 0.962500 0.045000 0.052500 0.025000
6 0.967500 0.131250 0.017500 0.017500
6 0.966250 0.183750 0.020000 0.017500
6 0.208750 0.441250 0.032500 0.015000
6 0.348750 0.056250 0.022500 0.017500
6 0.363750 0.051250 0.017500 0.022500
6 0.240000 0.171250 0.020000 0.020000
6 0.282500 0.158750 0.022500 0.020000
6 0.108750 0.253750 0.025000 0.027500
6 0.087500 0.260000 0.025000 0.027500
6 0.200000 0.268750 0.025000 0.015000
6 0.402500 0.211250 0.032500 0.015000
6 0.471250 0.116250 0.062500 0.027500
6 0.521250 0.117500 0.020000 0.015000
6 0.358750 0.155000 0.030000 0.015000
6 0.365000 0.161250 0.027500 0.012500
6 0.233750 0.285000 0.020000 0.022500
6 0.276250 0.270000 0.017500 0.017500
6 0.301250 0.261250 0.012500 0.015000
6 0.313750 0.256250 0.022500 0.020000
6 0.237500 0.265000 0.027500 0.032500
6 0.405000 0.328750 0.020000 0.017500
6 0.373750 0.282500 0.015000 0.012500
6 0.386250 0.278750 0.015000 0.012500
6 0.341250 0.290000 0.017500 0.017500
6 0.195000 0.335000 0.017500 0.012500
6 0.222500 0.327500 0.020000 0.017500
6 0.378750 0.333750 0.015000 0.017500
6 0.392500 0.332500 0.017500 0.020000
6 0.432500 0.320000 0.017500 0.020000
6 0.420000 0.326250 0.017500 0.020000
6 0.445000 0.316250 0.017500 0.020000
6 0.366250 0.341250 0.022500 0.017500
6 0.351250 0.343750 0.020000 0.017500
6 0.296250 0.360000 0.020000 0.020000
6 0.337500 0.348750 0.020000 0.020000
6 0.322500 0.352500 0.017500 0.017500
6 0.307500 0.356250 0.017500 0.017500
6 0.256250 0.371250 0.017500 0.017500
6 0.230000 0.380000 0.015000 0.015000
6 0.242500 0.375000 0.017500 0.020000
6 0.270000 0.367500 0.020000 0.020000
6 0.211250 0.333750 0.022500 0.020000
6 0.237500 0.322500 0.020000 0.017500
6 0.318750 0.300000 0.020000 0.015000
6 0.291250 0.306250 0.017500 0.015000
6 0.276250 0.310000 0.020000 0.020000
6 0.263750 0.317500 0.015000 0.015000
6 0.358750 0.286250 0.020000 0.017500
6 0.398750 0.272500 0.017500 0.017500
6 0.412500 0.268750 0.017500 0.017500
6 0.426250 0.266250 0.017500 0.017500
6 0.498750 0.265000 0.027500 0.015000
6 0.466250 0.252500 0.020000 0.017500
6 0.441250 0.263750 0.020000 0.020000
6 0.513750 0.293750 0.015000 0.015000
6 0.495000 0.232500 0.020000 0.012500
6 0.488750 0.243750 0.027500 0.015000
6 0.470000 0.306250 0.020000 0.017500
6 0.458750 0.312500 0.020000 0.020000
6 0.486250 0.303750 0.017500 0.020000
6 0.498750 0.300000 0.017500 0.017500
6 0.527500 0.291250 0.017500 0.020000
6 0.541250 0.286250 0.020000 0.020000
6 0.555000 0.282500 0.020000 0.020000
6 0.616250 0.260000 0.020000 0.022500
6 0.605000 0.267500 0.017500 0.020000
6 0.592500 0.270000 0.017500 0.017500
6 0.578750 0.275000 0.020000 0.020000
6 0.503750 0.225000 0.022500 0.015000
6 0.550000 0.217500 0.022500 0.017500
6 0.582500 0.227500 0.022500 0.017500
6 0.616250 0.221250 0.025000 0.012500
6 0.621250 0.230000 0.025000 0.012500
6 0.625000 0.238750 0.025000 0.007500
6 0.571250 0.197500 0.022500 0.017500
6 0.598750 0.206250 0.017500 0.015000
6 0.377500 0.178750 0.022500 0.012500
6 0.385000 0.186250 0.025000 0.012500
6 0.388750 0.195000 0.025000 0.015000
6 0.396250 0.202500 0.025000 0.015000
6 0.542500 0.092500 0.042500 0.032500
6 0.701250 0.123750 0.035000 0.035000
6 0.493750 0.198750 0.092500 0.037500
6 0.500000 0.185000 0.095000 0.037500
6 0.477500 0.177500 0.092500 0.035000
6 0.502500 0.138750 0.037500 0.017500
6 0.470000 0.165000 0.095000 0.037500
6 0.513750 0.217500 0.017500 0.012500
6 0.478750 0.132500 0.060000 0.027500
6 0.443750 0.158750 0.052500 0.025000
6 0.428750 0.147500 0.052500 0.027500
6 0.576250 0.012500 0.057500 0.060000
6 0.492500 0.002500 0.025000 0.012500
6 0.907500 0.020000 0.040000 0.032500
6 0.728750 0.056250 0.027500 0.012500
6 0.791250 0.051250 0.022500 0.022500
6 0.715000 0.038750 0.027500 0.012500
6 0.711250 0.030000 0.025000 0.012500
6 0.527500 0.056250 0.030000 0.015000
6 0.828750 0.042500 0.030000 0.025000
6 0.847500 0.030000 0.022500 0.017500
6 0.518750 0.037500 0.030000 0.010000
6 0.652500 0.003750 0.015000 0.010000
6 0.662500 0.018750 0.022500 0.017500
6 0.780000 0.097500 0.042500 0.017500
6 0.902500 0.111250 0.027500 0.015000
6 0.880000 0.026250 0.027500 0.027500
6 0.868750 0.107500 0.060000 0.027500
6 0.846250 0.221250 0.027500 0.032500
6 0.915000 0.200000 0.015000 0.015000
6 0.927500 0.196250 0.022500 0.022500
6 0.952500 0.187500 0.020000 0.020000
6 0.941250 0.192500 0.015000 0.015000
6 0.857500 0.093750 0.095000 0.042500
6 0.862500 0.073750 0.082500 0.035000
6 0.773750 0.132500 0.082500 0.032500
6 0.941250 0.116250 0.017500 0.017500
6 0.955000 0.112500 0.020000 0.017500
6 0.938750 0.087500 0.050000 0.025000
6 0.757500 0.173750 0.020000 0.017500
6 0.848750 0.143750 0.020000 0.017500
6 0.888750 0.208750 0.022500 0.020000
6 0.858750 0.215000 0.017500 0.022500
6 0.830000 0.226250 0.017500 0.015000
6 0.800000 0.233750 0.022500 0.020000
6 0.817500 0.231250 0.025000 0.020000
6 0.783750 0.187500 0.015000 0.015000
6 0.848750 0.166250 0.017500 0.015000
6 0.891250 0.156250 0.017500 0.015000
6 0.928750 0.122500 0.017500 0.017500
6 0.915000 0.125000 0.017500 0.017500
6 0.902500 0.127500 0.020000 0.015000
6 0.890000 0.132500 0.020000 0.020000
6 0.876250 0.137500 0.022500 0.017500
6 0.862500 0.141250 0.020000 0.017500
6 0.837500 0.148750 0.020000 0.017500
6 0.823750 0.176250 0.017500 0.015000
6 0.837500 0.172500 0.017500 0.017500
6 0.797500 0.185000 0.017500 0.017500
6 0.810000 0.181250 0.017500 0.017500
6 0.955000 0.137500 0.017500 0.020000
6 0.942500 0.140000 0.017500 0.015000
6 0.928750 0.143750 0.017500 0.017500
6 0.913750 0.150000 0.020000 0.022500
6 0.902500 0.152500 0.017500 0.020000
6 0.877500 0.158750 0.020000 0.017500
6 0.797500 0.162500 0.017500 0.020000
6 0.811250 0.157500 0.017500 0.017500
6 0.772500 0.170000 0.020000 0.020000
6 0.770000 0.192500 0.015000 0.015000
6 0.020000 0.461250 0.022500 0.010000
6 0.590000 0.963750 0.032500 0.012500
6 0.735000 0.948750 0.030000 0.012500
6 0.940000 0.891250 0.027500 0.015000
