6 0.357500 0.275000 0.022500 0.017500
6 0.343750 0.268750 0.020000 0.017500
6 0.333750 0.216250 0.022500 0.017500
6 0.310000 0.207500 0.025000 0.020000
6 0.452500 0.431250 0.030000 0.017500
6 0.540000 0.342500 0.032500 0.020000
6 0.668750 0.380000 0.027500 0.017500
6 0.275000 0.241250 0.020000 0.015000
6 0.373750 0.211250 0.022500 0.017500
6 0.391250 0.292500 0.020000 0.017500
6 0.385000 0.215000 0.020000 0.015000
6 0.368750 0.232500 0.020000 0.017500
6 0.381250 0.238750 0.020000 0.022500
6 0.392500 0.243750 0.020000 0.015000
6 0.433750 0.188750 0.017500 0.015000
6 0.420000 0.185000 0.020000 0.017500
6 0.631250 0.121250 0.027500 0.015000
6 0.552500 0.172500 0.027500 0.017500
6 0.558750 0.163750 0.027500 0.015000
6 0.568750 0.155000 0.025000 0.012500
6 0.577500 0.146250 0.027500 0.015000
6 0.577500 0.098750 0.025000 0.020000
6 0.591250 0.106250 0.022500 0.020000
6 0.603750 0.112500 0.017500 0.017500
6 0.677500 0.438750 0.022500 0.017500
6 0.726250 0.442500 0.017500 0.015000
6 0.775000 0.466250 0.022500 0.017500
6 0.737500 0.448750 0.020000 0.020000
6 0.750000 0.456250 0.020000 0.015000
6 0.841250 0.493750 0.017500 0.017500
6 0.765000 0.457500 0.020000 0.017500
6 0.790000 0.468750 0.025000 0.020000
6 0.802500 0.477500 0.022500 0.017500
6 0.816250 0.480000 0.022500 0.020000
6 0.828750 0.486250 0.022500 0.020000
6 0.488750 0.620000 0.032500 0.017500
6 0.913750 0.575000 0.022500 0.017500
6 0.713750 0.345000 0.022500 0.012500
6 0.721250 0.337500 0.020000 0.012500
6 0.727500 0.328750 0.025000 0.010000
6 0.738750 0.321250 0.025000 0.010000
6 0.746250 0.313750 0.027500 0.012500
6 0.762500 0.301250 0.022500 0.012500
6 0.773750 0.293750 0.027500 0.012500
6 0.781250 0.283750 0.020000 0.010000
6 0.841250 0.255000 0.017500 0.015000
6 0.893750 0.260000 0.022500 0.017500
6 0.905000 0.263750 0.017500 0.015000
6 0.921250 0.267500 0.017500 0.012500
6 0.931250 0.272500 0.017500 0.015000
6 0.955000 0.282500 0.020000 0.015000
6 0.963750 0.288750 0.022500 0.015000
6 0.976250 0.296250 0.022500 0.017500
6 0.772500 0.357500 0.022500 0.017500
6 0.817500 0.332500 0.025000 0.012500
6 0.866250 0.352500 0.025000 0.012500
6 0.878750 0.345000 0.027500 0.015000
6 0.857500 0.315000 0.025000 0.017500
6 0.871250 0.320000 0.017500 0.015000
6 0.917500 0.300000 0.020000 0.010000
6 0.893750 0.290000 0.027500 0.012500
6 0.887500 0.302500 0.017500 0.017500
6 0.863750 0.282500 0.025000 0.007500
6 0.838750 0.282500 0.020000 0.012500
6 0.822500 0.296250 0.012500 0.015000
6 0.825000 0.320000 0.020000 0.010000
6 0.752500 0.375000 0.020000 0.015000
6 0.908750 0.311250 0.022500 0.017500
6 0.062500 0.607500 0.030000 0.015000
6 0.120000 0.641250 0.045000 0.022500
6 0.178750 0.666250 0.017500 0.015000
6 0.192500 0.672500 0.015000 0.015000
6 0.545000 0.703750 0.040000 0.020000
6 0.473750 0.657500 0.020000 0.017500
6 0.485000 0.662500 0.020000 0.017500
6 0.835000 0.592500 0.027500 0.007500
6 0.750000 0.577500 0.030000 0.015000
6 0.685000 0.828750 0.027500 0.012500
6 0.675000 0.838750 0.025000 0.012500
6 0.670000 0.847500 0.017500 0.010000
6 0.657500 0.853750 0.025000 0.012500
6 0.648750 0.861250 0.027500 0.017500
6 0.646250 0.871250 0.027500 0.012500
6 0.635000 0.877500 0.032500 0.015000
6 0.261250 0.905000 0.060000 0.030000
6 0.027500 0.986250 0.042500 0.032500
6 0.200000 0.973750 0.057500 0.030000
