6 0.002500 0.347500 0.015000 0.012500
6 0.038750 0.358750 0.015000 0.015000
6 0.018750 0.332500 0.047500 0.035000
6 0.032500 0.371250 0.012500 0.010000
6 0.622500 0.381250 0.017500 0.017500
6 0.088750 0.536250 0.067500 0.025000
6 0.207500 0.677500 0.012500 0.017500
6 0.137500 0.628750 0.025000 0.020000
6 0.211250 0.636250 0.032500 0.040000
6 0.171250 0.585000 0.030000 0.035000
6 0.206250 0.463750 0.050000 0.025000
6 0.252500 0.393750 0.015000 0.007500
6 0.078750 0.821250 0.035000 0.022500
6 0.017500 0.360000 0.017500 0.020000
6 0.136250 0.435000 0.020000 0.012500
