6 0.331250 0.585000 0.022500 0.015000
6 0.010000 0.246250 0.012500 0.015000
6 0.023750 0.218750 0.022500 0.022500
6 0.041250 0.212500 0.027500 0.022500
6 0.266250 0.295000 0.025000 0.015000
6 0.278750 0.303750 0.027500 0.012500
6 0.290000 0.315000 0.020000 0.012500
6 0.151250 0.136250 0.037500 0.025000
6 0.335000 0.391250 0.017500 0.017500
6 0.348750 0.377500 0.017500 0.017500
6 0.417500 0.392500 0.015000 0.012500
6 0.486250 0.361250 0.022500 0.017500
6 0.501250 0.356250 0.020000 0.015000
6 0.526250 0.347500 0.017500 0.017500
6 0.540000 0.341250 0.020000 0.020000
6 0.537500 0.297500 0.025000 0.020000
6 0.567500 0.327500 0.017500 0.015000
6 0.595000 0.318750 0.020000 0.015000
6 0.395000 0.446250 0.027500 0.017500
6 0.390000 0.506250 0.027500 0.015000
6 0.382500 0.193750 0.017500 0.007500
6 0.338750 0.091250 0.035000 0.032500
6 0.351250 0.081250 0.037500 0.025000
6 0.491250 0.073750 0.052500 0.010000
6 0.556250 0.072500 0.060000 0.007500
6 0.532500 0.043750 0.052500 0.017500
6 0.653750 0.060000 0.055000 0.017500
6 0.661250 0.072500 0.052500 0.015000
6 0.507500 0.110000 0.070000 0.020000
6 0.700000 0.107500 0.050000 0.025000
6 0.598750 0.221250 0.017500 0.020000
6 0.632500 0.217500 0.015000 0.012500
6 0.650000 0.213750 0.010000 0.007500
6 0.665000 0.210000 0.017500 0.010000
6 0.680000 0.206250 0.015000 0.010000
6 0.693750 0.201250 0.007500 0.007500
6 0.668750 0.245000 0.017500 0.020000
6 0.683750 0.241250 0.015000 0.017500
6 0.728750 0.227500 0.015000 0.022500
6 0.760000 0.218750 0.012500 0.017500
6 0.846250 0.120000 0.020000 0.022500
6 0.861250 0.113750 0.027500 0.022500
6 0.877500 0.107500 0.030000 0.022500
6 0.746250 0.225000 0.017500 0.022500
6 0.867500 0.136250 0.042500 0.022500
6 0.917500 0.142500 0.027500 0.020000
6 0.887500 0.181250 0.020000 0.015000
6 0.912500 0.187500 0.022500 0.022500
6 0.731250 0.351250 0.025000 0.017500
6 0.718750 0.357500 0.022500 0.020000
6 0.697500 0.363750 0.020000 0.020000
6 0.678750 0.368750 0.025000 0.017500
6 0.982500 0.290000 0.030000 0.020000
6 0.883750 0.340000 0.025000 0.020000
6 0.870000 0.345000 0.025000 0.017500
6 0.856250 0.350000 0.022500 0.020000
6 0.845000 0.357500 0.027500 0.020000
6 0.828750 0.362500 0.027500 0.020000
6 0.830000 0.386250 0.027500 0.010000
6 0.836250 0.398750 0.027500 0.007500
6 0.841250 0.407500 0.030000 0.010000
6 0.852500 0.417500 0.025000 0.010000
6 0.856250 0.428750 0.032500 0.010000
6 0.883750 0.453750 0.027500 0.010000
6 0.890000 0.463750 0.027500 0.015000
6 0.951250 0.253750 0.037500 0.037500
6 0.363750 0.662500 0.022500 0.012500
6 0.317500 0.972500 0.030000 0.015000
6 0.443750 0.953750 0.027500 0.010000
6 0.736250 0.890000 0.035000 0.015000
6 0.832500 0.863750 0.030000 0.015000
6 0.797500 0.053750 0.045000 0.040000
6 0.985000 0.473750 0.040000 0.027500
6 0.656250 0.591250 0.022500 0.017500
6 0.670000 0.588750 0.022500 0.017500
6 0.683750 0.583750 0.025000 0.020000
6 0.693750 0.578750 0.022500 0.015000
6 0.701250 0.571250 0.022500 0.015000
6 0.647500 0.611250 0.020000 0.015000
6 0.661250 0.607500 0.022500 0.017500
6 0.671250 0.602500 0.017500 0.015000
6 0.685000 0.597500 0.020000 0.012500
6 0.697500 0.595000 0.020000 0.015000
6 0.708750 0.590000 0.017500 0.012500
6 0.715000 0.583750 0.020000 0.015000
6 0.667500 0.491250 0.022500 0.012500
6 0.683750 0.502500 0.032500 0.015000
6 0.695000 0.513750 0.032500 0.015000
6 0.706250 0.530000 0.035000 0.017500
6 0.726250 0.545000 0.035000 0.015000
6 0.141250 0.145000 0.057500 0.037500
