6 0.110000 0.243750 0.075000 0.075000
6 0.280000 0.456250 0.102500 0.022500
6 0.677500 0.751250 0.030000 0.017500
6 0.227500 0.678750 0.060000 0.025000
6 0.095000 0.663750 0.070000 0.030000
6 0.860000 0.240000 0.020000 0.017500
6 0.983750 0.210000 0.015000 0.015000
6 0.947500 0.221250 0.017500 0.017500
6 0.932500 0.226250 0.020000 0.017500
6 0.966250 0.212500 0.017500 0.017500
6 0.987500 0.247500 0.017500 0.020000
6 0.980000 0.255000 0.017500 0.017500
6 0.963750 0.258750 0.017500 0.022500
6 0.952500 0.262500 0.022500 0.020000
6 0.931250 0.272500 0.017500 0.017500
6 0.913750 0.276250 0.022500 0.020000
6 0.898750 0.283750 0.017500 0.020000
6 0.987500 0.326250 0.025000 0.015000
6 0.968750 0.321250 0.027500 0.015000
6 0.981250 0.351250 0.022500 0.012500
6 0.960000 0.347500 0.027500 0.012500
6 0.938750 0.343750 0.030000 0.012500
6 0.918750 0.337500 0.027500 0.012500
6 0.987500 0.381250 0.020000 0.012500
6 0.967500 0.377500 0.032500 0.012500
6 0.930000 0.368750 0.032500 0.012500
6 0.908750 0.366250 0.032500 0.015000
6 0.888750 0.362500 0.027500 0.015000
6 0.866250 0.355000 0.032500 0.012500
6 0.937500 0.400000 0.025000 0.015000
6 0.918750 0.395000 0.027500 0.012500
6 0.898750 0.390000 0.022500 0.012500
6 0.876250 0.386250 0.025000 0.012500
6 0.858750 0.383750 0.025000 0.012500
6 0.836250 0.377500 0.027500 0.015000
6 0.820000 0.373750 0.030000 0.015000
6 0.908750 0.421250 0.025000 0.010000
6 0.886250 0.417500 0.025000 0.012500
6 0.863750 0.412500 0.030000 0.015000
6 0.847500 0.406250 0.027500 0.012500
6 0.825000 0.403750 0.025000 0.012500
6 0.806250 0.398750 0.030000 0.012500
6 0.787500 0.393750 0.027500 0.012500
6 0.766250 0.393750 0.030000 0.015000
6 0.715000 0.411250 0.037500 0.012500
6 0.751250 0.417500 0.025000 0.010000
6 0.856250 0.440000 0.032500 0.012500
6 0.811250 0.431250 0.032500 0.015000
6 0.792500 0.427500 0.025000 0.010000
6 0.773750 0.422500 0.027500 0.012500
6 0.798750 0.455000 0.025000 0.015000
6 0.785000 0.451250 0.025000 0.012500
6 0.765000 0.448750 0.027500 0.012500
6 0.743750 0.443750 0.027500 0.017500
6 0.722500 0.440000 0.025000 0.012500
6 0.677500 0.432500 0.030000 0.015000
6 0.901250 0.503750 0.100000 0.035000
6 0.700000 0.437500 0.025000 0.012500
6 0.666250 0.457500 0.020000 0.012500
6 0.683750 0.461250 0.025000 0.015000
6 0.701250 0.462500 0.022500 0.015000
6 0.717500 0.467500 0.022500 0.015000
6 0.731250 0.470000 0.017500 0.012500
6 0.478750 0.858750 0.037500 0.027500
