6 0.646250 0.330000 0.032500 0.022500
6 0.600000 0.231250 0.030000 0.017500
6 0.271250 0.380000 0.027500 0.015000
6 0.421250 0.342500 0.062500 0.027500
6 0.258750 0.367500 0.077500 0.040000
6 0.135000 0.905000 0.017500 0.015000
6 0.113750 0.906250 0.017500 0.017500
6 0.418750 0.885000 0.025000 0.012500
6 0.410000 0.893750 0.030000 0.012500
6 0.407500 0.915000 0.022500 0.015000
6 0.413750 0.963750 0.020000 0.017500
6 0.463750 0.983750 0.015000 0.020000
6 0.478750 0.990000 0.017500 0.017500
6 0.591250 0.841250 0.025000 0.020000
6 0.707500 0.866250 0.017500 0.015000
6 0.895000 0.651250 0.047500 0.035000
