6 0.516250 0.583750 0.025000 0.012500
6 0.531250 0.730000 0.030000 0.012500
6 0.110000 0.240000 0.020000 0.017500
6 0.352500 0.170000 0.015000 0.020000
6 0.320000 0.177500 0.015000 0.020000
6 0.302500 0.188750 0.015000 0.015000
6 0.282500 0.192500 0.015000 0.015000
6 0.251250 0.203750 0.012500 0.017500
6 0.233750 0.210000 0.015000 0.015000
6 0.197500 0.221250 0.017500 0.017500
6 0.182500 0.226250 0.020000 0.017500
6 0.216250 0.212500 0.017500 0.017500
6 0.276250 0.273750 0.037500 0.015000
6 0.465000 0.170000 0.020000 0.017500
6 0.401250 0.191250 0.022500 0.020000
6 0.376250 0.202500 0.017500 0.022500
6 0.340000 0.212500 0.020000 0.017500
6 0.316250 0.223750 0.020000 0.017500
6 0.306250 0.232500 0.017500 0.020000
6 0.292500 0.231250 0.015000 0.015000
6 0.278750 0.236250 0.020000 0.022500
6 0.263750 0.240000 0.017500 0.022500
6 0.252500 0.243750 0.020000 0.020000
6 0.237500 0.247500 0.017500 0.020000
6 0.230000 0.255000 0.017500 0.017500
6 0.397500 0.246250 0.025000 0.015000
6 0.213750 0.258750 0.017500 0.022500
6 0.202500 0.262500 0.022500 0.020000
6 0.181250 0.272500 0.017500 0.017500
6 0.163750 0.276250 0.022500 0.020000
6 0.148750 0.283750 0.017500 0.020000
6 0.391250 0.273750 0.032500 0.012500
6 0.376250 0.265000 0.027500 0.012500
6 0.422500 0.303750 0.030000 0.012500
6 0.321250 0.285000 0.025000 0.012500
6 0.368750 0.325000 0.027500 0.010000
6 0.350000 0.318750 0.025000 0.015000
6 0.333750 0.315000 0.030000 0.015000
6 0.315000 0.308750 0.027500 0.012500
6 0.433750 0.276250 0.030000 0.012500
6 0.288750 0.307500 0.035000 0.017500
6 0.270000 0.302500 0.027500 0.012500
6 0.353750 0.351250 0.025000 0.012500
6 0.335000 0.346250 0.027500 0.012500
6 0.320000 0.340000 0.025000 0.010000
6 0.302500 0.335000 0.027500 0.012500
6 0.278750 0.333750 0.025000 0.015000
6 0.258750 0.330000 0.025000 0.015000
6 0.237500 0.326250 0.025000 0.015000
6 0.218750 0.321250 0.027500 0.015000
6 0.300000 0.368750 0.022500 0.015000
6 0.282500 0.362500 0.025000 0.010000
6 0.263750 0.358750 0.025000 0.012500
6 0.231250 0.351250 0.022500 0.012500
6 0.210000 0.347500 0.027500 0.012500
6 0.188750 0.343750 0.030000 0.012500
6 0.168750 0.337500 0.027500 0.012500
6 0.252500 0.387500 0.027500 0.015000
6 0.237500 0.381250 0.020000 0.012500
6 0.217500 0.377500 0.032500 0.012500
6 0.180000 0.368750 0.032500 0.012500
6 0.158750 0.366250 0.032500 0.015000
6 0.138750 0.362500 0.027500 0.015000
6 0.116250 0.355000 0.032500 0.012500
6 0.187500 0.400000 0.025000 0.015000
6 0.168750 0.395000 0.027500 0.012500
6 0.148750 0.390000 0.022500 0.012500
6 0.126250 0.386250 0.025000 0.012500
6 0.108750 0.383750 0.025000 0.012500
6 0.086250 0.377500 0.027500 0.015000
6 0.070000 0.373750 0.030000 0.015000
6 0.158750 0.421250 0.025000 0.010000
6 0.136250 0.417500 0.025000 0.012500
6 0.113750 0.412500 0.030000 0.015000
6 0.097500 0.406250 0.027500 0.012500
6 0.075000 0.403750 0.025000 0.012500
6 0.056250 0.398750 0.030000 0.012500
6 0.037500 0.393750 0.027500 0.012500
6 0.016250 0.393750 0.030000 0.015000
6 0.001250 0.417500 0.025000 0.010000
6 0.106250 0.440000 0.032500 0.012500
6 0.061250 0.431250 0.032500 0.015000
6 0.042500 0.427500 0.025000 0.010000
6 0.023750 0.422500 0.027500 0.012500
6 0.048750 0.455000 0.025000 0.015000
6 0.035000 0.451250 0.025000 0.012500
6 0.015000 0.448750 0.027500 0.012500
4 0.745000 0.537500 0.037500 0.022500
4 0.713750 0.546250 0.042500 0.025000
6 0.531250 0.730000 0.027500 0.015000
6 0.151250 0.503750 0.100000 0.035000
