6 0.233750 0.248750 0.032500 0.030000
6 0.395000 0.233750 0.032500 0.017500
6 0.383750 0.242500 0.032500 0.020000
6 0.376250 0.250000 0.027500 0.015000
6 0.366250 0.258750 0.020000 0.015000
6 0.351250 0.275000 0.027500 0.012500
6 0.967500 0.402500 0.070000 0.052500
6 0.328750 0.300000 0.032500 0.017500
6 0.425000 0.300000 0.020000 0.017500
6 0.461250 0.315000 0.022500 0.020000
6 0.508750 0.331250 0.022500 0.017500
6 0.560000 0.350000 0.025000 0.017500
6 0.450000 0.371250 0.030000 0.017500
6 0.418750 0.333750 0.030000 0.012500
6 0.407500 0.341250 0.025000 0.012500
6 0.390000 0.357500 0.027500 0.015000
6 0.233750 0.220000 0.047500 0.022500
6 0.580000 0.387500 0.027500 0.015000
6 0.586250 0.411250 0.025000 0.010000
6 0.553750 0.377500 0.027500 0.015000
6 0.547500 0.386250 0.027500 0.012500
6 0.536250 0.393750 0.027500 0.015000
6 0.553750 0.408750 0.027500 0.017500
6 0.627500 0.430000 0.035000 0.015000
6 0.616250 0.438750 0.030000 0.012500
6 0.290000 0.337500 0.022500 0.015000
6 0.282500 0.346250 0.025000 0.012500
6 0.276250 0.353750 0.025000 0.012500
6 0.266250 0.361250 0.027500 0.010000
6 0.260000 0.371250 0.032500 0.012500
6 0.238750 0.392500 0.030000 0.012500
6 0.228750 0.401250 0.032500 0.012500
6 0.216250 0.420000 0.030000 0.015000
6 0.200000 0.433750 0.030000 0.012500
6 0.140000 0.498750 0.032500 0.015000
6 0.286250 0.405000 0.025000 0.017500
6 0.252500 0.435000 0.027500 0.015000
6 0.261250 0.458750 0.027500 0.012500
6 0.343750 0.370000 0.025000 0.015000
6 0.337500 0.377500 0.030000 0.015000
6 0.331250 0.390000 0.032500 0.012500
6 0.310000 0.410000 0.025000 0.015000
6 0.276250 0.477500 0.027500 0.012500
6 0.236250 0.515000 0.027500 0.015000
6 0.227500 0.522500 0.027500 0.010000
6 0.417500 0.390000 0.027500 0.015000
6 0.220000 0.531250 0.030000 0.012500
6 0.410000 0.400000 0.025000 0.012500
6 0.441250 0.397500 0.027500 0.012500
6 0.435000 0.405000 0.030000 0.012500
6 0.430000 0.413750 0.020000 0.010000
6 0.526250 0.430000 0.027500 0.017500
6 0.520000 0.440000 0.027500 0.012500
6 0.495000 0.432500 0.025000 0.012500
6 0.583750 0.470000 0.025000 0.015000
6 0.305000 0.542500 0.027500 0.015000
6 0.297500 0.551250 0.027500 0.017500
6 0.378750 0.432500 0.025000 0.017500
6 0.373750 0.440000 0.025000 0.012500
6 0.396250 0.446250 0.027500 0.012500
6 0.535000 0.456250 0.030000 0.015000
6 0.345000 0.473750 0.027500 0.017500
6 0.325000 0.488750 0.022500 0.015000
6 0.351250 0.495000 0.030000 0.012500
6 0.518750 0.473750 0.027500 0.012500
6 0.562500 0.493750 0.027500 0.015000
6 0.456250 0.472500 0.027500 0.015000
6 0.446250 0.481250 0.022500 0.012500
6 0.496250 0.498750 0.022500 0.012500
6 0.437500 0.487500 0.030000 0.012500
6 0.468750 0.497500 0.027500 0.010000
6 0.435000 0.500000 0.027500 0.012500
6 0.451250 0.513750 0.030000 0.015000
6 0.540000 0.518750 0.027500 0.015000
6 0.517500 0.542500 0.032500 0.015000
6 0.405000 0.531250 0.030000 0.015000
6 0.443750 0.555000 0.022500 0.012500
6 0.412500 0.553750 0.027500 0.015000
6 0.386250 0.546250 0.022500 0.015000
6 0.378750 0.553750 0.027500 0.012500
6 0.372500 0.562500 0.025000 0.012500
6 0.361250 0.570000 0.022500 0.015000
6 0.345000 0.586250 0.030000 0.017500
6 0.106250 0.531250 0.027500 0.015000
6 0.085000 0.553750 0.025000 0.015000
6 0.068750 0.570000 0.027500 0.015000
6 0.061250 0.580000 0.025000 0.015000
6 0.042500 0.595000 0.022500 0.015000
6 0.121250 0.575000 0.025000 0.015000
6 0.028750 0.611250 0.025000 0.012500
6 0.021250 0.620000 0.025000 0.012500
6 0.016250 0.627500 0.025000 0.010000
6 0.005000 0.636250 0.030000 0.012500
6 0.136250 0.586250 0.025000 0.012500
6 0.007500 0.695000 0.027500 0.012500
6 0.016250 0.686250 0.022500 0.012500
6 0.068750 0.630000 0.025000 0.015000
6 0.085000 0.643750 0.022500 0.012500
6 0.108750 0.621250 0.027500 0.015000
6 0.163750 0.597500 0.027500 0.015000
6 0.146250 0.603750 0.025000 0.010000
6 0.131250 0.628750 0.027500 0.012500
6 0.103750 0.653750 0.027500 0.015000
6 0.092500 0.670000 0.027500 0.015000
6 0.222500 0.602500 0.027500 0.015000
6 0.210000 0.608750 0.030000 0.015000
6 0.172500 0.647500 0.030000 0.012500
6 0.157500 0.663750 0.030000 0.012500
6 0.170000 0.678750 0.027500 0.015000
6 0.187500 0.663750 0.022500 0.012500
6 0.223750 0.656250 0.027500 0.015000
6 0.246250 0.641250 0.025000 0.012500
6 0.252500 0.623750 0.025000 0.015000
6 0.305000 0.636250 0.027500 0.012500
6 0.008750 0.727500 0.027500 0.010000
6 0.026250 0.743750 0.030000 0.015000
6 0.000000 0.735000 0.030000 0.015000
6 0.125000 0.760000 0.027500 0.012500
6 0.125000 0.726250 0.020000 0.010000
6 0.141250 0.712500 0.030000 0.015000
6 0.017500 0.781250 0.017500 0.017500
6 0.348750 0.648750 0.027500 0.015000
6 0.278750 0.657500 0.027500 0.015000
6 0.312500 0.657500 0.030000 0.015000
6 0.386250 0.677500 0.025000 0.017500
6 0.377500 0.683750 0.027500 0.012500
6 0.370000 0.693750 0.027500 0.012500
6 0.363750 0.702500 0.030000 0.015000
6 0.283750 0.690000 0.030000 0.015000
6 0.240000 0.697500 0.022500 0.012500
6 0.233750 0.707500 0.025000 0.015000
6 0.203750 0.741250 0.025000 0.015000
6 0.182500 0.766250 0.025000 0.015000
6 0.281250 0.722500 0.030000 0.012500
6 0.265000 0.740000 0.027500 0.012500
6 0.236250 0.738750 0.022500 0.012500
6 0.230000 0.747500 0.027500 0.012500
6 0.332500 0.733750 0.027500 0.015000
6 0.323750 0.743750 0.030000 0.015000
6 0.308750 0.758750 0.032500 0.015000
6 0.301250 0.768750 0.025000 0.015000
6 0.287500 0.783750 0.027500 0.015000
6 0.221250 0.757500 0.025000 0.012500
6 0.212500 0.763750 0.025000 0.012500
6 0.243750 0.765000 0.027500 0.012500
6 0.236250 0.773750 0.027500 0.010000
6 0.268750 0.798750 0.027500 0.015000
6 0.208750 0.805000 0.027500 0.017500
6 0.225000 0.850000 0.027500 0.017500
6 0.228750 0.841250 0.030000 0.015000
6 0.242500 0.835000 0.027500 0.017500
6 0.247500 0.825000 0.030000 0.020000
6 0.182500 0.847500 0.020000 0.020000
6 0.170000 0.842500 0.020000 0.020000
6 0.158750 0.837500 0.020000 0.020000
6 0.136250 0.828750 0.020000 0.017500
6 0.113750 0.820000 0.017500 0.020000
6 0.065000 0.802500 0.020000 0.017500
6 0.052500 0.796250 0.020000 0.022500
6 0.527500 0.401250 0.022500 0.012500
6 0.406250 0.407500 0.025000 0.012500
6 0.340000 0.412500 0.025000 0.012500
6 0.286250 0.468750 0.025000 0.015000
6 0.212500 0.505000 0.027500 0.012500
6 0.060000 0.638750 0.022500 0.012500
6 0.336250 0.666250 0.025000 0.015000
6 0.038750 0.692500 0.025000 0.012500
6 0.147500 0.702500 0.025000 0.015000
6 0.235000 0.583750 0.022500 0.010000
