6 0.002500 0.287500 0.015000 0.015000
6 0.035000 0.262500 0.027500 0.017500
6 0.056250 0.250000 0.025000 0.017500
6 0.200000 0.263750 0.022500 0.015000
6 0.212500 0.161250 0.025000 0.015000
6 0.285000 0.131250 0.025000 0.017500
6 0.338750 0.086250 0.020000 0.017500
6 0.057500 0.026250 0.020000 0.022500
6 0.666250 0.166250 0.020000 0.012500
6 0.906250 0.061250 0.020000 0.012500
6 0.765000 0.313750 0.027500 0.012500
6 0.822500 0.330000 0.015000 0.015000
6 0.556250 0.421250 0.020000 0.012500
6 0.998750 0.228750 0.022500 0.020000
6 0.876250 0.078750 0.020000 0.017500
