6 0.172500 0.257500 0.017500 0.012500
6 0.750000 0.161250 0.015000 0.012500
6 0.743750 0.133750 0.012500 0.007500
6 0.731250 0.346250 0.017500 0.007500
6 0.385000 0.472500 0.012500 0.015000
6 0.396250 0.418750 0.010000 0.015000
6 0.448750 0.311250 0.022500 0.010000
6 0.392500 0.443750 0.010000 0.022500
6 0.506250 0.346250 0.015000 0.010000
6 0.296250 0.432500 0.020000 0.010000
6 0.637500 0.185000 0.010000 0.015000
6 0.730000 0.083750 0.022500 0.017500
6 0.747500 0.150000 0.017500 0.012500
6 0.432500 0.100000 0.017500 0.012500
6 0.418750 0.411250 0.017500 0.012500
