6 0.888750 0.578750 0.015000 0.015000
6 0.875000 0.590000 0.015000 0.015000
6 0.942500 0.726250 0.020000 0.017500
6 0.865000 0.505000 0.030000 0.025000
6 0.592500 0.858750 0.015000 0.045000
6 0.846250 0.622500 0.017500 0.017500
6 0.858750 0.608750 0.012500 0.017500
6 0.966250 0.736250 0.017500 0.015000
6 0.936250 0.717500 0.020000 0.012500
6 0.801250 0.486250 0.020000 0.015000
6 0.957500 0.728750 0.020000 0.015000
6 0.907500 0.560000 0.017500 0.015000
6 0.833750 0.633750 0.015000 0.015000
6 0.916250 0.553750 0.015000 0.017500
6 0.962500 0.967500 0.012500 0.015000
6 0.865000 0.602500 0.017500 0.015000
6 0.851250 0.617500 0.015000 0.020000
6 0.828750 0.640000 0.017500 0.012500
6 0.841250 0.630000 0.017500 0.020000
6 0.716250 0.550000 0.015000 0.012500
6 0.821250 0.645000 0.017500 0.017500
