6 0.271250 0.937500 0.025000 0.015000
6 0.835000 0.922500 0.010000 0.012500
6 0.522500 0.885000 0.017500 0.010000
6 0.845000 0.925000 0.007500 0.017500
6 0.857500 0.921250 0.012500 0.015000
6 0.870000 0.922500 0.010000 0.012500
6 0.682500 0.922500 0.017500 0.015000
6 0.717500 0.925000 0.017500 0.012500
6 0.787500 0.923750 0.017500 0.015000
6 0.882500 0.923750 0.010000 0.015000
6 0.811250 0.922500 0.015000 0.010000
6 0.895000 0.920000 0.015000 0.015000
6 0.742500 0.925000 0.017500 0.017500
