6 0.573750 0.820000 0.017500 0.015000
6 0.556250 0.738750 0.020000 0.020000
6 0.642500 0.860000 0.020000 0.025000
6 0.516250 0.755000 0.020000 0.015000
6 0.535000 0.746250 0.017500 0.017500
6 0.638750 0.638750 0.020000 0.020000
6 0.677500 0.686250 0.017500 0.020000
6 0.318750 0.563750 0.017500 0.022500
6 0.158750 0.521250 0.017500 0.010000
6 0.390000 0.697500 0.017500 0.020000
6 0.672500 0.667500 0.017500 0.025000
6 0.655000 0.652500 0.017500 0.017500
6 0.661250 0.660000 0.015000 0.015000
6 0.486250 0.500000 0.015000 0.012500
6 0.458750 0.227500 0.030000 0.035000
6 0.443750 0.256250 0.027500 0.027500
6 0.422500 0.257500 0.042500 0.045000
6 0.737500 0.025000 0.015000 0.025000
6 0.753750 0.071250 0.012500 0.020000
6 0.760000 0.093750 0.012500 0.020000
6 0.765000 0.152500 0.012500 0.020000
6 0.736250 0.105000 0.015000 0.020000
6 0.845000 0.341250 0.017500 0.022500
6 0.821250 0.302500 0.017500 0.020000
6 0.792500 0.275000 0.015000 0.020000
6 0.800000 0.292500 0.012500 0.017500
6 0.808750 0.308750 0.012500 0.015000
6 0.820000 0.326250 0.017500 0.012500
6 0.826250 0.343750 0.017500 0.015000
6 0.836250 0.358750 0.015000 0.017500
6 0.843750 0.375000 0.012500 0.015000
6 0.668750 0.035000 0.012500 0.017500
6 0.068750 0.385000 0.015000 0.017500
6 0.908750 0.402500 0.015000 0.020000
6 0.921250 0.440000 0.015000 0.015000
6 0.890000 0.458750 0.015000 0.017500
6 0.940000 0.472500 0.015000 0.020000
6 0.936250 0.433750 0.017500 0.012500
6 0.995000 0.398750 0.022500 0.015000
6 0.987500 0.461250 0.015000 0.015000
6 0.970000 0.486250 0.020000 0.012500
6 0.051250 0.077500 0.027500 0.027500
6 0.267500 0.222500 0.042500 0.042500
6 0.231250 0.100000 0.022500 0.022500
6 0.362500 0.232500 0.025000 0.017500
6 0.350000 0.291250 0.020000 0.022500
6 0.360000 0.298750 0.022500 0.022500
6 0.370000 0.305000 0.025000 0.022500
6 0.376250 0.316250 0.025000 0.020000
6 0.386250 0.325000 0.027500 0.020000
6 0.396250 0.332500 0.025000 0.022500
6 0.403750 0.341250 0.025000 0.022500
6 0.420000 0.342500 0.037500 0.035000
6 0.485000 0.360000 0.022500 0.020000
6 0.273750 0.980000 0.030000 0.027500
6 0.547500 0.950000 0.020000 0.020000
6 0.257500 0.065000 0.017500 0.020000
6 0.810000 0.223750 0.017500 0.025000
6 0.871250 0.350000 0.020000 0.022500
6 0.817500 0.533750 0.022500 0.027500
6 0.010000 0.776250 0.030000 0.025000
6 0.872500 0.056250 0.017500 0.020000
6 0.896250 0.058750 0.020000 0.020000
6 0.877500 0.027500 0.020000 0.022500
6 0.972500 0.293750 0.017500 0.020000
6 0.952500 0.325000 0.022500 0.020000
6 0.833750 0.282500 0.015000 0.022500
6 0.905000 0.491250 0.015000 0.020000
6 0.192500 0.933750 0.022500 0.022500
6 0.086250 0.833750 0.025000 0.027500
6 0.063750 0.817500 0.017500 0.025000
6 0.046250 0.805000 0.022500 0.025000
6 0.026250 0.790000 0.017500 0.015000
6 0.008750 0.775000 0.032500 0.027500
6 0.977500 0.846250 0.030000 0.025000
6 0.055000 0.380000 0.022500 0.020000
6 0.695000 0.000000 0.032500 0.035000
6 0.983750 0.858750 0.020000 0.020000
