6 0.003750 0.046250 0.015000 0.022500
6 0.073750 0.241250 0.015000 0.022500
6 0.223750 0.175000 0.025000 0.012500
6 0.281250 0.145000 0.027500 0.017500
6 0.106250 0.267500 0.012500 0.022500
6 0.080000 0.262500 0.015000 0.020000
6 0.288750 0.585000 0.030000 0.040000
6 0.272500 0.551250 0.017500 0.020000
6 0.445000 0.560000 0.022500 0.017500
6 0.433750 0.582500 0.020000 0.020000
6 0.392500 0.472500 0.017500 0.022500
6 0.373750 0.481250 0.017500 0.022500
6 0.433750 0.457500 0.017500 0.022500
6 0.420000 0.462500 0.015000 0.027500
6 0.391250 0.535000 0.020000 0.020000
6 0.483750 0.530000 0.017500 0.015000
6 0.516250 0.472500 0.015000 0.022500
6 0.530000 0.503750 0.017500 0.025000
6 0.505000 0.525000 0.020000 0.015000
6 0.498750 0.438750 0.012500 0.020000
6 0.508750 0.537500 0.020000 0.015000
6 0.407500 0.466250 0.015000 0.017500
6 0.460000 0.577500 0.012500 0.017500
6 0.471250 0.576250 0.015000 0.022500
6 0.482500 0.575000 0.017500 0.022500
6 0.630000 0.512500 0.017500 0.020000
6 0.428750 0.743750 0.017500 0.017500
6 0.540000 0.850000 0.017500 0.020000
6 0.557500 0.902500 0.025000 0.022500
6 0.528750 0.856250 0.020000 0.017500
6 0.575000 0.880000 0.020000 0.022500
6 0.557500 0.863750 0.022500 0.020000
6 0.450000 0.761250 0.025000 0.025000
6 0.668750 0.687500 0.020000 0.010000
6 0.721250 0.708750 0.015000 0.015000
6 0.710000 0.725000 0.015000 0.017500
6 0.672500 0.715000 0.022500 0.010000
6 0.666250 0.747500 0.017500 0.020000
6 0.653750 0.743750 0.015000 0.015000
6 0.636250 0.533750 0.022500 0.022500
6 0.663750 0.578750 0.020000 0.020000
6 0.673750 0.597500 0.017500 0.020000
6 0.700000 0.615000 0.017500 0.020000
6 0.732500 0.638750 0.017500 0.017500
6 0.708750 0.648750 0.017500 0.020000
6 0.672500 0.700000 0.022500 0.010000
6 0.785000 0.720000 0.020000 0.017500
6 0.807500 0.737500 0.022500 0.020000
6 0.860000 0.772500 0.020000 0.017500
6 0.972500 0.896250 0.022500 0.025000
6 0.938750 0.886250 0.025000 0.022500
6 0.977500 0.863750 0.020000 0.020000
6 0.613750 0.408750 0.012500 0.017500
6 0.928750 0.626250 0.025000 0.017500
6 0.921250 0.642500 0.032500 0.017500
6 0.862500 0.663750 0.022500 0.022500
6 0.603750 0.390000 0.015000 0.020000
6 0.593750 0.371250 0.015000 0.020000
6 0.172500 0.803750 0.017500 0.017500
6 0.306250 0.865000 0.017500 0.017500
6 0.456250 0.823750 0.012500 0.017500
6 0.446250 0.820000 0.012500 0.015000
6 0.440000 0.815000 0.012500 0.012500
6 0.431250 0.807500 0.015000 0.012500
6 0.407500 0.791250 0.022500 0.022500
6 0.421250 0.800000 0.015000 0.015000
6 0.473750 0.511250 0.017500 0.020000
6 0.447500 0.448750 0.012500 0.015000
6 0.557500 0.300000 0.015000 0.020000
6 0.532500 0.311250 0.015000 0.017500
6 0.390000 0.291250 0.020000 0.015000
6 0.370000 0.298750 0.017500 0.015000
6 0.330000 0.316250 0.020000 0.012500
6 0.362500 0.332500 0.022500 0.015000
6 0.427500 0.273750 0.020000 0.017500
6 0.408750 0.280000 0.022500 0.012500
6 0.422500 0.301250 0.012500 0.017500
6 0.831250 0.118750 0.020000 0.015000
6 0.773750 0.146250 0.020000 0.015000
6 0.897500 0.118750 0.022500 0.015000
6 0.876250 0.136250 0.022500 0.012500
6 0.855000 0.133750 0.020000 0.017500
6 0.841250 0.153750 0.022500 0.017500
6 0.743750 0.196250 0.025000 0.020000
6 0.703750 0.180000 0.020000 0.017500
6 0.755000 0.155000 0.022500 0.015000
6 0.523750 0.086250 0.017500 0.025000
6 0.630000 0.247500 0.022500 0.017500
6 0.580000 0.226250 0.022500 0.015000
6 0.525000 0.240000 0.020000 0.020000
6 0.558750 0.362500 0.012500 0.017500
6 0.571250 0.322500 0.015000 0.020000
6 0.117500 0.727500 0.017500 0.015000
6 0.046250 0.042500 0.020000 0.022500
6 0.886250 0.296250 0.012500 0.025000
6 0.983750 0.321250 0.017500 0.025000
6 0.931250 0.821250 0.022500 0.022500
6 0.930000 0.238750 0.022500 0.017500
6 0.468750 0.071250 0.027500 0.020000
6 0.506250 0.073750 0.020000 0.012500
6 0.663750 0.201250 0.030000 0.015000
6 0.238750 0.161250 0.030000 0.015000
6 0.241250 0.478750 0.022500 0.020000
6 0.510000 0.816250 0.035000 0.040000
