6 0.043750 0.962500 0.015000 0.017500
6 0.050000 0.971250 0.020000 0.017500
6 0.063750 0.983750 0.017500 0.017500
6 0.078750 0.996250 0.020000 0.017500
6 0.523750 0.543750 0.015000 0.020000
6 0.512500 0.531250 0.020000 0.022500
6 0.425000 0.586250 0.020000 0.017500
6 0.412500 0.592500 0.017500 0.020000
6 0.411250 0.657500 0.015000 0.017500
6 0.437500 0.628750 0.015000 0.015000
6 0.236250 0.777500 0.017500 0.017500
6 0.260000 0.755000 0.017500 0.017500
6 0.265000 0.747500 0.020000 0.017500
6 0.285000 0.730000 0.017500 0.020000
6 0.292500 0.722500 0.017500 0.015000
6 0.255000 0.856250 0.017500 0.020000
6 0.261250 0.867500 0.017500 0.017500
6 0.281250 0.885000 0.017500 0.017500
6 0.303750 0.906250 0.012500 0.017500
6 0.185000 0.825000 0.017500 0.015000
6 0.192500 0.817500 0.017500 0.017500
6 0.277500 0.817500 0.017500 0.017500
6 0.433750 0.515000 0.022500 0.022500
6 0.448750 0.530000 0.020000 0.017500
6 0.170000 0.837500 0.020000 0.020000
6 0.876250 0.196250 0.010000 0.017500
6 0.637500 0.163750 0.020000 0.015000
6 0.883750 0.173750 0.010000 0.012500
6 0.896250 0.137500 0.007500 0.017500
6 0.916250 0.060000 0.010000 0.017500
6 0.535000 0.390000 0.015000 0.017500
6 0.520000 0.335000 0.017500 0.017500
6 0.540000 0.313750 0.015000 0.015000
6 0.551250 0.302500 0.015000 0.015000
6 0.546250 0.456250 0.012500 0.010000
6 0.186250 0.197500 0.010000 0.017500
6 0.313750 0.106250 0.015000 0.010000
6 0.876250 0.197500 0.015000 0.020000
6 0.483750 0.367500 0.017500 0.025000
6 0.468750 0.390000 0.020000 0.020000
6 0.462500 0.398750 0.015000 0.017500
6 0.560000 0.408750 0.020000 0.020000
6 0.550000 0.400000 0.017500 0.015000
6 0.543750 0.370000 0.017500 0.017500
6 0.558750 0.293750 0.015000 0.015000
6 0.583750 0.383750 0.020000 0.017500
6 0.760000 0.072500 0.012500 0.020000
6 0.397500 0.162500 0.020000 0.035000
6 0.400000 0.065000 0.020000 0.032500
6 0.020000 0.017500 0.027500 0.030000
6 0.032500 0.025000 0.022500 0.030000
6 0.005000 0.042500 0.015000 0.017500
6 0.836250 0.890000 0.015000 0.017500
6 0.788750 0.937500 0.020000 0.017500
6 0.840000 0.751250 0.017500 0.017500
6 0.492500 0.515000 0.022500 0.022500
6 0.117500 0.438750 0.017500 0.022500
6 0.110000 0.461250 0.012500 0.022500
6 0.065000 0.578750 0.017500 0.017500
6 0.713750 0.720000 0.017500 0.020000
6 0.675000 0.651250 0.015000 0.020000
6 0.828750 0.355000 0.017500 0.025000
6 0.625000 0.733750 0.022500 0.022500
6 0.385000 0.687500 0.022500 0.015000
6 0.025000 0.055000 0.027500 0.022500
6 0.395000 0.678750 0.025000 0.020000
