6 0.142500 0.086250 0.015000 0.020000
6 0.307500 0.070000 0.015000 0.020000
6 0.013750 0.016250 0.017500 0.022500
6 0.208750 0.238750 0.015000 0.020000
6 0.261250 0.170000 0.027500 0.032500
6 0.233750 0.193750 0.020000 0.025000
6 0.017500 0.577500 0.020000 0.022500
6 0.308750 0.502500 0.022500 0.017500
6 0.326250 0.492500 0.017500 0.020000
6 0.127500 0.383750 0.017500 0.022500
6 0.181250 0.283750 0.030000 0.037500
6 0.850000 0.996250 0.017500 0.037500
6 0.625000 0.025000 0.027500 0.020000
6 0.690000 0.113750 0.020000 0.027500
6 0.672500 0.106250 0.017500 0.022500
6 0.700000 0.121250 0.020000 0.025000
6 0.708750 0.126250 0.017500 0.020000
6 0.716250 0.132500 0.017500 0.020000
6 0.722500 0.138750 0.017500 0.017500
6 0.736250 0.143750 0.020000 0.017500
6 0.755000 0.103750 0.022500 0.015000
6 0.753750 0.113750 0.022500 0.017500
6 0.767500 0.091250 0.020000 0.012500
6 0.770000 0.081250 0.025000 0.012500
6 0.723750 0.025000 0.022500 0.012500
6 0.658750 0.031250 0.020000 0.012500
6 0.663750 0.023750 0.020000 0.012500
6 0.668750 0.015000 0.017500 0.012500
6 0.685000 0.025000 0.017500 0.010000
6 0.681250 0.032500 0.020000 0.012500
6 0.677500 0.042500 0.020000 0.012500
6 0.667500 0.053750 0.020000 0.012500
6 0.663750 0.063750 0.020000 0.012500
6 0.710000 0.088750 0.025000 0.017500
6 0.717500 0.081250 0.022500 0.015000
6 0.720000 0.072500 0.025000 0.012500
6 0.701250 0.062500 0.015000 0.012500
6 0.706250 0.055000 0.020000 0.015000
6 0.710000 0.047500 0.017500 0.012500
6 0.715000 0.041250 0.015000 0.012500
6 0.728750 0.057500 0.020000 0.017500
6 0.732500 0.048750 0.017500 0.012500
6 0.726250 0.067500 0.020000 0.017500
6 0.740000 0.033750 0.015000 0.015000
6 0.758750 0.007500 0.017500 0.020000
6 0.691250 0.010000 0.020000 0.015000
6 0.866250 0.043750 0.017500 0.015000
6 0.362500 0.010000 0.027500 0.025000
6 0.300000 0.536250 0.012500 0.020000
6 0.271250 0.578750 0.017500 0.022500
6 0.267500 0.602500 0.017500 0.020000
