6 0.300000 0.191250 0.042500 0.027500
6 0.336250 0.167500 0.032500 0.027500
6 0.297500 0.130000 0.020000 0.020000
6 0.373750 0.198750 0.015000 0.017500
6 0.262500 0.120000 0.017500 0.017500
6 0.566250 0.377500 0.017500 0.017500
6 0.723750 0.525000 0.020000 0.022500
6 0.748750 0.548750 0.020000 0.020000
6 0.777500 0.573750 0.020000 0.020000
6 0.800000 0.603750 0.020000 0.020000
6 0.822500 0.646250 0.017500 0.017500
6 0.856250 0.652500 0.020000 0.020000
6 0.106250 0.173750 0.017500 0.020000
6 0.983750 0.553750 0.015000 0.012500
6 0.972500 0.720000 0.022500 0.020000
6 0.737500 0.945000 0.012500 0.012500
6 0.301250 0.088750 0.015000 0.017500
6 0.388750 0.128750 0.017500 0.012500
6 0.283750 0.075000 0.020000 0.020000
6 0.086250 0.145000 0.022500 0.022500
6 0.525000 0.295000 0.017500 0.017500
6 0.565000 0.335000 0.035000 0.030000
6 0.715000 0.070000 0.030000 0.027500
6 0.387500 0.250000 0.020000 0.020000
6 0.032500 0.860000 0.022500 0.015000
6 0.273750 0.757500 0.027500 0.017500
6 0.336250 0.732500 0.022500 0.015000
6 0.308750 0.907500 0.022500 0.012500
6 0.258750 0.928750 0.020000 0.012500
6 0.155000 0.975000 0.025000 0.020000
6 0.742500 0.980000 0.017500 0.015000
6 0.991250 0.736250 0.025000 0.017500
6 0.446250 0.488750 0.017500 0.017500
6 0.501250 0.545000 0.020000 0.017500
6 0.732500 0.458750 0.025000 0.022500
6 0.537500 0.350000 0.020000 0.017500
6 0.616250 0.378750 0.020000 0.020000
6 0.425000 0.498750 0.020000 0.022500
6 0.558750 0.613750 0.025000 0.020000
6 0.455000 0.703750 0.025000 0.017500
6 0.701250 0.940000 0.020000 0.017500
6 0.613750 0.882500 0.025000 0.020000
6 0.390000 0.980000 0.012500 0.015000
6 0.531250 0.965000 0.012500 0.017500
6 0.302500 0.868750 0.012500 0.017500
6 0.128750 0.982500 0.020000 0.015000
6 0.012500 0.670000 0.027500 0.022500
6 0.046250 0.660000 0.030000 0.020000
6 0.407500 0.863750 0.022500 0.012500
6 0.108750 0.602500 0.012500 0.017500
6 0.048750 0.487500 0.020000 0.015000
6 0.513750 0.727500 0.037500 0.027500
6 0.567500 0.841250 0.017500 0.020000
6 0.680000 0.945000 0.020000 0.020000
6 0.900000 0.717500 0.020000 0.017500
6 0.932500 0.743750 0.020000 0.020000
6 0.993750 0.372500 0.020000 0.015000
6 0.160000 0.215000 0.047500 0.027500
6 0.246250 0.128750 0.012500 0.017500
6 0.271250 0.107500 0.027500 0.027500
6 0.531250 0.372500 0.030000 0.025000
6 0.996250 0.782500 0.045000 0.037500
