6 0.015000 0.125000 0.015000 0.010000
6 0.328750 0.022500 0.017500 0.015000
6 0.476250 0.022500 0.012500 0.012500
6 0.067500 0.852500 0.015000 0.017500
6 0.831250 0.725000 0.012500 0.015000
6 0.733750 0.381250 0.017500 0.020000
6 0.650000 0.296250 0.020000 0.017500
6 0.691250 0.246250 0.020000 0.020000
6 0.485000 0.008750 0.025000 0.017500
6 0.358750 0.000000 0.022500 0.020000
6 0.445000 0.045000 0.015000 0.015000
6 0.867500 0.077500 0.012500 0.015000
6 0.856250 0.075000 0.010000 0.017500
6 0.843750 0.068750 0.010000 0.020000
6 0.938750 0.117500 0.012500 0.022500
6 0.925000 0.111250 0.015000 0.020000
6 0.908750 0.107500 0.017500 0.022500
6 0.696250 0.212500 0.017500 0.022500
6 0.642500 0.220000 0.017500 0.017500
6 0.591250 0.213750 0.022500 0.022500
6 0.560000 0.148750 0.017500 0.015000
6 0.590000 0.171250 0.017500 0.015000
6 0.601250 0.181250 0.025000 0.017500
6 0.578750 0.163750 0.015000 0.017500
6 0.570000 0.157500 0.015000 0.015000
6 0.998750 0.145000 0.012500 0.022500
6 0.891250 0.443750 0.017500 0.015000
6 0.563750 0.413750 0.017500 0.017500
6 0.625000 0.496250 0.017500 0.020000
6 0.551250 0.508750 0.025000 0.017500
6 0.366250 0.642500 0.020000 0.022500
6 0.717500 0.600000 0.020000 0.017500
6 0.690000 0.625000 0.020000 0.015000
6 0.695000 0.642500 0.017500 0.015000
6 0.526250 0.760000 0.022500 0.022500
6 0.666250 0.642500 0.017500 0.017500
6 0.651250 0.656250 0.015000 0.020000
6 0.323750 0.680000 0.020000 0.017500
6 0.777500 0.553750 0.030000 0.025000
6 0.123750 0.662500 0.020000 0.020000
6 0.223750 0.763750 0.027500 0.025000
6 0.012500 0.702500 0.032500 0.025000
6 0.040000 0.722500 0.032500 0.030000
6 0.060000 0.743750 0.030000 0.022500
6 0.080000 0.760000 0.027500 0.025000
6 0.103750 0.776250 0.020000 0.027500
6 0.022500 0.673750 0.025000 0.025000
6 0.245000 0.478750 0.025000 0.020000
6 0.975000 0.780000 0.017500 0.020000
6 0.877500 0.880000 0.022500 0.025000
6 0.755000 0.836250 0.025000 0.025000
6 0.793750 0.777500 0.020000 0.022500
6 0.115000 0.321250 0.017500 0.022500
6 0.025000 0.397500 0.025000 0.022500
6 0.585000 0.251250 0.027500 0.025000
6 0.051250 0.093750 0.022500 0.022500
6 0.123750 0.030000 0.025000 0.017500
6 0.330000 0.135000 0.022500 0.015000
6 0.310000 0.146250 0.020000 0.015000
6 0.931250 0.822500 0.035000 0.030000
6 0.392500 0.031250 0.017500 0.020000
6 0.495000 0.087500 0.025000 0.020000
6 0.531250 0.122500 0.017500 0.020000
6 0.520000 0.112500 0.017500 0.012500
6 0.557500 0.297500 0.025000 0.020000
6 0.371250 0.066250 0.052500 0.042500
6 0.542500 0.136250 0.020000 0.025000
