6 0.915000 0.272500 0.020000 0.032500
6 0.865000 0.288750 0.020000 0.010000
6 0.893750 0.271250 0.012500 0.022500
6 0.845000 0.242500 0.032500 0.012500
6 0.535000 0.250000 0.010000 0.015000
6 0.396250 0.931250 0.005000 0.010000
6 0.058750 0.905000 0.012500 0.007500
6 0.066250 0.892500 0.015000 0.007500
6 0.178750 0.750000 0.007500 0.010000
6 0.363750 0.578750 0.007500 0.012500
6 0.195000 0.423750 0.007500 0.012500
6 0.161250 0.402500 0.015000 0.007500
6 0.131250 0.040000 0.015000 0.007500
6 0.928750 0.086250 0.012500 0.015000
6 0.958750 0.056250 0.040000 0.012500
6 0.671250 0.895000 0.022500 0.010000
6 0.960000 0.070000 0.037500 0.007500
6 0.840000 0.231250 0.030000 0.012500
6 0.973750 0.100000 0.050000 0.017500
6 0.683750 0.505000 0.012500 0.022500
6 0.248750 0.263750 0.012500 0.015000
6 0.843750 0.076250 0.030000 0.050000
6 0.878750 0.280000 0.017500 0.032500
6 0.826250 0.082500 0.030000 0.047500
6 0.786250 0.086250 0.017500 0.012500
6 0.228750 0.267500 0.017500 0.010000
6 0.730000 0.135000 0.020000 0.042500
6 0.791250 0.137500 0.062500 0.025000
