6 0.570000 0.826250 0.012500 0.017500
6 0.863750 0.146250 0.017500 0.010000
6 0.585000 0.883750 0.010000 0.020000
6 0.571250 0.522500 0.012500 0.015000
6 0.095000 0.638750 0.020000 0.010000
6 0.138750 0.825000 0.010000 0.015000
6 0.027500 0.985000 0.012500 0.017500
6 0.733750 0.211250 0.020000 0.015000
6 0.665000 0.087500 0.020000 0.012500
6 0.680000 0.515000 0.007500 0.015000
6 0.637500 0.481250 0.012500 0.010000
6 0.848750 0.385000 0.012500 0.020000
6 0.677500 0.342500 0.072500 0.027500
6 0.697500 0.585000 0.010000 0.020000
6 0.725000 0.508750 0.010000 0.015000
6 0.835000 0.391250 0.010000 0.020000
6 0.696250 0.505000 0.015000 0.025000
6 0.716250 0.507500 0.007500 0.017500
6 0.778750 0.583750 0.010000 0.017500
6 0.595000 0.641250 0.010000 0.015000
6 0.742500 0.498750 0.010000 0.017500
6 0.756250 0.495000 0.015000 0.022500
6 0.656250 0.545000 0.017500 0.005000
6 0.985000 0.276250 0.012500 0.015000
6 0.701250 0.375000 0.017500 0.045000
6 0.652500 0.445000 0.007500 0.015000
6 0.866250 0.280000 0.052500 0.025000
6 0.677500 0.303750 0.057500 0.020000
6 0.710000 0.585000 0.007500 0.017500
6 0.680000 0.515000 0.005000 0.017500
6 0.688750 0.516250 0.007500 0.015000
6 0.665000 0.456250 0.010000 0.017500
6 0.720000 0.583750 0.007500 0.017500
6 0.681250 0.328750 0.067500 0.022500
