6 0.548750 0.810000 0.025000 0.012500
6 0.396250 0.181250 0.005000 0.010000
6 0.516250 0.386250 0.007500 0.015000
6 0.657500 0.380000 0.012500 0.010000
6 0.323750 0.972500 0.012500 0.017500
6 0.651250 0.776250 0.020000 0.010000
6 0.577500 0.566250 0.012500 0.017500
6 0.058750 0.155000 0.012500 0.007500
6 0.066250 0.142500 0.015000 0.007500
6 0.178750 0.000000 0.007500 0.010000
6 0.671250 0.145000 0.022500 0.010000
6 0.101250 0.800000 0.020000 0.007500
6 0.353750 0.988750 0.022500 0.015000
6 0.123750 0.595000 0.022500 0.015000
6 0.520000 0.520000 0.005000 0.017500
