6 0.931250 0.981250 0.020000 0.017500
6 0.913750 0.687500 0.020000 0.020000
6 0.926250 0.691250 0.017500 0.020000
6 0.938750 0.692500 0.020000 0.022500
6 0.938750 0.717500 0.020000 0.020000
6 0.985000 0.720000 0.015000 0.017500
6 0.996250 0.696250 0.017500 0.020000
6 0.963750 0.685000 0.022500 0.022500
6 0.976250 0.688750 0.020000 0.022500
6 0.573750 0.456250 0.025000 0.012500
6 0.241250 0.322500 0.035000 0.017500
6 0.972500 0.728750 0.015000 0.012500
6 0.831250 0.990000 0.025000 0.010000
6 0.976250 0.955000 0.017500 0.017500
6 0.763750 0.675000 0.017500 0.017500
6 0.962500 0.996250 0.015000 0.020000
6 0.980000 0.710000 0.017500 0.015000
6 0.726250 0.666250 0.012500 0.012500
6 0.952500 0.992500 0.015000 0.017500
6 0.942500 0.990000 0.017500 0.017500
6 0.986250 0.693750 0.012500 0.012500
6 0.985000 0.962500 0.017500 0.017500
6 0.913750 0.948750 0.020000 0.015000
6 0.987500 0.935000 0.017500 0.017500
6 0.993750 0.966250 0.017500 0.017500
6 0.995000 0.945000 0.017500 0.015000
6 0.975000 0.996250 0.017500 0.022500
6 0.970000 0.706250 0.017500 0.015000
6 0.997500 0.918750 0.020000 0.017500
6 0.822500 0.997500 0.027500 0.010000
6 0.950000 0.720000 0.012500 0.015000
6 0.942500 0.700000 0.012500 0.010000
6 0.957500 0.702500 0.012500 0.012500
6 0.733750 0.648750 0.015000 0.012500
6 0.870000 0.945000 0.025000 0.012500
6 0.863750 0.997500 0.020000 0.022500
6 0.962500 0.722500 0.017500 0.015000
6 0.652500 0.416250 0.032500 0.020000
6 0.966250 0.951250 0.020000 0.017500
6 0.832500 0.980000 0.022500 0.012500
6 0.750000 0.653750 0.012500 0.017500
6 0.788750 0.643750 0.015000 0.015000
