6 0.471250 0.080000 0.020000 0.020000
6 0.638750 0.036250 0.017500 0.017500
6 0.533750 0.000000 0.017500 0.017500
6 0.630000 0.070000 0.015000 0.020000
6 0.416250 0.021250 0.017500 0.017500
6 0.427500 0.043750 0.017500 0.020000
6 0.503750 0.068750 0.015000 0.017500
6 0.493750 0.063750 0.017500 0.015000
6 0.453750 0.172500 0.017500 0.017500
6 0.347500 0.098750 0.017500 0.015000
6 0.295000 0.078750 0.017500 0.020000
6 0.085000 0.020000 0.022500 0.012500
6 0.081250 0.026250 0.022500 0.012500
6 0.111250 0.016250 0.027500 0.015000
6 0.030000 0.067500 0.025000 0.012500
6 0.016250 0.095000 0.025000 0.012500
6 0.005000 0.110000 0.025000 0.015000
6 0.040000 0.131250 0.030000 0.015000
6 0.015000 0.130000 0.020000 0.010000
6 0.020000 0.123750 0.017500 0.007500
6 0.028750 0.145000 0.022500 0.012500
6 0.033750 0.137500 0.020000 0.010000
6 0.013750 0.178750 0.022500 0.012500
6 0.010000 0.190000 0.025000 0.012500
6 0.002500 0.196250 0.022500 0.012500
6 0.043750 0.193750 0.020000 0.017500
6 0.236250 0.312500 0.030000 0.015000
6 0.146250 0.476250 0.025000 0.012500
6 0.183750 0.673750 0.017500 0.020000
6 0.216250 0.153750 0.017500 0.015000
6 0.210000 0.167500 0.017500 0.012500
6 0.226250 0.157500 0.017500 0.012500
6 0.218750 0.170000 0.020000 0.012500
6 0.306250 0.165000 0.017500 0.017500
6 0.405000 0.317500 0.017500 0.015000
6 0.447500 0.373750 0.015000 0.017500
6 0.168750 0.312500 0.017500 0.017500
6 0.161250 0.330000 0.020000 0.017500
6 0.111250 0.353750 0.017500 0.020000
6 0.328750 0.578750 0.017500 0.020000
6 0.053750 0.641250 0.025000 0.015000
6 0.016250 0.680000 0.015000 0.012500
6 0.028750 0.108750 0.027500 0.012500
6 0.385000 0.287500 0.020000 0.020000
6 0.502500 0.152500 0.017500 0.015000
6 0.503750 0.172500 0.017500 0.020000
6 0.495000 0.167500 0.020000 0.017500
6 0.482500 0.163750 0.017500 0.020000
6 0.472500 0.158750 0.017500 0.015000
6 0.362500 0.140000 0.022500 0.020000
6 0.178750 0.487500 0.022500 0.010000
6 0.275000 0.112500 0.015000 0.017500
6 0.012500 0.133750 0.015000 0.007500
6 0.556250 0.066250 0.020000 0.020000
6 0.536250 0.100000 0.020000 0.017500
6 0.377500 0.006250 0.017500 0.017500
6 0.246250 0.062500 0.020000 0.020000
6 0.237500 0.100000 0.015000 0.020000
6 0.397500 0.095000 0.015000 0.015000
6 0.525000 0.158750 0.020000 0.017500
6 0.495000 0.228750 0.017500 0.017500
6 0.443750 0.251250 0.020000 0.020000
6 0.432500 0.268750 0.015000 0.017500
6 0.248750 0.205000 0.017500 0.017500
6 0.143750 0.168750 0.015000 0.020000
6 0.173750 0.140000 0.017500 0.017500
6 0.182500 0.122500 0.020000 0.017500
6 0.112500 0.160000 0.020000 0.020000
6 0.323750 0.286250 0.020000 0.017500
6 0.337500 0.331250 0.022500 0.020000
6 0.431250 0.337500 0.017500 0.020000
6 0.431250 0.401250 0.017500 0.017500
6 0.372500 0.440000 0.017500 0.017500
6 0.400000 0.411250 0.012500 0.012500
6 0.371250 0.420000 0.015000 0.017500
6 0.320000 0.422500 0.017500 0.020000
6 0.255000 0.381250 0.015000 0.015000
6 0.246250 0.398750 0.017500 0.020000
6 0.178750 0.315000 0.015000 0.015000
6 0.098750 0.290000 0.015000 0.015000
6 0.077500 0.286250 0.015000 0.017500
6 0.237500 0.475000 0.017500 0.020000
6 0.312500 0.520000 0.015000 0.015000
6 0.323750 0.522500 0.015000 0.017500
6 0.317500 0.572500 0.012500 0.012500
6 0.286250 0.608750 0.017500 0.017500
6 0.191250 0.576250 0.017500 0.022500
6 0.127500 0.535000 0.015000 0.017500
6 0.037500 0.522500 0.015000 0.017500
6 0.015000 0.557500 0.015000 0.017500
6 0.025000 0.577500 0.017500 0.020000
6 0.036250 0.561250 0.015000 0.017500
6 0.236250 0.627500 0.012500 0.015000
6 0.227500 0.727500 0.012500 0.017500
6 0.200000 0.773750 0.015000 0.017500
6 0.176250 0.748750 0.012500 0.017500
6 0.110000 0.686250 0.015000 0.015000
6 0.097500 0.795000 0.017500 0.017500
6 0.058750 0.017500 0.022500 0.010000
6 0.101250 0.035000 0.015000 0.007500
6 0.032500 0.058750 0.015000 0.007500
6 0.057500 0.108750 0.015000 0.007500
6 0.608750 0.023750 0.020000 0.020000
6 0.641250 0.011250 0.015000 0.015000
6 0.610000 0.083750 0.017500 0.017500
6 0.533750 0.038750 0.015000 0.015000
6 0.478750 0.022500 0.017500 0.020000
6 0.323750 0.032500 0.015000 0.015000
6 0.172500 0.057500 0.017500 0.017500
6 0.213750 0.075000 0.015000 0.020000
6 0.336250 0.073750 0.017500 0.020000
6 0.482500 0.142500 0.015000 0.020000
6 0.523750 0.137500 0.017500 0.017500
6 0.543750 0.145000 0.017500 0.017500
6 0.497500 0.290000 0.015000 0.015000
6 0.403750 0.255000 0.017500 0.022500
6 0.233750 0.183750 0.012500 0.015000
6 0.165000 0.175000 0.015000 0.017500
6 0.142500 0.130000 0.020000 0.020000
6 0.316250 0.323750 0.020000 0.022500
6 0.387500 0.348750 0.017500 0.017500
6 0.370000 0.401250 0.017500 0.020000
6 0.150000 0.347500 0.017500 0.020000
6 0.192500 0.381250 0.020000 0.020000
6 0.035000 0.422500 0.015000 0.020000
6 0.072500 0.400000 0.017500 0.020000
6 0.092500 0.423750 0.017500 0.015000
6 0.270000 0.485000 0.012500 0.017500
6 0.252500 0.538750 0.017500 0.017500
6 0.221250 0.547500 0.015000 0.020000
6 0.105000 0.488750 0.015000 0.017500
6 0.025000 0.620000 0.015000 0.017500
6 0.037500 0.600000 0.017500 0.015000
6 0.140000 0.598750 0.015000 0.017500
6 0.151250 0.621250 0.017500 0.017500
6 0.142500 0.738750 0.017500 0.020000
6 0.131250 0.693750 0.017500 0.020000
6 0.102500 0.725000 0.017500 0.017500
6 0.063750 0.790000 0.015000 0.020000
6 0.057500 0.930000 0.015000 0.015000
6 0.595000 0.002500 0.017500 0.017500
6 0.512500 0.052500 0.020000 0.020000
6 0.428750 0.025000 0.015000 0.015000
6 0.316250 0.086250 0.017500 0.020000
6 0.358750 0.122500 0.020000 0.020000
6 0.400000 0.136250 0.015000 0.020000
6 0.451250 0.133750 0.015000 0.017500
6 0.495000 0.270000 0.017500 0.020000
6 0.236250 0.142500 0.017500 0.020000
6 0.111250 0.082500 0.020000 0.017500
6 0.082500 0.131250 0.020000 0.020000
6 0.187500 0.282500 0.015000 0.020000
6 0.353750 0.320000 0.012500 0.017500
6 0.387500 0.306250 0.017500 0.017500
6 0.457500 0.357500 0.015000 0.017500
6 0.402500 0.450000 0.017500 0.017500
6 0.392500 0.450000 0.017500 0.020000
6 0.307500 0.418750 0.017500 0.020000
6 0.315000 0.365000 0.017500 0.017500
6 0.266250 0.382500 0.017500 0.017500
6 0.253750 0.341250 0.015000 0.017500
6 0.235000 0.396250 0.017500 0.020000
6 0.220000 0.332500 0.015000 0.017500
6 0.120000 0.318750 0.015000 0.015000
6 0.012500 0.417500 0.017500 0.020000
6 0.082500 0.422500 0.015000 0.017500
6 0.203750 0.425000 0.015000 0.017500
6 0.210000 0.483750 0.015000 0.017500
6 0.243750 0.593750 0.015000 0.020000
6 0.211250 0.562500 0.015000 0.015000
6 0.168750 0.530000 0.012500 0.017500
6 0.087500 0.518750 0.015000 0.015000
6 0.047500 0.505000 0.015000 0.015000
6 0.025000 0.460000 0.015000 0.017500
6 0.046250 0.605000 0.015000 0.017500
6 0.247500 0.631250 0.012500 0.015000
6 0.237500 0.688750 0.012500 0.015000
6 0.090000 0.680000 0.012500 0.020000
6 0.080000 0.716250 0.015000 0.017500
6 0.075000 0.876250 0.015000 0.015000
6 0.028750 0.936250 0.015000 0.017500
6 0.051250 0.116250 0.012500 0.012500
6 0.542500 0.003750 0.015000 0.015000
6 0.482500 0.041250 0.017500 0.020000
6 0.407500 0.037500 0.015000 0.017500
6 0.183750 0.082500 0.017500 0.020000
6 0.390000 0.131250 0.015000 0.020000
6 0.475000 0.241250 0.017500 0.017500
6 0.411250 0.201250 0.015000 0.020000
6 0.362500 0.222500 0.015000 0.017500
6 0.278750 0.213750 0.020000 0.020000
6 0.287500 0.157500 0.015000 0.017500
6 0.165000 0.156250 0.015000 0.020000
6 0.157500 0.253750 0.017500 0.017500
6 0.292500 0.295000 0.012500 0.017500
6 0.331250 0.270000 0.017500 0.017500
6 0.345000 0.295000 0.017500 0.022500
6 0.377500 0.346250 0.015000 0.017500
6 0.416250 0.341250 0.017500 0.020000
6 0.447500 0.330000 0.017500 0.020000
6 0.358750 0.417500 0.017500 0.020000
6 0.360000 0.396250 0.017500 0.017500
6 0.346250 0.375000 0.017500 0.017500
6 0.047500 0.311250 0.015000 0.015000
6 0.027500 0.305000 0.017500 0.017500
6 0.042500 0.388750 0.017500 0.020000
6 0.072500 0.416250 0.012500 0.015000
6 0.110000 0.413750 0.017500 0.017500
6 0.121250 0.416250 0.015000 0.015000
6 0.227500 0.471250 0.015000 0.017500
6 0.278750 0.448750 0.017500 0.017500
6 0.281250 0.508750 0.015000 0.017500
6 0.230000 0.531250 0.015000 0.017500
6 0.136250 0.498750 0.012500 0.017500
6 0.036250 0.482500 0.015000 0.017500
6 0.036250 0.622500 0.017500 0.020000
6 0.128750 0.615000 0.015000 0.015000
6 0.223750 0.643750 0.015000 0.017500
6 0.235000 0.648750 0.015000 0.015000
6 0.186250 0.710000 0.017500 0.015000
6 0.112500 0.811250 0.012500 0.020000
6 0.057500 0.906250 0.015000 0.012500
6 0.045000 0.865000 0.017500 0.015000
6 0.022500 0.167500 0.025000 0.015000
6 0.608750 0.106250 0.017500 0.017500
6 0.502500 0.048750 0.017500 0.020000
6 0.430000 0.066250 0.017500 0.017500
6 0.438750 0.050000 0.017500 0.020000
6 0.347500 0.037500 0.015000 0.015000
6 0.323750 0.011250 0.017500 0.017500
6 0.212500 0.053750 0.017500 0.017500
6 0.296250 0.102500 0.017500 0.020000
6 0.420000 0.102500 0.020000 0.022500
6 0.516250 0.196250 0.017500 0.017500
6 0.381250 0.208750 0.017500 0.017500
6 0.267500 0.191250 0.015000 0.017500
6 0.113750 0.221250 0.017500 0.017500
6 0.406250 0.336250 0.015000 0.017500
6 0.256250 0.400000 0.017500 0.020000
6 0.276250 0.388750 0.015000 0.017500
6 0.181250 0.340000 0.017500 0.017500
6 0.123750 0.455000 0.015000 0.015000
6 0.236250 0.456250 0.012500 0.017500
6 0.230000 0.490000 0.015000 0.017500
6 0.281250 0.487500 0.017500 0.017500
6 0.307500 0.613750 0.015000 0.017500
6 0.073750 0.477500 0.012500 0.015000
6 0.005000 0.475000 0.015000 0.017500
6 0.011250 0.457500 0.015000 0.017500
6 0.161250 0.625000 0.015000 0.017500
6 0.101250 0.683750 0.020000 0.017500
6 0.001250 0.678750 0.015000 0.012500
6 0.032500 0.778750 0.015000 0.020000
6 0.042500 0.785000 0.015000 0.017500
6 0.063750 0.830000 0.012500 0.017500
6 0.168750 0.848750 0.015000 0.020000
6 0.072500 0.992500 0.020000 0.020000
6 0.630000 0.030000 0.015000 0.017500
6 0.618750 0.067500 0.017500 0.020000
6 0.286250 0.077500 0.017500 0.020000
6 0.298750 0.121250 0.017500 0.017500
6 0.378750 0.088750 0.017500 0.017500
6 0.512500 0.158750 0.017500 0.020000
6 0.535000 0.141250 0.020000 0.022500
6 0.462500 0.218750 0.020000 0.020000
6 0.371250 0.183750 0.017500 0.020000
6 0.297500 0.158750 0.017500 0.017500
6 0.250000 0.282500 0.015000 0.017500
6 0.273750 0.310000 0.017500 0.020000
6 0.321250 0.268750 0.015000 0.020000
6 0.398750 0.392500 0.017500 0.015000
6 0.330000 0.426250 0.015000 0.017500
6 0.103750 0.347500 0.017500 0.017500
6 0.036250 0.310000 0.015000 0.017500
6 0.022500 0.401250 0.017500 0.017500
6 0.071250 0.380000 0.015000 0.017500
6 0.063750 0.435000 0.020000 0.022500
6 0.102500 0.448750 0.017500 0.017500
6 0.173750 0.412500 0.015000 0.017500
6 0.206250 0.465000 0.012500 0.015000
6 0.310000 0.460000 0.015000 0.017500
6 0.322500 0.463750 0.015000 0.017500
6 0.385000 0.482500 0.015000 0.015000
6 0.317500 0.596250 0.012500 0.012500
6 0.305000 0.596250 0.010000 0.015000
6 0.292500 0.552500 0.015000 0.020000
6 0.131250 0.552500 0.017500 0.020000
6 0.047500 0.467500 0.015000 0.017500
6 0.056250 0.608750 0.017500 0.020000
6 0.112500 0.706250 0.012500 0.015000
6 0.121250 0.691250 0.017500 0.017500
6 0.026250 0.700000 0.017500 0.020000
6 0.047500 0.666250 0.012500 0.015000
6 0.026250 0.658750 0.015000 0.017500
6 0.038750 0.762500 0.015000 0.015000
6 0.063750 0.811250 0.012500 0.017500
6 0.120000 0.930000 0.012500 0.015000
6 0.096250 0.903750 0.017500 0.020000
6 0.016250 0.892500 0.012500 0.015000
6 0.048750 0.987500 0.020000 0.020000
6 0.000000 0.166250 0.025000 0.010000
6 0.050000 0.076250 0.022500 0.010000
6 0.005000 0.146250 0.017500 0.010000
6 0.037500 0.095000 0.017500 0.007500
6 0.080000 0.068750 0.022500 0.010000
6 0.597500 0.021250 0.017500 0.017500
6 0.660000 0.022500 0.020000 0.017500
6 0.482500 0.061250 0.020000 0.020000
6 0.337500 0.095000 0.020000 0.017500
6 0.430000 0.148750 0.017500 0.020000
6 0.277500 0.173750 0.017500 0.020000
6 0.095000 0.253750 0.015000 0.017500
6 0.415000 0.302500 0.017500 0.017500
6 0.437500 0.305000 0.015000 0.017500
6 0.470000 0.336250 0.017500 0.017500
6 0.071250 0.340000 0.020000 0.017500
6 0.015000 0.247500 0.017500 0.017500
6 0.123750 0.433750 0.015000 0.015000
6 0.172500 0.436250 0.012500 0.015000
6 0.153750 0.443750 0.017500 0.017500
6 0.226250 0.428750 0.012500 0.015000
6 0.226250 0.452500 0.012500 0.017500
6 0.218750 0.486250 0.017500 0.017500
6 0.311250 0.445000 0.025000 0.010000
6 0.233750 0.587500 0.017500 0.017500
6 0.153750 0.557500 0.017500 0.020000
6 0.157500 0.526250 0.017500 0.017500
6 0.125000 0.495000 0.015000 0.017500
6 0.096250 0.522500 0.015000 0.017500
6 0.008750 0.512500 0.020000 0.020000
6 0.015000 0.575000 0.015000 0.020000
6 0.248750 0.691250 0.015000 0.015000
6 0.056250 0.690000 0.017500 0.015000
6 0.015000 0.656250 0.015000 0.020000
6 0.138750 0.833750 0.012500 0.015000
6 0.080000 0.935000 0.017500 0.017500
6 0.017500 0.912500 0.015000 0.017500
6 0.082500 0.992500 0.015000 0.017500
6 0.628750 0.010000 0.015000 0.017500
6 0.535000 0.081250 0.017500 0.017500
6 0.440000 0.068750 0.017500 0.017500
6 0.377500 0.048750 0.017500 0.015000
6 0.406250 0.016250 0.017500 0.015000
6 0.397500 0.015000 0.017500 0.015000
6 0.232500 0.040000 0.015000 0.020000
6 0.473750 0.181250 0.020000 0.022500
6 0.515000 0.176250 0.012500 0.020000
6 0.498750 0.247500 0.020000 0.020000
6 0.413750 0.238750 0.015000 0.015000
6 0.341250 0.236250 0.017500 0.017500
6 0.258750 0.210000 0.017500 0.017500
6 0.448750 0.352500 0.015000 0.017500
6 0.390000 0.386250 0.017500 0.017500
6 0.336250 0.370000 0.020000 0.017500
6 0.266250 0.403750 0.015000 0.017500
6 0.273750 0.351250 0.017500 0.020000
6 0.150000 0.305000 0.015000 0.015000
6 0.055000 0.276250 0.012500 0.015000
6 0.285000 0.587500 0.015000 0.017500
6 0.025000 0.480000 0.015000 0.017500
6 0.046250 0.625000 0.015000 0.017500
6 0.182500 0.608750 0.012500 0.015000
6 0.267500 0.658750 0.015000 0.017500
6 0.012500 0.813750 0.015000 0.017500
6 0.156250 0.866250 0.015000 0.017500
6 0.077500 0.896250 0.015000 0.017500
6 0.026250 0.227500 0.017500 0.020000
6 0.073750 0.036250 0.020000 0.007500
6 0.003750 0.067500 0.022500 0.012500
6 0.621250 0.087500 0.017500 0.015000
6 0.598750 0.121250 0.022500 0.017500
6 0.223750 0.058750 0.017500 0.020000
6 0.235000 0.080000 0.015000 0.017500
6 0.257500 0.066250 0.017500 0.022500
6 0.357500 0.080000 0.015000 0.017500
6 0.533750 0.162500 0.017500 0.015000
6 0.556250 0.148750 0.017500 0.017500
6 0.391250 0.212500 0.017500 0.017500
6 0.320000 0.186250 0.017500 0.017500
6 0.256250 0.170000 0.017500 0.020000
6 0.102500 0.196250 0.020000 0.022500
6 0.188750 0.245000 0.015000 0.017500
6 0.206250 0.250000 0.015000 0.017500
6 0.240000 0.258750 0.017500 0.017500
6 0.427500 0.302500 0.015000 0.017500
6 0.456250 0.313750 0.017500 0.017500
6 0.392500 0.427500 0.015000 0.017500
6 0.140000 0.305000 0.017500 0.015000
6 0.011250 0.396250 0.017500 0.017500
6 0.031250 0.402500 0.015000 0.017500
6 0.111250 0.432500 0.017500 0.020000
6 0.141250 0.402500 0.015000 0.020000
6 0.185000 0.458750 0.015000 0.017500
6 0.241250 0.493750 0.017500 0.020000
6 0.351250 0.473750 0.017500 0.015000
6 0.375000 0.481250 0.012500 0.015000
6 0.308750 0.571250 0.010000 0.010000
6 0.213750 0.582500 0.015000 0.020000
6 0.180000 0.532500 0.015000 0.015000
6 0.107500 0.527500 0.015000 0.017500
6 0.065000 0.511250 0.010000 0.012500
6 0.036250 0.463750 0.015000 0.017500
6 0.197500 0.622500 0.015000 0.015000
6 0.121250 0.712500 0.020000 0.017500
6 0.057500 0.710000 0.015000 0.017500
6 0.073750 0.835000 0.017500 0.015000
6 0.055000 0.870000 0.015000 0.015000
6 0.021250 0.931250 0.015000 0.017500
6 0.023750 0.856250 0.012500 0.015000
6 0.018750 0.043750 0.020000 0.012500
6 0.035000 0.102500 0.020000 0.007500
6 0.647500 0.018750 0.017500 0.020000
6 0.286250 0.018750 0.022500 0.020000
6 0.388750 0.092500 0.015000 0.017500
6 0.410000 0.138750 0.017500 0.020000
6 0.506250 0.230000 0.020000 0.017500
6 0.340000 0.175000 0.020000 0.020000
6 0.266250 0.170000 0.017500 0.020000
6 0.197500 0.166250 0.017500 0.017500
6 0.183750 0.146250 0.017500 0.020000
6 0.122500 0.162500 0.015000 0.017500
6 0.290000 0.257500 0.017500 0.020000
6 0.262500 0.303750 0.020000 0.020000
6 0.301250 0.280000 0.015000 0.017500
6 0.342500 0.312500 0.017500 0.017500
6 0.467500 0.316250 0.017500 0.017500
6 0.348750 0.395000 0.015000 0.017500
6 0.285000 0.352500 0.015000 0.017500
6 0.201250 0.366250 0.017500 0.020000
6 0.200000 0.325000 0.015000 0.017500
6 0.111250 0.313750 0.017500 0.017500
6 0.143750 0.422500 0.017500 0.017500
6 0.175000 0.455000 0.017500 0.017500
6 0.261250 0.502500 0.017500 0.017500
6 0.290000 0.452500 0.015000 0.020000
6 0.321250 0.485000 0.015000 0.015000
6 0.376250 0.500000 0.015000 0.017500
6 0.263750 0.580000 0.015000 0.017500
6 0.252500 0.558750 0.012500 0.012500
6 0.242500 0.555000 0.015000 0.015000
6 0.222500 0.566250 0.015000 0.015000
6 0.147500 0.501250 0.015000 0.015000
6 0.007500 0.492500 0.015000 0.015000
6 0.076250 0.575000 0.020000 0.020000
6 0.087500 0.578750 0.015000 0.020000
6 0.098750 0.578750 0.015000 0.015000
6 0.088750 0.617500 0.017500 0.017500
6 0.141250 0.617500 0.015000 0.017500
6 0.268750 0.636250 0.012500 0.015000
6 0.258750 0.673750 0.015000 0.015000
6 0.185000 0.732500 0.015000 0.017500
6 0.031250 0.758750 0.012500 0.017500
6 0.035000 0.815000 0.017500 0.022500
6 0.087500 0.900000 0.015000 0.017500
6 0.035000 0.882500 0.017500 0.017500
6 0.017500 0.972500 0.015000 0.020000
6 0.008750 0.057500 0.020000 0.007500
6 0.512500 0.073750 0.017500 0.020000
6 0.493750 0.045000 0.017500 0.017500
6 0.502500 0.026250 0.017500 0.017500
6 0.397500 0.033750 0.012500 0.017500
6 0.367500 0.043750 0.015000 0.017500
6 0.316250 0.007500 0.017500 0.017500
6 0.306250 0.102500 0.015000 0.017500
6 0.371250 0.105000 0.020000 0.020000
6 0.422500 0.202500 0.017500 0.017500
6 0.395000 0.255000 0.017500 0.017500
6 0.193750 0.151250 0.017500 0.022500
6 0.177500 0.178750 0.020000 0.020000
6 0.126250 0.222500 0.015000 0.020000
6 0.156250 0.212500 0.017500 0.015000
6 0.166250 0.217500 0.017500 0.017500
6 0.180000 0.240000 0.017500 0.020000
6 0.261250 0.266250 0.017500 0.020000
6 0.313750 0.301250 0.015000 0.017500
6 0.410000 0.436250 0.012500 0.017500
6 0.190000 0.321250 0.022500 0.020000
6 0.067500 0.320000 0.020000 0.017500
6 0.030000 0.386250 0.015000 0.017500
6 0.113750 0.452500 0.017500 0.017500
6 0.143750 0.441250 0.015000 0.015000
6 0.217500 0.466250 0.015000 0.015000
6 0.362500 0.476250 0.015000 0.015000
6 0.045000 0.585000 0.015000 0.017500
6 0.110000 0.582500 0.012500 0.017500
6 0.227500 0.748750 0.020000 0.017500
6 0.151250 0.723750 0.017500 0.020000
6 0.133750 0.715000 0.017500 0.020000
6 0.100000 0.702500 0.017500 0.020000
6 0.080000 0.698750 0.015000 0.015000
6 0.037500 0.722500 0.015000 0.020000
6 0.047500 0.687500 0.017500 0.020000
6 0.032500 0.800000 0.017500 0.017500
6 0.103750 0.806250 0.015000 0.015000
6 0.117500 0.827500 0.015000 0.017500
6 0.028750 0.915000 0.015000 0.020000
6 0.043750 0.040000 0.017500 0.010000
6 0.008750 0.140000 0.022500 0.007500
6 0.597500 0.082500 0.017500 0.015000
6 0.577500 0.052500 0.020000 0.017500
6 0.491250 0.086250 0.020000 0.017500
6 0.356250 0.040000 0.015000 0.017500
6 0.255000 0.006250 0.017500 0.020000
6 0.246250 0.105000 0.015000 0.020000
6 0.295000 0.060000 0.015000 0.020000
6 0.326250 0.091250 0.017500 0.020000
6 0.418750 0.165000 0.015000 0.017500
6 0.567500 0.152500 0.020000 0.020000
6 0.555000 0.191250 0.015000 0.020000
6 0.308750 0.183750 0.020000 0.017500
6 0.153750 0.153750 0.017500 0.020000
6 0.131250 0.146250 0.017500 0.017500
6 0.145000 0.211250 0.017500 0.022500
6 0.083750 0.227500 0.015000 0.017500
6 0.216250 0.232500 0.017500 0.020000
6 0.228750 0.255000 0.017500 0.020000
6 0.376250 0.303750 0.017500 0.017500
6 0.427500 0.365000 0.015000 0.015000
6 0.286250 0.393750 0.015000 0.017500
6 0.150000 0.367500 0.017500 0.020000
6 0.108750 0.295000 0.017500 0.017500
6 0.091250 0.328750 0.017500 0.017500
6 0.033750 0.290000 0.015000 0.012500
6 0.030000 0.363750 0.015000 0.020000
6 0.216250 0.448750 0.017500 0.015000
6 0.251250 0.496250 0.017500 0.017500
6 0.333750 0.506250 0.017500 0.020000
6 0.293750 0.571250 0.015000 0.017500
6 0.242500 0.532500 0.015000 0.015000
6 0.116250 0.513750 0.012500 0.015000
6 0.036250 0.501250 0.015000 0.015000
6 0.171250 0.607500 0.012500 0.015000
6 0.203750 0.661250 0.015000 0.020000
6 0.037500 0.703750 0.012500 0.020000
6 0.148750 0.838750 0.015000 0.020000
6 0.091250 0.956250 0.015000 0.015000
6 0.026250 0.117500 0.025000 0.012500
6 0.576250 0.095000 0.017500 0.017500
6 0.522500 0.035000 0.015000 0.017500
6 0.440000 0.027500 0.020000 0.020000
6 0.400000 0.053750 0.017500 0.020000
6 0.353750 0.002500 0.015000 0.015000
6 0.316250 0.027500 0.020000 0.017500
6 0.173750 0.078750 0.017500 0.020000
6 0.482500 0.186250 0.017500 0.017500
6 0.351250 0.200000 0.017500 0.022500
6 0.322500 0.228750 0.020000 0.022500
6 0.193750 0.127500 0.017500 0.017500
6 0.121250 0.066250 0.017500 0.022500
6 0.226250 0.235000 0.017500 0.017500
6 0.218750 0.271250 0.017500 0.015000
6 0.325000 0.306250 0.017500 0.015000
6 0.400000 0.431250 0.012500 0.015000
6 0.337500 0.408750 0.017500 0.015000
6 0.225000 0.390000 0.017500 0.022500
6 0.171250 0.376250 0.020000 0.020000
6 0.088750 0.287500 0.017500 0.020000
6 0.017500 0.322500 0.020000 0.020000
6 0.061250 0.376250 0.017500 0.015000
6 0.081250 0.383750 0.017500 0.020000
6 0.250000 0.478750 0.015000 0.017500
6 0.257500 0.441250 0.017500 0.017500
6 0.268750 0.466250 0.015000 0.015000
6 0.341250 0.472500 0.015000 0.017500
6 0.171250 0.568750 0.015000 0.017500
6 0.073750 0.517500 0.017500 0.017500
6 0.076250 0.536250 0.015000 0.015000
6 0.046250 0.488750 0.012500 0.015000
6 0.195000 0.656250 0.012500 0.015000
6 0.216250 0.723750 0.017500 0.015000
6 0.168750 0.766250 0.017500 0.020000
6 0.092500 0.741250 0.017500 0.015000
6 0.046250 0.706250 0.017500 0.022500
6 0.018750 0.717500 0.015000 0.017500
6 0.022500 0.773750 0.012500 0.012500
6 0.087500 0.837500 0.017500 0.020000
6 0.146250 0.800000 0.012500 0.017500
6 0.070000 0.951250 0.017500 0.017500
6 0.058750 0.890000 0.015000 0.015000
6 0.038750 0.918750 0.015000 0.017500
6 0.061250 0.165000 0.015000 0.015000
6 0.525000 0.077500 0.017500 0.015000
6 0.267500 0.071250 0.015000 0.017500
6 0.277500 0.072500 0.015000 0.017500
6 0.316250 0.127500 0.015000 0.017500
6 0.327500 0.111250 0.015000 0.017500
6 0.401250 0.155000 0.017500 0.020000
6 0.455000 0.255000 0.020000 0.020000
6 0.487500 0.286250 0.015000 0.017500
6 0.467500 0.277500 0.017500 0.017500
6 0.443750 0.272500 0.020000 0.020000
6 0.422500 0.225000 0.015000 0.015000
6 0.373750 0.203750 0.020000 0.022500
6 0.257500 0.186250 0.017500 0.017500
6 0.197500 0.185000 0.017500 0.017500
6 0.208750 0.187500 0.017500 0.020000
6 0.187500 0.183750 0.020000 0.017500
6 0.168750 0.237500 0.017500 0.017500
6 0.188750 0.261250 0.012500 0.017500
6 0.437500 0.350000 0.017500 0.017500
6 0.286250 0.373750 0.015000 0.017500
6 0.027500 0.326250 0.017500 0.020000
6 0.196250 0.461250 0.012500 0.017500
6 0.311250 0.586250 0.012500 0.015000
6 0.162500 0.563750 0.015000 0.017500
6 0.203750 0.578750 0.017500 0.022500
6 0.057500 0.471250 0.012500 0.017500
6 0.090000 0.640000 0.015000 0.017500
6 0.198750 0.756250 0.012500 0.017500
6 0.112500 0.748750 0.015000 0.017500
6 0.091250 0.721250 0.015000 0.017500
6 0.083750 0.798750 0.015000 0.015000
6 0.086250 0.817500 0.012500 0.017500
6 0.077500 0.916250 0.015000 0.020000
6 0.005000 0.870000 0.015000 0.015000
6 0.061250 0.055000 0.017500 0.010000
6 0.061250 0.098750 0.017500 0.010000
6 0.067500 0.092500 0.025000 0.010000
6 0.430000 0.106250 0.015000 0.020000
6 0.451250 0.112500 0.017500 0.015000
6 0.577500 0.155000 0.015000 0.017500
6 0.465000 0.238750 0.020000 0.020000
6 0.517500 0.255000 0.017500 0.017500
6 0.206250 0.150000 0.020000 0.020000
6 0.091250 0.117500 0.017500 0.017500
6 0.073750 0.147500 0.022500 0.022500
6 0.295000 0.313750 0.020000 0.017500
6 0.343750 0.272500 0.020000 0.020000
6 0.365000 0.302500 0.015000 0.020000
6 0.191250 0.360000 0.020000 0.020000
6 0.098750 0.312500 0.017500 0.015000
6 0.118750 0.397500 0.017500 0.017500
6 0.183750 0.417500 0.020000 0.020000
6 0.257500 0.462500 0.012500 0.015000
6 0.267500 0.443750 0.017500 0.017500
6 0.270000 0.503750 0.017500 0.017500
6 0.301250 0.581250 0.012500 0.012500
6 0.276250 0.605000 0.015000 0.017500
6 0.233750 0.567500 0.015000 0.015000
6 0.136250 0.521250 0.015000 0.020000
6 0.126250 0.517500 0.017500 0.017500
6 0.083750 0.481250 0.015000 0.020000
6 0.108750 0.606250 0.012500 0.017500
6 0.268750 0.682500 0.015000 0.017500
6 0.173750 0.708750 0.015000 0.017500
6 0.067500 0.671250 0.017500 0.017500
6 0.037500 0.662500 0.017500 0.017500
6 0.106250 0.823750 0.015000 0.015000
6 0.128750 0.893750 0.015000 0.020000
6 0.590000 0.117500 0.020000 0.017500
6 0.457500 0.017500 0.017500 0.017500
6 0.437500 0.008750 0.017500 0.017500
6 0.386250 0.031250 0.017500 0.017500
6 0.366250 0.005000 0.015000 0.017500
6 0.203750 0.048750 0.017500 0.020000
6 0.206250 0.090000 0.015000 0.020000
6 0.215000 0.095000 0.012500 0.017500
6 0.346250 0.080000 0.015000 0.017500
6 0.535000 0.202500 0.017500 0.020000
6 0.506250 0.275000 0.017500 0.020000
6 0.103750 0.213750 0.017500 0.017500
6 0.116250 0.237500 0.015000 0.015000
6 0.211250 0.286250 0.020000 0.020000
6 0.417500 0.400000 0.015000 0.020000
6 0.360000 0.377500 0.015000 0.017500
6 0.368750 0.380000 0.015000 0.017500
6 0.305000 0.360000 0.017500 0.017500
6 0.067500 0.278750 0.017500 0.017500
6 0.247500 0.437500 0.017500 0.017500
6 0.296250 0.592500 0.012500 0.015000
6 0.275000 0.583750 0.015000 0.017500
6 0.168750 0.510000 0.015000 0.017500
6 0.085000 0.540000 0.015000 0.017500
6 0.006250 0.553750 0.015000 0.017500
6 0.043750 0.565000 0.015000 0.017500
6 0.078750 0.636250 0.017500 0.017500
6 0.110000 0.647500 0.015000 0.015000
6 0.120000 0.630000 0.012500 0.012500
6 0.212500 0.622500 0.015000 0.017500
6 0.153750 0.743750 0.017500 0.017500
6 0.142500 0.721250 0.015000 0.017500
6 0.050000 0.726250 0.015000 0.015000
6 0.008750 0.753750 0.015000 0.017500
6 0.073750 0.795000 0.017500 0.017500
6 0.135000 0.797500 0.012500 0.017500
6 0.137500 0.896250 0.015000 0.017500
6 0.111250 0.946250 0.017500 0.017500
6 0.047500 0.926250 0.015000 0.017500
6 0.006250 0.930000 0.017500 0.017500
6 0.092500 0.047500 0.027500 0.012500
6 0.028750 0.153750 0.020000 0.012500
6 0.285000 0.055000 0.017500 0.020000
6 0.513750 0.135000 0.017500 0.020000
6 0.546250 0.166250 0.017500 0.020000
6 0.566250 0.173750 0.017500 0.017500
6 0.457500 0.272500 0.015000 0.017500
6 0.433750 0.226250 0.017500 0.020000
6 0.278750 0.193750 0.022500 0.020000
6 0.095000 0.212500 0.017500 0.020000
6 0.301250 0.260000 0.017500 0.020000
6 0.355000 0.297500 0.012500 0.017500
6 0.395000 0.311250 0.015000 0.017500
6 0.427500 0.323750 0.015000 0.017500
6 0.128750 0.301250 0.015000 0.015000
6 0.078750 0.305000 0.017500 0.017500
6 0.078750 0.323750 0.020000 0.020000
6 0.008750 0.357500 0.017500 0.020000
6 0.043750 0.406250 0.017500 0.015000
6 0.101250 0.390000 0.015000 0.017500
6 0.285000 0.567500 0.012500 0.015000
6 0.066250 0.533750 0.017500 0.017500
6 0.025000 0.558750 0.012500 0.017500
6 0.193750 0.716250 0.012500 0.020000
6 0.163750 0.728750 0.015000 0.017500
6 0.103750 0.745000 0.015000 0.015000
6 0.081250 0.737500 0.012500 0.015000
6 0.093750 0.845000 0.015000 0.017500
6 0.147500 0.820000 0.015000 0.017500
6 0.157500 0.846250 0.017500 0.022500
6 0.098750 0.922500 0.015000 0.017500
6 0.085000 0.881250 0.017500 0.015000
6 0.061250 0.986250 0.015000 0.020000
6 0.100000 0.042500 0.020000 0.007500
6 0.045000 0.081250 0.020000 0.007500
6 0.617500 0.005000 0.017500 0.015000
6 0.608750 0.062500 0.017500 0.020000
6 0.598750 0.058750 0.020000 0.017500
6 0.461250 0.076250 0.017500 0.015000
6 0.472500 0.038750 0.017500 0.017500
6 0.317500 0.106250 0.017500 0.015000
6 0.367500 0.086250 0.015000 0.020000
6 0.440000 0.108750 0.017500 0.020000
6 0.431250 0.126250 0.017500 0.022500
6 0.402500 0.217500 0.015000 0.017500
6 0.287500 0.175000 0.020000 0.017500
6 0.221250 0.186250 0.017500 0.017500
6 0.146250 0.228750 0.017500 0.020000
6 0.156250 0.235000 0.015000 0.017500
6 0.177500 0.220000 0.017500 0.017500
6 0.095000 0.231250 0.017500 0.017500
6 0.258750 0.246250 0.015000 0.017500
6 0.458750 0.333750 0.017500 0.015000
6 0.338750 0.388750 0.017500 0.020000
6 0.327500 0.405000 0.017500 0.017500
6 0.140000 0.365000 0.020000 0.017500
6 0.131250 0.321250 0.015000 0.015000
6 0.041250 0.367500 0.015000 0.017500
6 0.052500 0.392500 0.015000 0.017500
6 0.101250 0.408750 0.015000 0.015000
6 0.091250 0.447500 0.017500 0.022500
6 0.152500 0.405000 0.017500 0.017500
6 0.302500 0.517500 0.015000 0.017500
6 0.322500 0.503750 0.015000 0.015000
6 0.272500 0.543750 0.015000 0.015000
6 0.181250 0.552500 0.015000 0.017500
6 0.177500 0.515000 0.015000 0.017500
6 0.056250 0.570000 0.015000 0.017500
6 0.066250 0.592500 0.015000 0.020000
6 0.078750 0.596250 0.017500 0.022500
6 0.110000 0.627500 0.017500 0.017500
6 0.121250 0.648750 0.015000 0.017500
6 0.162500 0.645000 0.012500 0.012500
6 0.237500 0.668750 0.015000 0.015000
6 0.257500 0.653750 0.017500 0.020000
6 0.175000 0.728750 0.017500 0.017500
6 0.008750 0.668750 0.010000 0.012500
6 0.178750 0.808750 0.012500 0.012500
6 0.046250 0.946250 0.015000 0.015000
6 0.038750 0.943750 0.015000 0.017500
6 0.546250 0.103750 0.017500 0.017500
6 0.566250 0.050000 0.017500 0.017500
6 0.523750 0.055000 0.017500 0.017500
6 0.367500 0.022500 0.015000 0.017500
6 0.305000 0.025000 0.017500 0.015000
6 0.183750 0.040000 0.017500 0.022500
6 0.255000 0.045000 0.017500 0.017500
6 0.192500 0.066250 0.015000 0.017500
6 0.328750 0.131250 0.015000 0.020000
6 0.380000 0.108750 0.020000 0.020000
6 0.411250 0.158750 0.015000 0.017500
6 0.507500 0.250000 0.017500 0.017500
6 0.393750 0.232500 0.017500 0.017500
6 0.215000 0.133750 0.015000 0.012500
6 0.206250 0.128750 0.020000 0.022500
6 0.218750 0.252500 0.017500 0.020000
6 0.280000 0.273750 0.015000 0.015000
6 0.370000 0.341250 0.017500 0.017500
6 0.397500 0.353750 0.015000 0.017500
6 0.388750 0.408750 0.015000 0.015000
6 0.231250 0.337500 0.017500 0.017500
6 0.191250 0.343750 0.017500 0.017500
6 0.181250 0.377500 0.017500 0.020000
6 0.057500 0.313750 0.015000 0.017500
6 0.083750 0.403750 0.015000 0.020000
6 0.165000 0.472500 0.017500 0.017500
6 0.201250 0.558750 0.012500 0.015000
6 0.201250 0.518750 0.017500 0.020000
6 0.147500 0.521250 0.017500 0.022500
6 0.117500 0.531250 0.017500 0.017500
6 0.025000 0.598750 0.015000 0.017500
6 0.275000 0.645000 0.010000 0.012500
6 0.211250 0.777500 0.012500 0.017500
6 0.186250 0.753750 0.012500 0.017500
6 0.135000 0.755000 0.017500 0.022500
6 0.083750 0.778750 0.015000 0.017500
6 0.013750 0.855000 0.015000 0.017500
6 0.070000 0.043750 0.022500 0.010000
6 0.555000 0.005000 0.015000 0.015000
6 0.306250 0.005000 0.015000 0.017500
6 0.275000 0.015000 0.017500 0.017500
6 0.283750 0.000000 0.017500 0.017500
6 0.183750 0.060000 0.017500 0.017500
6 0.245000 0.042500 0.015000 0.017500
6 0.258750 0.086250 0.015000 0.015000
6 0.338750 0.135000 0.017500 0.022500
6 0.408750 0.098750 0.015000 0.020000
6 0.523750 0.180000 0.017500 0.020000
6 0.476250 0.280000 0.017500 0.020000
6 0.312500 0.223750 0.022500 0.022500
6 0.163750 0.136250 0.020000 0.017500
6 0.075000 0.243750 0.015000 0.017500
6 0.161250 0.271250 0.017500 0.017500
6 0.178750 0.277500 0.015000 0.020000
6 0.246250 0.241250 0.015000 0.015000
6 0.291250 0.276250 0.017500 0.020000
6 0.407500 0.397500 0.012500 0.017500
6 0.381250 0.403750 0.015000 0.017500
6 0.316250 0.382500 0.017500 0.017500
6 0.276250 0.368750 0.017500 0.017500
6 0.243750 0.380000 0.015000 0.017500
6 0.210000 0.328750 0.017500 0.022500
6 0.146250 0.313750 0.012500 0.010000
6 0.262500 0.542500 0.017500 0.017500
6 0.191250 0.555000 0.012500 0.015000
6 0.211250 0.522500 0.015000 0.017500
6 0.107500 0.506250 0.015000 0.015000
6 0.003750 0.452500 0.015000 0.017500
6 0.078750 0.617500 0.017500 0.020000
6 0.172500 0.648750 0.012500 0.012500
6 0.225000 0.665000 0.017500 0.017500
6 0.247500 0.672500 0.012500 0.015000
6 0.157500 0.762500 0.017500 0.020000
6 0.165000 0.745000 0.012500 0.015000
6 0.070000 0.713750 0.015000 0.017500
6 0.053750 0.806250 0.012500 0.017500
6 0.106250 0.846250 0.012500 0.017500
6 0.158750 0.820000 0.015000 0.017500
6 0.117500 0.911250 0.017500 0.020000
6 0.095000 0.885000 0.017500 0.017500
6 0.067500 0.912500 0.015000 0.017500
6 0.007500 0.910000 0.017500 0.022500
6 0.008750 0.991250 0.017500 0.015000
6 0.578750 0.115000 0.017500 0.017500
6 0.546250 0.083750 0.017500 0.015000
6 0.545000 0.063750 0.020000 0.020000
6 0.491250 0.022500 0.015000 0.015000
6 0.460000 0.056250 0.015000 0.017500
6 0.410000 0.055000 0.015000 0.017500
6 0.388750 0.112500 0.017500 0.017500
6 0.452500 0.153750 0.015000 0.017500
6 0.545000 0.187500 0.017500 0.017500
6 0.435000 0.248750 0.020000 0.020000
6 0.267500 0.212500 0.017500 0.017500
6 0.266250 0.153750 0.017500 0.020000
6 0.176250 0.160000 0.017500 0.017500
6 0.153750 0.133750 0.017500 0.015000
6 0.151250 0.113750 0.020000 0.020000
6 0.227500 0.136250 0.017500 0.020000
6 0.086250 0.247500 0.017500 0.017500
6 0.177500 0.257500 0.020000 0.022500
6 0.312500 0.265000 0.015000 0.020000
6 0.265000 0.346250 0.015000 0.017500
6 0.211250 0.350000 0.017500 0.017500
6 0.118750 0.298750 0.015000 0.017500
6 0.038750 0.328750 0.020000 0.017500
6 0.052500 0.411250 0.017500 0.017500
6 0.110000 0.392500 0.015000 0.015000
6 0.145000 0.463750 0.020000 0.017500
6 0.301250 0.497500 0.012500 0.015000
6 0.243750 0.572500 0.015000 0.015000
6 0.232500 0.550000 0.017500 0.017500
6 0.066250 0.493750 0.015000 0.017500
6 0.005000 0.591250 0.012500 0.017500
6 0.101250 0.643750 0.015000 0.017500
6 0.142500 0.657500 0.017500 0.020000
6 0.168750 0.633750 0.012500 0.015000
6 0.207500 0.760000 0.015000 0.017500
6 0.177500 0.768750 0.015000 0.020000
6 0.161250 0.706250 0.017500 0.020000
6 0.002500 0.696250 0.015000 0.015000
6 0.010000 0.683750 0.010000 0.015000
6 0.053750 0.827500 0.015000 0.020000
6 0.125000 0.792500 0.012500 0.015000
6 0.007500 0.971250 0.020000 0.020000
6 0.617500 0.027500 0.015000 0.020000
6 0.567500 0.090000 0.012500 0.017500
6 0.510000 0.032500 0.020000 0.020000
6 0.467500 0.022500 0.015000 0.020000
6 0.416250 0.001250 0.017500 0.017500
6 0.212500 0.032500 0.012500 0.017500
6 0.277500 0.095000 0.017500 0.020000
6 0.288750 0.098750 0.017500 0.017500
6 0.315000 0.067500 0.020000 0.020000
6 0.472500 0.141250 0.015000 0.020000
6 0.526250 0.200000 0.017500 0.017500
6 0.362500 0.241250 0.020000 0.020000
6 0.353750 0.237500 0.020000 0.020000
6 0.246250 0.185000 0.017500 0.020000
6 0.091250 0.190000 0.017500 0.017500
6 0.135000 0.206250 0.020000 0.022500
6 0.136250 0.245000 0.017500 0.017500
6 0.326250 0.325000 0.017500 0.020000
6 0.357500 0.337500 0.020000 0.020000
6 0.383750 0.445000 0.017500 0.017500
6 0.212500 0.366250 0.017500 0.017500
6 0.181250 0.358750 0.020000 0.017500
6 0.121250 0.337500 0.017500 0.017500
6 0.092500 0.345000 0.015000 0.017500
6 0.046250 0.293750 0.020000 0.017500
6 0.133750 0.418750 0.015000 0.017500
6 0.292500 0.467500 0.012500 0.012500
6 0.301250 0.475000 0.017500 0.017500
6 0.292500 0.512500 0.012500 0.012500
6 0.343750 0.510000 0.012500 0.020000
6 0.353750 0.515000 0.017500 0.020000
6 0.345000 0.531250 0.015000 0.017500
6 0.223750 0.585000 0.017500 0.020000
6 0.181250 0.571250 0.015000 0.017500
6 0.221250 0.527500 0.015000 0.017500
6 0.158750 0.503750 0.015000 0.015000
6 0.073750 0.497500 0.015000 0.015000
6 0.016250 0.475000 0.015000 0.015000
6 0.178750 0.637500 0.012500 0.015000
6 0.193750 0.632500 0.012500 0.010000
6 0.212500 0.641250 0.015000 0.015000
6 0.216250 0.660000 0.015000 0.015000
6 0.206250 0.740000 0.012500 0.017500
6 0.070000 0.691250 0.020000 0.022500
6 0.022500 0.815000 0.017500 0.017500
6 0.008750 0.100000 0.015000 0.007500
6 0.471250 0.057500 0.017500 0.017500
6 0.450000 0.052500 0.017500 0.017500
6 0.296250 0.001250 0.015000 0.017500
6 0.245000 0.002500 0.017500 0.020000
6 0.421250 0.142500 0.017500 0.017500
6 0.331250 0.212500 0.017500 0.017500
6 0.320000 0.207500 0.022500 0.020000
6 0.101250 0.101250 0.020000 0.020000
6 0.063750 0.241250 0.015000 0.020000
6 0.272500 0.287500 0.015000 0.015000
6 0.305000 0.318750 0.020000 0.017500
6 0.297500 0.395000 0.015000 0.017500
6 0.277500 0.407500 0.017500 0.017500
6 0.252500 0.363750 0.017500 0.017500
6 0.235000 0.373750 0.017500 0.017500
6 0.152500 0.426250 0.015000 0.015000
6 0.133750 0.458750 0.015000 0.017500
6 0.237500 0.433750 0.015000 0.017500
6 0.311250 0.500000 0.017500 0.017500
6 0.365000 0.516250 0.015000 0.020000
6 0.097500 0.545000 0.017500 0.017500
6 0.026250 0.500000 0.015000 0.017500
6 0.072500 0.773750 0.015000 0.015000
6 0.065000 0.873750 0.015000 0.017500
6 0.027500 0.977500 0.022500 0.022500
6 0.482500 0.082500 0.017500 0.017500
6 0.296250 0.021250 0.017500 0.017500
6 0.381250 0.127500 0.017500 0.017500
6 0.460000 0.118750 0.017500 0.020000
6 0.352500 0.220000 0.017500 0.017500
6 0.341250 0.193750 0.017500 0.020000
6 0.288750 0.196250 0.020000 0.020000
6 0.162500 0.116250 0.020000 0.020000
6 0.143750 0.148750 0.017500 0.017500
6 0.247500 0.143750 0.017500 0.015000
6 0.073750 0.223750 0.015000 0.015000
6 0.125000 0.242500 0.015000 0.017500
6 0.246250 0.353750 0.017500 0.017500
6 0.058750 0.293750 0.017500 0.017500
6 0.002500 0.413750 0.015000 0.015000
6 0.183750 0.437500 0.017500 0.017500
6 0.187500 0.478750 0.017500 0.017500
6 0.055000 0.528750 0.015000 0.017500
6 0.120000 0.590000 0.015000 0.020000
6 0.130000 0.593750 0.015000 0.017500
6 0.185000 0.647500 0.015000 0.020000
6 0.222500 0.626250 0.015000 0.017500
6 0.203750 0.720000 0.015000 0.017500
6 0.050000 0.767500 0.012500 0.017500
6 0.137500 0.815000 0.012500 0.017500
6 0.156250 0.802500 0.012500 0.017500
6 0.168750 0.827500 0.015000 0.017500
6 0.002500 0.848750 0.017500 0.015000
6 0.087500 0.057500 0.020000 0.012500
6 0.053750 0.066250 0.020000 0.010000
6 0.045000 0.123750 0.017500 0.010000
6 0.671250 0.002500 0.015000 0.017500
6 0.587500 0.098750 0.017500 0.017500
6 0.532500 0.060000 0.020000 0.017500
6 0.450000 0.031250 0.017500 0.015000
6 0.406250 0.000000 0.017500 0.020000
6 0.387500 0.012500 0.015000 0.015000
6 0.335000 0.015000 0.017500 0.017500
6 0.265000 0.012500 0.020000 0.017500
6 0.202500 0.028750 0.017500 0.020000
6 0.195000 0.085000 0.015000 0.020000
6 0.347500 0.118750 0.015000 0.017500
6 0.423750 0.242500 0.015000 0.017500
6 0.403750 0.236250 0.015000 0.017500
6 0.392500 0.192500 0.015000 0.017500
6 0.332500 0.231250 0.022500 0.022500
6 0.300000 0.221250 0.017500 0.022500
6 0.291250 0.216250 0.020000 0.022500
6 0.116250 0.197500 0.022500 0.022500
6 0.147500 0.250000 0.015000 0.015000
6 0.228750 0.275000 0.015000 0.017500
6 0.222500 0.290000 0.017500 0.017500
6 0.248750 0.263750 0.017500 0.020000
6 0.270000 0.250000 0.015000 0.020000
6 0.281250 0.293750 0.020000 0.020000
6 0.416250 0.320000 0.017500 0.017500
6 0.306250 0.400000 0.017500 0.017500
6 0.221250 0.372500 0.020000 0.017500
6 0.202500 0.385000 0.017500 0.020000
6 0.140000 0.326250 0.017500 0.015000
6 0.101250 0.328750 0.015000 0.015000
6 0.087500 0.307500 0.020000 0.017500
6 0.060000 0.337500 0.017500 0.020000
6 0.011250 0.377500 0.015000 0.017500
6 0.260000 0.481250 0.015000 0.017500
6 0.363750 0.497500 0.015000 0.017500
6 0.201250 0.541250 0.017500 0.017500
6 0.017500 0.595000 0.017500 0.017500
6 0.036250 0.581250 0.015000 0.017500
6 0.162500 0.663750 0.015000 0.017500
6 0.202500 0.638750 0.015000 0.017500
6 0.258750 0.697500 0.015000 0.017500
6 0.238750 0.730000 0.017500 0.017500
6 0.126250 0.812500 0.012500 0.015000
6 0.181250 0.828750 0.015000 0.017500
6 0.566250 0.113750 0.017500 0.017500
6 0.587500 0.058750 0.017500 0.017500
6 0.451250 0.075000 0.015000 0.017500
6 0.338750 0.031250 0.017500 0.017500
6 0.153750 0.013750 0.017500 0.020000
6 0.222500 0.080000 0.017500 0.020000
6 0.247500 0.082500 0.017500 0.017500
6 0.268750 0.090000 0.015000 0.015000
6 0.357500 0.102500 0.017500 0.017500
6 0.440000 0.171250 0.020000 0.022500
6 0.463750 0.137500 0.015000 0.017500
6 0.492500 0.191250 0.020000 0.020000
6 0.375000 0.243750 0.020000 0.020000
6 0.186250 0.161250 0.015000 0.017500
6 0.120000 0.142500 0.017500 0.020000
6 0.105000 0.256250 0.015000 0.017500
6 0.138750 0.263750 0.017500 0.022500
6 0.198750 0.266250 0.017500 0.022500
6 0.312500 0.283750 0.017500 0.020000
6 0.386250 0.328750 0.015000 0.017500
6 0.242500 0.358750 0.012500 0.017500
6 0.062500 0.395000 0.017500 0.017500
6 0.092500 0.385000 0.015000 0.017500
6 0.080000 0.441250 0.017500 0.017500
6 0.195000 0.440000 0.015000 0.017500
6 0.210000 0.543750 0.015000 0.015000
6 0.188750 0.516250 0.015000 0.017500
6 0.096250 0.503750 0.017500 0.015000
6 0.086250 0.502500 0.017500 0.020000
6 0.057500 0.488750 0.015000 0.017500
6 0.027500 0.520000 0.015000 0.017500
6 0.005000 0.571250 0.017500 0.017500
6 0.006250 0.612500 0.017500 0.020000
6 0.088750 0.598750 0.017500 0.017500
6 0.098750 0.602500 0.015000 0.017500
6 0.098750 0.623750 0.015000 0.017500
6 0.011250 0.793750 0.015000 0.020000
6 0.108750 0.927500 0.015000 0.020000
6 0.005000 0.891250 0.017500 0.017500
6 0.041250 0.981250 0.015000 0.020000
6 0.587500 0.013750 0.015000 0.017500
6 0.587500 0.076250 0.017500 0.015000
6 0.502500 0.091250 0.022500 0.017500
6 0.346250 0.017500 0.015000 0.017500
6 0.141250 0.028750 0.020000 0.017500
6 0.202500 0.068750 0.015000 0.017500
6 0.226250 0.097500 0.015000 0.020000
6 0.275000 0.052500 0.017500 0.020000
6 0.442500 0.151250 0.015000 0.020000
6 0.486250 0.245000 0.017500 0.020000
6 0.361250 0.202500 0.020000 0.020000
6 0.236250 0.200000 0.020000 0.017500
6 0.257500 0.147500 0.017500 0.015000
6 0.156250 0.173750 0.020000 0.022500
6 0.105000 0.236250 0.017500 0.020000
6 0.116250 0.260000 0.015000 0.017500
6 0.208750 0.267500 0.017500 0.017500
6 0.366250 0.321250 0.020000 0.017500
6 0.477500 0.321250 0.015000 0.015000
6 0.350000 0.433750 0.017500 0.020000
6 0.263750 0.370000 0.017500 0.020000
6 0.000000 0.372500 0.017500 0.017500
6 0.021250 0.381250 0.015000 0.015000
6 0.045000 0.430000 0.015000 0.020000
6 0.091250 0.407500 0.015000 0.017500
6 0.335000 0.527500 0.017500 0.017500
6 0.337500 0.561250 0.015000 0.017500
6 0.017500 0.517500 0.017500 0.020000
6 0.017500 0.615000 0.017500 0.017500
6 0.151250 0.600000 0.015000 0.015000
6 0.247500 0.650000 0.017500 0.020000
6 0.190000 0.772500 0.015000 0.020000
6 0.111250 0.726250 0.015000 0.020000
6 0.090000 0.702500 0.017500 0.015000
6 0.080000 0.675000 0.015000 0.017500
6 0.017500 0.695000 0.012500 0.015000
6 0.011250 0.771250 0.015000 0.017500
6 0.002500 0.810000 0.017500 0.020000
6 0.046250 0.822500 0.017500 0.020000
6 0.095000 0.821250 0.015000 0.015000
6 0.108750 0.906250 0.012500 0.017500
6 0.087500 0.918750 0.012500 0.015000
6 0.033750 0.862500 0.015000 0.015000
6 0.011250 0.877500 0.020000 0.020000
6 0.017500 0.995000 0.017500 0.017500
6 0.055000 0.028750 0.022500 0.010000
6 0.000000 0.156250 0.020000 0.012500
6 0.566250 0.071250 0.017500 0.017500
6 0.556250 0.107500 0.017500 0.017500
6 0.387500 0.051250 0.015000 0.015000
6 0.222500 0.036250 0.015000 0.020000
6 0.288750 0.118750 0.020000 0.020000
6 0.473750 0.222500 0.017500 0.020000
6 0.482500 0.227500 0.017500 0.020000
6 0.528750 0.237500 0.020000 0.020000
6 0.123750 0.205000 0.017500 0.020000
6 0.082500 0.206250 0.020000 0.020000
6 0.148750 0.268750 0.015000 0.017500
6 0.230000 0.293750 0.017500 0.017500
6 0.406250 0.357500 0.015000 0.017500
6 0.447500 0.308750 0.015000 0.017500
6 0.422500 0.418750 0.015000 0.017500
6 0.215000 0.387500 0.017500 0.017500
6 0.241250 0.338750 0.020000 0.020000
6 0.201250 0.348750 0.017500 0.017500
6 0.003750 0.265000 0.020000 0.020000
6 0.162500 0.430000 0.015000 0.015000
6 0.206250 0.442500 0.015000 0.015000
6 0.198750 0.481250 0.017500 0.020000
6 0.312500 0.480000 0.015000 0.017500
6 0.266250 0.600000 0.017500 0.017500
6 0.150000 0.541250 0.015000 0.017500
6 0.056250 0.507500 0.012500 0.017500
6 0.066250 0.473750 0.015000 0.017500
6 0.065000 0.572500 0.015000 0.017500
6 0.120000 0.610000 0.015000 0.017500
6 0.026250 0.680000 0.012500 0.015000
6 0.020000 0.668750 0.015000 0.012500
6 0.062500 0.770000 0.015000 0.017500
6 0.043750 0.802500 0.015000 0.015000
6 0.127500 0.832500 0.015000 0.020000
6 0.088750 0.937500 0.012500 0.017500
6 0.063750 0.010000 0.020000 0.010000
6 0.088750 0.008750 0.022500 0.007500
6 0.072500 0.082500 0.020000 0.007500
6 0.448750 0.011250 0.015000 0.017500
6 0.192500 0.023750 0.017500 0.017500
6 0.265000 0.047500 0.015000 0.017500
6 0.258750 0.108750 0.017500 0.020000
6 0.471250 0.121250 0.017500 0.020000
6 0.547500 0.207500 0.020000 0.020000
6 0.475000 0.261250 0.020000 0.017500
6 0.516250 0.235000 0.015000 0.017500
6 0.341250 0.216250 0.020000 0.020000
6 0.330000 0.191250 0.020000 0.020000
6 0.237500 0.238750 0.017500 0.017500
6 0.282500 0.312500 0.015000 0.020000
6 0.366250 0.277500 0.017500 0.017500
6 0.355000 0.277500 0.012500 0.017500
6 0.347500 0.333750 0.020000 0.020000
6 0.381250 0.425000 0.017500 0.017500
6 0.348750 0.415000 0.017500 0.020000
6 0.232500 0.357500 0.015000 0.015000
6 0.132500 0.341250 0.015000 0.017500
6 0.081250 0.342500 0.022500 0.020000
6 0.020000 0.358750 0.015000 0.017500
6 0.248750 0.457500 0.015000 0.017500
6 0.280000 0.468750 0.015000 0.015000
6 0.292500 0.491250 0.015000 0.015000
6 0.273750 0.563750 0.015000 0.020000
6 0.138750 0.536250 0.012500 0.015000
6 0.016250 0.495000 0.012500 0.015000
6 0.152500 0.640000 0.017500 0.017500
6 0.152500 0.658750 0.015000 0.017500
6 0.218750 0.745000 0.015000 0.017500
6 0.196250 0.736250 0.015000 0.017500
6 0.143750 0.758750 0.015000 0.020000
6 0.132500 0.736250 0.015000 0.017500
6 0.142500 0.697500 0.015000 0.017500
6 0.072500 0.735000 0.015000 0.017500
6 0.057500 0.668750 0.015000 0.015000
6 0.091250 0.783750 0.015000 0.017500
6 0.066250 0.895000 0.012500 0.017500
6 0.017500 0.081250 0.017500 0.010000
6 0.607500 0.003750 0.017500 0.015000
6 0.525000 0.098750 0.020000 0.017500
6 0.418750 0.061250 0.015000 0.017500
6 0.418750 0.038750 0.020000 0.017500
6 0.162500 0.073750 0.015000 0.020000
6 0.411250 0.120000 0.015000 0.022500
6 0.421250 0.121250 0.015000 0.020000
6 0.535000 0.182500 0.017500 0.020000
6 0.556250 0.171250 0.017500 0.017500
6 0.402500 0.193750 0.015000 0.017500
6 0.381250 0.188750 0.020000 0.017500
6 0.351250 0.177500 0.017500 0.020000
6 0.238750 0.278750 0.015000 0.017500
6 0.158750 0.350000 0.017500 0.017500
6 0.162500 0.371250 0.015000 0.020000
6 0.045000 0.271250 0.015000 0.017500
6 0.023750 0.420000 0.015000 0.017500
6 0.163750 0.408750 0.017500 0.017500
6 0.353750 0.535000 0.015000 0.017500
6 0.263750 0.561250 0.017500 0.017500
6 0.253750 0.577500 0.017500 0.017500
6 0.161250 0.542500 0.015000 0.017500
6 0.171250 0.547500 0.015000 0.015000
6 0.141250 0.558750 0.015000 0.020000
6 0.107500 0.548750 0.017500 0.020000
6 0.132500 0.651250 0.015000 0.017500
6 0.161250 0.605000 0.012500 0.015000
6 0.176250 0.620000 0.012500 0.012500
6 0.288750 0.646250 0.015000 0.017500
6 0.218750 0.763750 0.015000 0.015000
6 0.005000 0.725000 0.025000 0.015000
6 0.000000 0.787500 0.017500 0.020000
6 0.021250 0.796250 0.015000 0.017500
6 0.100000 0.942500 0.017500 0.020000
6 0.035000 0.211250 0.015000 0.020000
6 0.117500 0.003750 0.022500 0.012500
6 0.106250 0.026250 0.020000 0.007500
6 0.428750 0.005000 0.020000 0.017500
6 0.383750 0.251250 0.020000 0.017500
6 0.373750 0.225000 0.017500 0.017500
6 0.276250 0.153750 0.020000 0.020000
6 0.226250 0.198750 0.017500 0.017500
6 0.140000 0.108750 0.020000 0.017500
6 0.188750 0.223750 0.015000 0.017500
6 0.198750 0.243750 0.015000 0.020000
6 0.271250 0.270000 0.017500 0.017500
6 0.287500 0.413750 0.017500 0.020000
6 0.193750 0.422500 0.015000 0.020000
6 0.175000 0.475000 0.015000 0.015000
6 0.352500 0.495000 0.017500 0.020000
6 0.283750 0.547500 0.017500 0.015000
6 0.046250 0.526250 0.015000 0.020000
6 0.068750 0.635000 0.015000 0.017500
6 0.141250 0.636250 0.012500 0.015000
6 0.226250 0.683750 0.012500 0.020000
6 0.123750 0.731250 0.012500 0.017500
6 0.028750 0.720000 0.015000 0.017500
6 0.006250 0.652500 0.012500 0.015000
6 0.113750 0.791250 0.015000 0.020000
6 0.066250 0.935000 0.015000 0.015000
6 0.046250 0.887500 0.017500 0.020000
6 0.040000 0.051250 0.022500 0.010000
6 0.042500 0.088750 0.022500 0.010000
6 0.458750 0.038750 0.017500 0.020000
6 0.400000 0.115000 0.015000 0.020000
6 0.392500 0.151250 0.017500 0.017500
6 0.482500 0.123750 0.015000 0.020000
6 0.503750 0.192500 0.017500 0.022500
6 0.431250 0.208750 0.017500 0.017500
6 0.411250 0.220000 0.017500 0.015000
6 0.361250 0.180000 0.017500 0.017500
6 0.310000 0.205000 0.020000 0.020000
6 0.243750 0.167500 0.020000 0.015000
6 0.133750 0.166250 0.017500 0.020000
6 0.131250 0.125000 0.020000 0.017500
6 0.136250 0.225000 0.017500 0.017500
6 0.200000 0.282500 0.020000 0.017500
6 0.410000 0.417500 0.015000 0.017500
6 0.362500 0.437500 0.017500 0.020000
6 0.340000 0.430000 0.017500 0.017500
6 0.295000 0.377500 0.015000 0.017500
6 0.171250 0.333750 0.020000 0.022500
6 0.001250 0.391250 0.017500 0.020000
6 0.101250 0.428750 0.015000 0.017500
6 0.213750 0.428750 0.015000 0.017500
6 0.313750 0.558750 0.015000 0.015000
6 0.253750 0.597500 0.012500 0.015000
6 0.118750 0.548750 0.015000 0.020000
6 0.116250 0.488750 0.015000 0.017500
6 0.216250 0.681250 0.015000 0.020000
6 0.256250 0.633750 0.015000 0.015000
6 0.060000 0.730000 0.017500 0.017500
6 0.008750 0.712500 0.015000 0.020000
6 0.072500 0.812500 0.017500 0.015000
6 0.023750 0.878750 0.015000 0.015000
6 0.130000 0.916250 0.020000 0.007500
