6 0.325000 0.133750 0.017500 0.020000
6 0.207500 0.098750 0.022500 0.027500
6 0.352500 0.162500 0.025000 0.017500
6 0.386250 0.127500 0.020000 0.012500
6 0.228750 0.118750 0.030000 0.045000
6 0.341250 0.591250 0.017500 0.017500
6 0.636250 0.127500 0.012500 0.015000
6 0.027500 0.256250 0.015000 0.015000
6 0.412500 0.272500 0.025000 0.015000
6 0.346250 0.187500 0.015000 0.012500
6 0.168750 0.085000 0.017500 0.020000
6 0.331250 0.178750 0.017500 0.012500
6 0.178750 0.088750 0.012500 0.017500
6 0.552500 0.308750 0.015000 0.015000
6 0.362500 0.092500 0.017500 0.020000
6 0.055000 0.947500 0.017500 0.015000
6 0.265000 0.490000 0.012500 0.017500
6 0.300000 0.066250 0.022500 0.022500
6 0.297500 0.033750 0.015000 0.017500
6 0.685000 0.066250 0.017500 0.017500
6 0.351250 0.078750 0.015000 0.017500
6 0.307500 0.143750 0.015000 0.020000
6 0.098750 0.880000 0.020000 0.017500
6 0.333750 0.192500 0.030000 0.025000
6 0.302500 0.085000 0.020000 0.015000
6 0.278750 0.086250 0.020000 0.010000
6 0.265000 0.111250 0.035000 0.045000
6 0.680000 0.152500 0.020000 0.020000
6 0.315000 0.053750 0.017500 0.015000
6 0.722500 0.065000 0.017500 0.020000
6 0.226250 0.195000 0.025000 0.015000
6 0.716250 0.057500 0.017500 0.012500
6 0.028750 0.961250 0.017500 0.017500
6 0.385000 0.252500 0.015000 0.017500
6 0.222500 0.045000 0.017500 0.017500
6 0.001250 0.812500 0.012500 0.010000
6 0.188750 0.090000 0.012500 0.017500
6 0.266250 0.148750 0.020000 0.015000
