6 0.443750 0.001250 0.017500 0.020000
6 0.487500 0.000000 0.015000 0.015000
6 0.562500 0.028750 0.012500 0.020000
6 0.536250 0.066250 0.017500 0.017500
6 0.530000 0.088750 0.015000 0.017500
6 0.601250 0.156250 0.015000 0.017500
6 0.608750 0.222500 0.012500 0.012500
6 0.691250 0.166250 0.012500 0.015000
6 0.648750 0.287500 0.017500 0.015000
6 0.718750 0.257500 0.012500 0.015000
6 0.786250 0.317500 0.020000 0.022500
6 0.740000 0.383750 0.015000 0.022500
6 0.782500 0.355000 0.015000 0.015000
6 0.828750 0.372500 0.015000 0.017500
6 0.807500 0.396250 0.015000 0.017500
6 0.813750 0.477500 0.012500 0.012500
6 0.870000 0.472500 0.037500 0.047500
6 0.870000 0.497500 0.012500 0.015000
6 0.908750 0.551250 0.035000 0.045000
6 0.952500 0.562500 0.035000 0.042500
6 0.931250 0.596250 0.015000 0.020000
6 0.946250 0.590000 0.015000 0.015000
6 0.976250 0.643750 0.015000 0.017500
6 0.995000 0.698750 0.017500 0.020000
6 0.910000 0.682500 0.017500 0.017500
6 0.933750 0.695000 0.015000 0.015000
6 0.982500 0.758750 0.015000 0.015000
6 0.998750 0.933750 0.020000 0.012500
6 0.777500 0.902500 0.022500 0.010000
6 0.561250 0.983750 0.022500 0.015000
6 0.395000 0.896250 0.015000 0.022500
6 0.576250 0.820000 0.062500 0.040000
6 0.678750 0.771250 0.017500 0.015000
6 0.681250 0.812500 0.022500 0.020000
6 0.080000 0.081250 0.012500 0.022500
6 0.596250 0.507500 0.017500 0.015000
6 0.492500 0.227500 0.010000 0.010000
