6 0.833750 0.986250 0.017500 0.012500
6 0.486250 0.971250 0.017500 0.010000
6 0.753750 0.025000 0.012500 0.017500
6 0.730000 0.017500 0.012500 0.015000
6 0.825000 0.033750 0.015000 0.017500
6 0.866250 0.076250 0.012500 0.015000
6 0.853750 0.085000 0.015000 0.017500
6 0.850000 0.105000 0.010000 0.017500
6 0.876250 0.120000 0.017500 0.020000
6 0.890000 0.148750 0.015000 0.017500
6 0.822500 0.177500 0.030000 0.040000
6 0.790000 0.122500 0.012500 0.015000
6 0.782500 0.092500 0.015000 0.017500
6 0.805000 0.122500 0.015000 0.017500
6 0.821250 0.123750 0.012500 0.017500
6 0.922500 0.157500 0.017500 0.020000
6 0.912500 0.166250 0.015000 0.017500
6 0.870000 0.212500 0.015000 0.015000
6 0.907500 0.201250 0.015000 0.017500
6 0.876250 0.258750 0.012500 0.015000
6 0.940000 0.235000 0.017500 0.022500
6 0.902500 0.277500 0.012500 0.017500
6 0.937500 0.262500 0.012500 0.017500
6 0.966250 0.277500 0.015000 0.020000
6 0.993750 0.296250 0.012500 0.017500
6 0.967500 0.305000 0.012500 0.015000
6 0.937500 0.326250 0.012500 0.017500
6 0.926250 0.348750 0.012500 0.017500
6 0.963750 0.382500 0.032500 0.042500
6 0.997500 0.363750 0.017500 0.022500
6 0.992500 0.426250 0.015000 0.015000
6 0.953750 0.423750 0.012500 0.015000
6 0.990000 0.452500 0.015000 0.017500
6 0.971250 0.416250 0.020000 0.020000
6 0.873750 0.582500 0.017500 0.012500
6 0.981250 0.945000 0.017500 0.012500
6 0.037500 0.592500 0.025000 0.022500
6 0.057500 0.530000 0.017500 0.012500
6 0.050000 0.521250 0.015000 0.012500
6 0.043750 0.506250 0.015000 0.007500
6 0.058750 0.505000 0.012500 0.010000
6 0.076250 0.021250 0.012500 0.010000
6 0.085000 0.012500 0.012500 0.015000
6 0.101250 0.005000 0.012500 0.017500
6 0.181250 0.030000 0.010000 0.015000
6 0.120000 0.513750 0.015000 0.010000
6 0.130000 0.521250 0.010000 0.012500
6 0.238750 0.633750 0.020000 0.012500
6 0.518750 0.385000 0.012500 0.010000
6 0.685000 0.915000 0.020000 0.012500
6 0.660000 0.885000 0.020000 0.015000
6 0.781250 0.922500 0.012500 0.010000
6 0.793750 0.916250 0.010000 0.010000
6 0.788750 0.935000 0.015000 0.012500
6 0.835000 0.928750 0.015000 0.012500
6 0.506250 0.846250 0.017500 0.015000
6 0.538750 0.828750 0.017500 0.015000
6 0.515000 0.853750 0.017500 0.012500
6 0.400000 0.756250 0.017500 0.012500
6 0.453750 0.793750 0.022500 0.020000
6 0.493750 0.742500 0.012500 0.007500
6 0.505000 0.770000 0.015000 0.012500
6 0.497500 0.798750 0.010000 0.020000
6 0.241250 0.840000 0.012500 0.010000
6 0.240000 0.865000 0.012500 0.010000
6 0.043750 0.775000 0.010000 0.007500
6 0.020000 0.767500 0.012500 0.007500
6 0.961250 0.768750 0.020000 0.020000
