6 0.832500 0.006250 0.010000 0.015000
6 0.773750 0.005000 0.012500 0.017500
6 0.852500 0.012500 0.010000 0.015000
6 0.798750 0.051250 0.015000 0.017500
6 0.860000 0.063750 0.012500 0.017500
6 0.797500 0.088750 0.017500 0.015000
6 0.823750 0.108750 0.017500 0.020000
6 0.875000 0.096250 0.012500 0.015000
6 0.670000 0.041250 0.015000 0.012500
6 0.825000 0.147500 0.012500 0.015000
6 0.842500 0.150000 0.012500 0.020000
6 0.923750 0.160000 0.012500 0.017500
6 0.922500 0.186250 0.015000 0.017500
6 0.863750 0.212500 0.015000 0.015000
6 0.832500 0.241250 0.012500 0.010000
6 0.903750 0.263750 0.012500 0.015000
6 0.958750 0.252500 0.015000 0.017500
6 0.976250 0.251250 0.015000 0.015000
6 0.915000 0.357500 0.017500 0.017500
6 0.987500 0.300000 0.017500 0.020000
6 0.950000 0.365000 0.015000 0.017500
6 0.968750 0.366250 0.012500 0.017500
6 0.973750 0.395000 0.012500 0.012500
6 0.396250 0.688750 0.020000 0.012500
6 0.523750 0.640000 0.015000 0.010000
6 0.537500 0.627500 0.017500 0.015000
6 0.063750 0.637500 0.017500 0.017500
6 0.073750 0.653750 0.015000 0.015000
6 0.085000 0.712500 0.015000 0.020000
6 0.065000 0.530000 0.010000 0.012500
6 0.070000 0.547500 0.012500 0.017500
6 0.175000 0.497500 0.020000 0.017500
6 0.168750 0.505000 0.017500 0.020000
6 0.156250 0.511250 0.015000 0.015000
6 0.143750 0.517500 0.020000 0.015000
6 0.187500 0.503750 0.012500 0.012500
6 0.830000 0.831250 0.012500 0.022500
6 0.241250 0.998750 0.012500 0.007500
6 0.081250 0.746250 0.020000 0.010000
