6 0.616250 0.170000 0.015000 0.017500
6 0.853750 0.141250 0.020000 0.007500
6 0.741250 0.351250 0.015000 0.022500
6 0.725000 0.352500 0.025000 0.017500
6 0.722500 0.311250 0.020000 0.025000
6 0.746250 0.310000 0.025000 0.015000
6 0.767500 0.313750 0.025000 0.012500
6 0.793750 0.318750 0.025000 0.015000
6 0.908750 0.315000 0.025000 0.015000
6 0.785000 0.353750 0.022500 0.030000
6 0.685000 0.386250 0.020000 0.022500
6 0.681250 0.410000 0.015000 0.022500
6 0.662500 0.393750 0.022500 0.042500
6 0.688750 0.346250 0.055000 0.020000
6 0.712500 0.397500 0.022500 0.007500
6 0.713750 0.388750 0.020000 0.007500
6 0.673750 0.423750 0.055000 0.017500
6 0.678750 0.436250 0.012500 0.007500
6 0.660000 0.432500 0.012500 0.007500
6 0.531250 0.471250 0.017500 0.022500
6 0.507500 0.438750 0.015000 0.022500
6 0.447500 0.485000 0.012500 0.020000
6 0.351250 0.518750 0.015000 0.035000
6 0.493750 0.291250 0.032500 0.017500
6 0.466250 0.347500 0.030000 0.017500
6 0.433750 0.341250 0.027500 0.015000
6 0.675000 0.533750 0.022500 0.012500
6 0.925000 0.581250 0.025000 0.010000
6 0.943750 0.640000 0.025000 0.012500
6 0.673750 0.598750 0.055000 0.015000
6 0.280000 0.981250 0.027500 0.012500
6 0.251250 0.977500 0.032500 0.015000
6 0.220000 0.972500 0.032500 0.012500
6 0.200000 0.991250 0.020000 0.027500
6 0.723750 0.025000 0.012500 0.020000
6 0.881250 0.082500 0.012500 0.007500
6 0.988750 0.273750 0.022500 0.012500
6 0.986250 0.286250 0.022500 0.015000
6 0.978750 0.296250 0.025000 0.017500
6 0.816250 0.321250 0.022500 0.017500
6 0.977500 0.007500 0.020000 0.047500
6 0.461250 0.387500 0.037500 0.012500
6 0.585000 0.257500 0.015000 0.027500
6 0.583750 0.350000 0.010000 0.022500
