6 0.586250 0.922500 0.027500 0.025000
6 0.636250 0.891250 0.027500 0.020000
6 0.652500 0.877500 0.022500 0.022500
6 0.678750 0.857500 0.027500 0.027500
6 0.698750 0.843750 0.022500 0.017500
6 0.656250 0.837500 0.027500 0.017500
6 0.772500 0.881250 0.022500 0.022500
6 0.207500 0.770000 0.015000 0.020000
6 0.270000 0.547500 0.017500 0.015000
6 0.292500 0.571250 0.015000 0.012500
6 0.350000 0.637500 0.012500 0.010000
6 0.352500 0.598750 0.027500 0.022500
6 0.201250 0.466250 0.012500 0.015000
6 0.461250 0.131250 0.020000 0.017500
6 0.485000 0.100000 0.015000 0.017500
6 0.497500 0.092500 0.012500 0.017500
6 0.475000 0.105000 0.010000 0.015000
6 0.592500 0.188750 0.027500 0.037500
6 0.555000 0.030000 0.015000 0.015000
6 0.553750 0.007500 0.017500 0.020000
6 0.575000 0.002500 0.017500 0.020000
6 0.597500 0.023750 0.007500 0.020000
6 0.858750 0.056250 0.100000 0.042500
6 0.848750 0.037500 0.115000 0.040000
6 0.608750 0.033750 0.010000 0.015000
6 0.616250 0.105000 0.012500 0.022500
6 0.671250 0.137500 0.017500 0.022500
6 0.686250 0.178750 0.015000 0.017500
6 0.712500 0.137500 0.012500 0.010000
6 0.746250 0.077500 0.022500 0.020000
6 0.725000 0.050000 0.017500 0.010000
6 0.685000 0.018750 0.015000 0.010000
6 0.681250 0.010000 0.012500 0.005000
6 0.928750 0.205000 0.040000 0.020000
6 0.936250 0.213750 0.037500 0.020000
6 0.953750 0.225000 0.045000 0.020000
6 0.955000 0.237500 0.045000 0.020000
6 0.960000 0.247500 0.032500 0.017500
6 0.968750 0.258750 0.035000 0.017500
6 0.982500 0.266250 0.032500 0.020000
6 0.853750 0.345000 0.012500 0.015000
6 0.873750 0.347500 0.020000 0.017500
6 0.752500 0.996250 0.040000 0.037500
