6 0.010000 0.092500 0.017500 0.017500
6 0.063750 0.121250 0.017500 0.020000
6 0.107500 0.167500 0.020000 0.020000
6 0.153750 0.205000 0.017500 0.020000
6 0.245000 0.268750 0.012500 0.020000
6 0.221250 0.253750 0.015000 0.015000
6 0.216250 0.182500 0.015000 0.012500
6 0.470000 0.093750 0.012500 0.017500
6 0.527500 0.082500 0.007500 0.007500
6 0.560000 0.075000 0.027500 0.010000
6 0.585000 0.065000 0.027500 0.010000
6 0.620000 0.040000 0.020000 0.010000
6 0.376250 0.153750 0.025000 0.012500
6 0.435000 0.121250 0.010000 0.010000
6 0.478750 0.131250 0.022500 0.015000
6 0.523750 0.103750 0.020000 0.012500
6 0.537500 0.107500 0.045000 0.020000
6 0.470000 0.155000 0.012500 0.010000
6 0.488750 0.151250 0.012500 0.012500
6 0.507500 0.142500 0.012500 0.010000
6 0.532500 0.132500 0.017500 0.010000
6 0.978750 0.340000 0.020000 0.037500
6 0.832500 0.073750 0.022500 0.010000
6 0.850000 0.097500 0.015000 0.010000
6 0.865000 0.111250 0.027500 0.017500
6 0.877500 0.130000 0.015000 0.017500
6 0.951250 0.196250 0.035000 0.012500
6 0.988750 0.187500 0.037500 0.017500
6 0.930000 0.177500 0.012500 0.022500
6 0.936250 0.143750 0.012500 0.020000
6 0.953750 0.127500 0.012500 0.017500
6 0.970000 0.140000 0.012500 0.017500
6 0.598750 0.103750 0.010000 0.007500
6 0.632500 0.075000 0.010000 0.005000
6 0.806250 0.018750 0.022500 0.007500
