6 0.010000 0.750000 0.017500 0.020000
6 0.026250 0.740000 0.015000 0.017500
6 0.041250 0.726250 0.012500 0.015000
6 0.066250 0.702500 0.020000 0.015000
6 0.022500 0.131250 0.022500 0.022500
6 0.786250 0.115000 0.017500 0.010000
6 0.791250 0.105000 0.017500 0.010000
6 0.792500 0.095000 0.015000 0.007500
6 0.793750 0.086250 0.017500 0.007500
6 0.795000 0.078750 0.017500 0.007500
6 0.806250 0.067500 0.015000 0.010000
6 0.811250 0.057500 0.012500 0.007500
6 0.816250 0.047500 0.010000 0.007500
6 0.601250 0.083750 0.020000 0.017500
6 0.652500 0.125000 0.017500 0.015000
6 0.682500 0.148750 0.020000 0.015000
6 0.726250 0.163750 0.032500 0.025000
6 0.736250 0.143750 0.012500 0.017500
6 0.688750 0.097500 0.010000 0.010000
6 0.740000 0.187500 0.015000 0.012500
6 0.782500 0.213750 0.012500 0.012500
6 0.472500 0.122500 0.020000 0.017500
6 0.002500 0.246250 0.040000 0.037500
6 0.872500 0.282500 0.020000 0.020000
6 0.905000 0.267500 0.017500 0.015000
6 0.990000 0.283750 0.027500 0.020000
6 0.397500 0.697500 0.017500 0.017500
6 0.333750 0.758750 0.015000 0.012500
6 0.282500 0.752500 0.022500 0.020000
6 0.300000 0.481250 0.017500 0.017500
6 0.396250 0.493750 0.042500 0.035000
