6 0.120000 0.001250 0.010000 0.017500
6 0.035000 0.147500 0.012500 0.015000
6 0.070000 0.587500 0.015000 0.015000
6 0.295000 0.567500 0.015000 0.015000
6 0.515000 0.367500 0.017500 0.010000
6 0.177500 0.652500 0.010000 0.015000
6 0.878750 0.545000 0.015000 0.017500
6 0.870000 0.895000 0.020000 0.017500
6 0.840000 0.020000 0.017500 0.015000
6 0.886250 0.108750 0.020000 0.012500
6 0.933750 0.148750 0.017500 0.017500
6 0.850000 0.058750 0.012500 0.007500
6 0.811250 0.025000 0.020000 0.012500
6 0.821250 0.032500 0.017500 0.012500
6 0.837500 0.047500 0.017500 0.012500
6 0.828750 0.038750 0.017500 0.010000
6 0.880000 0.158750 0.010000 0.010000
6 0.867500 0.145000 0.017500 0.017500
