6 0.958750 0.483750 0.017500 0.017500
6 0.665000 0.030000 0.020000 0.015000
6 0.445000 0.093750 0.015000 0.012500
6 0.426250 0.093750 0.017500 0.020000
6 0.482500 0.132500 0.017500 0.015000
6 0.743750 0.103750 0.007500 0.012500
6 0.747500 0.165000 0.012500 0.015000
6 0.756250 0.182500 0.015000 0.017500
6 0.717500 0.228750 0.012500 0.012500
6 0.655000 0.281250 0.015000 0.012500
6 0.606250 0.317500 0.017500 0.012500
6 0.577500 0.325000 0.020000 0.017500
6 0.541250 0.366250 0.017500 0.015000
6 0.512500 0.386250 0.017500 0.015000
6 0.482500 0.410000 0.017500 0.012500
6 0.428750 0.451250 0.017500 0.012500
6 0.320000 0.467500 0.012500 0.012500
6 0.331250 0.521250 0.015000 0.012500
6 0.372500 0.531250 0.010000 0.017500
6 0.400000 0.566250 0.012500 0.015000
6 0.380000 0.590000 0.017500 0.025000
6 0.412500 0.602500 0.015000 0.015000
6 0.735000 0.353750 0.020000 0.020000
6 0.731250 0.288750 0.022500 0.020000
6 0.793750 0.346250 0.017500 0.012500
6 0.862500 0.253750 0.017500 0.020000
6 0.933750 0.396250 0.017500 0.022500
6 0.863750 0.395000 0.017500 0.017500
6 0.917500 0.525000 0.022500 0.017500
6 0.943750 0.532500 0.020000 0.020000
6 0.036250 0.191250 0.017500 0.022500
6 0.050000 0.205000 0.015000 0.017500
6 0.076250 0.238750 0.012500 0.017500
6 0.220000 0.383750 0.027500 0.030000
6 0.417500 0.510000 0.010000 0.010000
6 0.103750 0.540000 0.010000 0.007500
6 0.528750 0.801250 0.015000 0.017500
6 0.615000 0.876250 0.017500 0.020000
6 0.638750 0.973750 0.010000 0.012500
6 0.647500 0.920000 0.017500 0.007500
6 0.568750 0.911250 0.020000 0.012500
6 0.546250 0.870000 0.022500 0.010000
6 0.677500 0.983750 0.007500 0.010000
6 0.281250 0.987500 0.017500 0.010000
6 0.197500 0.371250 0.010000 0.010000
6 0.895000 0.027500 0.010000 0.015000
6 0.882500 0.053750 0.012500 0.017500
6 0.863750 0.061250 0.020000 0.015000
6 0.907500 0.182500 0.012500 0.015000
6 0.575000 0.892500 0.015000 0.017500
6 0.385000 0.456250 0.052500 0.035000
6 0.386250 0.536250 0.010000 0.015000
6 0.453750 0.676250 0.015000 0.017500
