6 0.010000 0.862500 0.015000 0.020000
6 0.015000 0.925000 0.010000 0.015000
6 0.031250 0.928750 0.012500 0.017500
6 0.030000 0.963750 0.010000 0.017500
6 0.050000 0.970000 0.010000 0.015000
6 0.151250 0.883750 0.012500 0.015000
6 0.171250 0.895000 0.015000 0.017500
6 0.752500 0.972500 0.012500 0.007500
6 0.801250 0.951250 0.017500 0.007500
6 0.800000 0.960000 0.017500 0.007500
6 0.801250 0.970000 0.010000 0.005000
6 0.640000 0.681250 0.017500 0.017500
6 0.571250 0.580000 0.012500 0.005000
6 0.212500 0.378750 0.010000 0.007500
6 0.341250 0.362500 0.020000 0.015000
6 0.451250 0.357500 0.017500 0.017500
6 0.641250 0.021250 0.015000 0.017500
6 0.683750 0.070000 0.012500 0.015000
6 0.842500 0.355000 0.012500 0.015000
6 0.736250 0.163750 0.017500 0.025000
6 0.778750 0.851250 0.017500 0.020000
6 0.810000 0.648750 0.015000 0.017500
