6 0.941250 0.171250 0.017500 0.012500
6 0.963750 0.242500 0.015000 0.012500
6 0.970000 0.191250 0.025000 0.022500
6 0.805000 0.072500 0.022500 0.020000
6 0.776250 0.053750 0.017500 0.015000
6 0.393750 0.032500 0.015000 0.012500
6 0.403750 0.041250 0.020000 0.015000
6 0.411250 0.050000 0.025000 0.015000
6 0.180000 0.075000 0.022500 0.012500
6 0.151250 0.057500 0.017500 0.017500
6 0.112500 0.018750 0.022500 0.025000
6 0.128750 0.005000 0.012500 0.012500
6 0.008750 0.017500 0.015000 0.012500
6 0.055000 0.005000 0.020000 0.015000
6 0.028750 0.017500 0.025000 0.020000
6 0.150000 0.072500 0.017500 0.015000
6 0.831250 0.278750 0.037500 0.030000
6 0.846250 0.272500 0.035000 0.022500
6 0.813750 0.306250 0.030000 0.020000
6 0.798750 0.316250 0.027500 0.020000
6 0.792500 0.326250 0.030000 0.025000
6 0.752500 0.226250 0.060000 0.047500
6 0.931250 0.397500 0.017500 0.015000
6 0.970000 0.423750 0.015000 0.017500
6 0.966250 0.382500 0.037500 0.032500
6 0.427500 0.365000 0.017500 0.015000
6 0.368750 0.405000 0.022500 0.032500
6 0.370000 0.435000 0.017500 0.015000
6 0.158750 0.638750 0.012500 0.015000
6 0.031250 0.827500 0.020000 0.020000
6 0.870000 0.177500 0.025000 0.017500
4 0.395000 0.216250 0.027500 0.037500
4 0.416250 0.240000 0.027500 0.037500
4 0.435000 0.262500 0.027500 0.042500
4 0.391250 0.260000 0.027500 0.035000
4 0.407500 0.280000 0.025000 0.037500
4 0.321250 0.207500 0.020000 0.022500
4 0.337500 0.198750 0.015000 0.022500
4 0.351250 0.191250 0.017500 0.020000
4 0.363750 0.183750 0.015000 0.020000
4 0.335000 0.222500 0.022500 0.020000
4 0.346250 0.212500 0.017500 0.017500
4 0.361250 0.205000 0.020000 0.017500
4 0.375000 0.197500 0.015000 0.020000
4 0.388750 0.190000 0.017500 0.020000
6 0.352500 0.560000 0.017500 0.015000
6 0.721250 0.265000 0.060000 0.042500
