6 0.752500 0.093750 0.012500 0.015000
6 0.742500 0.077500 0.012500 0.015000
6 0.773750 0.123750 0.022500 0.022500
6 0.772500 0.077500 0.015000 0.015000
6 0.836250 0.217500 0.012500 0.015000
6 0.847500 0.235000 0.017500 0.017500
6 0.865000 0.263750 0.027500 0.027500
6 0.841250 0.332500 0.012500 0.025000
6 0.283750 0.125000 0.012500 0.012500
6 0.290000 0.108750 0.015000 0.015000
6 0.386250 0.053750 0.027500 0.012500
6 0.545000 0.008750 0.010000 0.017500
6 0.515000 0.018750 0.015000 0.015000
6 0.491250 0.028750 0.015000 0.015000
6 0.481250 0.032500 0.012500 0.017500
6 0.460000 0.041250 0.010000 0.010000
6 0.446250 0.043750 0.017500 0.020000
6 0.435000 0.051250 0.015000 0.012500
6 0.415000 0.060000 0.010000 0.015000
6 0.400000 0.061250 0.015000 0.020000
6 0.345000 0.253750 0.015000 0.015000
6 0.336250 0.238750 0.015000 0.015000
6 0.438750 0.230000 0.017500 0.022500
6 0.501250 0.241250 0.020000 0.025000
6 0.487500 0.252500 0.015000 0.020000
6 0.522500 0.255000 0.022500 0.020000
6 0.538750 0.271250 0.020000 0.015000
6 0.572500 0.421250 0.020000 0.017500
6 0.010000 0.818750 0.017500 0.010000
6 0.007500 0.828750 0.022500 0.010000
6 0.951250 0.816250 0.015000 0.017500
6 0.966250 0.801250 0.015000 0.012500
6 0.977500 0.792500 0.015000 0.012500
6 0.926250 0.851250 0.015000 0.015000
6 0.501250 0.876250 0.017500 0.015000
6 0.827500 0.935000 0.015000 0.015000
6 0.818750 0.955000 0.015000 0.017500
6 0.801250 0.998750 0.017500 0.017500
6 0.782500 0.982500 0.022500 0.022500
6 0.691250 0.996250 0.022500 0.012500
6 0.673750 0.970000 0.020000 0.012500
6 0.633750 0.970000 0.020000 0.012500
6 0.503750 0.922500 0.022500 0.012500
6 0.523750 0.940000 0.020000 0.010000
6 0.582500 0.962500 0.015000 0.010000
6 0.598750 0.968750 0.017500 0.010000
6 0.613750 0.978750 0.017500 0.012500
6 0.642500 0.986250 0.017500 0.010000
6 0.442500 0.883750 0.020000 0.012500
6 0.426250 0.888750 0.012500 0.007500
6 0.481250 0.925000 0.012500 0.010000
6 0.360000 0.872500 0.017500 0.010000
6 0.341250 0.878750 0.017500 0.010000
6 0.228750 0.861250 0.020000 0.010000
6 0.258750 0.875000 0.015000 0.010000
6 0.263750 0.865000 0.022500 0.012500
6 0.290000 0.867500 0.022500 0.012500
6 0.307500 0.853750 0.020000 0.010000
6 0.178750 0.843750 0.020000 0.012500
6 0.116250 0.833750 0.017500 0.007500
6 0.747500 0.383750 0.020000 0.015000
6 0.121250 0.447500 0.015000 0.020000
6 0.576250 0.163750 0.015000 0.015000
