6 0.002500 0.843750 0.012500 0.015000
6 0.023750 0.873750 0.022500 0.022500
6 0.022500 0.827500 0.015000 0.015000
6 0.086250 0.967500 0.012500 0.015000
6 0.097500 0.985000 0.017500 0.017500
6 0.963750 0.031250 0.017500 0.015000
6 0.973750 0.017500 0.015000 0.012500
6 0.993750 0.017500 0.025000 0.020000
6 0.881250 0.046250 0.020000 0.010000
6 0.996250 0.827500 0.020000 0.020000
6 0.896250 0.935000 0.017500 0.022500
6 0.856250 0.977500 0.017500 0.020000
6 0.876250 0.058750 0.012500 0.007500
6 0.606250 0.185000 0.012500 0.017500
6 0.663750 0.102500 0.007500 0.012500
6 0.580000 0.143750 0.010000 0.012500
6 0.505000 0.140000 0.017500 0.012500
6 0.410000 0.166250 0.017500 0.007500
6 0.337500 0.178750 0.015000 0.010000
6 0.232500 0.191250 0.017500 0.010000
6 0.225000 0.201250 0.015000 0.005000
6 0.166250 0.203750 0.027500 0.012500
6 0.107500 0.173750 0.007500 0.015000
6 0.095000 0.132500 0.015000 0.015000
6 0.146250 0.263750 0.017500 0.007500
6 0.141250 0.281250 0.010000 0.012500
6 0.151250 0.295000 0.010000 0.012500
6 0.426250 0.730000 0.015000 0.020000
6 0.401250 0.785000 0.017500 0.020000
6 0.423750 0.797500 0.020000 0.020000
6 0.060000 0.051250 0.030000 0.050000
6 0.077500 0.055000 0.030000 0.037500
6 0.056250 0.100000 0.010000 0.015000
