3 0.079375 0.461250 0.016250 0.020000
3 0.056250 0.395625 0.012500 0.026250
3 0.093750 0.439375 0.010000 0.011250
3 0.220000 0.311875 0.020000 0.023750
3 0.104375 0.432500 0.011250 0.010000
3 0.235625 0.333125 0.018750 0.021250
3 0.123125 0.383750 0.016250 0.012500
3 0.215625 0.318750 0.011250 0.012500
3 0.138750 0.374375 0.010000 0.008750
3 0.080625 0.363125 0.018750 0.016250
3 0.141250 0.381250 0.010000 0.010000
3 0.225625 0.330625 0.011250 0.013750
3 0.126875 0.389375 0.016250 0.016250
3 0.212500 0.325625 0.015000 0.016250
3 0.090625 0.443125 0.011250 0.013750
