6 0.515000 0.235000 0.027500 0.020000
6 0.850000 0.473750 0.027500 0.020000
6 0.825000 0.413750 0.020000 0.012500
6 0.335000 0.220000 0.017500 0.027500
6 0.257500 0.248750 0.020000 0.022500
6 0.201250 0.185000 0.025000 0.015000
6 0.195000 0.192500 0.022500 0.017500
6 0.191250 0.201250 0.030000 0.020000
6 0.187500 0.207500 0.025000 0.022500
6 0.360000 0.232500 0.022500 0.022500
6 0.195000 0.127500 0.022500 0.020000
6 0.301250 0.110000 0.022500 0.012500
6 0.115000 0.050000 0.025000 0.020000
6 0.102500 0.012500 0.022500 0.020000
6 0.963750 0.893750 0.037500 0.022500
6 0.973750 0.857500 0.030000 0.022500
6 0.968750 0.346250 0.012500 0.017500
6 0.266250 0.088750 0.017500 0.010000
6 0.255000 0.217500 0.017500 0.017500
6 0.993750 0.892500 0.020000 0.012500
6 0.735000 0.855000 0.020000 0.022500
6 0.088750 0.616250 0.022500 0.017500
6 0.686250 0.786250 0.020000 0.020000
6 0.000000 0.410000 0.017500 0.022500
6 0.153750 0.527500 0.015000 0.022500
6 0.832500 0.553750 0.025000 0.030000
6 0.103750 0.687500 0.017500 0.012500
6 0.321250 0.205000 0.015000 0.025000
6 0.665000 0.856250 0.022500 0.025000
6 0.863750 0.536250 0.020000 0.020000
6 0.125000 0.657500 0.020000 0.015000
6 0.136250 0.488750 0.015000 0.035000
6 0.211250 0.456250 0.007500 0.017500
6 0.178750 0.388750 0.012500 0.017500
6 0.745000 0.370000 0.030000 0.020000
6 0.070000 0.682500 0.025000 0.017500
6 0.145000 0.667500 0.022500 0.015000
6 0.155000 0.577500 0.020000 0.025000
6 0.138750 0.290000 0.020000 0.015000
6 0.957500 0.418750 0.020000 0.020000
6 0.102500 0.822500 0.025000 0.030000
6 0.045000 0.722500 0.032500 0.017500
6 0.023750 0.657500 0.025000 0.017500
6 0.177500 0.466250 0.012500 0.017500
6 0.303750 0.195000 0.015000 0.017500
6 0.197500 0.478750 0.015000 0.020000
6 0.821250 0.721250 0.055000 0.082500
6 0.805000 0.533750 0.025000 0.020000
6 0.118750 0.486250 0.015000 0.025000
6 0.056250 0.656250 0.020000 0.012500
6 0.150000 0.496250 0.015000 0.020000
6 0.331250 0.262500 0.017500 0.020000
6 0.787500 0.612500 0.032500 0.012500
6 0.890000 0.472500 0.025000 0.025000
6 0.870000 0.943750 0.030000 0.012500
6 0.811250 0.592500 0.020000 0.022500
6 0.078750 0.457500 0.022500 0.025000
6 0.226250 0.681250 0.025000 0.015000
6 0.162500 0.383750 0.015000 0.020000
6 0.127500 0.305000 0.020000 0.015000
6 0.745000 0.806250 0.020000 0.025000
6 0.782500 0.568750 0.020000 0.015000
6 0.241250 0.163750 0.012500 0.020000
6 0.133750 0.413750 0.015000 0.017500
6 0.318750 0.282500 0.025000 0.022500
6 0.183750 0.516250 0.010000 0.017500
6 0.160000 0.457500 0.017500 0.022500
6 0.751250 0.690000 0.022500 0.022500
6 0.783750 0.636250 0.017500 0.017500
6 0.173750 0.435000 0.007500 0.017500
6 0.007500 0.758750 0.020000 0.015000
6 0.115000 0.633750 0.025000 0.017500
6 0.143750 0.420000 0.012500 0.017500
6 0.198750 0.402500 0.012500 0.020000
6 0.170000 0.382500 0.010000 0.020000
6 0.132500 0.516250 0.017500 0.017500
6 0.711250 0.748750 0.020000 0.020000
6 0.050000 0.671250 0.025000 0.015000
6 0.066250 0.607500 0.020000 0.015000
6 0.236250 0.232500 0.012500 0.017500
6 0.287500 0.098750 0.020000 0.022500
6 0.101250 0.421250 0.017500 0.022500
6 0.206250 0.111250 0.012500 0.017500
6 0.853750 0.521250 0.022500 0.025000
6 0.143750 0.650000 0.025000 0.012500
6 0.280000 0.715000 0.020000 0.015000
6 0.300000 0.723750 0.020000 0.020000
6 0.090000 0.363750 0.015000 0.015000
6 0.703750 0.858750 0.027500 0.017500
6 0.751250 0.835000 0.020000 0.020000
6 0.752500 0.726250 0.022500 0.022500
6 0.157500 0.423750 0.012500 0.020000
6 0.268750 0.176250 0.017500 0.025000
6 0.018750 0.580000 0.015000 0.015000
6 0.157500 0.505000 0.015000 0.020000
6 0.028750 0.602500 0.030000 0.020000
6 0.155000 0.072500 0.022500 0.015000
6 0.066250 0.478750 0.017500 0.022500
6 0.120000 0.560000 0.015000 0.022500
6 0.215000 0.410000 0.015000 0.022500
6 0.820000 0.966250 0.030000 0.010000
6 0.876250 0.960000 0.027500 0.017500
6 0.091250 0.695000 0.020000 0.015000
6 0.663750 0.826250 0.017500 0.022500
6 0.723750 0.730000 0.022500 0.017500
6 0.675000 0.806250 0.017500 0.020000
6 0.802500 0.507500 0.055000 0.037500
6 0.151250 0.638750 0.022500 0.017500
6 0.201250 0.448750 0.012500 0.020000
6 0.277500 0.233750 0.015000 0.015000
6 0.228750 0.067500 0.027500 0.027500
6 0.783750 0.550000 0.065000 0.040000
6 0.038750 0.680000 0.022500 0.012500
6 0.178750 0.086250 0.025000 0.015000
6 0.183750 0.440000 0.015000 0.020000
6 0.232500 0.207500 0.015000 0.022500
6 0.867500 0.987500 0.032500 0.030000
6 0.432500 0.882500 0.025000 0.017500
6 0.846250 0.975000 0.025000 0.017500
6 0.701250 0.766250 0.022500 0.017500
6 0.116250 0.432500 0.012500 0.017500
6 0.191250 0.445000 0.012500 0.017500
6 0.137500 0.368750 0.012500 0.020000
6 0.718750 0.351250 0.022500 0.015000
6 0.858750 0.293750 0.020000 0.022500
6 0.196250 0.666250 0.025000 0.017500
6 0.120000 0.410000 0.015000 0.022500
6 0.165000 0.431250 0.010000 0.017500
6 0.207500 0.297500 0.017500 0.017500
6 0.145000 0.450000 0.015000 0.020000
6 0.223750 0.415000 0.010000 0.015000
6 0.188750 0.393750 0.012500 0.020000
6 0.850000 0.451250 0.022500 0.017500
6 0.798750 0.420000 0.022500 0.017500
6 0.188750 0.470000 0.015000 0.017500
6 0.940000 0.395000 0.022500 0.017500
6 0.206250 0.406250 0.010000 0.015000
6 0.735000 0.711250 0.025000 0.022500
6 0.242500 0.691250 0.020000 0.015000
6 0.095000 0.471250 0.015000 0.017500
6 0.230000 0.156250 0.015000 0.025000
6 0.135000 0.438750 0.015000 0.017500
6 0.886250 0.621250 0.022500 0.022500
6 0.118750 0.710000 0.020000 0.015000
6 0.140000 0.563750 0.017500 0.025000
6 0.170000 0.460000 0.015000 0.020000
6 0.232500 0.421250 0.012500 0.020000
