6 0.858750 0.198750 0.017500 0.020000
6 0.588750 0.122500 0.012500 0.020000
6 0.897500 0.135000 0.015000 0.020000
6 0.700000 0.442500 0.015000 0.017500
6 0.688750 0.458750 0.017500 0.020000
6 0.405000 0.372500 0.020000 0.012500
6 0.937500 0.641250 0.025000 0.015000
6 0.912500 0.615000 0.025000 0.025000
6 0.976250 0.518750 0.015000 0.017500
6 0.155000 0.852500 0.015000 0.017500
6 0.291250 0.590000 0.022500 0.017500
6 0.271250 0.291250 0.020000 0.017500
6 0.762500 0.580000 0.022500 0.020000
6 0.471250 0.800000 0.017500 0.020000
6 0.933750 0.650000 0.020000 0.010000
6 0.831250 0.728750 0.020000 0.022500
6 0.980000 0.496250 0.017500 0.020000
6 0.862500 0.677500 0.015000 0.017500
6 0.616250 0.495000 0.020000 0.015000
6 0.942500 0.628750 0.027500 0.020000
6 0.873750 0.601250 0.027500 0.020000
6 0.803750 0.556250 0.022500 0.017500
6 0.967500 0.550000 0.017500 0.025000
6 0.413750 0.890000 0.012500 0.017500
6 0.373750 0.461250 0.012500 0.022500
6 0.403750 0.327500 0.017500 0.015000
6 0.936250 0.583750 0.015000 0.022500
6 0.960000 0.091250 0.012500 0.015000
6 0.372500 0.341250 0.022500 0.022500
6 0.562500 0.462500 0.017500 0.012500
6 0.715000 0.470000 0.012500 0.015000
6 0.761250 0.391250 0.030000 0.025000
6 0.733750 0.880000 0.017500 0.020000
6 0.743750 0.427500 0.017500 0.025000
6 0.775000 0.817500 0.022500 0.022500
6 0.501250 0.383750 0.017500 0.015000
6 0.926250 0.656250 0.015000 0.010000
6 0.958750 0.581250 0.012500 0.017500
6 0.953750 0.547500 0.012500 0.020000
6 0.246250 0.653750 0.022500 0.022500
6 0.527500 0.710000 0.017500 0.025000
6 0.277500 0.616250 0.025000 0.027500
6 0.431250 0.850000 0.022500 0.025000
6 0.422500 0.338750 0.017500 0.020000
6 0.541250 0.451250 0.022500 0.015000
6 0.923750 0.630000 0.012500 0.027500
6 0.826250 0.571250 0.020000 0.020000
6 0.988750 0.533750 0.015000 0.020000
6 0.456250 0.821250 0.015000 0.020000
6 0.813750 0.753750 0.020000 0.022500
6 0.857500 0.633750 0.017500 0.012500
6 0.947500 0.596250 0.012500 0.017500
6 0.263750 0.685000 0.020000 0.022500
6 0.591250 0.173750 0.020000 0.025000
6 0.682500 0.031250 0.015000 0.017500
6 0.866250 0.698750 0.020000 0.022500
6 0.637500 0.048750 0.020000 0.022500
6 0.957500 0.582500 0.012500 0.017500
6 0.811250 0.812500 0.015000 0.027500
6 0.576250 0.200000 0.015000 0.020000
6 0.923750 0.150000 0.015000 0.020000
6 0.750000 0.852500 0.022500 0.027500
6 0.582500 0.472500 0.027500 0.022500
6 0.936250 0.562500 0.015000 0.017500
6 0.996250 0.467500 0.010000 0.020000
6 0.786250 0.798750 0.022500 0.020000
6 0.081250 0.917500 0.017500 0.020000
6 0.781250 0.546250 0.022500 0.017500
6 0.663750 0.548750 0.017500 0.020000
6 0.712500 0.911250 0.012500 0.017500
6 0.721250 0.553750 0.030000 0.032500
6 0.387500 0.438750 0.015000 0.020000
