6 0.552500 0.301250 0.010000 0.020000
6 0.140000 0.385000 0.015000 0.020000
6 0.033750 0.477500 0.012500 0.017500
6 0.547500 0.258750 0.015000 0.010000
6 0.352500 0.157500 0.027500 0.012500
6 0.513750 0.478750 0.015000 0.020000
6 0.382500 0.373750 0.015000 0.020000
6 0.408750 0.417500 0.012500 0.020000
6 0.418750 0.125000 0.022500 0.017500
6 0.795000 0.031250 0.022500 0.025000
6 0.371250 0.197500 0.020000 0.020000
6 0.450000 0.308750 0.017500 0.010000
6 0.465000 0.233750 0.020000 0.010000
6 0.543750 0.491250 0.015000 0.020000
6 0.363750 0.965000 0.010000 0.025000
6 0.598750 0.255000 0.012500 0.022500
6 0.607500 0.310000 0.017500 0.020000
6 0.606250 0.223750 0.010000 0.015000
6 0.301250 0.327500 0.020000 0.017500
6 0.758750 0.395000 0.025000 0.027500
6 0.386250 0.106250 0.025000 0.017500
6 0.278750 0.098750 0.015000 0.020000
6 0.337500 0.375000 0.020000 0.015000
6 0.411250 0.136250 0.017500 0.017500
6 0.242500 0.898750 0.010000 0.020000
6 0.396250 0.451250 0.017500 0.017500
6 0.618750 0.226250 0.007500 0.017500
6 0.537500 0.328750 0.017500 0.010000
6 0.206250 0.170000 0.020000 0.025000
6 0.610000 0.378750 0.015000 0.017500
6 0.581250 0.251250 0.010000 0.022500
6 0.073750 0.400000 0.025000 0.030000
6 0.411250 0.931250 0.012500 0.015000
6 0.412500 0.971250 0.017500 0.010000
6 0.946250 0.047500 0.025000 0.020000
6 0.493750 0.348750 0.010000 0.017500
6 0.362500 0.207500 0.030000 0.012500
6 0.423750 0.153750 0.020000 0.017500
6 0.246250 0.130000 0.020000 0.025000
6 0.458750 0.040000 0.010000 0.017500
6 0.251250 0.901250 0.012500 0.017500
6 0.541250 0.285000 0.025000 0.012500
6 0.446250 0.320000 0.022500 0.012500
6 0.337500 0.426250 0.010000 0.022500
6 0.370000 0.371250 0.015000 0.015000
6 0.562500 0.501250 0.015000 0.022500
6 0.635000 0.261250 0.007500 0.017500
6 0.467500 0.338750 0.022500 0.010000
6 0.167500 0.233750 0.022500 0.020000
6 0.638750 0.277500 0.005000 0.017500
6 0.518750 0.335000 0.022500 0.010000
6 0.472500 0.041250 0.012500 0.020000
6 0.321250 0.411250 0.017500 0.020000
6 0.301250 0.408750 0.015000 0.020000
6 0.463750 0.450000 0.012500 0.022500
6 0.335000 0.350000 0.015000 0.017500
6 0.346250 0.356250 0.012500 0.017500
6 0.227500 0.230000 0.012500 0.017500
6 0.545000 0.268750 0.017500 0.010000
6 0.346250 0.163750 0.020000 0.010000
6 0.646250 0.375000 0.017500 0.012500
6 0.448750 0.132500 0.025000 0.017500
6 0.690000 0.265000 0.020000 0.012500
6 0.428750 0.991250 0.017500 0.012500
6 0.661250 0.263750 0.012500 0.012500
6 0.606250 0.397500 0.010000 0.017500
6 0.350000 0.920000 0.010000 0.022500
6 0.682500 0.288750 0.017500 0.012500
6 0.510000 0.352500 0.015000 0.010000
6 0.485000 0.250000 0.017500 0.010000
6 0.450000 0.475000 0.012500 0.022500
6 0.657500 0.278750 0.012500 0.017500
6 0.478750 0.291250 0.017500 0.015000
6 0.588750 0.220000 0.010000 0.015000
6 0.437500 0.181250 0.015000 0.012500
6 0.366250 0.392500 0.010000 0.022500
6 0.347500 0.430000 0.010000 0.015000
6 0.547500 0.248750 0.020000 0.007500
6 0.453750 0.281250 0.022500 0.007500
6 0.583750 0.017500 0.012500 0.022500
6 0.372500 0.981250 0.020000 0.010000
6 0.420000 0.207500 0.017500 0.012500
6 0.427500 0.198750 0.020000 0.012500
6 0.391250 0.925000 0.012500 0.012500
6 0.383750 0.467500 0.015000 0.017500
6 0.631250 0.277500 0.007500 0.017500
6 0.043750 0.516250 0.022500 0.022500
6 0.595000 0.273750 0.012500 0.015000
6 0.578750 0.305000 0.010000 0.020000
6 0.550000 0.240000 0.020000 0.007500
6 0.356250 0.146250 0.022500 0.012500
6 0.437500 0.026250 0.015000 0.015000
6 0.400000 0.387500 0.017500 0.022500
6 0.361250 0.922500 0.012500 0.020000
6 0.340000 0.920000 0.010000 0.017500
6 0.618750 0.402500 0.010000 0.015000
6 0.110000 0.920000 0.012500 0.017500
6 0.678750 0.316250 0.020000 0.010000
6 0.662500 0.321250 0.012500 0.015000
6 0.690000 0.243750 0.032500 0.015000
6 0.428750 0.188750 0.015000 0.010000
6 0.375000 0.126250 0.020000 0.017500
6 0.282500 0.401250 0.012500 0.020000
6 0.340000 0.516250 0.017500 0.015000
6 0.613750 0.275000 0.012500 0.015000
6 0.272500 0.940000 0.015000 0.025000
6 0.537500 0.337500 0.017500 0.007500
6 0.195000 0.890000 0.015000 0.022500
6 0.312500 0.331250 0.010000 0.015000
6 0.857500 0.070000 0.025000 0.015000
6 0.251250 0.942500 0.012500 0.020000
6 0.356250 0.383750 0.015000 0.022500
6 0.607500 0.255000 0.012500 0.020000
6 0.918750 0.043750 0.020000 0.015000
6 0.581250 0.218750 0.007500 0.017500
6 0.330000 0.917500 0.005000 0.025000
6 0.350000 0.960000 0.005000 0.015000
6 0.627500 0.225000 0.012500 0.017500
6 0.527500 0.363750 0.022500 0.010000
6 0.486250 0.245000 0.017500 0.010000
6 0.470000 0.327500 0.020000 0.015000
6 0.325000 0.367500 0.012500 0.015000
6 0.457500 0.251250 0.020000 0.015000
6 0.862500 0.132500 0.047500 0.035000
6 0.555000 0.231250 0.025000 0.005000
6 0.681250 0.308750 0.022500 0.012500
6 0.438750 0.342500 0.022500 0.015000
6 0.491250 0.023750 0.017500 0.025000
6 0.626250 0.313750 0.012500 0.020000
6 0.562500 0.302500 0.012500 0.020000
6 0.440000 0.172500 0.020000 0.012500
6 0.386250 0.402500 0.020000 0.017500
6 0.642500 0.388750 0.015000 0.015000
6 0.525000 0.507500 0.020000 0.017500
6 0.570000 0.218750 0.010000 0.017500
6 0.622500 0.277500 0.012500 0.020000
6 0.290000 0.426250 0.012500 0.015000
6 0.422500 0.953750 0.022500 0.017500
6 0.203750 0.496250 0.015000 0.020000
6 0.568750 0.005000 0.015000 0.022500
6 0.990000 0.161250 0.022500 0.022500
6 0.328750 0.555000 0.022500 0.017500
6 0.625000 0.382500 0.017500 0.017500
