6 0.292500 0.047500 0.017500 0.015000
6 0.342500 0.093750 0.020000 0.022500
6 0.312500 0.016250 0.020000 0.022500
6 0.662500 0.247500 0.020000 0.017500
6 0.665000 0.265000 0.022500 0.017500
6 0.921250 0.363750 0.017500 0.020000
6 0.955000 0.431250 0.020000 0.022500
6 0.977500 0.430000 0.015000 0.015000
6 0.993750 0.462500 0.015000 0.015000
6 0.980000 0.492500 0.012500 0.017500
6 0.871250 0.541250 0.020000 0.012500
6 0.866250 0.557500 0.027500 0.017500
6 0.843750 0.565000 0.027500 0.015000
6 0.811250 0.605000 0.025000 0.017500
6 0.788750 0.603750 0.015000 0.022500
6 0.887500 0.916250 0.022500 0.017500
6 0.925000 0.971250 0.012500 0.012500
6 0.107500 0.256250 0.020000 0.010000
6 0.322500 0.365000 0.020000 0.010000
6 0.235000 0.406250 0.017500 0.007500
6 0.235000 0.620000 0.020000 0.010000
6 0.390000 0.725000 0.020000 0.010000
6 0.462500 0.676250 0.017500 0.010000
6 0.600000 0.642500 0.020000 0.010000
6 0.672500 0.645000 0.020000 0.010000
6 0.548750 0.816250 0.010000 0.015000
6 0.578750 0.827500 0.010000 0.012500
6 0.600000 0.880000 0.012500 0.017500
6 0.800000 0.822500 0.017500 0.010000
6 0.505000 0.758750 0.015000 0.012500
6 0.417500 0.828750 0.015000 0.007500
6 0.447500 0.897500 0.017500 0.010000
6 0.008750 0.993750 0.010000 0.012500
6 0.225000 0.878750 0.010000 0.012500
6 0.680000 0.597500 0.025000 0.020000
6 0.836250 0.251250 0.015000 0.015000
6 0.567500 0.090000 0.012500 0.017500
