6 0.000000 0.283750 0.020000 0.017500
6 0.005000 0.271250 0.022500 0.017500
6 0.017500 0.255000 0.015000 0.015000
6 0.026250 0.238750 0.015000 0.015000
6 0.072500 0.236250 0.015000 0.015000
6 0.078750 0.222500 0.015000 0.017500
6 0.060000 0.150000 0.012500 0.012500
6 0.417500 0.022500 0.015000 0.010000
6 0.437500 0.016250 0.022500 0.012500
6 0.483750 0.000000 0.015000 0.010000
6 0.850000 0.745000 0.017500 0.010000
6 0.553750 0.828750 0.022500 0.010000
6 0.270000 0.735000 0.010000 0.017500
6 0.241250 0.740000 0.015000 0.015000
6 0.230000 0.715000 0.012500 0.017500
6 0.376250 0.656250 0.020000 0.007500
6 0.347500 0.477500 0.017500 0.010000
