6 0.368750 0.298750 0.025000 0.020000
6 0.348750 0.293750 0.022500 0.017500
6 0.267500 0.276250 0.017500 0.012500
6 0.223750 0.270000 0.017500 0.017500
6 0.975000 0.428750 0.017500 0.007500
6 0.948750 0.415000 0.020000 0.007500
6 0.951250 0.407500 0.022500 0.010000
6 0.952500 0.400000 0.022500 0.012500
6 0.888750 0.422500 0.015000 0.007500
6 0.863750 0.408750 0.025000 0.010000
6 0.865000 0.401250 0.025000 0.010000
6 0.870000 0.375000 0.020000 0.007500
6 0.808750 0.397500 0.020000 0.007500
6 0.092500 0.656250 0.015000 0.025000
6 0.820000 0.897500 0.035000 0.025000
