6 0.010000 0.182500 0.027500 0.020000
6 0.131250 0.996250 0.015000 0.007500
6 0.128750 0.987500 0.015000 0.007500
6 0.125000 0.972500 0.017500 0.007500
6 0.125000 0.963750 0.020000 0.007500
6 0.122500 0.952500 0.022500 0.007500
6 0.200000 0.996250 0.015000 0.007500
6 0.197500 0.986250 0.015000 0.007500
6 0.195000 0.976250 0.020000 0.010000
6 0.191250 0.966250 0.020000 0.010000
6 0.190000 0.955000 0.020000 0.010000
6 0.188750 0.943750 0.017500 0.010000
6 0.183750 0.936250 0.017500 0.010000
6 0.183750 0.925000 0.022500 0.010000
6 0.178750 0.903750 0.017500 0.010000
6 0.246250 0.996250 0.020000 0.007500
6 0.242500 0.990000 0.020000 0.007500
6 0.240000 0.981250 0.017500 0.010000
6 0.238750 0.967500 0.020000 0.007500
6 0.235000 0.956250 0.020000 0.010000
6 0.235000 0.947500 0.020000 0.010000
6 0.221250 0.893750 0.015000 0.007500
6 0.216250 0.875000 0.020000 0.010000
6 0.016250 0.602500 0.017500 0.012500
6 0.135000 0.546250 0.017500 0.012500
6 0.107500 0.563750 0.015000 0.012500
6 0.056250 0.492500 0.017500 0.010000
6 0.133750 0.438750 0.007500 0.012500
6 0.057500 0.258750 0.010000 0.017500
6 0.118750 0.363750 0.015000 0.015000
6 0.150000 0.428750 0.012500 0.015000
6 0.162500 0.420000 0.010000 0.015000
6 0.197500 0.397500 0.020000 0.015000
6 0.176250 0.408750 0.015000 0.015000
6 0.216250 0.383750 0.017500 0.012500
6 0.232500 0.373750 0.015000 0.010000
6 0.308750 0.343750 0.017500 0.010000
6 0.265000 0.361250 0.015000 0.010000
6 0.283750 0.352500 0.020000 0.012500
6 0.693750 0.145000 0.017500 0.012500
6 0.510000 0.170000 0.017500 0.012500
6 0.530000 0.213750 0.015000 0.012500
6 0.487500 0.188750 0.015000 0.015000
6 0.471250 0.198750 0.017500 0.012500
6 0.462500 0.206250 0.017500 0.015000
6 0.452500 0.212500 0.015000 0.012500
6 0.475000 0.246250 0.017500 0.015000
6 0.467500 0.252500 0.015000 0.012500
6 0.457500 0.260000 0.015000 0.012500
6 0.425000 0.227500 0.012500 0.012500
6 0.412500 0.232500 0.015000 0.012500
6 0.410000 0.272500 0.017500 0.010000
6 0.391250 0.282500 0.015000 0.010000
6 0.435000 0.272500 0.017500 0.015000
6 0.445000 0.266250 0.017500 0.017500
6 0.402500 0.242500 0.015000 0.017500
6 0.390000 0.248750 0.012500 0.012500
6 0.381250 0.253750 0.015000 0.015000
6 0.308750 0.273750 0.012500 0.012500
6 0.403750 0.211250 0.017500 0.012500
6 0.377500 0.231250 0.015000 0.012500
6 0.368750 0.237500 0.015000 0.012500
6 0.360000 0.242500 0.015000 0.012500
6 0.350000 0.245000 0.017500 0.015000
6 0.328750 0.258750 0.020000 0.017500
6 0.338750 0.251250 0.015000 0.012500
6 0.440000 0.116250 0.017500 0.012500
6 0.425000 0.152500 0.015000 0.015000
6 0.383750 0.151250 0.015000 0.012500
6 0.403750 0.165000 0.012500 0.010000
6 0.366250 0.162500 0.015000 0.012500
6 0.382500 0.177500 0.017500 0.012500
6 0.370000 0.185000 0.015000 0.012500
6 0.355000 0.167500 0.012500 0.010000
6 0.348750 0.175000 0.015000 0.010000
6 0.361250 0.192500 0.017500 0.012500
6 0.338750 0.180000 0.015000 0.012500
6 0.351250 0.197500 0.015000 0.012500
6 0.328750 0.185000 0.017500 0.015000
6 0.341250 0.202500 0.010000 0.010000
6 0.321250 0.191250 0.015000 0.012500
6 0.333750 0.207500 0.012500 0.012500
6 0.323750 0.215000 0.017500 0.015000
6 0.311250 0.197500 0.015000 0.015000
6 0.315000 0.220000 0.015000 0.012500
6 0.301250 0.202500 0.015000 0.015000
6 0.292500 0.210000 0.015000 0.010000
6 0.301250 0.226250 0.015000 0.012500
6 0.265000 0.223750 0.017500 0.015000
6 0.278750 0.237500 0.015000 0.012500
6 0.293750 0.231250 0.017500 0.015000
6 0.278750 0.215000 0.012500 0.010000
6 0.516250 0.220000 0.015000 0.015000
6 0.413750 0.160000 0.017500 0.015000
6 0.393750 0.146250 0.017500 0.015000
6 0.408750 0.135000 0.015000 0.015000
6 0.358750 0.057500 0.017500 0.007500
6 0.493750 0.051250 0.017500 0.012500
6 0.387500 0.100000 0.017500 0.017500
6 0.372500 0.082500 0.015000 0.012500
6 0.355000 0.093750 0.017500 0.015000
6 0.290000 0.291250 0.015000 0.012500
6 0.256250 0.255000 0.012500 0.012500
6 0.243750 0.242500 0.015000 0.012500
6 0.075000 0.235000 0.015000 0.007500
6 0.078750 0.215000 0.015000 0.010000
6 0.065000 0.195000 0.007500 0.010000
6 0.031250 0.255000 0.012500 0.012500
6 0.008750 0.267500 0.015000 0.015000
6 0.216250 0.208750 0.015000 0.012500
6 0.202500 0.195000 0.015000 0.012500
6 0.236250 0.192500 0.012500 0.012500
6 0.363750 0.115000 0.015000 0.012500
6 0.355000 0.120000 0.012500 0.012500
6 0.336250 0.130000 0.012500 0.012500
6 0.330000 0.136250 0.017500 0.015000
6 0.320000 0.142500 0.012500 0.010000
6 0.311250 0.146250 0.015000 0.012500
6 0.301250 0.152500 0.015000 0.015000
6 0.292500 0.158750 0.015000 0.015000
6 0.283750 0.162500 0.012500 0.010000
6 0.247500 0.182500 0.010000 0.010000
6 0.255000 0.178750 0.012500 0.012500
6 0.263750 0.176250 0.010000 0.010000
6 0.273750 0.170000 0.017500 0.015000
6 0.336250 0.106250 0.017500 0.015000
6 0.327500 0.112500 0.015000 0.012500
6 0.320000 0.116250 0.015000 0.015000
6 0.290000 0.113750 0.020000 0.010000
6 0.291250 0.080000 0.012500 0.010000
6 0.278750 0.087500 0.012500 0.012500
6 0.272500 0.095000 0.015000 0.012500
6 0.226250 0.098750 0.012500 0.012500
6 0.252500 0.107500 0.015000 0.012500
6 0.243750 0.112500 0.015000 0.012500
6 0.232500 0.118750 0.010000 0.012500
6 0.223750 0.125000 0.010000 0.012500
6 0.223750 0.176250 0.015000 0.012500
6 0.238750 0.165000 0.015000 0.012500
6 0.248750 0.161250 0.015000 0.010000
6 0.256250 0.156250 0.015000 0.010000
6 0.265000 0.150000 0.015000 0.015000
6 0.275000 0.143750 0.017500 0.015000
6 0.293750 0.130000 0.017500 0.015000
6 0.193750 0.142500 0.012500 0.015000
6 0.180000 0.127500 0.015000 0.010000
6 0.168750 0.156250 0.017500 0.015000
6 0.157500 0.143750 0.015000 0.012500
6 0.146250 0.131250 0.012500 0.010000
6 0.123750 0.095000 0.020000 0.015000
6 0.475000 0.083750 0.035000 0.020000
6 0.461250 0.135000 0.020000 0.020000
6 0.692500 0.102500 0.070000 0.015000
6 0.771250 0.096250 0.017500 0.012500
6 0.810000 0.087500 0.060000 0.042500
6 0.858750 0.067500 0.032500 0.020000
6 0.847500 0.047500 0.012500 0.010000
6 0.880000 0.022500 0.017500 0.012500
6 0.042500 0.162500 0.030000 0.017500
6 0.161250 0.520000 0.027500 0.032500
6 0.241250 0.548750 0.027500 0.020000
6 0.271250 0.527500 0.025000 0.022500
6 0.367500 0.395000 0.045000 0.030000
6 0.417500 0.298750 0.045000 0.020000
6 0.698750 0.855000 0.007500 0.012500
6 0.692500 0.638750 0.017500 0.020000
6 0.056250 0.291250 0.015000 0.015000
6 0.777500 0.362500 0.045000 0.052500
6 0.033750 0.105000 0.045000 0.045000
6 0.076250 0.138750 0.050000 0.032500
6 0.407500 0.373750 0.035000 0.025000
6 0.343750 0.442500 0.022500 0.022500
6 0.655000 0.177500 0.035000 0.025000
6 0.636250 0.206250 0.032500 0.027500
6 0.543750 0.166250 0.017500 0.025000
6 0.527500 0.116250 0.037500 0.035000
