6 0.876250 0.016250 0.020000 0.012500
6 0.932500 0.030000 0.012500 0.010000
6 0.967500 0.106250 0.015000 0.007500
6 0.153750 0.402500 0.015000 0.012500
6 0.062500 0.493750 0.015000 0.010000
6 0.185000 0.258750 0.027500 0.010000
6 0.177500 0.245000 0.020000 0.007500
6 0.127500 0.228750 0.017500 0.010000
6 0.053750 0.195000 0.022500 0.010000
6 0.001250 0.176250 0.017500 0.007500
6 0.310000 0.661250 0.015000 0.015000
6 0.170000 0.568750 0.010000 0.012500
6 0.166250 0.546250 0.020000 0.010000
6 0.028750 0.512500 0.015000 0.015000
6 0.140000 0.527500 0.015000 0.007500
6 0.137500 0.512500 0.012500 0.010000
6 0.027500 0.527500 0.015000 0.010000
6 0.590000 0.033750 0.015000 0.010000
6 0.951250 0.046250 0.017500 0.017500
6 0.925000 0.058750 0.020000 0.015000
6 0.721250 0.068750 0.017500 0.017500
6 0.685000 0.030000 0.022500 0.020000
6 0.422500 0.030000 0.017500 0.020000
6 0.307500 0.107500 0.012500 0.012500
6 0.556250 0.092500 0.020000 0.010000
6 0.215000 0.062500 0.012500 0.010000
