6 0.791250 0.722500 0.015000 0.015000
6 0.783750 0.750000 0.015000 0.017500
6 0.812500 0.800000 0.012500 0.017500
6 0.795000 0.780000 0.012500 0.015000
6 0.798750 0.797500 0.015000 0.020000
6 0.516250 0.793750 0.012500 0.022500
6 0.506250 0.761250 0.012500 0.017500
6 0.306250 0.846250 0.015000 0.020000
6 0.006250 0.486250 0.017500 0.017500
6 0.006250 0.511250 0.015000 0.015000
6 0.061250 0.520000 0.015000 0.017500
6 0.092500 0.486250 0.012500 0.015000
6 0.058750 0.472500 0.010000 0.017500
6 0.096250 0.432500 0.012500 0.012500
6 0.095000 0.452500 0.015000 0.015000
6 0.222500 0.388750 0.015000 0.017500
6 0.215000 0.362500 0.017500 0.017500
6 0.198750 0.711250 0.012500 0.015000
6 0.022500 0.607500 0.015000 0.015000
6 0.006250 0.626250 0.012500 0.015000
6 0.486250 0.006250 0.012500 0.012500
6 0.185000 0.276250 0.020000 0.015000
6 0.438750 0.075000 0.015000 0.007500
6 0.460000 0.085000 0.015000 0.012500
6 0.380000 0.061250 0.012500 0.012500
6 0.395000 0.052500 0.010000 0.012500
6 0.358750 0.091250 0.012500 0.015000
6 0.522500 0.106250 0.020000 0.012500
6 0.467500 0.066250 0.020000 0.010000
6 0.570000 0.143750 0.017500 0.010000
6 0.940000 0.135000 0.020000 0.010000
6 0.551250 0.417500 0.010000 0.010000
6 0.216250 0.108750 0.015000 0.010000
6 0.108750 0.057500 0.017500 0.012500
6 0.186250 0.086250 0.017500 0.015000
6 0.886250 0.943750 0.010000 0.012500
