6 0.791250 0.862500 0.015000 0.015000
6 0.783750 0.890000 0.015000 0.017500
6 0.812500 0.940000 0.012500 0.017500
6 0.795000 0.920000 0.012500 0.015000
6 0.798750 0.937500 0.015000 0.020000
6 0.516250 0.933750 0.012500 0.022500
6 0.506250 0.901250 0.012500 0.017500
6 0.306250 0.986250 0.015000 0.020000
6 0.006250 0.626250 0.017500 0.017500
6 0.006250 0.651250 0.015000 0.015000
6 0.061250 0.660000 0.015000 0.017500
6 0.092500 0.626250 0.012500 0.015000
6 0.058750 0.612500 0.010000 0.017500
6 0.096250 0.572500 0.012500 0.012500
6 0.095000 0.592500 0.015000 0.015000
6 0.222500 0.528750 0.015000 0.017500
6 0.215000 0.502500 0.017500 0.017500
6 0.198750 0.851250 0.012500 0.015000
6 0.022500 0.747500 0.015000 0.015000
6 0.006250 0.766250 0.012500 0.015000
6 0.893750 0.033750 0.017500 0.012500
6 0.693750 0.128750 0.017500 0.010000
6 0.486250 0.146250 0.012500 0.012500
6 0.185000 0.416250 0.020000 0.015000
6 0.438750 0.215000 0.015000 0.007500
6 0.460000 0.225000 0.015000 0.012500
6 0.380000 0.201250 0.012500 0.012500
6 0.395000 0.192500 0.010000 0.012500
6 0.358750 0.231250 0.012500 0.015000
6 0.522500 0.246250 0.020000 0.012500
6 0.467500 0.206250 0.020000 0.010000
6 0.792500 0.133750 0.010000 0.015000
6 0.570000 0.283750 0.017500 0.010000
6 0.940000 0.275000 0.020000 0.010000
6 0.965000 0.101250 0.017500 0.015000
6 0.551250 0.557500 0.010000 0.010000
6 0.216250 0.248750 0.015000 0.010000
6 0.108750 0.197500 0.017500 0.012500
6 0.186250 0.226250 0.017500 0.015000
6 0.543750 0.080000 0.010000 0.015000
6 0.531250 0.070000 0.010000 0.017500
