6 0.296250 0.187500 0.015000 0.022500
6 0.273750 0.111250 0.022500 0.022500
6 0.312500 0.190000 0.012500 0.022500
6 0.327500 0.192500 0.012500 0.022500
6 0.573750 0.320000 0.010000 0.020000
6 0.578750 0.536250 0.012500 0.022500
6 0.490000 0.422500 0.025000 0.010000
6 0.491250 0.410000 0.025000 0.010000
6 0.473750 0.517500 0.017500 0.007500
6 0.485000 0.448750 0.015000 0.007500
6 0.677500 0.341250 0.017500 0.010000
6 0.605000 0.332500 0.030000 0.010000
6 0.300000 0.266250 0.010000 0.005000
6 0.660000 0.307500 0.072500 0.027500
6 0.511250 0.440000 0.035000 0.012500
6 0.241250 0.198750 0.020000 0.050000
6 0.652500 0.002500 0.020000 0.040000
6 0.476250 0.505000 0.027500 0.012500
