6 0.211250 0.038750 0.022500 0.020000
6 0.218750 0.033750 0.017500 0.020000
6 0.228750 0.030000 0.020000 0.022500
6 0.237500 0.026250 0.020000 0.025000
6 0.246250 0.020000 0.017500 0.017500
6 0.256250 0.015000 0.017500 0.020000
6 0.270000 0.018750 0.015000 0.025000
6 0.273750 0.003750 0.012500 0.012500
6 0.282500 0.018750 0.017500 0.020000
6 0.290000 0.011250 0.015000 0.017500
6 0.307500 0.000000 0.017500 0.025000
6 0.333750 0.016250 0.030000 0.020000
6 0.002500 0.163750 0.022500 0.015000
6 0.011250 0.155000 0.027500 0.017500
6 0.021250 0.147500 0.022500 0.012500
6 0.031250 0.142500 0.025000 0.017500
6 0.042500 0.136250 0.022500 0.015000
6 0.052500 0.130000 0.020000 0.015000
6 0.063750 0.126250 0.020000 0.015000
6 0.073750 0.117500 0.022500 0.015000
6 0.081250 0.083750 0.017500 0.020000
6 0.067500 0.087500 0.017500 0.020000
6 0.042500 0.103750 0.020000 0.020000
6 0.087500 0.111250 0.025000 0.017500
6 0.166250 0.060000 0.017500 0.022500
6 0.381250 0.603750 0.012500 0.022500
6 0.370000 0.633750 0.017500 0.012500
6 0.375000 0.652500 0.010000 0.015000
6 0.365000 0.652500 0.010000 0.015000
6 0.371250 0.671250 0.012500 0.017500
6 0.356250 0.710000 0.012500 0.022500
6 0.371250 0.758750 0.017500 0.022500
6 0.572500 0.853750 0.025000 0.015000
6 0.605000 0.746250 0.015000 0.022500
6 0.476250 0.861250 0.012500 0.007500
6 0.521250 0.868750 0.022500 0.012500
6 0.720000 0.145000 0.012500 0.020000
6 0.701250 0.076250 0.012500 0.022500
6 0.736250 0.041250 0.012500 0.020000
6 0.930000 0.078750 0.010000 0.020000
6 0.463750 0.861250 0.017500 0.010000
6 0.948750 0.145000 0.012500 0.027500
6 0.336250 0.188750 0.010000 0.025000
6 0.240000 0.053750 0.020000 0.015000
6 0.792500 0.881250 0.027500 0.015000
6 0.893750 0.893750 0.020000 0.010000
6 0.956250 0.901250 0.015000 0.010000
6 0.950000 0.928750 0.022500 0.015000
6 0.847500 0.658750 0.012500 0.020000
6 0.855000 0.793750 0.012500 0.025000
6 0.827500 0.877500 0.012500 0.027500
6 0.708750 0.897500 0.027500 0.015000
6 0.887500 0.570000 0.012500 0.027500
6 0.980000 0.935000 0.022500 0.022500
6 0.585000 0.423750 0.032500 0.015000
6 0.910000 0.417500 0.012500 0.017500
6 0.691250 0.197500 0.012500 0.020000
6 0.600000 0.787500 0.010000 0.022500
6 0.905000 0.910000 0.022500 0.010000
6 0.660000 0.568750 0.012500 0.020000
6 0.667500 0.867500 0.025000 0.010000
6 0.470000 0.143750 0.010000 0.017500
6 0.927500 0.100000 0.005000 0.020000
6 0.917500 0.376250 0.017500 0.032500
6 0.411250 0.566250 0.015000 0.022500
6 0.632500 0.572500 0.012500 0.015000
6 0.687500 0.361250 0.010000 0.015000
6 0.828750 0.927500 0.042500 0.042500
6 0.436250 0.140000 0.012500 0.025000
6 0.637500 0.522500 0.012500 0.022500
6 0.581250 0.452500 0.022500 0.012500
6 0.396250 0.658750 0.012500 0.025000
6 0.377500 0.572500 0.015000 0.010000
6 0.918750 0.151250 0.012500 0.017500
6 0.177500 0.056250 0.010000 0.017500
6 0.657500 0.383750 0.012500 0.020000
6 0.576250 0.948750 0.010000 0.017500
6 0.668750 0.301250 0.010000 0.015000
6 0.775000 0.301250 0.025000 0.010000
6 0.917500 0.176250 0.012500 0.022500
6 0.571250 0.977500 0.010000 0.020000
6 0.892500 0.362500 0.007500 0.022500
6 0.835000 0.283750 0.010000 0.017500
6 0.783750 0.287500 0.022500 0.017500
6 0.128750 0.051250 0.020000 0.027500
6 0.358750 0.692500 0.022500 0.010000
6 0.596250 0.816250 0.012500 0.025000
6 0.415000 0.293750 0.015000 0.017500
6 0.652500 0.608750 0.017500 0.017500
6 0.698750 0.467500 0.025000 0.010000
6 0.587500 0.977500 0.012500 0.020000
6 0.410000 0.327500 0.020000 0.022500
6 0.821250 0.482500 0.030000 0.010000
6 0.541250 0.446250 0.022500 0.015000
6 0.683750 0.213750 0.007500 0.020000
6 0.758750 0.035000 0.020000 0.010000
6 0.401250 0.641250 0.015000 0.020000
6 0.426250 0.376250 0.030000 0.035000
6 0.702500 0.057500 0.010000 0.025000
6 0.911250 0.210000 0.012500 0.025000
6 0.903750 0.268750 0.010000 0.022500
6 0.633750 0.553750 0.017500 0.015000
6 0.627500 0.593750 0.012500 0.020000
6 0.451250 0.408750 0.027500 0.015000
6 0.710000 0.872500 0.022500 0.012500
6 0.868750 0.515000 0.017500 0.027500
6 0.615000 0.708750 0.012500 0.027500
6 0.920000 0.132500 0.012500 0.020000
6 0.680000 0.896250 0.022500 0.015000
6 0.431250 0.165000 0.012500 0.015000
6 0.735000 0.875000 0.022500 0.007500
6 0.887500 0.340000 0.020000 0.010000
6 0.361250 0.672500 0.012500 0.022500
6 0.843750 0.691250 0.015000 0.025000
6 0.428750 0.203750 0.012500 0.020000
6 0.822500 0.847500 0.012500 0.022500
6 0.862500 0.548750 0.010000 0.025000
6 0.638750 0.720000 0.015000 0.012500
6 0.953750 0.121250 0.017500 0.022500
6 0.906250 0.023750 0.020000 0.007500
6 0.602500 0.771250 0.012500 0.015000
6 0.308750 0.290000 0.015000 0.022500
6 0.928750 0.313750 0.015000 0.015000
6 0.582500 0.897500 0.027500 0.032500
6 0.898750 0.288750 0.012500 0.022500
6 0.666250 0.515000 0.012500 0.020000
6 0.591250 0.835000 0.015000 0.017500
6 0.685000 0.386250 0.015000 0.017500
6 0.685000 0.025000 0.020000 0.007500
6 0.468750 0.411250 0.017500 0.012500
6 0.386250 0.505000 0.017500 0.017500
6 0.160000 0.033750 0.017500 0.017500
6 0.835000 0.763750 0.012500 0.022500
6 0.417500 0.242500 0.007500 0.015000
6 0.671250 0.492500 0.017500 0.020000
6 0.927500 0.912500 0.022500 0.010000
6 0.762500 0.906250 0.022500 0.012500
6 0.116250 0.021250 0.032500 0.017500
6 0.426250 0.225000 0.010000 0.015000
6 0.718750 0.063750 0.010000 0.020000
6 0.872500 0.907500 0.022500 0.017500
6 0.150000 0.040000 0.015000 0.025000
6 0.405000 0.353750 0.015000 0.025000
6 0.950000 0.915000 0.022500 0.012500
6 0.922500 0.898750 0.020000 0.010000
6 0.115000 0.001250 0.010000 0.017500
6 0.152500 0.073750 0.015000 0.020000
6 0.892500 0.327500 0.020000 0.012500
6 0.941250 0.201250 0.017500 0.020000
6 0.140000 0.041250 0.017500 0.025000
6 0.101250 0.000000 0.015000 0.017500
