6 0.528750 0.063750 0.012500 0.027500
6 0.533750 0.030000 0.012500 0.020000
6 0.722500 0.101250 0.017500 0.025000
6 0.715000 0.142500 0.017500 0.027500
6 0.718750 0.325000 0.012500 0.022500
6 0.096250 0.761250 0.010000 0.017500
6 0.121250 0.773750 0.017500 0.007500
6 0.095000 0.786250 0.020000 0.012500
6 0.093750 0.800000 0.022500 0.012500
6 0.093750 0.812500 0.022500 0.012500
6 0.086250 0.842500 0.020000 0.012500
6 0.090000 0.832500 0.020000 0.010000
6 0.092500 0.822500 0.020000 0.012500
6 0.368750 0.982500 0.012500 0.017500
6 0.403750 0.958750 0.010000 0.015000
6 0.401250 0.981250 0.012500 0.022500
6 0.391250 0.811250 0.010000 0.017500
6 0.388750 0.828750 0.010000 0.015000
6 0.356250 0.623750 0.017500 0.007500
6 0.207500 0.566250 0.010000 0.022500
6 0.230000 0.558750 0.017500 0.010000
6 0.228750 0.568750 0.017500 0.010000
6 0.228750 0.577500 0.017500 0.010000
6 0.086250 0.853750 0.022500 0.010000
6 0.525000 0.093750 0.010000 0.022500
6 0.521250 0.127500 0.012500 0.020000
6 0.095000 0.772500 0.022500 0.010000
6 0.002500 0.340000 0.015000 0.010000
6 0.076250 0.573750 0.010000 0.027500
6 0.193750 0.001250 0.017500 0.017500
6 0.157500 0.221250 0.012500 0.025000
6 0.293750 0.031250 0.015000 0.022500
6 0.478750 0.192500 0.017500 0.022500
6 0.537500 0.011250 0.012500 0.017500
6 0.127500 0.720000 0.017500 0.007500
6 0.101250 0.726250 0.010000 0.017500
6 0.155000 0.577500 0.012500 0.015000
6 0.183750 0.491250 0.010000 0.017500
6 0.286250 0.518750 0.010000 0.020000
6 0.452500 0.376250 0.012500 0.017500
6 0.501250 0.268750 0.007500 0.015000
6 0.110000 0.851250 0.025000 0.012500
6 0.428750 0.515000 0.025000 0.035000
6 0.623750 0.788750 0.012500 0.015000
6 0.620000 0.805000 0.015000 0.015000
6 0.630000 0.746250 0.025000 0.027500
6 0.606250 0.520000 0.025000 0.007500
6 0.101250 0.743750 0.010000 0.012500
6 0.148750 0.620000 0.015000 0.020000
6 0.501250 0.050000 0.015000 0.020000
6 0.701250 0.253750 0.010000 0.020000
6 0.206250 0.631250 0.015000 0.022500
6 0.493750 0.093750 0.012500 0.020000
6 0.681250 0.520000 0.015000 0.020000
6 0.856250 0.786250 0.010000 0.020000
6 0.125000 0.730000 0.020000 0.010000
6 0.640000 0.673750 0.010000 0.020000
6 0.422500 0.817500 0.017500 0.027500
6 0.967500 0.016250 0.017500 0.017500
6 0.637500 0.940000 0.012500 0.022500
6 0.726250 0.243750 0.007500 0.015000
6 0.772500 0.576250 0.020000 0.007500
6 0.128750 0.700000 0.022500 0.012500
6 0.143750 0.655000 0.010000 0.015000
6 0.285000 0.548750 0.027500 0.015000
6 0.316250 0.526250 0.012500 0.022500
6 0.727500 0.061250 0.012500 0.022500
6 0.145000 0.637500 0.010000 0.015000
6 0.622500 0.908750 0.015000 0.025000
6 0.437500 0.697500 0.012500 0.025000
6 0.495000 0.072500 0.017500 0.020000
6 0.615000 0.837500 0.015000 0.020000
6 0.176250 0.952500 0.015000 0.017500
6 0.125000 0.635000 0.010000 0.020000
6 0.747500 0.087500 0.012500 0.022500
6 0.067500 0.978750 0.022500 0.012500
6 0.167500 0.656250 0.012500 0.022500
6 0.941250 0.191250 0.007500 0.022500
6 0.081250 0.863750 0.030000 0.012500
6 0.117500 0.605000 0.007500 0.020000
6 0.912500 0.388750 0.010000 0.020000
6 0.420000 0.601250 0.010000 0.017500
6 0.172500 0.631250 0.012500 0.022500
6 0.270000 0.457500 0.015000 0.007500
6 0.310000 0.465000 0.020000 0.012500
6 0.100000 0.897500 0.032500 0.010000
6 0.157500 0.556250 0.012500 0.022500
6 0.642500 0.898750 0.012500 0.020000
6 0.151250 0.601250 0.010000 0.017500
6 0.132500 0.582500 0.012500 0.025000
6 0.193750 0.503750 0.012500 0.020000
6 0.741250 0.535000 0.020000 0.010000
6 0.103750 0.707500 0.012500 0.017500
6 0.496250 0.305000 0.010000 0.017500
6 0.453750 0.356250 0.020000 0.015000
6 0.652500 0.827500 0.012500 0.017500
6 0.882500 0.813750 0.010000 0.027500
6 0.860000 0.595000 0.020000 0.010000
6 0.047500 0.682500 0.010000 0.017500
6 0.291250 0.461250 0.017500 0.007500
6 0.457500 0.338750 0.012500 0.020000
6 0.457500 0.321250 0.015000 0.012500
6 0.938750 0.215000 0.012500 0.015000
6 0.682500 0.560000 0.022500 0.022500
6 0.606250 0.506250 0.022500 0.010000
6 0.870000 0.675000 0.022500 0.025000
6 0.883750 0.783750 0.015000 0.017500
6 0.896250 0.701250 0.012500 0.017500
6 0.080000 0.880000 0.012500 0.017500
6 0.553750 0.498750 0.017500 0.007500
6 0.636250 0.711250 0.012500 0.017500
6 0.425000 0.656250 0.010000 0.020000
6 0.105000 0.878750 0.025000 0.012500
6 0.398750 0.757500 0.012500 0.017500
6 0.861250 0.751250 0.012500 0.020000
6 0.127500 0.603750 0.010000 0.015000
6 0.607500 0.546250 0.022500 0.010000
6 0.516250 0.157500 0.015000 0.017500
6 0.907500 0.415000 0.012500 0.017500
6 0.918750 0.343750 0.010000 0.015000
6 0.900000 0.557500 0.020000 0.027500
6 0.293750 0.451250 0.020000 0.010000
6 0.647500 0.620000 0.010000 0.020000
6 0.636250 0.692500 0.010000 0.017500
6 0.847500 0.847500 0.010000 0.020000
6 0.140000 0.882500 0.017500 0.025000
6 0.996250 0.576250 0.022500 0.015000
6 0.310000 0.558750 0.025000 0.017500
6 0.412500 0.473750 0.022500 0.010000
6 0.687500 0.595000 0.015000 0.022500
6 0.435000 0.737500 0.015000 0.027500
6 0.691250 0.311250 0.015000 0.022500
6 0.108750 0.758750 0.010000 0.017500
6 0.123750 0.561250 0.010000 0.017500
6 0.178750 0.610000 0.012500 0.020000
6 0.657500 0.660000 0.010000 0.020000
6 0.456250 0.582500 0.012500 0.022500
6 0.632500 0.970000 0.010000 0.025000
6 0.447500 0.638750 0.010000 0.020000
6 0.076250 0.900000 0.012500 0.020000
6 0.656250 0.808750 0.015000 0.020000
6 0.840000 0.550000 0.020000 0.007500
6 0.122500 0.742500 0.017500 0.010000
6 0.305000 0.523750 0.010000 0.022500
6 0.463750 0.306250 0.012500 0.017500
6 0.865000 0.926250 0.015000 0.027500
6 0.683750 0.376250 0.012500 0.017500
6 0.666250 0.626250 0.005000 0.015000
6 0.071250 0.953750 0.027500 0.015000
6 0.105000 0.688750 0.012500 0.017500
6 0.877500 0.637500 0.015000 0.020000
6 0.983750 0.613750 0.020000 0.015000
6 0.307500 0.496250 0.017500 0.007500
6 0.121250 0.653750 0.012500 0.020000
6 0.917500 0.536250 0.012500 0.025000
6 0.840000 0.908750 0.017500 0.022500
6 0.452500 0.521250 0.010000 0.017500
6 0.198750 0.562500 0.010000 0.017500
6 0.178750 0.476250 0.010000 0.017500
6 0.498750 0.286250 0.012500 0.020000
6 0.907500 0.435000 0.017500 0.017500
6 0.443750 0.577500 0.010000 0.027500
6 0.868750 0.702500 0.010000 0.017500
6 0.371250 0.963750 0.010000 0.017500
6 0.148750 0.815000 0.012500 0.020000
6 0.183750 0.562500 0.010000 0.022500
6 0.121250 0.583750 0.010000 0.017500
6 0.131250 0.503750 0.010000 0.017500
6 0.585000 0.543750 0.022500 0.010000
6 0.510000 0.195000 0.017500 0.020000
6 0.958750 0.055000 0.012500 0.022500
6 0.405000 0.897500 0.010000 0.020000
6 0.653750 0.577500 0.010000 0.020000
6 0.630000 0.550000 0.020000 0.010000
6 0.445000 0.438750 0.027500 0.027500
6 0.130000 0.686250 0.020000 0.012500
6 0.252500 0.517500 0.012500 0.022500
6 0.101250 0.911250 0.032500 0.015000
6 0.122500 0.793750 0.015000 0.025000
6 0.521250 0.502500 0.032500 0.012500
6 0.853750 0.555000 0.030000 0.012500
6 0.563750 0.538750 0.017500 0.010000
