6 0.861250 0.770000 0.027500 0.020000
6 0.860000 0.796250 0.022500 0.020000
6 0.867500 0.802500 0.017500 0.015000
6 0.873750 0.810000 0.022500 0.020000
6 0.908750 0.847500 0.020000 0.020000
6 0.873750 0.720000 0.020000 0.012500
6 0.930000 0.778750 0.025000 0.015000
6 0.740000 0.666250 0.022500 0.015000
6 0.781250 0.626250 0.017500 0.022500
6 0.701250 0.450000 0.025000 0.015000
6 0.601250 0.371250 0.017500 0.015000
6 0.097500 0.360000 0.012500 0.015000
6 0.452500 0.358750 0.020000 0.012500
6 0.465000 0.397500 0.020000 0.012500
6 0.311250 0.133750 0.015000 0.017500
6 0.955000 0.735000 0.017500 0.010000
6 0.601250 0.415000 0.020000 0.015000
6 0.116250 0.187500 0.020000 0.012500
6 0.238750 0.067500 0.020000 0.010000
6 0.962500 0.873750 0.025000 0.022500
6 0.878750 0.660000 0.015000 0.020000
6 0.230000 0.143750 0.017500 0.017500
6 0.398750 0.170000 0.017500 0.017500
6 0.132500 0.075000 0.025000 0.022500
6 0.690000 0.436250 0.020000 0.015000
6 0.137500 0.257500 0.020000 0.012500
6 0.213750 0.132500 0.022500 0.015000
6 0.191250 0.017500 0.020000 0.020000
6 0.916250 0.762500 0.017500 0.012500
6 0.541250 0.296250 0.012500 0.015000
6 0.058750 0.073750 0.012500 0.017500
6 0.926250 0.868750 0.020000 0.025000
6 0.123750 0.976250 0.017500 0.027500
6 0.947500 0.890000 0.015000 0.015000
6 0.987500 0.765000 0.015000 0.012500
6 0.793750 0.655000 0.020000 0.015000
6 0.670000 0.441250 0.017500 0.020000
6 0.385000 0.312500 0.020000 0.012500
6 0.150000 0.240000 0.012500 0.020000
6 0.343750 0.190000 0.015000 0.020000
6 0.217500 0.301250 0.015000 0.025000
6 0.573750 0.592500 0.017500 0.012500
6 0.578750 0.601250 0.015000 0.012500
6 0.710000 0.650000 0.017500 0.020000
6 0.193750 0.243750 0.012500 0.025000
6 0.908750 0.751250 0.017500 0.015000
6 0.850000 0.675000 0.012500 0.017500
6 0.613750 0.387500 0.017500 0.017500
6 0.635000 0.452500 0.017500 0.012500
6 0.445000 0.378750 0.017500 0.010000
6 0.505000 0.333750 0.020000 0.012500
6 0.292500 0.123750 0.022500 0.017500
6 0.577500 0.325000 0.012500 0.015000
6 0.500000 0.428750 0.022500 0.010000
6 0.536250 0.532500 0.017500 0.017500
6 0.357500 0.177500 0.012500 0.017500
6 0.312500 0.065000 0.025000 0.020000
6 0.893750 0.833750 0.022500 0.015000
6 0.798750 0.676250 0.017500 0.022500
6 0.812500 0.625000 0.020000 0.020000
6 0.616250 0.363750 0.012500 0.012500
6 0.417500 0.411250 0.020000 0.017500
6 0.055000 0.137500 0.017500 0.010000
6 0.305000 0.086250 0.012500 0.020000
6 0.522500 0.286250 0.017500 0.017500
6 0.378750 0.302500 0.017500 0.012500
6 0.598750 0.546250 0.017500 0.010000
6 0.110000 0.236250 0.012500 0.017500
6 0.466250 0.206250 0.020000 0.022500
6 0.271250 0.023750 0.020000 0.020000
6 0.871250 0.112500 0.017500 0.017500
6 0.963750 0.743750 0.015000 0.015000
6 0.921250 0.743750 0.015000 0.015000
6 0.815000 0.606250 0.020000 0.015000
6 0.458750 0.370000 0.022500 0.015000
6 0.182500 0.260000 0.022500 0.012500
6 0.123750 0.242500 0.015000 0.022500
6 0.093750 0.227500 0.020000 0.012500
6 0.281250 0.083750 0.025000 0.022500
6 0.056250 0.112500 0.020000 0.015000
6 0.538750 0.275000 0.012500 0.017500
6 0.176250 0.113750 0.015000 0.020000
6 0.923750 0.768750 0.017500 0.012500
6 0.416250 0.355000 0.017500 0.015000
6 0.311250 0.217500 0.020000 0.020000
6 0.332500 0.168750 0.017500 0.017500
6 0.442500 0.957500 0.017500 0.020000
6 0.412500 0.341250 0.020000 0.012500
6 0.530000 0.320000 0.015000 0.020000
6 0.048750 0.158750 0.022500 0.017500
6 0.435000 0.168750 0.017500 0.017500
6 0.965000 0.810000 0.020000 0.017500
6 0.482500 0.397500 0.017500 0.012500
6 0.170000 0.240000 0.015000 0.022500
6 0.106250 0.096250 0.017500 0.020000
6 0.975000 0.751250 0.020000 0.012500
6 0.647500 0.608750 0.020000 0.017500
6 0.346250 0.341250 0.017500 0.015000
6 0.273750 0.191250 0.015000 0.027500
6 0.162500 0.117500 0.017500 0.017500
6 0.481250 0.971250 0.025000 0.025000
6 0.628750 0.363750 0.022500 0.012500
6 0.055000 0.127500 0.020000 0.012500
6 0.861250 0.710000 0.025000 0.012500
6 0.863750 0.673750 0.015000 0.022500
6 0.813750 0.673750 0.015000 0.015000
6 0.121250 0.153750 0.025000 0.015000
6 0.853750 0.708750 0.015000 0.012500
6 0.745000 0.500000 0.020000 0.015000
6 0.705000 0.625000 0.022500 0.015000
6 0.415000 0.463750 0.022500 0.020000
6 0.372500 0.166250 0.017500 0.020000
6 0.590000 0.347500 0.015000 0.017500
6 0.102500 0.150000 0.022500 0.012500
6 0.126250 0.142500 0.015000 0.007500
6 0.638750 0.388750 0.020000 0.015000
6 0.731250 0.483750 0.015000 0.017500
6 0.101250 0.175000 0.022500 0.015000
6 0.945000 0.786250 0.017500 0.015000
6 0.715000 0.493750 0.017500 0.017500
6 0.423750 0.331250 0.025000 0.012500
6 0.415000 0.150000 0.022500 0.025000
6 0.132500 0.185000 0.017500 0.022500
6 0.612500 0.353750 0.020000 0.012500
6 0.132500 0.130000 0.020000 0.012500
6 0.952500 0.898750 0.017500 0.015000
6 0.697500 0.465000 0.012500 0.012500
6 0.766250 0.522500 0.017500 0.015000
6 0.262500 0.012500 0.017500 0.020000
6 0.812500 0.747500 0.015000 0.020000
6 0.297500 0.230000 0.017500 0.017500
6 0.045000 0.195000 0.022500 0.015000
6 0.113750 0.080000 0.017500 0.015000
6 0.852500 0.788750 0.020000 0.012500
6 0.116250 0.200000 0.022500 0.010000
6 0.045000 0.173750 0.020000 0.017500
