6 0.965000 0.063750 0.017500 0.020000
6 0.908750 0.253750 0.015000 0.020000
6 0.901250 0.276250 0.020000 0.022500
6 0.433750 0.690000 0.022500 0.022500
6 0.202500 0.652500 0.020000 0.027500
6 0.231250 0.327500 0.020000 0.012500
6 0.002500 0.312500 0.030000 0.010000
6 0.136250 0.936250 0.012500 0.022500
6 0.630000 0.041250 0.012500 0.022500
6 0.603750 0.037500 0.012500 0.020000
6 0.747500 0.137500 0.015000 0.022500
6 0.117500 0.853750 0.020000 0.010000
6 0.021250 0.657500 0.012500 0.012500
6 0.103750 0.946250 0.022500 0.015000
6 0.631250 0.752500 0.017500 0.017500
6 0.732500 0.465000 0.017500 0.015000
6 0.815000 0.406250 0.017500 0.022500
6 0.533750 0.613750 0.022500 0.017500
6 0.752500 0.871250 0.025000 0.015000
6 0.181250 0.040000 0.022500 0.017500
6 0.291250 0.351250 0.022500 0.017500
6 0.285000 0.923750 0.012500 0.020000
6 0.116250 0.873750 0.017500 0.010000
6 0.676250 0.341250 0.022500 0.017500
6 0.713750 0.343750 0.022500 0.012500
6 0.442500 0.258750 0.020000 0.015000
6 0.058750 0.331250 0.025000 0.010000
6 0.842500 0.408750 0.022500 0.020000
6 0.331250 0.798750 0.015000 0.015000
6 0.161250 0.872500 0.015000 0.010000
6 0.702500 0.697500 0.015000 0.015000
6 0.376250 0.521250 0.020000 0.017500
6 0.736250 0.343750 0.020000 0.010000
6 0.117500 0.832500 0.017500 0.010000
6 0.058750 0.678750 0.020000 0.020000
6 0.590000 0.785000 0.017500 0.017500
6 0.647500 0.950000 0.022500 0.022500
6 0.830000 0.813750 0.017500 0.017500
6 0.157500 0.288750 0.030000 0.022500
6 0.427500 0.923750 0.017500 0.015000
6 0.550000 0.133750 0.017500 0.020000
6 0.428750 0.001250 0.020000 0.022500
6 0.325000 0.563750 0.017500 0.017500
6 0.112500 0.906250 0.017500 0.012500
6 0.370000 0.835000 0.020000 0.025000
6 0.951250 0.722500 0.020000 0.022500
6 0.463750 0.968750 0.017500 0.017500
6 0.298750 0.943750 0.015000 0.017500
6 0.423750 0.698750 0.022500 0.020000
6 0.740000 0.698750 0.017500 0.017500
6 0.317500 0.963750 0.017500 0.017500
6 0.707500 0.485000 0.025000 0.020000
6 0.506250 0.460000 0.017500 0.017500
6 0.535000 0.362500 0.020000 0.015000
6 0.180000 0.293750 0.017500 0.022500
6 0.685000 0.715000 0.017500 0.017500
6 0.772500 0.861250 0.012500 0.015000
6 0.190000 0.806250 0.017500 0.020000
6 0.097500 0.997500 0.022500 0.015000
6 0.398750 0.898750 0.015000 0.017500
6 0.773750 0.641250 0.022500 0.017500
6 0.473750 0.225000 0.020000 0.017500
6 0.967500 0.710000 0.017500 0.017500
6 0.115000 0.890000 0.020000 0.012500
6 0.272500 0.707500 0.022500 0.020000
6 0.697500 0.913750 0.022500 0.010000
6 0.111250 0.917500 0.017500 0.010000
6 0.957500 0.096250 0.020000 0.027500
6 0.981250 0.490000 0.017500 0.022500
6 0.105000 0.970000 0.022500 0.012500
6 0.760000 0.443750 0.020000 0.017500
6 0.511250 0.995000 0.017500 0.015000
6 0.412500 0.875000 0.015000 0.017500
6 0.102500 0.776250 0.015000 0.022500
6 0.815000 0.613750 0.017500 0.015000
6 0.216250 0.251250 0.017500 0.015000
6 0.577500 0.088750 0.017500 0.020000
