6 0.785000 0.608750 0.012500 0.027500
6 0.753750 0.588750 0.037500 0.015000
6 0.706250 0.585000 0.025000 0.010000
6 0.470000 0.766250 0.015000 0.022500
6 0.493750 0.801250 0.015000 0.020000
6 0.765000 0.818750 0.010000 0.017500
6 0.807500 0.937500 0.022500 0.010000
6 0.588750 0.985000 0.022500 0.012500
6 0.131250 0.841250 0.017500 0.030000
6 0.117500 0.741250 0.020000 0.045000
6 0.126250 0.676250 0.030000 0.070000
6 0.217500 0.591250 0.040000 0.020000
6 0.255000 0.565000 0.037500 0.015000
6 0.028750 0.557500 0.035000 0.012500
6 0.018750 0.580000 0.037500 0.017500
6 0.090000 0.407500 0.025000 0.012500
6 0.121250 0.380000 0.015000 0.022500
6 0.100000 0.460000 0.022500 0.030000
6 0.542500 0.323750 0.042500 0.020000
6 0.546250 0.350000 0.025000 0.012500
6 0.418750 0.318750 0.027500 0.015000
6 0.381250 0.316250 0.022500 0.010000
6 0.443750 0.345000 0.035000 0.022500
6 0.275000 0.312500 0.030000 0.012500
6 0.087500 0.231250 0.020000 0.032500
6 0.332500 0.092500 0.010000 0.020000
6 0.376250 0.092500 0.045000 0.015000
6 0.395000 0.066250 0.022500 0.012500
6 0.437500 0.068750 0.022500 0.010000
6 0.320000 0.093750 0.015000 0.022500
6 0.281250 0.090000 0.042500 0.015000
6 0.797500 0.316250 0.012500 0.027500
6 0.670000 0.105000 0.020000 0.020000
6 0.525000 0.165000 0.025000 0.030000
6 0.140000 0.307500 0.060000 0.022500
6 0.117500 0.171250 0.012500 0.007500
6 0.677500 0.346250 0.022500 0.012500
6 0.765000 0.343750 0.035000 0.015000
6 0.882500 0.077500 0.012500 0.020000
6 0.790000 0.233750 0.010000 0.025000
6 0.776250 0.497500 0.012500 0.022500
6 0.807500 0.105000 0.010000 0.020000
6 0.622500 0.073750 0.020000 0.010000
6 0.696250 0.103750 0.025000 0.010000
6 0.252500 0.058750 0.017500 0.010000
6 0.418750 0.066250 0.017500 0.010000
6 0.516250 0.305000 0.007500 0.015000
6 0.646250 0.358750 0.017500 0.017500
6 0.501250 0.322500 0.015000 0.015000
6 0.570000 0.353750 0.015000 0.017500
6 0.818750 0.512500 0.022500 0.017500
6 0.836250 0.588750 0.020000 0.010000
6 0.768750 0.628750 0.010000 0.020000
6 0.772500 0.546250 0.012500 0.020000
6 0.775000 0.456250 0.007500 0.017500
6 0.768750 0.672500 0.010000 0.020000
6 0.770000 0.646250 0.010000 0.017500
6 0.125000 0.441250 0.010000 0.007500
6 0.472500 0.692500 0.010000 0.017500
6 0.133750 0.795000 0.010000 0.022500
6 0.093750 0.732500 0.012500 0.022500
6 0.531250 0.042500 0.015000 0.022500
6 0.721250 0.103750 0.027500 0.025000
6 0.502500 0.263750 0.012500 0.032500
6 0.247500 0.090000 0.017500 0.025000
6 0.131250 0.736250 0.012500 0.032500
6 0.862500 0.587500 0.022500 0.025000
6 0.810000 0.147500 0.017500 0.022500
6 0.643750 0.071250 0.027500 0.017500
6 0.760000 0.968750 0.022500 0.027500
6 0.982500 0.081250 0.025000 0.020000
6 0.797500 0.670000 0.020000 0.025000
6 0.763750 0.077500 0.025000 0.017500
6 0.185000 0.587500 0.022500 0.015000
6 0.462500 0.943750 0.020000 0.022500
6 0.885000 0.620000 0.020000 0.012500
6 0.228750 0.061250 0.022500 0.017500
6 0.816250 0.795000 0.020000 0.015000
6 0.715000 0.328750 0.035000 0.027500
6 0.838750 0.021250 0.020000 0.030000
6 0.858750 0.363750 0.015000 0.010000
6 0.053750 0.732500 0.025000 0.015000
6 0.703750 0.078750 0.030000 0.017500
6 0.812500 0.728750 0.022500 0.012500
6 0.762500 0.787500 0.012500 0.015000
6 0.501250 0.697500 0.027500 0.030000
6 0.441250 0.317500 0.030000 0.020000
6 0.766250 0.748750 0.017500 0.022500
6 0.812500 0.757500 0.022500 0.020000
6 0.188750 0.741250 0.010000 0.020000
6 0.773750 0.522500 0.017500 0.025000
6 0.807500 0.012500 0.020000 0.022500
6 0.811250 0.831250 0.020000 0.012500
6 0.820000 0.310000 0.022500 0.037500
6 0.072500 0.555000 0.030000 0.015000
6 0.103750 0.680000 0.012500 0.015000
6 0.101250 0.796250 0.017500 0.017500
6 0.821250 0.613750 0.017500 0.017500
6 0.987500 0.595000 0.010000 0.025000
6 0.130000 0.762500 0.012500 0.017500
6 0.432500 0.573750 0.020000 0.015000
6 0.761250 0.988750 0.017500 0.017500
6 0.435000 0.326250 0.017500 0.017500
6 0.200000 0.590000 0.020000 0.012500
6 0.488750 0.942500 0.012500 0.017500
6 0.805000 0.995000 0.020000 0.010000
6 0.158750 0.083750 0.020000 0.020000
6 0.161250 0.057500 0.032500 0.015000
6 0.490000 0.243750 0.017500 0.030000
6 0.823750 0.488750 0.007500 0.020000
6 0.473750 0.341250 0.032500 0.022500
6 0.485000 0.481250 0.017500 0.030000
6 0.107500 0.980000 0.015000 0.027500
6 0.107500 0.831250 0.025000 0.025000
6 0.812500 0.643750 0.022500 0.015000
6 0.765000 0.768750 0.017500 0.020000
6 0.125000 0.480000 0.022500 0.022500
6 0.097500 0.483750 0.015000 0.020000
6 0.772500 0.573750 0.022500 0.025000
6 0.767500 0.696250 0.012500 0.015000
6 0.812500 0.720000 0.025000 0.007500
6 0.346250 0.571250 0.025000 0.017500
6 0.610000 0.357500 0.027500 0.027500
6 0.812500 0.805000 0.020000 0.010000
6 0.813750 0.815000 0.025000 0.017500
6 0.757500 0.900000 0.020000 0.012500
6 0.000000 0.810000 0.015000 0.017500
6 0.128750 0.611250 0.017500 0.020000
6 0.100000 0.787500 0.025000 0.015000
6 0.815000 0.110000 0.017500 0.030000
6 0.497500 0.038750 0.022500 0.032500
6 0.813750 0.780000 0.017500 0.020000
6 0.101250 0.695000 0.015000 0.025000
6 0.483750 0.455000 0.017500 0.027500
6 0.150000 0.558750 0.022500 0.017500
6 0.207500 0.057500 0.022500 0.020000
6 0.291250 0.568750 0.027500 0.020000
6 0.203750 0.563750 0.020000 0.017500
6 0.095000 0.516250 0.022500 0.012500
6 0.123750 0.433750 0.012500 0.012500
6 0.788750 0.248750 0.015000 0.030000
6 0.596250 0.327500 0.032500 0.015000
6 0.862500 0.080000 0.022500 0.015000
6 0.755000 0.916250 0.017500 0.015000
6 0.952500 0.591250 0.030000 0.020000
6 0.091250 0.526250 0.025000 0.010000
6 0.092500 0.506250 0.035000 0.012500
6 0.110000 0.883750 0.017500 0.025000
6 0.811250 0.840000 0.022500 0.017500
6 0.115000 0.182500 0.017500 0.012500
6 0.491250 0.720000 0.012500 0.020000
6 0.102500 0.603750 0.022500 0.025000
6 0.811250 0.856250 0.027500 0.020000
6 0.095000 0.500000 0.020000 0.015000
6 0.110000 0.925000 0.015000 0.022500
6 0.188750 0.056250 0.022500 0.022500
6 0.756250 0.927500 0.022500 0.010000
6 0.810000 0.046250 0.017500 0.022500
6 0.765000 0.378750 0.025000 0.020000
6 0.532500 0.023750 0.017500 0.025000
6 0.006250 0.555000 0.025000 0.020000
6 0.761250 0.361250 0.022500 0.012500
