6 0.923750 0.660000 0.025000 0.022500
6 0.730000 0.646250 0.015000 0.020000
6 0.126250 0.243750 0.037500 0.022500
6 0.296250 0.513750 0.015000 0.022500
6 0.301250 0.490000 0.012500 0.017500
6 0.582500 0.308750 0.010000 0.017500
6 0.182500 0.888750 0.015000 0.017500
6 0.660000 0.686250 0.025000 0.015000
6 0.022500 0.752500 0.022500 0.035000
6 0.106250 0.538750 0.035000 0.037500
6 0.378750 0.222500 0.012500 0.022500
6 0.867500 0.192500 0.012500 0.030000
6 0.316250 0.062500 0.017500 0.027500
6 0.006250 0.105000 0.012500 0.022500
6 0.095000 0.595000 0.015000 0.020000
6 0.247500 0.020000 0.037500 0.030000
6 0.642500 0.851250 0.007500 0.020000
6 0.590000 0.283750 0.012500 0.022500
6 0.740000 0.530000 0.022500 0.040000
6 0.243750 0.251250 0.017500 0.025000
6 0.696250 0.712500 0.017500 0.022500
6 0.647500 0.826250 0.012500 0.022500
6 0.016250 0.790000 0.015000 0.017500
6 0.290000 0.538750 0.017500 0.025000
6 0.240000 0.685000 0.015000 0.025000
6 0.030000 0.642500 0.010000 0.015000
6 0.005000 0.148750 0.027500 0.042500
6 0.900000 0.001250 0.012500 0.017500
6 0.225000 0.062500 0.037500 0.022500
6 0.563750 0.887500 0.022500 0.010000
6 0.920000 0.275000 0.007500 0.015000
6 0.026250 0.707500 0.017500 0.020000
6 0.022500 0.225000 0.020000 0.010000
6 0.018750 0.235000 0.020000 0.012500
6 0.745000 0.897500 0.025000 0.012500
6 0.698750 0.903750 0.020000 0.010000
6 0.212500 0.878750 0.012500 0.020000
