6 0.696250 0.556250 0.022500 0.025000
6 0.913750 0.825000 0.022500 0.035000
6 0.838750 0.952500 0.015000 0.025000
6 0.997500 0.611250 0.035000 0.037500
6 0.897500 0.177500 0.012500 0.022500
6 0.986250 0.667500 0.015000 0.020000
6 0.666250 0.705000 0.012500 0.012500
6 0.907500 0.862500 0.015000 0.017500
6 0.921250 0.715000 0.010000 0.015000
6 0.896250 0.221250 0.027500 0.042500
6 0.917500 0.780000 0.017500 0.020000
6 0.913750 0.297500 0.020000 0.010000
6 0.910000 0.307500 0.020000 0.012500
