6 0.498750 0.550000 0.015000 0.012500
6 0.621250 0.582500 0.027500 0.015000
6 0.741250 0.638750 0.022500 0.020000
6 0.690000 0.660000 0.017500 0.020000
6 0.642500 0.813750 0.022500 0.025000
6 0.668750 0.726250 0.022500 0.030000
6 0.521250 0.532500 0.015000 0.020000
6 0.293750 0.445000 0.012500 0.017500
6 0.452500 0.560000 0.025000 0.017500
6 0.501250 0.526250 0.012500 0.027500
6 0.375000 0.513750 0.025000 0.012500
6 0.035000 0.836250 0.020000 0.012500
6 0.233750 0.646250 0.010000 0.020000
6 0.671250 0.803750 0.012500 0.025000
6 0.075000 0.181250 0.017500 0.012500
6 0.558750 0.566250 0.025000 0.012500
6 0.423750 0.527500 0.022500 0.017500
6 0.045000 0.265000 0.015000 0.025000
6 0.290000 0.462500 0.015000 0.027500
6 0.408750 0.546250 0.020000 0.012500
6 0.207500 0.826250 0.015000 0.020000
6 0.071250 0.207500 0.027500 0.020000
6 0.892500 0.741250 0.022500 0.020000
6 0.291250 0.542500 0.012500 0.022500
6 0.237500 0.498750 0.027500 0.017500
6 0.398750 0.522500 0.017500 0.012500
6 0.227500 0.740000 0.020000 0.017500
6 0.525000 0.448750 0.017500 0.025000
6 0.190000 0.795000 0.017500 0.027500
6 0.117500 0.326250 0.027500 0.040000
6 0.376250 0.540000 0.022500 0.017500
6 0.086250 0.131250 0.017500 0.020000
6 0.327500 0.333750 0.017500 0.022500
6 0.902500 0.720000 0.007500 0.020000
6 0.440000 0.725000 0.017500 0.022500
