6 0.642500 0.063750 0.022500 0.025000
6 0.542500 0.388750 0.012500 0.020000
6 0.773750 0.467500 0.015000 0.030000
6 0.768750 0.492500 0.015000 0.020000
6 0.067500 0.442500 0.012500 0.025000
6 0.751250 0.478750 0.017500 0.025000
6 0.055000 0.483750 0.015000 0.022500
6 0.035000 0.086250 0.020000 0.012500
6 0.473750 0.615000 0.020000 0.025000
6 0.146250 0.946250 0.012500 0.025000
6 0.671250 0.053750 0.012500 0.025000
6 0.420000 0.796250 0.012500 0.020000
6 0.278750 0.496250 0.017500 0.022500
6 0.795000 0.405000 0.017500 0.022500
6 0.207500 0.076250 0.015000 0.020000
6 0.646250 0.808750 0.017500 0.020000
6 0.373750 0.950000 0.012500 0.022500
6 0.377500 0.747500 0.017500 0.010000
6 0.773750 0.367500 0.022500 0.022500
6 0.756250 0.447500 0.015000 0.027500
6 0.275000 0.512500 0.020000 0.025000
6 0.426250 0.777500 0.015000 0.022500
6 0.550000 0.370000 0.022500 0.020000
6 0.786250 0.571250 0.072500 0.032500
6 0.190000 0.045000 0.017500 0.027500
6 0.495000 0.545000 0.017500 0.017500
6 0.077500 0.411250 0.010000 0.020000
6 0.490000 0.566250 0.022500 0.020000
6 0.362500 0.288750 0.022500 0.022500
6 0.887500 0.565000 0.020000 0.012500
6 0.688750 0.670000 0.022500 0.027500
