6 0.871250 0.930000 0.025000 0.045000
6 0.590000 0.370000 0.012500 0.017500
6 0.587500 0.336250 0.015000 0.020000
6 0.022500 0.683750 0.017500 0.022500
6 0.298750 0.332500 0.020000 0.022500
6 0.942500 0.561250 0.025000 0.015000
6 0.173750 0.946250 0.015000 0.020000
6 0.447500 0.037500 0.010000 0.020000
6 0.457500 0.007500 0.037500 0.045000
6 0.733750 0.446250 0.040000 0.020000
6 0.515000 0.585000 0.017500 0.012500
6 0.035000 0.718750 0.012500 0.030000
6 0.435000 0.841250 0.022500 0.025000
6 0.441250 0.370000 0.005000 0.015000
6 0.756250 0.567500 0.017500 0.020000
6 0.163750 0.982500 0.017500 0.022500
6 0.395000 0.432500 0.030000 0.017500
6 0.650000 0.482500 0.017500 0.012500
6 0.663750 0.497500 0.025000 0.015000
6 0.403750 0.937500 0.022500 0.037500
6 0.582500 0.458750 0.025000 0.012500
6 0.205000 0.368750 0.022500 0.015000
6 0.006250 0.735000 0.015000 0.022500
6 0.222500 0.787500 0.015000 0.017500
6 0.162500 0.221250 0.015000 0.025000
6 0.721250 0.511250 0.025000 0.012500
6 0.168750 0.308750 0.027500 0.022500
6 0.445000 0.125000 0.015000 0.027500
6 0.482500 0.711250 0.015000 0.022500
6 0.800000 0.401250 0.017500 0.027500
6 0.578750 0.471250 0.022500 0.015000
6 0.021250 0.256250 0.032500 0.017500
6 0.885000 0.496250 0.032500 0.022500
6 0.556250 0.457500 0.022500 0.017500
6 0.388750 0.416250 0.030000 0.017500
6 0.065000 0.546250 0.015000 0.017500
6 0.816250 0.348750 0.015000 0.030000
6 0.486250 0.760000 0.017500 0.022500
6 0.341250 0.403750 0.020000 0.007500
6 0.922500 0.760000 0.012500 0.017500
6 0.727500 0.503750 0.022500 0.015000
6 0.677500 0.487500 0.022500 0.012500
6 0.286250 0.666250 0.015000 0.030000
6 0.736250 0.612500 0.020000 0.025000
6 0.257500 0.711250 0.022500 0.022500
6 0.216250 0.807500 0.015000 0.022500
6 0.638750 0.252500 0.025000 0.035000
6 0.855000 0.232500 0.017500 0.022500
