6 0.612500 0.317500 0.020000 0.020000
6 0.606250 0.352500 0.020000 0.020000
6 0.535000 0.450000 0.017500 0.020000
6 0.851250 0.586250 0.017500 0.022500
6 0.812500 0.703750 0.015000 0.020000
6 0.670000 0.258750 0.017500 0.022500
6 0.067500 0.700000 0.017500 0.025000
6 0.970000 0.283750 0.012500 0.017500
6 0.912500 0.061250 0.020000 0.017500
6 0.960000 0.037500 0.022500 0.020000
6 0.323750 0.235000 0.027500 0.027500
6 0.852500 0.683750 0.015000 0.017500
6 0.857500 0.658750 0.012500 0.017500
6 0.917500 0.375000 0.015000 0.022500
6 0.658750 0.502500 0.015000 0.017500
6 0.632500 0.576250 0.020000 0.025000
6 0.840000 0.630000 0.017500 0.022500
6 0.867500 0.620000 0.017500 0.025000
6 0.866250 0.551250 0.015000 0.020000
6 0.673750 0.302500 0.037500 0.030000
6 0.900000 0.093750 0.025000 0.020000
6 0.055000 0.753750 0.012500 0.022500
6 0.873750 0.523750 0.012500 0.020000
6 0.925000 0.336250 0.017500 0.022500
6 0.826250 0.120000 0.027500 0.020000
6 0.541250 0.863750 0.007500 0.017500
6 0.916250 0.472500 0.015000 0.025000
6 0.560000 0.431250 0.022500 0.020000
6 0.167500 0.433750 0.017500 0.020000
6 0.281250 0.273750 0.022500 0.030000
6 0.947500 0.272500 0.017500 0.027500
6 0.680000 0.505000 0.015000 0.015000
6 0.613750 0.651250 0.017500 0.025000
6 0.947500 0.353750 0.022500 0.025000
