6 0.443750 0.016250 0.012500 0.015000
6 0.392500 0.103750 0.012500 0.017500
6 0.327500 0.322500 0.020000 0.022500
6 0.311250 0.453750 0.020000 0.027500
6 0.245000 0.583750 0.020000 0.025000
6 0.180000 0.801250 0.020000 0.020000
6 0.253750 0.556250 0.012500 0.022500
6 0.348750 0.992500 0.022500 0.027500
6 0.748750 0.720000 0.025000 0.040000
6 0.317500 0.350000 0.015000 0.017500
6 0.817500 0.442500 0.012500 0.025000
6 0.491250 0.842500 0.012500 0.017500
6 0.610000 0.245000 0.020000 0.025000
6 0.805000 0.483750 0.015000 0.022500
6 0.215000 0.853750 0.025000 0.015000
6 0.120000 0.347500 0.015000 0.025000
6 0.121250 0.265000 0.017500 0.020000
6 0.531250 0.647500 0.020000 0.022500
6 0.306250 0.382500 0.017500 0.020000
6 0.631250 0.040000 0.012500 0.012500
6 0.785000 0.086250 0.020000 0.012500
6 0.726250 0.827500 0.010000 0.025000
6 0.896250 0.946250 0.012500 0.025000
6 0.655000 0.992500 0.020000 0.012500
6 0.200000 0.825000 0.022500 0.017500
6 0.190000 0.767500 0.035000 0.045000
6 0.957500 0.076250 0.015000 0.020000
6 0.722500 0.075000 0.020000 0.025000
6 0.530000 0.701250 0.015000 0.020000
6 0.092500 0.352500 0.017500 0.020000
6 0.232500 0.633750 0.012500 0.020000
6 0.940000 0.045000 0.017500 0.027500
6 0.001250 0.655000 0.015000 0.020000
6 0.827500 0.411250 0.010000 0.020000
6 0.623750 0.085000 0.020000 0.027500
6 0.111250 0.291250 0.017500 0.020000
6 0.713750 0.791250 0.015000 0.027500
6 0.517500 0.747500 0.012500 0.020000
6 0.097500 0.411250 0.010000 0.025000
6 0.626250 0.192500 0.017500 0.020000
6 0.102500 0.821250 0.025000 0.012500
6 0.737500 0.025000 0.022500 0.025000
6 0.601250 0.267500 0.020000 0.017500
