6 0.816250 0.552500 0.012500 0.022500
6 0.703750 0.025000 0.025000 0.037500
6 0.681250 0.031250 0.015000 0.020000
6 0.568750 0.223750 0.015000 0.020000
6 0.926250 0.198750 0.015000 0.020000
6 0.576250 0.281250 0.020000 0.025000
6 0.508750 0.505000 0.020000 0.020000
6 0.481250 0.878750 0.015000 0.025000
6 0.875000 0.343750 0.020000 0.027500
6 0.792500 0.858750 0.015000 0.020000
6 0.485000 0.796250 0.017500 0.022500
6 0.490000 0.631250 0.015000 0.020000
6 0.773750 0.855000 0.017500 0.025000
