6 0.355000 0.026250 0.020000 0.010000
6 0.555000 0.511250 0.020000 0.017500
6 0.402500 0.576250 0.017500 0.005000
6 0.387500 0.585000 0.015000 0.010000
6 0.536250 0.645000 0.025000 0.020000
6 0.411250 0.666250 0.025000 0.010000
6 0.522500 0.463750 0.015000 0.012500
6 0.291250 0.546250 0.017500 0.017500
6 0.337500 0.538750 0.007500 0.010000
6 0.372500 0.523750 0.012500 0.020000
6 0.382500 0.518750 0.010000 0.017500
6 0.405000 0.512500 0.015000 0.017500
6 0.415000 0.505000 0.015000 0.015000
6 0.427500 0.501250 0.010000 0.015000
6 0.605000 0.405000 0.012500 0.015000
6 0.515000 0.455000 0.010000 0.010000
6 0.162500 0.453750 0.007500 0.017500
6 0.251250 0.361250 0.007500 0.015000
6 0.282500 0.253750 0.012500 0.012500
6 0.322500 0.252500 0.015000 0.017500
6 0.397500 0.091250 0.007500 0.015000
6 0.393750 0.112500 0.007500 0.017500
6 0.076250 0.596250 0.007500 0.015000
6 0.047500 0.591250 0.020000 0.007500
6 0.103750 0.687500 0.020000 0.007500
6 0.045000 0.556250 0.015000 0.015000
6 0.055000 0.553750 0.007500 0.012500
6 0.065000 0.553750 0.005000 0.015000
6 0.090000 0.558750 0.015000 0.007500
6 0.077500 0.556250 0.010000 0.012500
6 0.100000 0.563750 0.012500 0.007500
6 0.702500 0.215000 0.010000 0.020000
6 0.601250 0.387500 0.015000 0.020000
6 0.543750 0.408750 0.010000 0.010000
6 0.626250 0.340000 0.015000 0.020000
6 0.666250 0.312500 0.015000 0.020000
6 0.645000 0.302500 0.010000 0.012500
6 0.652500 0.290000 0.017500 0.012500
6 0.688750 0.263750 0.015000 0.020000
6 0.661250 0.268750 0.012500 0.012500
6 0.671250 0.247500 0.017500 0.020000
6 0.685000 0.203750 0.010000 0.015000
6 0.331250 0.031250 0.017500 0.010000
6 0.310000 0.035000 0.020000 0.010000
6 0.138750 0.086250 0.015000 0.007500
6 0.181250 0.055000 0.020000 0.012500
