6 0.297500 0.992500 0.015000 0.017500
6 0.383750 0.797500 0.017500 0.017500
6 0.133750 0.760000 0.010000 0.017500
6 0.040000 0.787500 0.022500 0.007500
6 0.423750 0.698750 0.012500 0.017500
6 0.055000 0.555000 0.015000 0.022500
6 0.156250 0.485000 0.007500 0.015000
6 0.081250 0.478750 0.007500 0.015000
6 0.231250 0.550000 0.025000 0.012500
6 0.283750 0.436250 0.020000 0.012500
6 0.092500 0.278750 0.015000 0.022500
6 0.110000 0.216250 0.010000 0.017500
6 0.113750 0.196250 0.015000 0.017500
6 0.422500 0.171250 0.015000 0.022500
6 0.118750 0.170000 0.012500 0.015000
6 0.132500 0.073750 0.012500 0.020000
6 0.135000 0.045000 0.015000 0.017500
6 0.131250 0.105000 0.015000 0.022500
6 0.147500 0.078750 0.015000 0.017500
6 0.151250 0.026250 0.015000 0.015000
6 0.122500 0.157500 0.015000 0.020000
6 0.123750 0.138750 0.012500 0.015000
6 0.083750 0.432500 0.007500 0.012500
6 0.983750 0.865000 0.015000 0.010000
6 0.967500 0.855000 0.012500 0.010000
6 0.906250 0.655000 0.012500 0.015000
6 0.881250 0.698750 0.012500 0.012500
6 0.887500 0.710000 0.010000 0.012500
6 0.877500 0.725000 0.012500 0.015000
6 0.835000 0.565000 0.017500 0.012500
6 0.812500 0.576250 0.017500 0.012500
6 0.113750 0.238750 0.015000 0.010000
6 0.096250 0.356250 0.012500 0.017500
6 0.081250 0.455000 0.012500 0.020000
6 0.093750 0.473750 0.017500 0.020000
6 0.116250 0.475000 0.015000 0.020000
6 0.116250 0.446250 0.012500 0.017500
6 0.185000 0.447500 0.012500 0.017500
6 0.148750 0.116250 0.010000 0.015000
6 0.367500 0.316250 0.025000 0.012500
6 0.306250 0.783750 0.015000 0.020000
6 0.283750 0.826250 0.015000 0.015000
6 0.407500 0.736250 0.007500 0.012500
6 0.433750 0.805000 0.015000 0.007500
6 0.438750 0.798750 0.005000 0.007500
6 0.140000 0.743750 0.007500 0.012500
6 0.043750 0.728750 0.010000 0.017500
6 0.417500 0.640000 0.007500 0.010000
6 0.420000 0.645000 0.007500 0.007500
6 0.266250 0.742500 0.012500 0.007500
6 0.656250 0.585000 0.015000 0.010000
6 0.663750 0.857500 0.010000 0.020000
6 0.873750 0.616250 0.027500 0.022500
6 0.571250 0.328750 0.012500 0.012500
6 0.983750 0.682500 0.012500 0.015000
6 0.803750 0.077500 0.012500 0.010000
6 0.768750 0.563750 0.007500 0.012500
6 0.775000 0.546250 0.007500 0.012500
6 0.861250 0.730000 0.007500 0.012500
6 0.936250 0.648750 0.005000 0.010000
6 0.988750 0.848750 0.015000 0.007500
6 0.135000 0.026250 0.010000 0.015000
6 0.447500 0.800000 0.007500 0.007500
