6 0.008750 0.292500 0.017500 0.010000
6 0.043750 0.318750 0.020000 0.010000
6 0.137500 0.332500 0.017500 0.007500
6 0.052500 0.116250 0.015000 0.017500
6 0.026250 0.156250 0.012500 0.015000
6 0.105000 0.916250 0.030000 0.012500
6 0.363750 0.070000 0.005000 0.012500
6 0.260000 0.210000 0.012500 0.010000
6 0.242500 0.195000 0.015000 0.007500
6 0.400000 0.210000 0.012500 0.015000
6 0.102500 0.211250 0.010000 0.007500
6 0.181250 0.255000 0.012500 0.010000
6 0.161250 0.208750 0.012500 0.010000
6 0.140000 0.248750 0.020000 0.017500
6 0.662500 0.473750 0.020000 0.010000
6 0.682500 0.478750 0.020000 0.010000
6 0.710000 0.486250 0.020000 0.012500
6 0.097500 0.925000 0.022500 0.012500
6 0.127500 0.938750 0.012500 0.015000
6 0.143750 0.932500 0.022500 0.015000
6 0.348750 0.953750 0.015000 0.010000
6 0.313750 0.943750 0.012500 0.010000
6 0.320000 0.970000 0.010000 0.015000
6 0.328750 0.978750 0.010000 0.015000
6 0.006250 0.001250 0.007500 0.012500
6 0.040000 0.016250 0.017500 0.012500
6 0.037500 0.023750 0.017500 0.012500
6 0.003750 0.208750 0.005000 0.010000
6 0.036250 0.666250 0.012500 0.022500
6 0.146250 0.955000 0.027500 0.015000
6 0.148750 0.948750 0.027500 0.010000
6 0.141250 0.963750 0.027500 0.015000
6 0.116250 0.222500 0.010000 0.010000
