6 0.008750 0.452500 0.017500 0.010000
6 0.043750 0.478750 0.020000 0.010000
6 0.137500 0.492500 0.017500 0.007500
6 0.052500 0.276250 0.015000 0.017500
6 0.026250 0.316250 0.012500 0.015000
6 0.136250 0.147500 0.012500 0.015000
6 0.098750 0.146250 0.020000 0.012500
6 0.161250 0.070000 0.015000 0.015000
6 0.152500 0.086250 0.017500 0.017500
6 0.180000 0.035000 0.015000 0.017500
6 0.182500 0.003750 0.015000 0.015000
6 0.172500 0.032500 0.015000 0.015000
6 0.220000 0.051250 0.015000 0.012500
6 0.202500 0.091250 0.015000 0.015000
6 0.160000 0.121250 0.017500 0.017500
6 0.565000 0.058750 0.017500 0.012500
6 0.363750 0.230000 0.005000 0.012500
6 0.260000 0.370000 0.012500 0.010000
6 0.242500 0.355000 0.015000 0.007500
6 0.400000 0.370000 0.012500 0.015000
6 0.102500 0.371250 0.010000 0.007500
6 0.181250 0.415000 0.012500 0.010000
6 0.161250 0.368750 0.012500 0.010000
6 0.140000 0.408750 0.020000 0.017500
6 0.662500 0.633750 0.020000 0.010000
6 0.682500 0.638750 0.020000 0.010000
6 0.710000 0.646250 0.020000 0.012500
6 0.006250 0.128750 0.007500 0.012500
6 0.002500 0.147500 0.015000 0.012500
6 0.006250 0.161250 0.007500 0.012500
6 0.040000 0.176250 0.017500 0.012500
6 0.037500 0.183750 0.017500 0.012500
6 0.003750 0.368750 0.005000 0.010000
6 0.036250 0.826250 0.012500 0.022500
6 0.116250 0.382500 0.010000 0.010000
