6 0.016250 0.167500 0.012500 0.017500
6 0.066250 0.083750 0.012500 0.017500
6 0.097500 0.118750 0.015000 0.015000
6 0.175000 0.142500 0.020000 0.010000
6 0.225000 0.143750 0.017500 0.012500
6 0.270000 0.112500 0.017500 0.012500
6 0.248750 0.143750 0.017500 0.012500
6 0.410000 0.166250 0.020000 0.015000
6 0.361250 0.065000 0.012500 0.012500
6 0.380000 0.078750 0.017500 0.010000
6 0.391250 0.062500 0.015000 0.012500
6 0.417500 0.053750 0.020000 0.010000
6 0.510000 0.020000 0.017500 0.012500
6 0.015000 0.402500 0.027500 0.022500
