3 0.568750 0.507500 0.027500 0.012500
3 0.561250 0.497500 0.020000 0.012500
3 0.555000 0.490000 0.022500 0.012500
6 0.593750 0.380000 0.015000 0.017500
3 0.205000 0.046250 0.022500 0.010000
6 0.261250 0.043750 0.010000 0.017500
6 0.588750 0.030000 0.027500 0.025000
6 0.547500 0.022500 0.025000 0.010000
6 0.546250 0.031250 0.017500 0.007500
6 0.548750 0.047500 0.022500 0.010000
6 0.550000 0.056250 0.022500 0.007500
6 0.548750 0.072500 0.022500 0.010000
6 0.546250 0.088750 0.022500 0.012500
6 0.501250 0.030000 0.022500 0.010000
6 0.500000 0.040000 0.022500 0.007500
6 0.495000 0.048750 0.025000 0.007500
6 0.496250 0.057500 0.022500 0.007500
6 0.493750 0.063750 0.025000 0.007500
6 0.495000 0.073750 0.022500 0.007500
6 0.966250 0.048750 0.022500 0.010000
