6 0.043750 0.611250 0.025000 0.012500
6 0.002500 0.573750 0.020000 0.015000
6 0.017500 0.635000 0.020000 0.015000
6 0.265000 0.640000 0.010000 0.017500
6 0.292500 0.660000 0.012500 0.017500
6 0.237500 0.721250 0.015000 0.017500
6 0.292500 0.802500 0.010000 0.015000
6 0.380000 0.831250 0.012500 0.017500
6 0.357500 0.907500 0.012500 0.020000
6 0.221250 0.477500 0.015000 0.012500
6 0.215000 0.520000 0.015000 0.012500
6 0.207500 0.536250 0.015000 0.012500
6 0.197500 0.567500 0.015000 0.012500
6 0.310000 0.518750 0.015000 0.012500
6 0.302500 0.496250 0.017500 0.012500
6 0.420000 0.367500 0.020000 0.015000
6 0.426250 0.390000 0.017500 0.012500
6 0.488750 0.352500 0.020000 0.010000
6 0.506250 0.432500 0.017500 0.015000
6 0.545000 0.358750 0.015000 0.012500
6 0.590000 0.373750 0.025000 0.012500
6 0.588750 0.388750 0.017500 0.010000
6 0.657500 0.292500 0.017500 0.010000
6 0.738750 0.361250 0.017500 0.010000
6 0.831250 0.322500 0.020000 0.010000
6 0.790000 0.257500 0.017500 0.010000
6 0.790000 0.277500 0.017500 0.012500
6 0.853750 0.248750 0.022500 0.012500
6 0.858750 0.298750 0.017500 0.010000
6 0.893750 0.300000 0.017500 0.012500
6 0.960000 0.257500 0.022500 0.012500
6 0.968750 0.297500 0.020000 0.012500
6 0.841250 0.991250 0.022500 0.012500
6 0.821250 0.985000 0.022500 0.010000
6 0.300000 0.145000 0.017500 0.047500
6 0.198750 0.043750 0.022500 0.060000
6 0.158750 0.041250 0.020000 0.062500
6 0.115000 0.032500 0.017500 0.035000
6 0.088750 0.023750 0.012500 0.022500
6 0.073750 0.037500 0.012500 0.020000
4 0.126250 0.218750 0.060000 0.052500
4 0.197500 0.221250 0.055000 0.055000
4 0.186250 0.281250 0.055000 0.055000
