3 0.261875 0.783125 0.016250 0.018750
3 0.179375 0.752500 0.011250 0.017500
3 0.360000 0.905625 0.010000 0.008750
3 0.122500 0.743125 0.010000 0.016250
3 0.219375 0.793750 0.011250 0.015000
3 0.341250 0.914375 0.012500 0.008750
3 0.303125 0.794375 0.016250 0.021250
3 0.190625 0.816875 0.018750 0.011250
3 0.122500 0.733125 0.007500 0.006250
3 0.200625 0.720625 0.013750 0.016250
3 0.367500 0.896250 0.012500 0.012500
3 0.106875 0.689375 0.013750 0.011250
3 0.062500 0.703125 0.007500 0.011250
3 0.355000 0.901875 0.012500 0.011250
