6 0.017500 0.368750 0.017500 0.015000
6 0.000000 0.346250 0.017500 0.020000
6 0.010000 0.330000 0.017500 0.015000
6 0.005000 0.238750 0.012500 0.017500
6 0.010000 0.245000 0.015000 0.017500
6 0.016250 0.250000 0.015000 0.015000
6 0.023750 0.258750 0.015000 0.015000
6 0.031250 0.261250 0.017500 0.015000
6 0.038750 0.272500 0.020000 0.022500
6 0.061250 0.286250 0.020000 0.020000
6 0.087500 0.270000 0.020000 0.017500
6 0.127500 0.247500 0.022500 0.015000
6 0.148750 0.236250 0.020000 0.012500
6 0.197500 0.221250 0.020000 0.015000
6 0.223750 0.216250 0.022500 0.015000
6 0.247500 0.212500 0.022500 0.012500
6 0.267500 0.208750 0.020000 0.010000
6 0.352500 0.207500 0.017500 0.012500
6 0.372500 0.208750 0.020000 0.010000
6 0.262500 0.227500 0.022500 0.010000
6 0.297500 0.227500 0.020000 0.010000
6 0.382500 0.185000 0.015000 0.020000
6 0.400000 0.188750 0.010000 0.017500
6 0.456250 0.187500 0.025000 0.015000
6 0.498750 0.121250 0.022500 0.015000
6 0.526250 0.068750 0.022500 0.012500
6 0.532500 0.058750 0.020000 0.012500
6 0.542500 0.046250 0.027500 0.012500
6 0.542500 0.035000 0.020000 0.012500
6 0.038750 0.301250 0.020000 0.010000
6 0.026250 0.297500 0.022500 0.015000
6 0.181250 0.253750 0.032500 0.015000
6 0.150000 0.268750 0.037500 0.022500
6 0.527500 0.256250 0.022500 0.015000
6 0.548750 0.270000 0.015000 0.015000
6 0.565000 0.282500 0.020000 0.015000
6 0.601250 0.312500 0.017500 0.010000
6 0.597500 0.343750 0.015000 0.015000
6 0.578750 0.322500 0.017500 0.015000
6 0.658750 0.400000 0.015000 0.017500
6 0.638750 0.405000 0.017500 0.017500
6 0.667500 0.418750 0.017500 0.017500
6 0.676250 0.447500 0.012500 0.015000
6 0.680000 0.466250 0.012500 0.015000
6 0.658750 0.482500 0.012500 0.015000
6 0.661250 0.501250 0.015000 0.020000
6 0.683750 0.481250 0.015000 0.017500
6 0.993750 0.585000 0.020000 0.010000
6 0.973750 0.585000 0.017500 0.012500
6 0.948750 0.585000 0.020000 0.010000
6 0.891250 0.576250 0.020000 0.007500
6 0.916250 0.588750 0.020000 0.010000
6 0.893750 0.590000 0.017500 0.007500
6 0.872500 0.592500 0.020000 0.010000
6 0.852500 0.592500 0.015000 0.010000
6 0.821250 0.595000 0.022500 0.010000
6 0.800000 0.597500 0.015000 0.010000
6 0.778750 0.588750 0.020000 0.010000
6 0.782500 0.600000 0.020000 0.010000
6 0.763750 0.600000 0.020000 0.010000
6 0.743750 0.601250 0.020000 0.007500
6 0.723750 0.602500 0.020000 0.007500
6 0.701250 0.605000 0.020000 0.010000
6 0.683750 0.605000 0.020000 0.012500
6 0.685000 0.586250 0.017500 0.012500
6 0.660000 0.606250 0.017500 0.010000
6 0.578750 0.567500 0.020000 0.012500
6 0.590000 0.546250 0.017500 0.012500
6 0.563750 0.547500 0.017500 0.010000
6 0.637500 0.608750 0.022500 0.010000
6 0.543750 0.550000 0.020000 0.012500
6 0.517500 0.550000 0.022500 0.010000
6 0.492500 0.553750 0.017500 0.007500
6 0.456250 0.558750 0.025000 0.012500
6 0.580000 0.612500 0.017500 0.015000
6 0.563750 0.615000 0.022500 0.012500
6 0.331250 0.625000 0.022500 0.010000
6 0.523750 0.602500 0.022500 0.012500
6 0.545000 0.616250 0.020000 0.010000
6 0.512500 0.618750 0.022500 0.010000
6 0.467500 0.622500 0.027500 0.012500
6 0.441250 0.627500 0.022500 0.012500
6 0.415000 0.630000 0.022500 0.012500
6 0.392500 0.631250 0.022500 0.010000
6 0.370000 0.637500 0.017500 0.012500
6 0.347500 0.640000 0.022500 0.010000
6 0.323750 0.641250 0.025000 0.012500
6 0.301250 0.646250 0.020000 0.012500
6 0.276250 0.647500 0.022500 0.010000
6 0.255000 0.648750 0.020000 0.012500
6 0.223750 0.656250 0.017500 0.010000
6 0.193750 0.660000 0.022500 0.012500
6 0.146250 0.667500 0.017500 0.012500
6 0.121250 0.668750 0.022500 0.012500
6 0.102500 0.672500 0.020000 0.012500
6 0.066250 0.677500 0.022500 0.012500
6 0.043750 0.681250 0.022500 0.017500
6 0.965000 0.528750 0.020000 0.010000
6 0.765000 0.533750 0.017500 0.007500
6 0.788750 0.532500 0.017500 0.012500
6 0.810000 0.531250 0.020000 0.010000
6 0.843750 0.528750 0.020000 0.010000
6 0.866250 0.528750 0.022500 0.012500
6 0.895000 0.526250 0.022500 0.010000
6 0.916250 0.523750 0.020000 0.010000
6 0.970000 0.521250 0.025000 0.010000
6 0.948750 0.521250 0.020000 0.007500
6 0.930000 0.531250 0.020000 0.007500
6 0.430000 0.560000 0.020000 0.010000
6 0.410000 0.561250 0.020000 0.010000
6 0.383750 0.566250 0.020000 0.012500
6 0.363750 0.570000 0.020000 0.012500
6 0.338750 0.571250 0.020000 0.010000
6 0.317500 0.576250 0.020000 0.012500
6 0.296250 0.578750 0.020000 0.012500
6 0.270000 0.581250 0.020000 0.012500
6 0.241250 0.586250 0.022500 0.012500
6 0.222500 0.588750 0.020000 0.015000
6 0.195000 0.592500 0.017500 0.012500
6 0.166250 0.595000 0.020000 0.007500
6 0.142500 0.598750 0.017500 0.010000
6 0.126250 0.601250 0.020000 0.010000
6 0.098750 0.602500 0.022500 0.012500
6 0.080000 0.603750 0.022500 0.012500
6 0.172500 0.227500 0.017500 0.010000
