6 0.020000 0.006250 0.022500 0.010000
6 0.066250 0.025000 0.022500 0.015000
6 0.087500 0.033750 0.022500 0.012500
6 0.192500 0.062500 0.017500 0.012500
6 0.262500 0.043750 0.025000 0.017500
6 0.318750 0.121250 0.020000 0.007500
6 0.370000 0.137500 0.022500 0.010000
6 0.408750 0.151250 0.022500 0.010000
6 0.430000 0.158750 0.022500 0.010000
6 0.455000 0.161250 0.020000 0.010000
6 0.477500 0.162500 0.020000 0.010000
6 0.515000 0.157500 0.015000 0.007500
6 0.540000 0.150000 0.015000 0.010000
6 0.561250 0.145000 0.017500 0.010000
6 0.590000 0.137500 0.020000 0.010000
6 0.611250 0.133750 0.020000 0.007500
6 0.641250 0.128750 0.022500 0.010000
6 0.660000 0.102500 0.017500 0.010000
6 0.650000 0.076250 0.025000 0.010000
6 0.633750 0.065000 0.022500 0.010000
6 0.690000 0.117500 0.020000 0.012500
6 0.707500 0.092500 0.025000 0.010000
6 0.733750 0.106250 0.020000 0.012500
6 0.800000 0.085000 0.020000 0.010000
6 0.778750 0.027500 0.025000 0.010000
6 0.830000 0.066250 0.027500 0.010000
6 0.838750 0.077500 0.022500 0.012500
6 0.860000 0.072500 0.022500 0.010000
6 0.961250 0.001250 0.020000 0.007500
6 0.770000 0.096250 0.022500 0.012500
