6 0.672500 0.050000 0.012500 0.022500
6 0.863750 0.032500 0.040000 0.022500
6 0.030000 0.468750 0.010000 0.022500
6 0.043750 0.428750 0.012500 0.017500
6 0.066250 0.462500 0.010000 0.020000
6 0.076250 0.428750 0.012500 0.020000
6 0.085000 0.405000 0.010000 0.017500
6 0.147500 0.553750 0.022500 0.010000
6 0.286250 0.605000 0.017500 0.012500
6 0.296250 0.610000 0.020000 0.015000
6 0.553750 0.568750 0.010000 0.015000
6 0.563750 0.570000 0.007500 0.012500
6 0.551250 0.667500 0.015000 0.010000
6 0.592500 0.682500 0.022500 0.012500
6 0.635000 0.696250 0.022500 0.012500
6 0.305000 0.986250 0.037500 0.015000
