6 0.301250 0.037500 0.010000 0.017500
6 0.281250 0.412500 0.015000 0.020000
6 0.337500 0.298750 0.022500 0.015000
6 0.326250 0.280000 0.012500 0.017500
6 0.432500 0.282500 0.017500 0.007500
6 0.511250 0.265000 0.022500 0.012500
6 0.373750 0.295000 0.017500 0.010000
6 0.301250 0.286250 0.012500 0.015000
6 0.326250 0.325000 0.020000 0.015000
6 0.567500 0.473750 0.017500 0.015000
6 0.607500 0.442500 0.017500 0.015000
6 0.601250 0.503750 0.017500 0.015000
6 0.495000 0.521250 0.017500 0.012500
6 0.395000 0.535000 0.020000 0.012500
6 0.288750 0.527500 0.020000 0.010000
6 0.330000 0.522500 0.020000 0.012500
6 0.286250 0.505000 0.020000 0.012500
6 0.582500 0.386250 0.012500 0.017500
6 0.675000 0.387500 0.017500 0.017500
6 0.705000 0.382500 0.017500 0.015000
6 0.738750 0.383750 0.020000 0.012500
6 0.758750 0.377500 0.015000 0.010000
6 0.781250 0.370000 0.017500 0.015000
6 0.805000 0.367500 0.017500 0.012500
6 0.822500 0.360000 0.017500 0.012500
6 0.873750 0.342500 0.015000 0.010000
6 0.900000 0.335000 0.020000 0.010000
6 0.921250 0.327500 0.020000 0.012500
6 0.941250 0.323750 0.020000 0.012500
6 0.962500 0.317500 0.020000 0.012500
6 0.980000 0.311250 0.017500 0.012500
6 0.972500 0.190000 0.020000 0.012500
6 0.903750 0.282500 0.017500 0.012500
6 0.788750 0.260000 0.017500 0.010000
6 0.758750 0.251250 0.017500 0.010000
6 0.665000 0.287500 0.020000 0.012500
6 0.697500 0.288750 0.020000 0.012500
6 0.705000 0.270000 0.017500 0.012500
6 0.165000 0.533750 0.022500 0.012500
6 0.082500 0.467500 0.022500 0.015000
6 0.053750 0.463750 0.020000 0.012500
6 0.108750 0.568750 0.020000 0.012500
6 0.051250 0.558750 0.020000 0.012500
6 0.007500 0.561250 0.017500 0.012500
6 0.047500 0.585000 0.022500 0.012500
6 0.995000 0.275000 0.017500 0.015000
6 0.912500 0.408750 0.010000 0.015000
6 0.986250 0.865000 0.022500 0.017500
6 0.957500 0.875000 0.020000 0.015000
6 0.887500 0.958750 0.010000 0.017500
6 0.906250 0.946250 0.017500 0.010000
6 0.911250 0.898750 0.020000 0.012500
6 0.915000 0.958750 0.015000 0.012500
6 0.920000 0.971250 0.022500 0.010000
6 0.925000 0.978750 0.022500 0.012500
6 0.247500 0.092500 0.012500 0.012500
6 0.388750 0.167500 0.007500 0.017500
6 0.375000 0.140000 0.015000 0.017500
6 0.348750 0.080000 0.012500 0.022500
6 0.253750 0.156250 0.020000 0.022500
6 0.261250 0.173750 0.015000 0.017500
6 0.060000 0.133750 0.022500 0.015000
6 0.063750 0.182500 0.012500 0.015000
6 0.071250 0.201250 0.012500 0.020000
6 0.088750 0.181250 0.012500 0.015000
6 0.096250 0.200000 0.012500 0.017500
6 0.111250 0.291250 0.017500 0.017500
6 0.077500 0.166250 0.017500 0.020000
6 0.116250 0.238750 0.010000 0.022500
6 0.732500 0.122500 0.020000 0.012500
6 0.723750 0.103750 0.020000 0.015000
6 0.513750 0.630000 0.012500 0.017500
6 0.578750 0.725000 0.012500 0.015000
6 0.560000 0.648750 0.012500 0.017500
6 0.668750 0.717500 0.012500 0.012500
6 0.675000 0.726250 0.017500 0.010000
6 0.620000 0.711250 0.020000 0.010000
6 0.603750 0.680000 0.022500 0.010000
6 0.596250 0.663750 0.017500 0.012500
6 0.537500 0.680000 0.007500 0.010000
6 0.595000 0.727500 0.012500 0.017500
6 0.470000 0.845000 0.012500 0.017500
6 0.441250 0.853750 0.010000 0.017500
6 0.543750 0.695000 0.012500 0.015000
6 0.550000 0.711250 0.010000 0.015000
6 0.563750 0.737500 0.010000 0.012500
6 0.571250 0.673750 0.012500 0.017500
6 0.578750 0.690000 0.012500 0.020000
6 0.585000 0.705000 0.012500 0.012500
6 0.605000 0.745000 0.012500 0.017500
6 0.613750 0.763750 0.012500 0.015000
6 0.582500 0.778750 0.010000 0.017500
6 0.573750 0.761250 0.012500 0.015000
6 0.627500 0.728750 0.017500 0.012500
6 0.487500 0.916250 0.012500 0.017500
6 0.655000 0.918750 0.017500 0.020000
6 0.666250 0.937500 0.015000 0.015000
6 0.635000 0.815000 0.012500 0.015000
6 0.655000 0.863750 0.012500 0.022500
6 0.666250 0.888750 0.015000 0.022500
6 0.646250 0.841250 0.012500 0.017500
6 0.751250 0.917500 0.017500 0.010000
6 0.777500 0.908750 0.020000 0.010000
6 0.801250 0.903750 0.015000 0.010000
6 0.818750 0.897500 0.017500 0.010000
6 0.843750 0.902500 0.022500 0.012500
6 0.865000 0.952500 0.015000 0.012500
6 0.867500 0.967500 0.020000 0.010000
6 0.458750 0.995000 0.017500 0.012500
6 0.582500 0.991250 0.015000 0.010000
6 0.616250 0.982500 0.015000 0.012500
6 0.637500 0.977500 0.020000 0.010000
6 0.657500 0.975000 0.020000 0.010000
6 0.501250 0.983750 0.017500 0.012500
6 0.563750 0.968750 0.020000 0.012500
6 0.547500 0.988750 0.015000 0.010000
6 0.561250 0.993750 0.020000 0.012500
6 0.433750 0.998750 0.017500 0.015000
6 0.833750 0.925000 0.015000 0.010000
6 0.813750 0.928750 0.015000 0.012500
6 0.792500 0.937500 0.015000 0.015000
6 0.725000 0.955000 0.017500 0.010000
6 0.743750 0.950000 0.020000 0.010000
6 0.768750 0.943750 0.020000 0.015000
6 0.611250 0.577500 0.012500 0.020000
6 0.576250 0.588750 0.015000 0.017500
6 0.681250 0.745000 0.015000 0.007500
6 0.676250 0.736250 0.017500 0.010000
