6 0.685000 0.823750 0.015000 0.020000
6 0.670000 0.852500 0.012500 0.017500
6 0.713750 0.808750 0.017500 0.020000
6 0.721250 0.753750 0.015000 0.017500
6 0.721250 0.728750 0.015000 0.017500
6 0.731250 0.708750 0.012500 0.017500
6 0.866250 0.677500 0.012500 0.017500
6 0.901250 0.680000 0.012500 0.017500
6 0.922500 0.647500 0.012500 0.017500
6 0.786250 0.802500 0.015000 0.017500
6 0.750000 0.870000 0.015000 0.020000
6 0.710000 0.945000 0.012500 0.017500
6 0.615000 0.922500 0.012500 0.017500
6 0.666250 0.957500 0.015000 0.020000
6 0.670000 0.917500 0.015000 0.022500
6 0.842500 0.801250 0.012500 0.017500
6 0.850000 0.781250 0.012500 0.020000
6 0.833750 0.738750 0.015000 0.022500
6 0.892500 0.598750 0.027500 0.040000
6 0.932500 0.553750 0.012500 0.020000
6 0.862500 0.498750 0.017500 0.020000
6 0.832500 0.545000 0.017500 0.017500
6 0.978750 0.436250 0.015000 0.020000
6 0.992500 0.436250 0.012500 0.020000
6 0.978750 0.503750 0.017500 0.017500
6 0.932500 0.522500 0.015000 0.022500
6 0.958750 0.500000 0.017500 0.022500
6 0.990000 0.476250 0.015000 0.020000
6 0.952500 0.547500 0.040000 0.062500
6 0.823750 0.571250 0.015000 0.020000
6 0.808750 0.600000 0.015000 0.017500
6 0.787500 0.697500 0.015000 0.017500
6 0.930000 0.846250 0.012500 0.017500
6 0.930000 0.875000 0.012500 0.017500
6 0.921250 0.792500 0.010000 0.015000
6 0.910000 0.788750 0.010000 0.010000
6 0.982500 0.845000 0.012500 0.017500
6 0.610000 0.961250 0.015000 0.017500
6 0.726250 0.980000 0.017500 0.025000
6 0.865000 0.477500 0.012500 0.017500
6 0.897500 0.417500 0.017500 0.020000
6 0.906250 0.401250 0.012500 0.015000
6 0.987500 0.315000 0.015000 0.017500
6 0.751250 0.931250 0.045000 0.062500
6 0.787500 0.862500 0.042500 0.065000
6 0.796250 0.811250 0.040000 0.062500
6 0.823750 0.793750 0.035000 0.062500
6 0.826250 0.726250 0.015000 0.017500
6 0.010000 0.025000 0.017500 0.017500
6 0.056250 0.887500 0.012500 0.017500
6 0.076250 0.697500 0.012500 0.017500
6 0.013750 0.710000 0.020000 0.015000
6 0.757500 0.690000 0.017500 0.020000
6 0.770000 0.667500 0.020000 0.022500
6 0.866250 0.577500 0.015000 0.017500
6 0.916250 0.616250 0.040000 0.062500
6 0.958750 0.571250 0.015000 0.022500
6 0.945000 0.597500 0.015000 0.020000
6 0.881250 0.686250 0.042500 0.065000
