6 0.116250 0.677500 0.012500 0.017500
6 0.151250 0.680000 0.012500 0.017500
6 0.172500 0.647500 0.012500 0.017500
6 0.036250 0.802500 0.015000 0.017500
6 0.000000 0.870000 0.015000 0.020000
6 0.092500 0.801250 0.012500 0.017500
6 0.100000 0.781250 0.012500 0.020000
6 0.083750 0.738750 0.015000 0.022500
6 0.142500 0.598750 0.027500 0.040000
6 0.182500 0.553750 0.012500 0.020000
6 0.112500 0.498750 0.017500 0.020000
6 0.082500 0.545000 0.017500 0.017500
6 0.255000 0.448750 0.012500 0.015000
6 0.228750 0.436250 0.015000 0.020000
6 0.242500 0.436250 0.012500 0.020000
6 0.267500 0.422500 0.012500 0.017500
6 0.280000 0.437500 0.015000 0.020000
6 0.265000 0.377500 0.015000 0.017500
6 0.228750 0.503750 0.017500 0.017500
6 0.182500 0.522500 0.015000 0.022500
6 0.208750 0.500000 0.017500 0.022500
6 0.240000 0.476250 0.015000 0.020000
6 0.202500 0.547500 0.040000 0.062500
6 0.073750 0.571250 0.015000 0.020000
6 0.058750 0.600000 0.015000 0.017500
6 0.037500 0.697500 0.015000 0.017500
6 0.446250 0.210000 0.017500 0.012500
6 0.451250 0.200000 0.015000 0.010000
6 0.456250 0.190000 0.017500 0.012500
6 0.467500 0.166250 0.017500 0.012500
6 0.475000 0.152500 0.012500 0.010000
6 0.477500 0.141250 0.017500 0.010000
6 0.507500 0.198750 0.012500 0.012500
6 0.512500 0.188750 0.010000 0.010000
6 0.682500 0.145000 0.020000 0.012500
6 0.630000 0.276250 0.015000 0.015000
6 0.635000 0.265000 0.012500 0.017500
6 0.642500 0.251250 0.017500 0.017500
6 0.650000 0.235000 0.012500 0.012500
6 0.656250 0.221250 0.015000 0.012500
6 0.687500 0.132500 0.022500 0.012500
6 0.690000 0.120000 0.015000 0.010000
6 0.697500 0.108750 0.017500 0.012500
6 0.698750 0.095000 0.015000 0.010000
6 0.707500 0.083750 0.015000 0.010000
6 0.727500 0.032500 0.015000 0.010000
6 0.731250 0.021250 0.017500 0.010000
6 0.735000 0.010000 0.020000 0.010000
6 0.180000 0.846250 0.012500 0.017500
6 0.180000 0.875000 0.012500 0.017500
6 0.171250 0.792500 0.010000 0.015000
6 0.160000 0.788750 0.010000 0.010000
6 0.232500 0.845000 0.012500 0.017500
6 0.326250 0.898750 0.015000 0.017500
6 0.115000 0.477500 0.012500 0.017500
6 0.147500 0.417500 0.017500 0.020000
6 0.156250 0.401250 0.012500 0.015000
6 0.237500 0.315000 0.015000 0.017500
6 0.255000 0.311250 0.015000 0.020000
6 0.313750 0.297500 0.015000 0.020000
6 0.316250 0.267500 0.015000 0.017500
6 0.323750 0.317500 0.012500 0.020000
6 0.295000 0.405000 0.020000 0.025000
6 0.296250 0.363750 0.040000 0.065000
6 0.307500 0.378750 0.012500 0.020000
6 0.321250 0.353750 0.015000 0.020000
6 0.330000 0.331250 0.012500 0.020000
6 0.355000 0.256250 0.045000 0.060000
6 0.391250 0.217500 0.010000 0.015000
6 0.357500 0.212500 0.027500 0.040000
6 0.377500 0.211250 0.012500 0.017500
6 0.392500 0.185000 0.012500 0.017500
6 0.403750 0.200000 0.012500 0.017500
6 0.306250 0.178750 0.012500 0.020000
6 0.255000 0.170000 0.022500 0.015000
6 0.288750 0.140000 0.012500 0.017500
6 0.352500 0.125000 0.012500 0.017500
6 0.306250 0.111250 0.015000 0.017500
6 0.317500 0.087500 0.017500 0.020000
6 0.388750 0.127500 0.012500 0.017500
6 0.402500 0.125000 0.015000 0.022500
6 0.438750 0.101250 0.017500 0.017500
6 0.455000 0.102500 0.015000 0.017500
6 0.453750 0.085000 0.020000 0.015000
6 0.437500 0.070000 0.012500 0.017500
6 0.460000 0.055000 0.022500 0.035000
6 0.478750 0.046250 0.012500 0.017500
6 0.477500 0.023750 0.015000 0.017500
6 0.496250 0.020000 0.012500 0.020000
6 0.407500 0.015000 0.015000 0.017500
6 0.441250 0.028750 0.027500 0.037500
6 0.001250 0.931250 0.045000 0.062500
6 0.037500 0.862500 0.042500 0.065000
6 0.046250 0.811250 0.040000 0.062500
6 0.073750 0.793750 0.035000 0.062500
6 0.076250 0.726250 0.015000 0.017500
6 0.525000 0.865000 0.032500 0.052500
6 0.563750 0.871250 0.020000 0.025000
6 0.455000 0.828750 0.032500 0.047500
6 0.471250 0.826250 0.017500 0.022500
6 0.371250 0.791250 0.032500 0.050000
6 0.390000 0.782500 0.017500 0.025000
6 0.403750 0.803750 0.030000 0.050000
6 0.007500 0.690000 0.017500 0.020000
6 0.020000 0.667500 0.020000 0.022500
6 0.116250 0.577500 0.015000 0.017500
6 0.166250 0.616250 0.040000 0.062500
6 0.208750 0.571250 0.015000 0.022500
6 0.195000 0.597500 0.015000 0.020000
6 0.131250 0.686250 0.042500 0.065000
6 0.280000 0.846250 0.060000 0.037500
