6 0.850000 0.196250 0.015000 0.012500
6 0.866250 0.198750 0.012500 0.017500
6 0.881250 0.205000 0.012500 0.017500
6 0.918750 0.217500 0.015000 0.020000
6 0.930000 0.221250 0.012500 0.017500
6 0.905000 0.212500 0.010000 0.015000
6 0.941250 0.227500 0.012500 0.022500
6 0.953750 0.232500 0.010000 0.017500
6 0.965000 0.236250 0.010000 0.017500
6 0.977500 0.243750 0.012500 0.020000
6 0.988750 0.246250 0.012500 0.020000
6 0.935000 0.256250 0.020000 0.012500
6 0.958750 0.266250 0.012500 0.010000
6 0.976250 0.273750 0.017500 0.010000
6 0.973750 0.138750 0.017500 0.012500
6 0.951250 0.131250 0.017500 0.012500
6 0.871250 0.125000 0.020000 0.012500
6 0.890000 0.152500 0.015000 0.022500
6 0.915000 0.115000 0.022500 0.017500
6 0.968750 0.478750 0.012500 0.017500
6 0.977500 0.460000 0.012500 0.015000
6 0.982500 0.551250 0.020000 0.012500
6 0.962500 0.545000 0.020000 0.015000
6 0.928750 0.512500 0.012500 0.017500
6 0.938750 0.490000 0.012500 0.015000
6 0.968750 0.532500 0.012500 0.015000
6 0.982500 0.541250 0.020000 0.012500
6 0.960000 0.502500 0.017500 0.020000
6 0.955000 0.451250 0.010000 0.015000
6 0.987500 0.371250 0.012500 0.017500
6 0.877500 0.631250 0.020000 0.015000
6 0.193750 0.485000 0.015000 0.012500
6 0.997500 0.948750 0.015000 0.017500
6 0.888750 0.886250 0.012500 0.017500
6 0.861250 0.875000 0.015000 0.020000
6 0.838750 0.866250 0.012500 0.020000
6 0.830000 0.861250 0.015000 0.020000
6 0.797500 0.848750 0.017500 0.020000
6 0.738750 0.837500 0.020000 0.032500
6 0.708750 0.816250 0.010000 0.012500
6 0.668750 0.890000 0.017500 0.012500
6 0.756250 0.995000 0.012500 0.015000
6 0.737500 0.987500 0.010000 0.015000
6 0.727500 0.983750 0.012500 0.017500
6 0.716250 0.982500 0.012500 0.020000
6 0.720000 0.943750 0.015000 0.030000
6 0.031250 0.828750 0.020000 0.035000
6 0.515000 0.891250 0.010000 0.017500
6 0.968750 0.893750 0.017500 0.020000
6 0.821250 0.787500 0.022500 0.015000
6 0.916250 0.748750 0.015000 0.012500
6 0.850000 0.716250 0.007500 0.020000
6 0.833750 0.751250 0.010000 0.017500
6 0.796250 0.755000 0.012500 0.017500
6 0.777500 0.747500 0.012500 0.012500
6 0.706250 0.727500 0.015000 0.017500
6 0.722500 0.115000 0.015000 0.022500
6 0.718750 0.135000 0.015000 0.017500
6 0.730000 0.141250 0.012500 0.020000
6 0.693750 0.027500 0.040000 0.025000
6 0.590000 0.006250 0.020000 0.030000
6 0.396250 0.010000 0.042500 0.025000
