6 0.528750 0.438750 0.012500 0.012500
6 0.946250 0.636250 0.015000 0.010000
6 0.992500 0.648750 0.022500 0.012500
6 0.778750 0.646250 0.015000 0.022500
6 0.583750 0.523750 0.020000 0.012500
6 0.553750 0.515000 0.037500 0.017500
6 0.515000 0.748750 0.020000 0.010000
6 0.441250 0.742500 0.015000 0.010000
6 0.421250 0.737500 0.017500 0.010000
6 0.400000 0.732500 0.020000 0.012500
6 0.365000 0.721250 0.017500 0.010000
6 0.192500 0.611250 0.022500 0.012500
6 0.206250 0.562500 0.015000 0.012500
6 0.211250 0.553750 0.017500 0.015000
6 0.216250 0.542500 0.015000 0.012500
6 0.010000 0.721250 0.017500 0.010000
6 0.270000 0.680000 0.017500 0.012500
6 0.118750 0.660000 0.020000 0.012500
6 0.221250 0.686250 0.020000 0.012500
6 0.311250 0.712500 0.022500 0.010000
6 0.290000 0.705000 0.017500 0.010000
6 0.270000 0.700000 0.020000 0.012500
6 0.835000 0.851250 0.017500 0.010000
6 0.911250 0.856250 0.017500 0.012500
6 0.883750 0.847500 0.017500 0.010000
6 0.011250 0.223750 0.015000 0.020000
6 0.000000 0.212500 0.017500 0.032500
6 0.027500 0.152500 0.032500 0.067500
6 0.040000 0.161250 0.015000 0.022500
6 0.015000 0.137500 0.015000 0.020000
6 0.018750 0.091250 0.015000 0.022500
6 0.038750 0.082500 0.012500 0.017500
6 0.101250 0.041250 0.015000 0.017500
6 0.100000 0.022500 0.012500 0.017500
6 0.047500 0.023750 0.025000 0.040000
6 0.792500 0.573750 0.017500 0.010000
6 0.747500 0.561250 0.022500 0.012500
