6 0.572500 0.990000 0.012500 0.020000
6 0.100000 0.946250 0.015000 0.012500
6 0.116250 0.948750 0.012500 0.017500
6 0.131250 0.955000 0.012500 0.017500
6 0.168750 0.967500 0.015000 0.020000
6 0.180000 0.971250 0.012500 0.017500
6 0.155000 0.962500 0.010000 0.015000
6 0.191250 0.977500 0.012500 0.022500
6 0.203750 0.982500 0.010000 0.017500
6 0.215000 0.986250 0.010000 0.017500
6 0.227500 0.993750 0.012500 0.020000
6 0.238750 0.996250 0.012500 0.020000
6 0.223750 0.888750 0.017500 0.012500
6 0.201250 0.881250 0.017500 0.012500
6 0.288750 0.876250 0.020000 0.012500
6 0.121250 0.875000 0.020000 0.012500
6 0.140000 0.902500 0.015000 0.022500
6 0.165000 0.865000 0.022500 0.017500
6 0.595000 0.971250 0.020000 0.032500
6 0.623750 0.982500 0.012500 0.015000
6 0.633750 0.953750 0.012500 0.017500
6 0.618750 0.956250 0.032500 0.062500
6 0.595000 0.935000 0.022500 0.030000
6 0.615000 0.883750 0.015000 0.020000
6 0.572500 0.895000 0.012500 0.020000
6 0.668750 0.872500 0.012500 0.020000
6 0.640000 0.866250 0.012500 0.020000
6 0.621250 0.905000 0.022500 0.035000
6 0.641250 0.901250 0.022500 0.040000
6 0.523750 0.902500 0.020000 0.017500
6 0.436250 0.867500 0.037500 0.020000
6 0.513750 0.850000 0.010000 0.017500
6 0.436250 0.891250 0.025000 0.015000
6 0.377500 0.782500 0.020000 0.012500
6 0.350000 0.813750 0.020000 0.012500
6 0.445000 0.781250 0.017500 0.010000
6 0.533750 0.771250 0.015000 0.022500
6 0.521250 0.827500 0.017500 0.020000
6 0.573750 0.772500 0.012500 0.020000
6 0.665000 0.762500 0.015000 0.020000
6 0.688750 0.778750 0.012500 0.020000
6 0.656250 0.786250 0.015000 0.020000
6 0.641250 0.820000 0.012500 0.017500
6 0.702500 0.750000 0.012500 0.020000
6 0.681250 0.726250 0.012500 0.022500
6 0.712500 0.723750 0.012500 0.022500
6 0.697500 0.718750 0.015000 0.025000
6 0.647500 0.708750 0.015000 0.017500
6 0.596250 0.712500 0.012500 0.015000
6 0.722500 0.696250 0.012500 0.017500
6 0.678750 0.641250 0.012500 0.015000
6 0.662500 0.612500 0.015000 0.020000
6 0.681250 0.605000 0.015000 0.020000
6 0.728750 0.606250 0.015000 0.022500
6 0.715000 0.551250 0.015000 0.017500
6 0.790000 0.535000 0.012500 0.017500
6 0.806250 0.533750 0.015000 0.020000
6 0.800000 0.508750 0.012500 0.017500
6 0.771250 0.503750 0.017500 0.022500
6 0.693750 0.535000 0.017500 0.020000
6 0.756250 0.576250 0.015000 0.025000
6 0.757500 0.545000 0.012500 0.020000
6 0.747500 0.681250 0.010000 0.017500
6 0.712500 0.650000 0.015000 0.022500
6 0.696250 0.685000 0.022500 0.035000
6 0.745000 0.606250 0.017500 0.020000
6 0.667500 0.828750 0.030000 0.065000
6 0.660000 0.811250 0.032500 0.065000
6 0.737500 0.457500 0.020000 0.025000
6 0.791250 0.453750 0.012500 0.020000
6 0.757500 0.415000 0.015000 0.017500
6 0.837500 0.435000 0.012500 0.017500
6 0.748750 0.400000 0.017500 0.022500
6 0.855000 0.378750 0.012500 0.017500
6 0.836250 0.348750 0.012500 0.022500
6 0.805000 0.335000 0.015000 0.020000
6 0.801250 0.308750 0.015000 0.020000
6 0.862500 0.295000 0.015000 0.020000
6 0.861250 0.331250 0.032500 0.065000
6 0.908750 0.307500 0.015000 0.020000
6 0.717500 0.353750 0.012500 0.017500
6 0.700000 0.372500 0.012500 0.020000
6 0.710000 0.376250 0.015000 0.017500
6 0.691250 0.396250 0.012500 0.017500
6 0.667500 0.392500 0.022500 0.070000
6 0.666250 0.485000 0.065000 0.052500
6 0.872500 0.378750 0.022500 0.040000
6 0.822500 0.395000 0.032500 0.047500
6 0.686250 0.283750 0.012500 0.017500
6 0.676250 0.281250 0.012500 0.022500
6 0.932500 0.117500 0.015000 0.020000
6 0.811250 0.237500 0.035000 0.062500
6 0.847500 0.242500 0.012500 0.020000
6 0.882500 0.246250 0.015000 0.022500
6 0.905000 0.220000 0.030000 0.072500
6 0.975000 0.280000 0.020000 0.017500
6 0.918750 0.156250 0.015000 0.020000
6 0.931250 0.157500 0.015000 0.020000
6 0.973750 0.140000 0.015000 0.020000
6 0.901250 0.105000 0.015000 0.022500
6 0.980000 0.041250 0.012500 0.015000
6 0.878750 0.046250 0.012500 0.020000
6 0.955000 0.060000 0.025000 0.032500
6 0.956250 0.096250 0.025000 0.035000
6 0.975000 0.092500 0.032500 0.060000
6 0.741250 0.575000 0.012500 0.022500
6 0.342500 0.831250 0.030000 0.017500
6 0.421250 0.748750 0.015000 0.020000
6 0.408750 0.745000 0.015000 0.015000
6 0.446250 0.770000 0.015000 0.010000
6 0.441250 0.790000 0.015000 0.010000
6 0.437500 0.801250 0.012500 0.010000
6 0.430000 0.808750 0.015000 0.010000
6 0.430000 0.817500 0.015000 0.010000
6 0.787500 0.935000 0.012500 0.022500
6 0.771250 0.935000 0.012500 0.020000
6 0.761250 0.933750 0.012500 0.017500
6 0.168750 0.723750 0.020000 0.035000
6 0.186250 0.723750 0.017500 0.025000
6 0.271250 0.847500 0.035000 0.030000
6 0.295000 0.842500 0.035000 0.020000
6 0.332500 0.860000 0.040000 0.027500
6 0.626250 0.425000 0.020000 0.065000
6 0.190000 0.086250 0.035000 0.022500
6 0.433750 0.195000 0.035000 0.020000
6 0.486250 0.215000 0.050000 0.030000
6 0.382500 0.208750 0.062500 0.030000
6 0.471250 0.242500 0.060000 0.037500
6 0.565000 0.252500 0.065000 0.037500
6 0.566250 0.292500 0.060000 0.052500
