6 0.285000 0.002500 0.012500 0.022500
6 0.258750 0.157500 0.010000 0.017500
6 0.206250 0.303750 0.010000 0.020000
6 0.142500 0.353750 0.012500 0.022500
6 0.126250 0.426250 0.010000 0.020000
6 0.076250 0.546250 0.012500 0.020000
6 0.135000 0.562500 0.012500 0.022500
6 0.153750 0.553750 0.012500 0.022500
6 0.155000 0.508750 0.012500 0.022500
6 0.070000 0.617500 0.010000 0.017500
6 0.092500 0.723750 0.010000 0.022500
6 0.113750 0.787500 0.010000 0.017500
6 0.071250 0.813750 0.010000 0.017500
6 0.108750 0.735000 0.012500 0.027500
