6 0.481250 0.002500 0.010000 0.020000
6 0.485000 0.042500 0.012500 0.020000
6 0.451250 0.117500 0.010000 0.020000
6 0.436250 0.177500 0.010000 0.017500
6 0.443750 0.195000 0.010000 0.022500
6 0.442500 0.230000 0.010000 0.017500
6 0.365000 0.208750 0.015000 0.022500
6 0.406250 0.287500 0.012500 0.020000
6 0.348750 0.328750 0.010000 0.017500
6 0.388750 0.348750 0.010000 0.017500
6 0.361250 0.455000 0.010000 0.020000
6 0.340000 0.541250 0.007500 0.015000
6 0.336250 0.621250 0.017500 0.032500
6 0.230000 0.717500 0.010000 0.020000
6 0.285000 0.752500 0.012500 0.022500
6 0.258750 0.907500 0.010000 0.017500
