6 0.928750 0.868750 0.012500 0.020000
6 0.396250 0.163750 0.025000 0.007500
6 0.345000 0.172500 0.017500 0.010000
6 0.680000 0.017500 0.007500 0.017500
6 0.967500 0.142500 0.020000 0.012500
6 0.261250 0.520000 0.015000 0.020000
6 0.756250 0.146250 0.015000 0.012500
6 0.962500 0.915000 0.010000 0.017500
6 0.250000 0.848750 0.017500 0.015000
6 0.330000 0.391250 0.010000 0.012500
6 0.208750 0.415000 0.010000 0.012500
6 0.215000 0.417500 0.007500 0.012500
6 0.146250 0.960000 0.015000 0.012500
6 0.570000 0.383750 0.012500 0.010000
