6 0.106250 0.622500 0.015000 0.012500
6 0.097500 0.635000 0.022500 0.015000
6 0.152500 0.648750 0.017500 0.015000
6 0.141250 0.656250 0.020000 0.012500
6 0.133750 0.678750 0.015000 0.010000
6 0.183750 0.657500 0.030000 0.020000
6 0.227500 0.678750 0.042500 0.027500
6 0.268750 0.700000 0.030000 0.022500
6 0.283750 0.691250 0.020000 0.015000
6 0.195000 0.687500 0.010000 0.012500
6 0.190000 0.720000 0.017500 0.015000
6 0.167500 0.732500 0.017500 0.015000
6 0.212500 0.697500 0.015000 0.017500
6 0.231250 0.706250 0.012500 0.012500
6 0.240000 0.713750 0.012500 0.017500
6 0.251250 0.718750 0.012500 0.020000
6 0.208750 0.776250 0.015000 0.017500
6 0.222500 0.780000 0.010000 0.017500
6 0.256250 0.777500 0.017500 0.015000
6 0.245000 0.790000 0.012500 0.012500
6 0.252500 0.798750 0.010000 0.015000
6 0.283750 0.810000 0.010000 0.015000
6 0.311250 0.806250 0.020000 0.017500
6 0.313750 0.795000 0.020000 0.015000
6 0.470000 0.840000 0.017500 0.020000
6 0.592500 0.842500 0.030000 0.015000
6 0.557500 0.802500 0.012500 0.015000
6 0.583750 0.818750 0.015000 0.020000
6 0.461250 0.732500 0.012500 0.020000
6 0.625000 0.811250 0.017500 0.020000
6 0.700000 0.726250 0.015000 0.020000
6 0.651250 0.830000 0.010000 0.017500
6 0.610000 0.876250 0.015000 0.020000
6 0.622500 0.900000 0.017500 0.020000
6 0.570000 0.931250 0.015000 0.020000
6 0.585000 0.947500 0.017500 0.022500
6 0.620000 0.930000 0.010000 0.015000
6 0.456250 0.107500 0.012500 0.022500
6 0.485000 0.121250 0.010000 0.017500
6 0.497500 0.171250 0.017500 0.012500
6 0.831250 0.248750 0.015000 0.027500
6 0.846250 0.247500 0.017500 0.027500
6 0.920000 0.188750 0.020000 0.035000
6 0.943750 0.180000 0.012500 0.020000
6 0.990000 0.108750 0.017500 0.020000
6 0.791250 0.077500 0.012500 0.015000
6 0.376250 0.282500 0.027500 0.012500
6 0.895000 0.342500 0.025000 0.035000
6 0.803750 0.486250 0.015000 0.020000
6 0.996250 0.236250 0.012500 0.017500
6 0.971250 0.283750 0.012500 0.017500
6 0.982500 0.258750 0.012500 0.020000
6 0.993750 0.268750 0.025000 0.035000
6 0.980000 0.303750 0.012500 0.020000
6 0.950000 0.326250 0.015000 0.017500
6 0.960000 0.338750 0.012500 0.015000
6 0.933750 0.361250 0.015000 0.017500
6 0.945000 0.371250 0.015000 0.022500
6 0.907500 0.410000 0.040000 0.065000
6 0.932500 0.396250 0.012500 0.017500
6 0.917500 0.426250 0.012500 0.020000
6 0.943750 0.408750 0.037500 0.062500
6 0.946250 0.442500 0.012500 0.017500
6 0.883750 0.461250 0.012500 0.020000
6 0.898750 0.467500 0.025000 0.037500
6 0.871250 0.487500 0.012500 0.015000
6 0.873750 0.517500 0.045000 0.067500
6 0.905000 0.487500 0.022500 0.035000
6 0.858750 0.512500 0.015000 0.017500
6 0.847500 0.532500 0.015000 0.020000
6 0.837500 0.558750 0.015000 0.020000
6 0.846250 0.566250 0.015000 0.022500
6 0.866250 0.581250 0.012500 0.017500
6 0.813750 0.606250 0.015000 0.020000
6 0.833750 0.595000 0.015000 0.020000
6 0.845000 0.607500 0.015000 0.020000
6 0.792500 0.647500 0.012500 0.017500
6 0.818750 0.626250 0.010000 0.020000
6 0.801250 0.663750 0.015000 0.020000
6 0.816250 0.666250 0.020000 0.027500
6 0.838750 0.643750 0.015000 0.022500
6 0.853750 0.633750 0.012500 0.022500
6 0.771250 0.696250 0.012500 0.020000
6 0.752500 0.730000 0.012500 0.015000
6 0.773750 0.721250 0.022500 0.035000
6 0.778750 0.747500 0.010000 0.015000
6 0.731250 0.775000 0.012500 0.022500
6 0.751250 0.765000 0.012500 0.020000
6 0.713750 0.807500 0.015000 0.020000
6 0.750000 0.800000 0.010000 0.017500
6 0.726250 0.812500 0.022500 0.040000
6 0.697500 0.846250 0.012500 0.020000
6 0.727500 0.843750 0.015000 0.020000
6 0.743750 0.842500 0.015000 0.020000
6 0.701250 0.871250 0.015000 0.017500
6 0.712500 0.877500 0.015000 0.020000
6 0.711250 0.907500 0.015000 0.017500
6 0.678750 0.912500 0.015000 0.020000
6 0.656250 0.928750 0.012500 0.020000
6 0.665000 0.946250 0.012500 0.017500
6 0.690000 0.931250 0.015000 0.020000
6 0.642500 0.957500 0.012500 0.017500
6 0.625000 0.993750 0.015000 0.020000
6 0.672500 0.963750 0.022500 0.035000
6 0.800000 0.082500 0.015000 0.017500
