6 0.978750 0.416250 0.010000 0.017500
6 0.993750 0.418750 0.012500 0.022500
6 0.980000 0.445000 0.015000 0.022500
6 0.983750 0.470000 0.025000 0.037500
6 0.968750 0.475000 0.012500 0.015000
6 0.992500 0.483750 0.007500 0.015000
6 0.956250 0.500000 0.015000 0.020000
6 0.971250 0.518750 0.012500 0.022500
6 0.986250 0.520000 0.012500 0.020000
6 0.946250 0.530000 0.015000 0.020000
6 0.965000 0.570000 0.015000 0.020000
6 0.946250 0.570000 0.042500 0.067500
6 0.935000 0.556250 0.015000 0.017500
6 0.928750 0.578750 0.015000 0.017500
6 0.926250 0.542500 0.012500 0.020000
6 0.912500 0.571250 0.015000 0.020000
6 0.896250 0.613750 0.015000 0.020000
6 0.910000 0.612500 0.012500 0.017500
6 0.921250 0.626250 0.012500 0.020000
6 0.881250 0.638750 0.012500 0.020000
6 0.896250 0.645000 0.012500 0.020000
6 0.911250 0.650000 0.012500 0.020000
6 0.926250 0.647500 0.012500 0.017500
6 0.875000 0.666250 0.012500 0.017500
6 0.886250 0.670000 0.012500 0.017500
6 0.900000 0.673750 0.012500 0.020000
6 0.913750 0.691250 0.010000 0.015000
6 0.857500 0.706250 0.012500 0.017500
6 0.873750 0.700000 0.012500 0.020000
6 0.888750 0.700000 0.012500 0.017500
6 0.903750 0.716250 0.012500 0.020000
6 0.842500 0.738750 0.012500 0.020000
6 0.861250 0.725000 0.015000 0.020000
6 0.818750 0.788750 0.015000 0.022500
6 0.841250 0.771250 0.012500 0.017500
6 0.857500 0.782500 0.015000 0.027500
6 0.863750 0.810000 0.010000 0.017500
6 0.826250 0.811250 0.017500 0.020000
6 0.825000 0.837500 0.015000 0.017500
6 0.797500 0.832500 0.012500 0.017500
6 0.777500 0.878750 0.010000 0.012500
6 0.793750 0.883750 0.012500 0.017500
6 0.812500 0.878750 0.012500 0.020000
6 0.753750 0.928750 0.012500 0.020000
6 0.770000 0.930000 0.022500 0.032500
6 0.788750 0.923750 0.017500 0.027500
6 0.735000 0.980000 0.015000 0.022500
6 0.768750 0.973750 0.022500 0.032500
6 0.687500 0.970000 0.015000 0.020000
6 0.652500 0.968750 0.010000 0.012500
6 0.615000 0.977500 0.015000 0.007500
6 0.590000 0.948750 0.012500 0.017500
6 0.597500 0.930000 0.012500 0.015000
6 0.601250 0.956250 0.012500 0.015000
6 0.607500 0.936250 0.012500 0.017500
6 0.612500 0.958750 0.010000 0.015000
6 0.617500 0.941250 0.012500 0.017500
6 0.627500 0.942500 0.012500 0.017500
6 0.636250 0.948750 0.007500 0.015000
6 0.621250 0.961250 0.012500 0.017500
6 0.630000 0.965000 0.010000 0.017500
6 0.716250 0.817500 0.012500 0.015000
6 0.766250 0.792500 0.012500 0.015000
6 0.746250 0.751250 0.015000 0.020000
6 0.776250 0.681250 0.012500 0.020000
6 0.793750 0.695000 0.012500 0.017500
6 0.837500 0.667500 0.012500 0.020000
6 0.812500 0.685000 0.017500 0.025000
6 0.783750 0.663750 0.012500 0.017500
6 0.792500 0.641250 0.012500 0.017500
6 0.810000 0.645000 0.012500 0.017500
6 0.815000 0.602500 0.012500 0.017500
6 0.823750 0.577500 0.015000 0.022500
6 0.837500 0.553750 0.012500 0.017500
6 0.868750 0.551250 0.012500 0.020000
6 0.846250 0.528750 0.012500 0.022500
6 0.860000 0.502500 0.012500 0.017500
6 0.865000 0.480000 0.015000 0.020000
6 0.915000 0.445000 0.015000 0.022500
6 0.895000 0.412500 0.015000 0.025000
6 0.917500 0.366250 0.017500 0.022500
6 0.926250 0.336250 0.015000 0.022500
6 0.955000 0.341250 0.025000 0.035000
6 0.941250 0.310000 0.015000 0.017500
6 0.981250 0.340000 0.017500 0.022500
6 0.950000 0.286250 0.017500 0.022500
6 0.965000 0.258750 0.012500 0.020000
6 0.980000 0.223750 0.015000 0.022500
6 0.993750 0.196250 0.015000 0.017500
6 0.047500 0.880000 0.070000 0.027500
6 0.076250 0.871250 0.025000 0.017500
6 0.100000 0.876250 0.030000 0.015000
6 0.126250 0.886250 0.030000 0.017500
6 0.165000 0.898750 0.050000 0.025000
6 0.222500 0.915000 0.052500 0.025000
6 0.352500 0.955000 0.052500 0.025000
6 0.208750 0.797500 0.020000 0.012500
6 0.360000 0.850000 0.020000 0.012500
6 0.425000 0.861250 0.020000 0.010000
6 0.541250 0.880000 0.022500 0.012500
6 0.582500 0.882500 0.017500 0.020000
6 0.548750 0.831250 0.017500 0.010000
6 0.440000 0.762500 0.030000 0.035000
6 0.482500 0.745000 0.012500 0.017500
6 0.500000 0.752500 0.010000 0.020000
6 0.566250 0.772500 0.010000 0.015000
6 0.612500 0.770000 0.030000 0.070000
6 0.628750 0.780000 0.030000 0.067500
6 0.697500 0.682500 0.012500 0.007500
6 0.517500 0.623750 0.027500 0.012500
6 0.043750 0.028750 0.010000 0.015000
6 0.058750 0.035000 0.007500 0.017500
6 0.027500 0.046250 0.010000 0.005000
6 0.057500 0.378750 0.010000 0.020000
6 0.112500 0.361250 0.047500 0.020000
6 0.122500 0.348750 0.045000 0.017500
6 0.221250 0.328750 0.012500 0.022500
6 0.216250 0.416250 0.012500 0.020000
6 0.191250 0.408750 0.020000 0.012500
6 0.178750 0.428750 0.020000 0.010000
6 0.177500 0.438750 0.020000 0.010000
6 0.247500 0.426250 0.015000 0.017500
6 0.270000 0.433750 0.015000 0.015000
6 0.268750 0.456250 0.012500 0.017500
6 0.298750 0.463750 0.015000 0.017500
6 0.315000 0.446250 0.020000 0.012500
6 0.331250 0.451250 0.017500 0.015000
6 0.343750 0.455000 0.017500 0.015000
6 0.388750 0.467500 0.017500 0.015000
6 0.365000 0.462500 0.017500 0.015000
6 0.353750 0.457500 0.017500 0.017500
6 0.375000 0.430000 0.015000 0.020000
6 0.351250 0.423750 0.012500 0.020000
6 0.293750 0.406250 0.012500 0.020000
6 0.280000 0.403750 0.012500 0.020000
6 0.265000 0.398750 0.015000 0.020000
6 0.401250 0.416250 0.017500 0.015000
6 0.391250 0.411250 0.020000 0.017500
6 0.347500 0.400000 0.015000 0.017500
6 0.332500 0.395000 0.017500 0.012500
6 0.317500 0.391250 0.017500 0.015000
6 0.301250 0.387500 0.020000 0.012500
6 0.273750 0.378750 0.017500 0.012500
6 0.365000 0.370000 0.012500 0.017500
6 0.390000 0.378750 0.012500 0.020000
6 0.405000 0.361250 0.017500 0.015000
6 0.338750 0.363750 0.010000 0.015000
6 0.325000 0.360000 0.010000 0.017500
6 0.302500 0.352500 0.012500 0.017500
6 0.282500 0.348750 0.012500 0.020000
6 0.317500 0.337500 0.020000 0.010000
6 0.301250 0.332500 0.017500 0.015000
6 0.290000 0.327500 0.017500 0.015000
6 0.277500 0.326250 0.015000 0.015000
6 0.405000 0.325000 0.010000 0.020000
6 0.722500 0.432500 0.020000 0.010000
6 0.720000 0.442500 0.022500 0.010000
6 0.715000 0.452500 0.020000 0.010000
6 0.420000 0.366250 0.017500 0.012500
6 0.713750 0.463750 0.015000 0.010000
6 0.708750 0.472500 0.020000 0.010000
6 0.702500 0.482500 0.020000 0.010000
6 0.700000 0.493750 0.022500 0.010000
6 0.732500 0.493750 0.027500 0.010000
6 0.672500 0.501250 0.017500 0.007500
6 0.776250 0.437500 0.007500 0.010000
6 0.620000 0.298750 0.010000 0.015000
6 0.608750 0.323750 0.020000 0.010000
6 0.247500 0.773750 0.017500 0.037500
6 0.236250 0.770000 0.017500 0.035000
6 0.002500 0.358750 0.025000 0.015000
6 0.128750 0.330000 0.047500 0.025000
6 0.143750 0.292500 0.045000 0.022500
6 0.312500 0.466250 0.012500 0.020000
6 0.326250 0.471250 0.012500 0.017500
6 0.340000 0.478750 0.012500 0.020000
6 0.352500 0.477500 0.012500 0.017500
6 0.648750 0.303750 0.010000 0.015000
6 0.681250 0.315000 0.017500 0.020000
6 0.668750 0.342500 0.017500 0.012500
6 0.711250 0.323750 0.010000 0.017500
6 0.738750 0.330000 0.015000 0.020000
6 0.752500 0.333750 0.015000 0.022500
6 0.745000 0.366250 0.020000 0.007500
6 0.763750 0.331250 0.012500 0.015000
6 0.778750 0.332500 0.017500 0.022500
6 0.781250 0.320000 0.012500 0.012500
6 0.786250 0.310000 0.017500 0.017500
6 0.788750 0.298750 0.015000 0.017500
6 0.792500 0.288750 0.017500 0.015000
6 0.796250 0.277500 0.017500 0.012500
6 0.797500 0.266250 0.012500 0.015000
6 0.801250 0.255000 0.020000 0.017500
6 0.845000 0.251250 0.012500 0.010000
6 0.827500 0.292500 0.012500 0.007500
6 0.821250 0.306250 0.015000 0.007500
6 0.813750 0.327500 0.012500 0.015000
6 0.808750 0.387500 0.017500 0.007500
6 0.832500 0.282500 0.012500 0.007500
6 0.493750 0.165000 0.017500 0.010000
6 0.475000 0.226250 0.022500 0.010000
6 0.468750 0.246250 0.025000 0.012500
6 0.813750 0.378750 0.017500 0.010000
6 0.296250 0.086250 0.022500 0.012500
6 0.382500 0.708750 0.022500 0.030000
6 0.257500 0.778750 0.017500 0.030000
6 0.223750 0.763750 0.017500 0.030000
