6 0.838750 0.000000 0.017500 0.020000
6 0.831250 0.018750 0.015000 0.015000
6 0.783750 0.035000 0.015000 0.015000
6 0.801250 0.032500 0.012500 0.017500
6 0.757500 0.062500 0.017500 0.022500
6 0.800000 0.083750 0.012500 0.017500
6 0.771250 0.100000 0.017500 0.020000
6 0.751250 0.105000 0.037500 0.062500
6 0.727500 0.131250 0.017500 0.017500
6 0.711250 0.161250 0.015000 0.017500
6 0.757500 0.175000 0.015000 0.017500
6 0.728750 0.193750 0.040000 0.060000
6 0.690000 0.206250 0.017500 0.020000
6 0.701250 0.221250 0.020000 0.022500
6 0.673750 0.275000 0.015000 0.017500
6 0.688750 0.285000 0.015000 0.022500
6 0.722500 0.253750 0.015000 0.017500
6 0.713750 0.270000 0.012500 0.015000
6 0.703750 0.290000 0.012500 0.017500
6 0.736250 0.282500 0.012500 0.015000
6 0.727500 0.300000 0.012500 0.012500
6 0.633750 0.331250 0.015000 0.022500
6 0.645000 0.335000 0.015000 0.020000
6 0.648750 0.360000 0.035000 0.062500
6 0.642500 0.416250 0.012500 0.015000
6 0.633750 0.438750 0.012500 0.020000
6 0.593750 0.408750 0.015000 0.017500
6 0.608750 0.402500 0.012500 0.017500
6 0.600000 0.428750 0.015000 0.020000
6 0.578750 0.440000 0.012500 0.015000
6 0.557500 0.481250 0.012500 0.017500
6 0.572500 0.488750 0.010000 0.015000
6 0.587500 0.485000 0.032500 0.040000
6 0.598750 0.505000 0.012500 0.017500
6 0.583750 0.537500 0.012500 0.015000
6 0.543750 0.515000 0.015000 0.017500
6 0.550000 0.535000 0.015000 0.020000
6 0.521250 0.560000 0.015000 0.017500
6 0.521250 0.595000 0.027500 0.040000
6 0.503750 0.595000 0.010000 0.020000
6 0.488750 0.630000 0.015000 0.017500
6 0.471250 0.666250 0.012500 0.020000
6 0.531250 0.636250 0.012500 0.017500
6 0.452500 0.701250 0.012500 0.017500
6 0.475000 0.693750 0.015000 0.017500
6 0.491250 0.692500 0.012500 0.017500
6 0.437500 0.735000 0.012500 0.017500
6 0.457500 0.727500 0.015000 0.022500
6 0.483750 0.720000 0.015000 0.017500
6 0.456250 0.768750 0.040000 0.062500
6 0.445000 0.756250 0.015000 0.020000
6 0.423750 0.771250 0.015000 0.020000
6 0.432500 0.785000 0.010000 0.017500
6 0.401250 0.818750 0.015000 0.017500
6 0.418750 0.815000 0.015000 0.020000
6 0.408750 0.837500 0.012500 0.020000
6 0.425000 0.838750 0.040000 0.065000
6 0.380000 0.866250 0.012500 0.015000
6 0.392500 0.867500 0.012500 0.017500
6 0.355000 0.918750 0.012500 0.020000
6 0.378750 0.897500 0.015000 0.022500
6 0.396250 0.896250 0.022500 0.037500
6 0.365000 0.922500 0.015000 0.020000
6 0.381250 0.928750 0.015000 0.020000
6 0.351250 0.953750 0.015000 0.022500
6 0.361250 0.975000 0.040000 0.060000
6 0.373750 0.991250 0.012500 0.020000
6 0.342500 0.980000 0.017500 0.020000
6 0.230000 0.995000 0.015000 0.022500
6 0.265000 0.983750 0.040000 0.065000
6 0.243750 0.967500 0.015000 0.017500
6 0.256250 0.942500 0.012500 0.017500
6 0.266250 0.916250 0.015000 0.020000
6 0.283750 0.880000 0.015000 0.020000
6 0.297500 0.856250 0.015000 0.017500
6 0.315000 0.816250 0.015000 0.017500
6 0.333750 0.780000 0.015000 0.020000
6 0.356250 0.806250 0.012500 0.017500
6 0.342500 0.755000 0.017500 0.020000
6 0.385000 0.775000 0.015000 0.015000
6 0.393750 0.730000 0.012500 0.015000
6 0.382500 0.672500 0.015000 0.020000
6 0.493750 0.538750 0.012500 0.012500
6 0.473750 0.486250 0.017500 0.015000
6 0.495000 0.507500 0.012500 0.020000
6 0.536250 0.455000 0.012500 0.017500
6 0.491250 0.440000 0.015000 0.020000
6 0.525000 0.411250 0.012500 0.017500
6 0.540000 0.403750 0.012500 0.017500
6 0.577500 0.371250 0.015000 0.022500
6 0.568750 0.346250 0.025000 0.035000
6 0.565000 0.286250 0.010000 0.020000
6 0.603750 0.242500 0.012500 0.020000
6 0.611250 0.256250 0.027500 0.032500
6 0.660000 0.078750 0.027500 0.040000
6 0.703750 0.096250 0.015000 0.015000
6 0.743750 0.010000 0.012500 0.017500
6 0.858750 0.027500 0.012500 0.020000
6 0.855000 0.045000 0.012500 0.015000
6 0.827500 0.247500 0.020000 0.010000
6 0.871250 0.258750 0.017500 0.010000
6 0.891250 0.263750 0.020000 0.010000
6 0.880000 0.283750 0.017500 0.010000
6 0.906250 0.291250 0.022500 0.015000
6 0.937500 0.277500 0.022500 0.012500
6 0.960000 0.287500 0.017500 0.010000
6 0.995000 0.321250 0.020000 0.012500
6 0.693750 0.308750 0.012500 0.015000
6 0.516250 0.831250 0.020000 0.012500
6 0.552500 0.820000 0.020000 0.012500
6 0.577500 0.832500 0.017500 0.012500
6 0.610000 0.882500 0.012500 0.020000
6 0.632500 0.900000 0.012500 0.022500
6 0.652500 0.902500 0.010000 0.020000
6 0.690000 0.923750 0.017500 0.015000
6 0.743750 0.943750 0.015000 0.015000
6 0.828750 0.983750 0.012500 0.012500
6 0.837500 0.987500 0.010000 0.012500
6 0.886250 0.970000 0.015000 0.017500
6 0.872500 0.962500 0.010000 0.015000
6 0.861250 0.955000 0.012500 0.017500
6 0.726250 0.898750 0.012500 0.015000
6 0.743750 0.901250 0.010000 0.015000
6 0.761250 0.912500 0.012500 0.015000
6 0.786250 0.923750 0.012500 0.017500
6 0.800000 0.928750 0.007500 0.015000
6 0.815000 0.936250 0.012500 0.015000
6 0.822500 0.941250 0.010000 0.015000
6 0.832500 0.946250 0.012500 0.017500
6 0.841250 0.951250 0.015000 0.022500
6 0.678750 0.877500 0.010000 0.015000
6 0.463750 0.991250 0.015000 0.012500
6 0.550000 0.048750 0.017500 0.010000
6 0.576250 0.043750 0.022500 0.010000
6 0.576250 0.032500 0.022500 0.010000
6 0.542500 0.030000 0.022500 0.010000
6 0.568750 0.023750 0.017500 0.007500
6 0.546250 0.018750 0.020000 0.007500
6 0.570000 0.012500 0.020000 0.007500
6 0.550000 0.007500 0.015000 0.007500
6 0.647500 0.021250 0.010000 0.012500
6 0.423750 0.012500 0.015000 0.010000
6 0.422500 0.001250 0.020000 0.010000
6 0.327500 0.003750 0.017500 0.010000
6 0.316250 0.030000 0.020000 0.012500
6 0.301250 0.057500 0.017500 0.012500
