6 0.823750 0.025000 0.020000 0.020000
6 0.811250 0.041250 0.012500 0.012500
6 0.796250 0.060000 0.017500 0.020000
6 0.782500 0.078750 0.012500 0.017500
6 0.767500 0.100000 0.015000 0.020000
6 0.793750 0.287500 0.022500 0.032500
6 0.810000 0.292500 0.022500 0.025000
6 0.852500 0.280000 0.017500 0.020000
6 0.316250 0.882500 0.017500 0.012500
6 0.323750 0.861250 0.017500 0.020000
6 0.360000 0.876250 0.020000 0.015000
6 0.227500 0.728750 0.022500 0.012500
6 0.248750 0.735000 0.017500 0.012500
6 0.273750 0.748750 0.017500 0.010000
6 0.396250 0.811250 0.017500 0.012500
6 0.157500 0.771250 0.015000 0.015000
6 0.110000 0.797500 0.012500 0.010000
6 0.451250 0.840000 0.015000 0.010000
6 0.562500 0.878750 0.015000 0.010000
6 0.618750 0.902500 0.022500 0.012500
6 0.781250 0.977500 0.020000 0.012500
