6 0.091250 0.765000 0.022500 0.015000
6 0.076250 0.812500 0.017500 0.007500
6 0.273750 0.800000 0.017500 0.010000
6 0.267500 0.808750 0.022500 0.012500
6 0.265000 0.818750 0.022500 0.012500
6 0.273750 0.781250 0.022500 0.012500
6 0.278750 0.761250 0.017500 0.010000
6 0.296250 0.698750 0.027500 0.012500
6 0.298750 0.687500 0.022500 0.012500
6 0.298750 0.676250 0.025000 0.012500
6 0.456250 0.073750 0.022500 0.010000
6 0.458750 0.063750 0.020000 0.010000
6 0.462500 0.053750 0.020000 0.012500
6 0.465000 0.043750 0.020000 0.010000
6 0.470000 0.023750 0.020000 0.012500
6 0.472500 0.013750 0.020000 0.010000
