6 0.003750 0.095000 0.017500 0.017500
6 0.020000 0.112500 0.010000 0.022500
6 0.012500 0.135000 0.015000 0.015000
6 0.008750 0.126250 0.012500 0.015000
6 0.002500 0.086250 0.015000 0.017500
6 0.028750 0.231250 0.015000 0.015000
6 0.028750 0.243750 0.017500 0.017500
6 0.033750 0.266250 0.015000 0.015000
6 0.038750 0.308750 0.017500 0.020000
6 0.053750 0.298750 0.012500 0.022500
6 0.045000 0.315000 0.017500 0.017500
6 0.043750 0.328750 0.020000 0.017500
6 0.046250 0.340000 0.017500 0.020000
6 0.063750 0.431250 0.015000 0.017500
6 0.063750 0.455000 0.017500 0.017500
6 0.068750 0.465000 0.015000 0.020000
6 0.071250 0.475000 0.017500 0.017500
6 0.072500 0.488750 0.022500 0.017500
6 0.081250 0.543750 0.020000 0.012500
6 0.028750 0.576250 0.017500 0.010000
6 0.006250 0.570000 0.022500 0.010000
6 0.006250 0.580000 0.025000 0.010000
6 0.280000 0.492500 0.020000 0.007500
6 0.240000 0.467500 0.010000 0.020000
6 0.322500 0.061250 0.015000 0.022500
6 0.117500 0.423750 0.020000 0.012500
6 0.112500 0.412500 0.022500 0.010000
6 0.178750 0.233750 0.010000 0.017500
6 0.290000 0.313750 0.017500 0.007500
6 0.315000 0.307500 0.010000 0.007500
6 0.281250 0.287500 0.022500 0.010000
6 0.425000 0.571250 0.010000 0.015000
6 0.418750 0.615000 0.007500 0.015000
6 0.453750 0.725000 0.007500 0.020000
