6 0.477500 0.006250 0.010000 0.017500
6 0.486250 0.006250 0.010000 0.017500
6 0.497500 0.003750 0.012500 0.015000
6 0.382500 0.385000 0.015000 0.020000
6 0.458750 0.402500 0.017500 0.017500
6 0.306250 0.487500 0.020000 0.010000
6 0.491250 0.395000 0.015000 0.015000
6 0.583750 0.458750 0.022500 0.010000
6 0.670000 0.538750 0.012500 0.020000
6 0.663750 0.620000 0.010000 0.017500
6 0.671250 0.670000 0.010000 0.017500
6 0.676250 0.695000 0.010000 0.017500
6 0.681250 0.717500 0.012500 0.022500
6 0.685000 0.742500 0.010000 0.017500
6 0.695000 0.801250 0.010000 0.015000
6 0.695000 0.870000 0.010000 0.015000
6 0.688750 0.891250 0.010000 0.020000
6 0.667500 0.938750 0.017500 0.022500
6 0.663750 0.977500 0.020000 0.025000
6 0.478750 0.976250 0.015000 0.007500
6 0.425000 0.978750 0.017500 0.007500
6 0.463750 0.998750 0.020000 0.007500
6 0.360000 0.978750 0.015000 0.007500
6 0.298750 0.978750 0.020000 0.010000
6 0.328750 0.997500 0.017500 0.007500
6 0.263750 0.977500 0.017500 0.007500
6 0.193750 0.978750 0.022500 0.007500
6 0.213750 0.977500 0.017500 0.007500
6 0.157500 0.997500 0.015000 0.007500
6 0.122500 0.977500 0.017500 0.007500
6 0.302500 0.813750 0.020000 0.010000
6 0.523750 0.812500 0.017500 0.010000
6 0.165000 0.665000 0.020000 0.010000
6 0.617500 0.235000 0.007500 0.017500
6 0.598750 0.240000 0.010000 0.020000
6 0.490000 0.166250 0.010000 0.017500
6 0.483750 0.141250 0.010000 0.017500
