6 0.695000 0.051250 0.010000 0.015000
6 0.695000 0.120000 0.010000 0.015000
6 0.688750 0.141250 0.010000 0.020000
6 0.667500 0.188750 0.017500 0.022500
6 0.663750 0.227500 0.020000 0.025000
6 0.478750 0.226250 0.015000 0.007500
6 0.425000 0.228750 0.017500 0.007500
6 0.463750 0.248750 0.020000 0.007500
6 0.360000 0.228750 0.015000 0.007500
6 0.298750 0.228750 0.020000 0.010000
6 0.328750 0.247500 0.017500 0.007500
6 0.263750 0.227500 0.017500 0.007500
6 0.193750 0.228750 0.022500 0.007500
6 0.213750 0.227500 0.017500 0.007500
6 0.157500 0.247500 0.015000 0.007500
6 0.122500 0.227500 0.017500 0.007500
6 0.302500 0.063750 0.020000 0.010000
6 0.523750 0.062500 0.017500 0.010000
6 0.497500 0.317500 0.007500 0.017500
6 0.497500 0.342500 0.007500 0.020000
6 0.498750 0.363750 0.010000 0.017500
6 0.370000 0.420000 0.020000 0.007500
6 0.236250 0.398750 0.020000 0.007500
6 0.197500 0.398750 0.025000 0.007500
6 0.175000 0.397500 0.017500 0.007500
6 0.593750 0.360000 0.010000 0.020000
6 0.593750 0.377500 0.007500 0.015000
6 0.673750 0.422500 0.020000 0.010000
6 0.593750 0.420000 0.007500 0.017500
6 0.593750 0.447500 0.010000 0.022500
6 0.618750 0.442500 0.007500 0.017500
6 0.621250 0.463750 0.010000 0.020000
6 0.595000 0.473750 0.010000 0.020000
6 0.595000 0.516250 0.007500 0.015000
6 0.446250 0.591250 0.020000 0.007500
6 0.425000 0.591250 0.017500 0.007500
6 0.422500 0.581250 0.017500 0.007500
6 0.408750 0.572500 0.017500 0.007500
6 0.387500 0.572500 0.022500 0.007500
6 0.361250 0.571250 0.022500 0.010000
6 0.346250 0.592500 0.022500 0.007500
6 0.311250 0.571250 0.017500 0.007500
6 0.303750 0.590000 0.020000 0.007500
6 0.268750 0.571250 0.017500 0.007500
6 0.187500 0.572500 0.020000 0.007500
6 0.647500 0.571250 0.020000 0.007500
6 0.743750 0.591250 0.022500 0.010000
6 0.348750 0.742500 0.020000 0.007500
6 0.345000 0.761250 0.015000 0.007500
6 0.633750 0.743750 0.022500 0.010000
6 0.682500 0.743750 0.020000 0.007500
6 0.763750 0.742500 0.017500 0.007500
6 0.831250 0.745000 0.017500 0.010000
6 0.782500 0.400000 0.017500 0.007500
6 0.912500 0.692500 0.020000 0.010000
