6 0.297500 0.983750 0.097500 0.032500
6 0.783750 0.937500 0.025000 0.052500
6 0.596250 0.788750 0.015000 0.047500
6 0.462500 0.772500 0.047500 0.017500
6 0.823750 0.946250 0.040000 0.025000
6 0.843750 0.965000 0.022500 0.012500
6 0.862500 0.996250 0.022500 0.030000
6 0.978750 0.991250 0.035000 0.022500
6 0.613750 0.686250 0.022500 0.012500
6 0.588750 0.672500 0.025000 0.010000
6 0.602500 0.656250 0.022500 0.012500
6 0.587500 0.636250 0.050000 0.020000
6 0.583750 0.613750 0.047500 0.017500
6 0.582500 0.600000 0.047500 0.020000
6 0.613750 0.672500 0.020000 0.007500
6 0.438750 0.627500 0.020000 0.017500
6 0.463750 0.602500 0.020000 0.010000
6 0.441250 0.555000 0.020000 0.017500
6 0.255000 0.225000 0.010000 0.022500
6 0.271250 0.316250 0.012500 0.020000
6 0.293750 0.410000 0.010000 0.022500
6 0.362500 0.661250 0.012500 0.010000
6 0.318750 0.428750 0.012500 0.007500
6 0.263750 0.077500 0.020000 0.010000
6 0.261250 0.018750 0.015000 0.007500
