6 0.256250 0.178750 0.020000 0.027500
6 0.316250 0.120000 0.015000 0.020000
6 0.473750 0.145000 0.020000 0.017500
6 0.582500 0.228750 0.017500 0.015000
6 0.546250 0.158750 0.012500 0.015000
6 0.530000 0.153750 0.010000 0.017500
6 0.753750 0.350000 0.020000 0.015000
6 0.821250 0.381250 0.017500 0.015000
6 0.778750 0.351250 0.015000 0.015000
6 0.976250 0.711250 0.015000 0.020000
6 0.968750 0.703750 0.017500 0.017500
6 0.956250 0.737500 0.015000 0.020000
6 0.982500 0.807500 0.017500 0.017500
6 0.957500 0.857500 0.020000 0.012500
6 0.928750 0.886250 0.015000 0.015000
6 0.912500 0.911250 0.017500 0.012500
6 0.890000 0.863750 0.015000 0.020000
6 0.865000 0.897500 0.012500 0.020000
6 0.466250 0.616250 0.017500 0.022500
6 0.400000 0.548750 0.017500 0.015000
6 0.396250 0.563750 0.017500 0.020000
6 0.356250 0.535000 0.020000 0.015000
6 0.876250 0.880000 0.012500 0.020000
6 0.851250 0.916250 0.017500 0.020000
6 0.817500 0.905000 0.017500 0.020000
6 0.336250 0.437500 0.017500 0.020000
6 0.276250 0.468750 0.022500 0.017500
6 0.365000 0.396250 0.015000 0.020000
6 0.385000 0.462500 0.017500 0.020000
6 0.357500 0.448750 0.012500 0.015000
6 0.402500 0.462500 0.027500 0.037500
6 0.392500 0.328750 0.012500 0.020000
6 0.360000 0.526250 0.015000 0.012500
6 0.350000 0.542500 0.017500 0.012500
6 0.215000 0.502500 0.012500 0.017500
6 0.348750 0.443750 0.017500 0.022500
6 0.380000 0.536250 0.020000 0.015000
6 0.376250 0.546250 0.020000 0.017500
