6 0.973750 0.783750 0.015000 0.010000
6 0.976250 0.811250 0.010000 0.017500
6 0.013750 0.273750 0.012500 0.017500
6 0.035000 0.223750 0.012500 0.020000
6 0.958750 0.535000 0.017500 0.010000
6 0.873750 0.555000 0.020000 0.010000
6 0.750000 0.528750 0.022500 0.012500
6 0.687500 0.467500 0.017500 0.010000
6 0.872500 0.452500 0.022500 0.015000
6 0.936250 0.451250 0.020000 0.012500
6 0.945000 0.470000 0.025000 0.015000
6 0.667500 0.411250 0.020000 0.010000
6 0.575000 0.388750 0.017500 0.012500
6 0.688750 0.350000 0.025000 0.015000
6 0.488750 0.351250 0.042500 0.025000
6 0.430000 0.355000 0.022500 0.012500
6 0.370000 0.396250 0.017500 0.010000
6 0.361250 0.335000 0.022500 0.010000
6 0.291250 0.320000 0.025000 0.012500
6 0.103750 0.336250 0.022500 0.012500
6 0.132500 0.280000 0.020000 0.010000
6 0.166250 0.256250 0.022500 0.010000
6 0.173750 0.240000 0.022500 0.012500
6 0.263750 0.296250 0.025000 0.012500
6 0.258750 0.277500 0.052500 0.022500
6 0.481250 0.225000 0.015000 0.017500
6 0.611250 0.192500 0.007500 0.017500
6 0.532500 0.088750 0.012500 0.020000
6 0.450000 0.556250 0.017500 0.022500
6 0.362500 0.907500 0.017500 0.022500
6 0.953750 0.808750 0.007500 0.017500
6 0.951250 0.766250 0.010000 0.017500
6 0.938750 0.766250 0.010000 0.017500
6 0.928750 0.767500 0.012500 0.020000
6 0.921250 0.768750 0.007500 0.015000
6 0.910000 0.768750 0.010000 0.017500
6 0.898750 0.770000 0.007500 0.015000
6 0.887500 0.772500 0.010000 0.020000
6 0.878750 0.777500 0.010000 0.015000
6 0.905000 0.786250 0.022500 0.010000
6 0.927500 0.783750 0.017500 0.010000
6 0.860000 0.777500 0.012500 0.020000
6 0.851250 0.786250 0.012500 0.015000
6 0.842500 0.792500 0.010000 0.015000
6 0.816250 0.805000 0.015000 0.017500
6 0.808750 0.808750 0.015000 0.017500
6 0.792500 0.823750 0.015000 0.017500
6 0.836250 0.808750 0.017500 0.015000
6 0.821250 0.822500 0.017500 0.015000
6 0.797500 0.842500 0.020000 0.017500
6 0.783750 0.830000 0.015000 0.015000
6 0.777500 0.838750 0.015000 0.015000
6 0.770000 0.843750 0.020000 0.015000
6 0.763750 0.852500 0.017500 0.015000
6 0.758750 0.861250 0.015000 0.015000
6 0.750000 0.866250 0.017500 0.012500
6 0.746250 0.876250 0.015000 0.012500
6 0.737500 0.895000 0.015000 0.010000
6 0.732500 0.903750 0.017500 0.010000
6 0.728750 0.913750 0.020000 0.010000
6 0.723750 0.922500 0.020000 0.012500
6 0.726250 0.932500 0.017500 0.010000
6 0.715000 0.961250 0.015000 0.010000
6 0.713750 0.971250 0.012500 0.010000
6 0.710000 0.980000 0.017500 0.010000
6 0.728750 0.966250 0.012500 0.020000
6 0.740000 0.926250 0.010000 0.020000
6 0.748750 0.906250 0.017500 0.022500
6 0.762500 0.880000 0.015000 0.017500
6 0.778750 0.863750 0.017500 0.020000
6 0.943750 0.808750 0.010000 0.015000
6 0.933750 0.807500 0.010000 0.017500
6 0.913750 0.812500 0.007500 0.017500
6 0.923750 0.811250 0.007500 0.010000
6 0.903750 0.813750 0.010000 0.020000
6 0.892500 0.816250 0.010000 0.020000
6 0.882500 0.818750 0.010000 0.015000
6 0.865000 0.825000 0.010000 0.017500
6 0.856250 0.832500 0.010000 0.015000
6 0.846250 0.836250 0.012500 0.017500
6 0.837500 0.843750 0.012500 0.017500
6 0.828750 0.847500 0.012500 0.015000
6 0.820000 0.855000 0.010000 0.012500
6 0.815000 0.862500 0.015000 0.017500
6 0.805000 0.868750 0.012500 0.015000
6 0.800000 0.877500 0.012500 0.015000
6 0.792500 0.886250 0.017500 0.012500
6 0.777500 0.910000 0.017500 0.012500
6 0.772500 0.918750 0.012500 0.010000
6 0.770000 0.927500 0.020000 0.012500
6 0.766250 0.936250 0.017500 0.010000
6 0.762500 0.946250 0.017500 0.010000
6 0.758750 0.953750 0.017500 0.010000
6 0.758750 0.965000 0.017500 0.007500
6 0.756250 0.976250 0.020000 0.012500
6 0.753750 0.986250 0.017500 0.010000
6 0.751250 0.996250 0.020000 0.010000
6 0.960000 0.768750 0.010000 0.015000
6 0.711250 0.990000 0.012500 0.007500
6 0.710000 0.997500 0.015000 0.007500
6 0.965000 0.806250 0.007500 0.012500
