6 0.532500 0.980000 0.022500 0.010000
6 0.658750 0.975000 0.020000 0.012500
6 0.618750 0.052500 0.020000 0.042500
6 0.628750 0.086250 0.012500 0.020000
6 0.595000 0.098750 0.032500 0.037500
6 0.437500 0.173750 0.012500 0.017500
6 0.598750 0.142500 0.015000 0.022500
6 0.576250 0.200000 0.015000 0.022500
6 0.520000 0.213750 0.017500 0.017500
6 0.543750 0.260000 0.035000 0.040000
6 0.435000 0.250000 0.012500 0.020000
6 0.413750 0.247500 0.015000 0.020000
6 0.392500 0.243750 0.025000 0.012500
6 0.390000 0.253750 0.017500 0.010000
6 0.602500 0.262500 0.017500 0.010000
6 0.582500 0.268750 0.017500 0.010000
6 0.603750 0.271250 0.020000 0.012500
6 0.580000 0.280000 0.020000 0.012500
6 0.600000 0.283750 0.020000 0.010000
6 0.600000 0.293750 0.020000 0.012500
6 0.571250 0.292500 0.020000 0.010000
6 0.573750 0.302500 0.017500 0.007500
6 0.600000 0.302500 0.022500 0.010000
6 0.598750 0.312500 0.017500 0.007500
6 0.596250 0.321250 0.022500 0.012500
6 0.566250 0.320000 0.020000 0.010000
6 0.566250 0.330000 0.017500 0.010000
6 0.570000 0.340000 0.025000 0.012500
6 0.570000 0.350000 0.022500 0.010000
6 0.532500 0.346250 0.012500 0.017500
6 0.548750 0.345000 0.012500 0.020000
6 0.575000 0.361250 0.020000 0.010000
6 0.531250 0.377500 0.012500 0.020000
6 0.542500 0.377500 0.015000 0.022500
6 0.567500 0.370000 0.017500 0.010000
6 0.565000 0.383750 0.017500 0.012500
6 0.521250 0.401250 0.012500 0.020000
6 0.536250 0.403750 0.010000 0.017500
6 0.558750 0.400000 0.020000 0.010000
6 0.552500 0.412500 0.022500 0.010000
6 0.576250 0.430000 0.010000 0.022500
6 0.557500 0.423750 0.020000 0.007500
6 0.555000 0.437500 0.020000 0.010000
6 0.555000 0.447500 0.017500 0.010000
6 0.552500 0.461250 0.022500 0.010000
6 0.513750 0.432500 0.010000 0.025000
6 0.500000 0.443750 0.012500 0.022500
6 0.525000 0.440000 0.012500 0.022500
6 0.491250 0.476250 0.015000 0.022500
6 0.508750 0.462500 0.015000 0.022500
6 0.517500 0.475000 0.012500 0.020000
6 0.527500 0.473750 0.015000 0.020000
6 0.555000 0.475000 0.022500 0.010000
6 0.545000 0.490000 0.017500 0.010000
6 0.498750 0.493750 0.015000 0.025000
6 0.537500 0.506250 0.035000 0.015000
6 0.537500 0.517500 0.042500 0.015000
6 0.495000 0.517500 0.010000 0.015000
6 0.506250 0.522500 0.012500 0.020000
6 0.525000 0.531250 0.025000 0.010000
6 0.526250 0.541250 0.040000 0.012500
6 0.527500 0.553750 0.042500 0.012500
6 0.517500 0.566250 0.025000 0.012500
6 0.513750 0.578750 0.020000 0.012500
6 0.516250 0.592500 0.040000 0.010000
6 0.511250 0.606250 0.025000 0.010000
6 0.510000 0.618750 0.040000 0.017500
6 0.506250 0.641250 0.027500 0.012500
6 0.498750 0.660000 0.040000 0.017500
6 0.485000 0.672500 0.020000 0.010000
6 0.493750 0.686250 0.042500 0.015000
6 0.491250 0.701250 0.042500 0.017500
6 0.486250 0.716250 0.037500 0.015000
6 0.480000 0.728750 0.030000 0.012500
6 0.483750 0.741250 0.042500 0.015000
6 0.472500 0.750000 0.022500 0.010000
6 0.466250 0.762500 0.020000 0.012500
6 0.467500 0.776250 0.040000 0.015000
6 0.457500 0.790000 0.022500 0.007500
6 0.461250 0.803750 0.030000 0.015000
6 0.455000 0.813750 0.015000 0.010000
6 0.456250 0.825000 0.040000 0.017500
6 0.441250 0.833750 0.022500 0.010000
6 0.441250 0.842500 0.020000 0.007500
6 0.442500 0.852500 0.022500 0.010000
6 0.440000 0.862500 0.020000 0.010000
6 0.437500 0.872500 0.020000 0.010000
6 0.430000 0.886250 0.020000 0.010000
6 0.427500 0.896250 0.020000 0.010000
6 0.446250 0.922500 0.022500 0.015000
6 0.346250 0.903750 0.015000 0.022500
6 0.355000 0.876250 0.012500 0.017500
6 0.380000 0.888750 0.020000 0.040000
6 0.407500 0.893750 0.012500 0.017500
6 0.416250 0.867500 0.012500 0.020000
6 0.361250 0.847500 0.015000 0.020000
6 0.368750 0.818750 0.012500 0.017500
6 0.375000 0.787500 0.012500 0.020000
6 0.383750 0.757500 0.015000 0.020000
6 0.396250 0.822500 0.010000 0.017500
6 0.418750 0.832500 0.020000 0.032500
6 0.420000 0.795000 0.012500 0.025000
6 0.425000 0.770000 0.015000 0.020000
6 0.432500 0.798750 0.012500 0.025000
6 0.440000 0.763750 0.010000 0.020000
6 0.447500 0.736250 0.015000 0.027500
6 0.416250 0.663750 0.015000 0.022500
6 0.458750 0.696250 0.012500 0.020000
6 0.476250 0.628750 0.015000 0.022500
6 0.465000 0.615000 0.025000 0.040000
6 0.483750 0.593750 0.012500 0.022500
6 0.492500 0.562500 0.012500 0.020000
6 0.401250 0.605000 0.017500 0.010000
6 0.405000 0.510000 0.015000 0.022500
6 0.347500 0.608750 0.025000 0.037500
6 0.335000 0.656250 0.022500 0.040000
6 0.320000 0.707500 0.010000 0.020000
6 0.308750 0.681250 0.012500 0.017500
6 0.301250 0.711250 0.012500 0.020000
6 0.278750 0.805000 0.012500 0.020000
6 0.295000 0.796250 0.012500 0.022500
6 0.287500 0.822500 0.017500 0.022500
6 0.290000 0.668750 0.012500 0.022500
6 0.220000 0.901250 0.015000 0.017500
6 0.396250 0.415000 0.012500 0.020000
6 0.407500 0.427500 0.022500 0.035000
6 0.430000 0.421250 0.020000 0.035000
6 0.366250 0.437500 0.010000 0.015000
6 0.342500 0.443750 0.020000 0.012500
6 0.343750 0.427500 0.020000 0.012500
6 0.345000 0.416250 0.020000 0.010000
6 0.348750 0.403750 0.022500 0.010000
6 0.357500 0.390000 0.022500 0.012500
6 0.352500 0.377500 0.017500 0.012500
6 0.360000 0.367500 0.020000 0.010000
6 0.360000 0.356250 0.022500 0.012500
6 0.363750 0.345000 0.015000 0.010000
6 0.377500 0.340000 0.025000 0.012500
6 0.370000 0.318750 0.022500 0.010000
6 0.372500 0.308750 0.025000 0.010000
6 0.375000 0.300000 0.022500 0.010000
6 0.377500 0.287500 0.020000 0.010000
6 0.402500 0.288750 0.012500 0.017500
6 0.381250 0.276250 0.022500 0.012500
6 0.382500 0.265000 0.025000 0.012500
6 0.400000 0.227500 0.022500 0.012500
6 0.428750 0.556250 0.017500 0.020000
6 0.497500 0.297500 0.012500 0.012500
6 0.752500 0.041250 0.017500 0.010000
6 0.787500 0.001250 0.010000 0.025000
6 0.798750 0.001250 0.012500 0.020000
6 0.808750 0.005000 0.012500 0.017500
6 0.821250 0.007500 0.012500 0.022500
6 0.833750 0.012500 0.010000 0.017500
6 0.842500 0.013750 0.010000 0.020000
6 0.852500 0.015000 0.010000 0.020000
6 0.871250 0.023750 0.010000 0.017500
6 0.882500 0.021250 0.010000 0.017500
6 0.890000 0.023750 0.010000 0.020000
6 0.898750 0.030000 0.007500 0.015000
6 0.910000 0.027500 0.010000 0.020000
6 0.918750 0.033750 0.010000 0.020000
6 0.931250 0.033750 0.012500 0.022500
6 0.943750 0.036250 0.010000 0.017500
6 0.953750 0.040000 0.010000 0.017500
6 0.961250 0.043750 0.012500 0.020000
6 0.980000 0.047500 0.010000 0.017500
6 0.987500 0.051250 0.012500 0.017500
6 0.998750 0.051250 0.015000 0.025000
6 0.797500 0.043750 0.020000 0.010000
6 0.833750 0.050000 0.022500 0.012500
6 0.880000 0.047500 0.015000 0.007500
6 0.957500 0.071250 0.017500 0.012500
6 0.970000 0.267500 0.032500 0.015000
6 0.971250 0.283750 0.042500 0.017500
6 0.952500 0.322500 0.042500 0.020000
6 0.977500 0.365000 0.020000 0.042500
6 0.993750 0.410000 0.010000 0.020000
6 0.972500 0.401250 0.012500 0.022500
6 0.962500 0.398750 0.007500 0.020000
6 0.953750 0.397500 0.012500 0.020000
6 0.941250 0.395000 0.012500 0.020000
6 0.713750 0.417500 0.017500 0.022500
6 0.998750 0.470000 0.017500 0.010000
6 0.943750 0.458750 0.017500 0.010000
6 0.945000 0.448750 0.017500 0.010000
6 0.966250 0.455000 0.017500 0.010000
6 0.902500 0.438750 0.017500 0.010000
6 0.897500 0.446250 0.015000 0.010000
6 0.837500 0.432500 0.020000 0.010000
6 0.857500 0.437500 0.015000 0.010000
6 0.837500 0.421250 0.020000 0.010000
6 0.856250 0.425000 0.017500 0.007500
6 0.767500 0.415000 0.015000 0.010000
6 0.788750 0.421250 0.015000 0.007500
6 0.791250 0.410000 0.015000 0.007500
6 0.760000 0.351250 0.010000 0.017500
6 0.768750 0.352500 0.012500 0.022500
6 0.778750 0.353750 0.010000 0.020000
6 0.785000 0.360000 0.005000 0.015000
6 0.796250 0.360000 0.007500 0.020000
6 0.817500 0.363750 0.012500 0.022500
6 0.938750 0.081250 0.017500 0.010000
6 0.878750 0.082500 0.022500 0.010000
6 0.913750 0.090000 0.022500 0.010000
6 0.947500 0.098750 0.022500 0.010000
6 0.830000 0.087500 0.025000 0.012500
6 0.887500 0.103750 0.025000 0.010000
6 0.770000 0.103750 0.020000 0.017500
6 0.770000 0.138750 0.025000 0.022500
6 0.831250 0.133750 0.010000 0.022500
6 0.843750 0.135000 0.015000 0.022500
6 0.857500 0.150000 0.012500 0.020000
6 0.880000 0.143750 0.010000 0.022500
6 0.892500 0.148750 0.010000 0.020000
6 0.903750 0.152500 0.010000 0.020000
6 0.915000 0.153750 0.010000 0.022500
6 0.928750 0.156250 0.012500 0.020000
6 0.941250 0.161250 0.010000 0.020000
6 0.951250 0.163750 0.010000 0.020000
6 0.966250 0.167500 0.012500 0.017500
6 0.822500 0.247500 0.022500 0.010000
6 0.840000 0.171250 0.020000 0.017500
6 0.833750 0.193750 0.010000 0.015000
6 0.850000 0.197500 0.012500 0.022500
6 0.866250 0.177500 0.017500 0.015000
6 0.862500 0.197500 0.010000 0.017500
6 0.878750 0.180000 0.020000 0.017500
6 0.875000 0.202500 0.010000 0.020000
6 0.898750 0.186250 0.017500 0.017500
6 0.911250 0.190000 0.017500 0.017500
6 0.926250 0.192500 0.020000 0.017500
6 0.887500 0.206250 0.010000 0.017500
6 0.897500 0.208750 0.010000 0.020000
6 0.911250 0.211250 0.012500 0.020000
6 0.922500 0.213750 0.012500 0.020000
6 0.935000 0.215000 0.012500 0.020000
6 0.825000 0.223750 0.022500 0.012500
6 0.830000 0.235000 0.037500 0.017500
6 0.860000 0.256250 0.037500 0.015000
6 0.861250 0.230000 0.022500 0.010000
6 0.888750 0.251250 0.017500 0.010000
6 0.908750 0.271250 0.040000 0.017500
6 0.886250 0.237500 0.020000 0.012500
6 0.918750 0.246250 0.025000 0.010000
6 0.795000 0.278750 0.042500 0.017500
6 0.773750 0.310000 0.017500 0.040000
6 0.790000 0.312500 0.017500 0.040000
6 0.806250 0.321250 0.015000 0.025000
6 0.825000 0.325000 0.012500 0.017500
6 0.867500 0.300000 0.037500 0.017500
6 0.853750 0.328750 0.020000 0.040000
6 0.870000 0.335000 0.017500 0.037500
6 0.887500 0.335000 0.020000 0.040000
6 0.918750 0.345000 0.020000 0.040000
6 0.837500 0.367500 0.012500 0.025000
6 0.847500 0.371250 0.012500 0.017500
6 0.857500 0.375000 0.010000 0.017500
6 0.871250 0.376250 0.010000 0.017500
6 0.880000 0.378750 0.010000 0.017500
6 0.891250 0.382500 0.010000 0.015000
6 0.716250 0.561250 0.017500 0.010000
6 0.735000 0.566250 0.017500 0.007500
6 0.753750 0.568750 0.017500 0.007500
6 0.788750 0.580000 0.022500 0.012500
6 0.811250 0.585000 0.015000 0.007500
6 0.838750 0.591250 0.020000 0.010000
6 0.861250 0.598750 0.017500 0.012500
6 0.881250 0.601250 0.015000 0.007500
6 0.703750 0.612500 0.017500 0.010000
6 0.716250 0.595000 0.017500 0.012500
6 0.701250 0.578750 0.022500 0.010000
6 0.720000 0.585000 0.020000 0.010000
6 0.740000 0.600000 0.017500 0.007500
6 0.745000 0.591250 0.022500 0.010000
6 0.763750 0.606250 0.022500 0.010000
6 0.766250 0.596250 0.017500 0.010000
6 0.786250 0.612500 0.015000 0.007500
6 0.788750 0.601250 0.017500 0.007500
6 0.806250 0.616250 0.017500 0.010000
6 0.811250 0.606250 0.022500 0.010000
6 0.836250 0.625000 0.020000 0.010000
6 0.838750 0.612500 0.020000 0.010000
6 0.861250 0.630000 0.015000 0.010000
6 0.873750 0.621250 0.017500 0.010000
6 0.883750 0.635000 0.022500 0.010000
6 0.910000 0.621250 0.022500 0.010000
6 0.911250 0.631250 0.017500 0.007500
6 0.906250 0.641250 0.015000 0.007500
6 0.938750 0.617500 0.017500 0.007500
6 0.966250 0.623750 0.017500 0.010000
6 0.985000 0.627500 0.012500 0.005000
6 0.927500 0.646250 0.015000 0.010000
6 0.956250 0.643750 0.015000 0.007500
6 0.951250 0.653750 0.020000 0.010000
6 0.977500 0.660000 0.017500 0.010000
6 0.980000 0.648750 0.022500 0.012500
6 0.750000 0.623750 0.017500 0.007500
6 0.772500 0.630000 0.020000 0.010000
6 0.792500 0.635000 0.015000 0.007500
6 0.806250 0.638750 0.017500 0.007500
6 0.847500 0.636250 0.022500 0.012500
6 0.823750 0.642500 0.017500 0.010000
6 0.846250 0.647500 0.020000 0.007500
6 0.873750 0.653750 0.017500 0.007500
6 0.900000 0.661250 0.022500 0.010000
6 0.923750 0.668750 0.020000 0.010000
6 0.968750 0.668750 0.020000 0.012500
6 0.948750 0.675000 0.017500 0.010000
6 0.966250 0.680000 0.017500 0.007500
6 0.985000 0.683750 0.017500 0.010000
6 0.673750 0.775000 0.022500 0.010000
6 0.685000 0.767500 0.017500 0.010000
6 0.706250 0.773750 0.017500 0.010000
6 0.731250 0.778750 0.025000 0.010000
6 0.777500 0.791250 0.022500 0.012500
6 0.802500 0.797500 0.020000 0.010000
6 0.703750 0.793750 0.015000 0.007500
6 0.702500 0.807500 0.020000 0.010000
6 0.723750 0.811250 0.017500 0.010000
6 0.733750 0.801250 0.020000 0.010000
6 0.750000 0.817500 0.022500 0.010000
6 0.765000 0.810000 0.022500 0.012500
6 0.775000 0.825000 0.017500 0.010000
6 0.787500 0.816250 0.015000 0.007500
6 0.801250 0.830000 0.017500 0.010000
6 0.810000 0.822500 0.022500 0.012500
6 0.827500 0.837500 0.022500 0.010000
6 0.830000 0.826250 0.017500 0.007500
6 0.853750 0.831250 0.015000 0.007500
6 0.857500 0.845000 0.020000 0.010000
6 0.880000 0.837500 0.022500 0.010000
6 0.883750 0.818750 0.017500 0.010000
6 0.903750 0.843750 0.015000 0.007500
6 0.903750 0.822500 0.020000 0.010000
6 0.932500 0.831250 0.025000 0.012500
6 0.961250 0.837500 0.017500 0.010000
6 0.982500 0.842500 0.017500 0.010000
6 0.926250 0.850000 0.015000 0.007500
6 0.952500 0.855000 0.020000 0.010000
6 0.985000 0.863750 0.025000 0.012500
6 0.902500 0.855000 0.022500 0.010000
6 0.920000 0.860000 0.017500 0.010000
6 0.963750 0.871250 0.022500 0.012500
6 0.985000 0.876250 0.027500 0.012500
6 0.598750 0.870000 0.010000 0.017500
6 0.657500 0.817500 0.022500 0.012500
6 0.681250 0.822500 0.025000 0.012500
6 0.706250 0.827500 0.025000 0.012500
6 0.728750 0.833750 0.020000 0.010000
6 0.751250 0.840000 0.022500 0.012500
6 0.776250 0.846250 0.020000 0.010000
6 0.798750 0.852500 0.025000 0.010000
6 0.826250 0.858750 0.020000 0.010000
6 0.858750 0.866250 0.015000 0.010000
6 0.880000 0.871250 0.020000 0.012500
6 0.915000 0.882500 0.022500 0.012500
6 0.937500 0.886250 0.025000 0.010000
6 0.990000 0.898750 0.017500 0.007500
6 0.675000 0.620000 0.020000 0.027500
6 0.590000 0.938750 0.012500 0.020000
6 0.566250 0.957500 0.010000 0.020000
6 0.550000 0.923750 0.020000 0.010000
6 0.548750 0.932500 0.015000 0.007500
6 0.546250 0.942500 0.022500 0.012500
6 0.542500 0.953750 0.015000 0.007500
6 0.542500 0.962500 0.017500 0.007500
6 0.540000 0.972500 0.017500 0.010000
6 0.612500 0.965000 0.025000 0.010000
6 0.636250 0.970000 0.022500 0.010000
