6 0.908750 0.788750 0.017500 0.020000
6 0.906250 0.587500 0.017500 0.017500
6 0.916250 0.595000 0.017500 0.017500
6 0.923750 0.601250 0.017500 0.015000
6 0.932500 0.608750 0.017500 0.017500
6 0.938750 0.616250 0.017500 0.017500
6 0.955000 0.628750 0.017500 0.017500
6 0.963750 0.636250 0.017500 0.017500
6 0.968750 0.526250 0.017500 0.015000
6 0.950000 0.422500 0.025000 0.020000
6 0.950000 0.443750 0.027500 0.020000
6 0.995000 0.418750 0.025000 0.020000
6 0.921250 0.265000 0.020000 0.027500
6 0.640000 0.396250 0.025000 0.020000
6 0.713750 0.362500 0.025000 0.020000
6 0.706250 0.292500 0.027500 0.022500
6 0.683750 0.067500 0.027500 0.030000
6 0.718750 0.068750 0.022500 0.025000
6 0.695000 0.085000 0.025000 0.015000
