6 0.903750 0.762500 0.025000 0.015000
6 0.792500 0.790000 0.020000 0.010000
6 0.708750 0.720000 0.027500 0.017500
6 0.646250 0.753750 0.020000 0.012500
6 0.641250 0.702500 0.020000 0.012500
6 0.195000 0.586250 0.025000 0.012500
6 0.160000 0.575000 0.022500 0.012500
6 0.046250 0.608750 0.022500 0.012500
6 0.100000 0.566250 0.022500 0.012500
6 0.003750 0.543750 0.025000 0.012500
6 0.781250 0.737500 0.020000 0.012500
6 0.958750 0.925000 0.020000 0.012500
6 0.955000 0.941250 0.017500 0.012500
6 0.948750 0.965000 0.022500 0.012500
6 0.947500 0.975000 0.022500 0.012500
6 0.945000 0.983750 0.022500 0.010000
6 0.943750 0.991250 0.022500 0.010000
6 0.913750 0.968750 0.010000 0.020000
6 0.756250 0.996250 0.020000 0.012500
6 0.737500 0.990000 0.017500 0.010000
6 0.721250 0.980000 0.015000 0.020000
6 0.738750 0.981250 0.017500 0.010000
6 0.760000 0.987500 0.022500 0.015000
6 0.763750 0.978750 0.022500 0.012500
6 0.766250 0.968750 0.020000 0.012500
6 0.742500 0.972500 0.020000 0.010000
6 0.743750 0.963750 0.020000 0.010000
6 0.747500 0.952500 0.020000 0.010000
6 0.727500 0.958750 0.012500 0.020000
6 0.767500 0.947500 0.017500 0.007500
6 0.770000 0.938750 0.020000 0.012500
6 0.771250 0.930000 0.017500 0.010000
6 0.748750 0.933750 0.022500 0.012500
6 0.751250 0.923750 0.020000 0.010000
6 0.773750 0.920000 0.020000 0.010000
6 0.751250 0.915000 0.020000 0.010000
6 0.780000 0.913750 0.015000 0.012500
6 0.762500 0.907500 0.020000 0.010000
6 0.782500 0.895000 0.010000 0.017500
6 0.768750 0.871250 0.017500 0.010000
6 0.767500 0.878750 0.020000 0.010000
6 0.765000 0.888750 0.020000 0.010000
6 0.746250 0.896250 0.017500 0.015000
6 0.727500 0.860000 0.017500 0.010000
6 0.706250 0.853750 0.020000 0.012500
6 0.703750 0.863750 0.020000 0.012500
6 0.725000 0.868750 0.015000 0.010000
6 0.721250 0.878750 0.020000 0.012500
6 0.736250 0.880000 0.012500 0.020000
6 0.701250 0.872500 0.020000 0.010000
6 0.717500 0.887500 0.017500 0.010000
6 0.698750 0.881250 0.017500 0.010000
6 0.695000 0.891250 0.022500 0.010000
6 0.715000 0.898750 0.015000 0.010000
6 0.727500 0.907500 0.010000 0.020000
6 0.712500 0.906250 0.020000 0.012500
6 0.692500 0.900000 0.017500 0.010000
6 0.710000 0.915000 0.020000 0.010000
6 0.690000 0.910000 0.017500 0.010000
6 0.688750 0.918750 0.020000 0.010000
6 0.707500 0.925000 0.017500 0.010000
6 0.686250 0.927500 0.020000 0.010000
6 0.705000 0.935000 0.017500 0.010000
6 0.682500 0.937500 0.020000 0.010000
6 0.703750 0.943750 0.017500 0.010000
6 0.701250 0.951250 0.020000 0.012500
6 0.680000 0.946250 0.017500 0.012500
6 0.697500 0.961250 0.017500 0.010000
6 0.676250 0.955000 0.020000 0.012500
6 0.696250 0.971250 0.017500 0.010000
6 0.676250 0.965000 0.020000 0.010000
6 0.693750 0.980000 0.020000 0.010000
6 0.673750 0.975000 0.020000 0.010000
6 0.671250 0.983750 0.017500 0.010000
6 0.688750 0.998750 0.017500 0.010000
6 0.670000 0.993750 0.020000 0.010000
6 0.663750 0.843750 0.017500 0.010000
6 0.642500 0.840000 0.020000 0.010000
6 0.641250 0.848750 0.020000 0.010000
6 0.661250 0.853750 0.017500 0.010000
6 0.675000 0.866250 0.010000 0.020000
6 0.660000 0.863750 0.015000 0.010000
6 0.638750 0.857500 0.022500 0.010000
6 0.657500 0.872500 0.015000 0.010000
6 0.638750 0.867500 0.020000 0.010000
6 0.655000 0.880000 0.022500 0.010000
6 0.633750 0.875000 0.017500 0.010000
6 0.653750 0.891250 0.020000 0.010000
6 0.630000 0.886250 0.022500 0.012500
6 0.627500 0.895000 0.020000 0.010000
6 0.650000 0.900000 0.017500 0.010000
6 0.648750 0.908750 0.020000 0.010000
6 0.626250 0.902500 0.020000 0.010000
6 0.623750 0.912500 0.020000 0.010000
6 0.643750 0.917500 0.017500 0.010000
6 0.658750 0.926250 0.010000 0.020000
6 0.640000 0.926250 0.020000 0.010000
6 0.617500 0.930000 0.020000 0.010000
6 0.637500 0.936250 0.017500 0.010000
6 0.652500 0.946250 0.010000 0.020000
6 0.636250 0.945000 0.017500 0.010000
6 0.616250 0.940000 0.020000 0.010000
6 0.613750 0.951250 0.022500 0.010000
6 0.647500 0.966250 0.010000 0.020000
6 0.632500 0.965000 0.020000 0.010000
6 0.611250 0.961250 0.020000 0.010000
6 0.630000 0.975000 0.020000 0.010000
6 0.608750 0.968750 0.017500 0.010000
6 0.641250 0.997500 0.010000 0.020000
6 0.627500 0.983750 0.020000 0.010000
6 0.625000 0.992500 0.020000 0.010000
6 0.605000 0.978750 0.017500 0.010000
6 0.602500 0.986250 0.020000 0.010000
6 0.600000 0.996250 0.020000 0.010000
6 0.532500 0.997500 0.017500 0.010000
6 0.555000 0.993750 0.020000 0.010000
6 0.531250 0.987500 0.022500 0.010000
6 0.537500 0.980000 0.017500 0.010000
6 0.557500 0.985000 0.020000 0.010000
6 0.561250 0.976250 0.020000 0.010000
6 0.540000 0.971250 0.020000 0.010000
6 0.563750 0.967500 0.017500 0.010000
6 0.543750 0.962500 0.020000 0.010000
6 0.566250 0.958750 0.017500 0.010000
6 0.546250 0.953750 0.020000 0.012500
6 0.568750 0.948750 0.017500 0.010000
6 0.570000 0.937500 0.017500 0.010000
6 0.550000 0.933750 0.020000 0.010000
6 0.552500 0.923750 0.020000 0.010000
6 0.571250 0.930000 0.015000 0.010000
6 0.583750 0.946250 0.010000 0.022500
6 0.588750 0.925000 0.012500 0.020000
6 0.575000 0.921250 0.017500 0.010000
6 0.578750 0.912500 0.017500 0.010000
6 0.558750 0.907500 0.020000 0.012500
6 0.581250 0.902500 0.017500 0.010000
6 0.560000 0.897500 0.020000 0.010000
6 0.583750 0.893750 0.017500 0.010000
6 0.562500 0.888750 0.020000 0.010000
6 0.585000 0.885000 0.017500 0.010000
6 0.566250 0.878750 0.020000 0.010000
6 0.567500 0.868750 0.020000 0.010000
6 0.587500 0.875000 0.020000 0.010000
6 0.601250 0.868750 0.007500 0.020000
6 0.606250 0.847500 0.010000 0.017500
6 0.590000 0.863750 0.017500 0.007500
6 0.570000 0.858750 0.017500 0.007500
6 0.572500 0.851250 0.017500 0.010000
6 0.590000 0.856250 0.017500 0.010000
6 0.593750 0.847500 0.017500 0.012500
6 0.575000 0.842500 0.017500 0.010000
6 0.596250 0.838750 0.017500 0.010000
6 0.575000 0.833750 0.020000 0.010000
6 0.597500 0.830000 0.017500 0.010000
6 0.577500 0.823750 0.020000 0.010000
6 0.536250 0.813750 0.015000 0.010000
6 0.551250 0.832500 0.007500 0.012500
6 0.536250 0.823750 0.015000 0.007500
6 0.520000 0.820000 0.015000 0.010000
6 0.512500 0.826250 0.017500 0.010000
6 0.533750 0.832500 0.022500 0.012500
6 0.531250 0.841250 0.017500 0.010000
6 0.511250 0.836250 0.020000 0.010000
6 0.543750 0.850000 0.010000 0.020000
6 0.527500 0.850000 0.017500 0.010000
6 0.508750 0.843750 0.020000 0.010000
6 0.505000 0.853750 0.020000 0.012500
6 0.527500 0.860000 0.022500 0.012500
6 0.525000 0.868750 0.022500 0.010000
6 0.521250 0.878750 0.022500 0.010000
6 0.496250 0.881250 0.020000 0.012500
6 0.493750 0.890000 0.022500 0.010000
6 0.517500 0.896250 0.020000 0.010000
6 0.491250 0.900000 0.022500 0.010000
6 0.511250 0.906250 0.017500 0.010000
6 0.526250 0.915000 0.010000 0.017500
6 0.490000 0.910000 0.017500 0.010000
6 0.487500 0.920000 0.022500 0.012500
6 0.510000 0.923750 0.020000 0.010000
6 0.521250 0.935000 0.012500 0.017500
6 0.505000 0.933750 0.017500 0.010000
6 0.485000 0.927500 0.020000 0.010000
6 0.483750 0.937500 0.020000 0.010000
6 0.482500 0.946250 0.020000 0.010000
6 0.500000 0.951250 0.022500 0.010000
6 0.476250 0.955000 0.020000 0.012500
6 0.496250 0.961250 0.020000 0.012500
6 0.511250 0.970000 0.010000 0.020000
6 0.496250 0.971250 0.020000 0.010000
6 0.475000 0.965000 0.020000 0.010000
6 0.493750 0.980000 0.020000 0.010000
6 0.473750 0.975000 0.020000 0.010000
6 0.470000 0.982500 0.020000 0.010000
6 0.491250 0.988750 0.020000 0.010000
6 0.488750 0.997500 0.020000 0.010000
6 0.466250 0.991250 0.017500 0.010000
6 0.440000 0.995000 0.012500 0.020000
6 0.423750 0.991250 0.022500 0.010000
6 0.425000 0.982500 0.022500 0.010000
6 0.428750 0.972500 0.022500 0.010000
6 0.430000 0.963750 0.025000 0.010000
6 0.435000 0.955000 0.022500 0.012500
6 0.437500 0.943750 0.022500 0.010000
6 0.437500 0.935000 0.020000 0.010000
6 0.440000 0.926250 0.020000 0.012500
6 0.457500 0.926250 0.010000 0.015000
6 0.440000 0.916250 0.020000 0.010000
6 0.445000 0.907500 0.022500 0.010000
6 0.462500 0.903750 0.010000 0.020000
6 0.446250 0.898750 0.020000 0.010000
6 0.448750 0.888750 0.022500 0.010000
6 0.450000 0.880000 0.022500 0.012500
6 0.453750 0.870000 0.020000 0.010000
6 0.455000 0.861250 0.020000 0.010000
6 0.458750 0.851250 0.020000 0.010000
6 0.461250 0.843750 0.017500 0.010000
6 0.473750 0.842500 0.010000 0.017500
6 0.462500 0.832500 0.020000 0.010000
6 0.466250 0.825000 0.020000 0.010000
6 0.447500 0.827500 0.010000 0.017500
6 0.442500 0.847500 0.010000 0.020000
6 0.477500 0.806250 0.017500 0.012500
6 0.457500 0.797500 0.017500 0.010000
6 0.436250 0.795000 0.020000 0.012500
6 0.438750 0.783750 0.020000 0.012500
6 0.463750 0.777500 0.020000 0.012500
6 0.441250 0.771250 0.022500 0.010000
6 0.415000 0.713750 0.010000 0.020000
6 0.425000 0.715000 0.010000 0.017500
6 0.433750 0.718750 0.010000 0.017500
6 0.426250 0.743750 0.010000 0.020000
6 0.420000 0.767500 0.010000 0.020000
6 0.411250 0.736250 0.012500 0.025000
6 0.373750 0.763750 0.010000 0.017500
6 0.425000 0.815000 0.020000 0.010000
6 0.422500 0.822500 0.020000 0.010000
6 0.420000 0.832500 0.020000 0.010000
6 0.416250 0.841250 0.020000 0.010000
6 0.416250 0.851250 0.022500 0.012500
6 0.402500 0.816250 0.010000 0.017500
6 0.388750 0.816250 0.010000 0.020000
6 0.385000 0.837500 0.010000 0.020000
6 0.400000 0.838750 0.007500 0.017500
6 0.378750 0.858750 0.012500 0.020000
6 0.395000 0.855000 0.010000 0.017500
6 0.410000 0.868750 0.020000 0.010000
6 0.407500 0.880000 0.017500 0.010000
6 0.406250 0.888750 0.017500 0.010000
6 0.401250 0.897500 0.020000 0.010000
6 0.420000 0.902500 0.012500 0.017500
6 0.400000 0.907500 0.020000 0.010000
6 0.413750 0.922500 0.010000 0.015000
6 0.397500 0.916250 0.020000 0.010000
6 0.395000 0.925000 0.020000 0.010000
6 0.393750 0.933750 0.022500 0.010000
6 0.390000 0.943750 0.022500 0.012500
6 0.390000 0.953750 0.020000 0.012500
6 0.387500 0.963750 0.017500 0.010000
6 0.383750 0.972500 0.020000 0.010000
6 0.398750 0.975000 0.010000 0.017500
6 0.381250 0.981250 0.020000 0.010000
6 0.380000 0.991250 0.022500 0.012500
6 0.395000 0.995000 0.010000 0.017500
6 0.228750 0.727500 0.010000 0.020000
6 0.240000 0.730000 0.010000 0.020000
6 0.251250 0.731250 0.010000 0.020000
6 0.262500 0.730000 0.012500 0.020000
6 0.272500 0.736250 0.012500 0.017500
6 0.286250 0.742500 0.010000 0.017500
6 0.253750 0.748750 0.020000 0.010000
6 0.275000 0.752500 0.017500 0.010000
6 0.300000 0.742500 0.010000 0.017500
6 0.312500 0.750000 0.012500 0.017500
6 0.322500 0.751250 0.010000 0.017500
6 0.335000 0.755000 0.015000 0.020000
6 0.348750 0.756250 0.015000 0.020000
6 0.363750 0.760000 0.012500 0.020000
6 0.295000 0.757500 0.017500 0.010000
6 0.316250 0.765000 0.020000 0.010000
6 0.345000 0.772500 0.022500 0.012500
6 0.212500 0.730000 0.012500 0.022500
6 0.196250 0.741250 0.025000 0.015000
6 0.195000 0.751250 0.017500 0.010000
6 0.192500 0.758750 0.020000 0.010000
6 0.191250 0.767500 0.020000 0.010000
6 0.190000 0.776250 0.020000 0.010000
6 0.188750 0.783750 0.020000 0.012500
6 0.187500 0.792500 0.022500 0.012500
6 0.183750 0.803750 0.020000 0.012500
6 0.181250 0.813750 0.020000 0.012500
6 0.180000 0.822500 0.017500 0.010000
6 0.173750 0.841250 0.022500 0.012500
6 0.172500 0.851250 0.022500 0.010000
6 0.170000 0.860000 0.022500 0.012500
6 0.170000 0.872500 0.020000 0.010000
6 0.170000 0.883750 0.022500 0.012500
6 0.165000 0.896250 0.022500 0.010000
6 0.161250 0.905000 0.025000 0.012500
6 0.158750 0.916250 0.022500 0.010000
6 0.155000 0.925000 0.020000 0.010000
6 0.155000 0.935000 0.020000 0.010000
6 0.152500 0.943750 0.022500 0.012500
6 0.148750 0.952500 0.022500 0.012500
6 0.221250 0.770000 0.010000 0.020000
6 0.206250 0.785000 0.010000 0.020000
6 0.237500 0.768750 0.017500 0.010000
6 0.213750 0.801250 0.012500 0.020000
6 0.198750 0.818750 0.010000 0.017500
6 0.258750 0.768750 0.015000 0.010000
6 0.258750 0.776250 0.020000 0.010000
6 0.283750 0.787500 0.010000 0.020000
6 0.272500 0.786250 0.010000 0.015000
6 0.257500 0.785000 0.017500 0.010000
6 0.232500 0.787500 0.017500 0.010000
6 0.253750 0.793750 0.022500 0.015000
6 0.231250 0.797500 0.020000 0.012500
6 0.252500 0.805000 0.020000 0.015000
6 0.265000 0.811250 0.010000 0.020000
6 0.250000 0.813750 0.017500 0.012500
6 0.231250 0.806250 0.017500 0.010000
6 0.228750 0.816250 0.022500 0.012500
6 0.247500 0.822500 0.017500 0.012500
6 0.236250 0.828750 0.020000 0.012500
6 0.263750 0.827500 0.015000 0.012500
6 0.257500 0.835000 0.020000 0.012500
6 0.221250 0.840000 0.022500 0.012500
6 0.220000 0.850000 0.022500 0.010000
6 0.243750 0.857500 0.022500 0.012500
6 0.217500 0.860000 0.020000 0.010000
6 0.242500 0.846250 0.020000 0.012500
6 0.216250 0.868750 0.022500 0.012500
6 0.238750 0.876250 0.020000 0.012500
6 0.233750 0.885000 0.020000 0.012500
6 0.212500 0.878750 0.020000 0.010000
6 0.232500 0.895000 0.025000 0.012500
6 0.207500 0.888750 0.020000 0.012500
6 0.191250 0.892500 0.015000 0.022500
6 0.207500 0.898750 0.017500 0.010000
6 0.228750 0.903750 0.022500 0.012500
6 0.207500 0.907500 0.022500 0.010000
6 0.227500 0.915000 0.020000 0.010000
6 0.206250 0.917500 0.022500 0.012500
6 0.226250 0.922500 0.020000 0.010000
6 0.178750 0.957500 0.010000 0.020000
6 0.191250 0.947500 0.012500 0.022500
6 0.186250 0.968750 0.012500 0.020000
6 0.201250 0.950000 0.010000 0.020000
6 0.196250 0.970000 0.010000 0.022500
6 0.211250 0.950000 0.012500 0.020000
6 0.207500 0.972500 0.012500 0.020000
6 0.221250 0.952500 0.010000 0.020000
6 0.217500 0.973750 0.010000 0.020000
6 0.232500 0.953750 0.012500 0.017500
6 0.226250 0.973750 0.010000 0.020000
6 0.235000 0.977500 0.012500 0.022500
6 0.251250 0.957500 0.010000 0.020000
6 0.246250 0.977500 0.012500 0.020000
6 0.262500 0.960000 0.012500 0.020000
6 0.256250 0.978750 0.012500 0.020000
6 0.320000 0.956250 0.020000 0.012500
6 0.271250 0.963750 0.010000 0.017500
6 0.263750 0.983750 0.012500 0.020000
6 0.280000 0.965000 0.012500 0.017500
6 0.291250 0.966250 0.010000 0.020000
6 0.300000 0.967500 0.010000 0.020000
6 0.310000 0.968750 0.010000 0.017500
6 0.321250 0.971250 0.010000 0.017500
6 0.273750 0.987500 0.012500 0.020000
6 0.283750 0.987500 0.012500 0.020000
6 0.292500 0.992500 0.012500 0.022500
6 0.302500 0.993750 0.010000 0.020000
6 0.313750 0.992500 0.012500 0.020000
6 0.280000 0.810000 0.012500 0.020000
6 0.303750 0.778750 0.022500 0.010000
6 0.325000 0.783750 0.020000 0.010000
6 0.303750 0.788750 0.020000 0.010000
6 0.323750 0.793750 0.020000 0.012500
6 0.371250 0.793750 0.017500 0.012500
6 0.368750 0.801250 0.020000 0.012500
6 0.338750 0.801250 0.010000 0.020000
6 0.302500 0.798750 0.020000 0.010000
6 0.322500 0.803750 0.020000 0.012500
6 0.347500 0.808750 0.010000 0.020000
6 0.365000 0.810000 0.017500 0.012500
6 0.362500 0.818750 0.017500 0.010000
6 0.362500 0.827500 0.020000 0.010000
6 0.358750 0.838750 0.020000 0.012500
6 0.300000 0.808750 0.020000 0.012500
6 0.320000 0.812500 0.020000 0.012500
6 0.342500 0.828750 0.010000 0.017500
6 0.335000 0.823750 0.010000 0.017500
6 0.318750 0.821250 0.020000 0.010000
6 0.297500 0.817500 0.017500 0.010000
6 0.280000 0.830000 0.010000 0.017500
6 0.296250 0.826250 0.020000 0.010000
6 0.317500 0.830000 0.022500 0.010000
6 0.297500 0.835000 0.020000 0.010000
6 0.293750 0.843750 0.020000 0.010000
6 0.317500 0.840000 0.020000 0.012500
6 0.330000 0.847500 0.010000 0.020000
6 0.338750 0.851250 0.010000 0.017500
6 0.355000 0.856250 0.020000 0.010000
6 0.282500 0.852500 0.025000 0.015000
6 0.342500 0.880000 0.020000 0.012500
6 0.306250 0.867500 0.022500 0.015000
6 0.285000 0.862500 0.020000 0.010000
6 0.278750 0.872500 0.022500 0.012500
6 0.277500 0.882500 0.017500 0.010000
6 0.298750 0.886250 0.020000 0.010000
6 0.335000 0.888750 0.020000 0.010000
6 0.332500 0.898750 0.017500 0.010000
6 0.296250 0.895000 0.022500 0.010000
6 0.273750 0.891250 0.020000 0.012500
6 0.268750 0.900000 0.020000 0.010000
6 0.290000 0.905000 0.022500 0.012500
6 0.266250 0.908750 0.017500 0.010000
6 0.290000 0.913750 0.020000 0.010000
6 0.267500 0.918750 0.020000 0.012500
6 0.333750 0.910000 0.022500 0.010000
6 0.331250 0.917500 0.022500 0.010000
6 0.330000 0.927500 0.020000 0.010000
6 0.288750 0.925000 0.022500 0.012500
6 0.282500 0.932500 0.020000 0.010000
6 0.387500 0.876250 0.010000 0.020000
6 0.382500 0.896250 0.010000 0.020000
6 0.366250 0.913750 0.012500 0.020000
6 0.375000 0.917500 0.010000 0.020000
6 0.136250 0.996250 0.022500 0.012500
6 0.170000 0.746250 0.012500 0.017500
6 0.163750 0.773750 0.010000 0.020000
6 0.128750 0.822500 0.010000 0.015000
6 0.123750 0.840000 0.007500 0.012500
6 0.073750 0.887500 0.017500 0.007500
6 0.075000 0.877500 0.017500 0.007500
6 0.053750 0.851250 0.010000 0.020000
6 0.061250 0.826250 0.010000 0.015000
6 0.040000 0.847500 0.010000 0.020000
6 0.026250 0.841250 0.017500 0.020000
6 0.013750 0.838750 0.017500 0.015000
6 0.002500 0.837500 0.015000 0.017500
6 0.065000 0.806250 0.010000 0.020000
6 0.072500 0.782500 0.012500 0.020000
6 0.037500 0.782500 0.010000 0.020000
6 0.026250 0.783750 0.010000 0.022500
6 0.026250 0.682500 0.020000 0.010000
6 0.201250 0.727500 0.012500 0.012500
6 0.406250 0.760000 0.015000 0.025000
