6 0.643750 0.003750 0.012500 0.015000
6 0.671250 0.000000 0.012500 0.017500
6 0.636250 0.027500 0.012500 0.015000
6 0.631250 0.052500 0.012500 0.015000
6 0.625000 0.076250 0.015000 0.017500
6 0.661250 0.037500 0.015000 0.017500
6 0.653750 0.072500 0.017500 0.030000
6 0.626250 0.131250 0.015000 0.012500
6 0.627500 0.143750 0.017500 0.015000
6 0.621250 0.153750 0.017500 0.015000
6 0.616250 0.161250 0.012500 0.012500
6 0.617500 0.177500 0.020000 0.017500
6 0.611250 0.187500 0.015000 0.015000
6 0.608750 0.202500 0.017500 0.015000
6 0.605000 0.211250 0.015000 0.012500
6 0.598750 0.222500 0.015000 0.012500
6 0.597500 0.236250 0.015000 0.012500
6 0.592500 0.247500 0.015000 0.012500
6 0.593750 0.262500 0.017500 0.012500
6 0.586250 0.272500 0.017500 0.015000
6 0.583750 0.287500 0.017500 0.015000
6 0.578750 0.298750 0.017500 0.012500
6 0.578750 0.313750 0.017500 0.017500
6 0.567500 0.346250 0.015000 0.015000
6 0.566250 0.357500 0.017500 0.017500
6 0.563750 0.367500 0.017500 0.015000
6 0.557500 0.376250 0.015000 0.012500
6 0.553750 0.387500 0.015000 0.012500
6 0.556250 0.403750 0.017500 0.015000
6 0.551250 0.415000 0.017500 0.017500
6 0.550000 0.427500 0.015000 0.017500
6 0.546250 0.437500 0.015000 0.015000
6 0.541250 0.448750 0.015000 0.012500
6 0.533750 0.455000 0.015000 0.015000
6 0.531250 0.470000 0.020000 0.017500
6 0.526250 0.483750 0.015000 0.010000
6 0.552500 0.506250 0.017500 0.015000
6 0.637500 0.523750 0.015000 0.045000
6 0.672500 0.426250 0.017500 0.045000
6 0.695000 0.348750 0.012500 0.017500
6 0.700000 0.315000 0.010000 0.017500
6 0.763750 0.372500 0.017500 0.015000
6 0.543750 0.558750 0.020000 0.010000
6 0.460000 0.538750 0.020000 0.010000
6 0.561250 0.551250 0.020000 0.012500
6 0.522500 0.570000 0.020000 0.010000
6 0.361250 0.531250 0.022500 0.010000
6 0.273750 0.510000 0.022500 0.010000
6 0.377500 0.512500 0.045000 0.022500
6 0.622500 0.588750 0.025000 0.012500
6 0.658750 0.605000 0.025000 0.012500
6 0.696250 0.568750 0.027500 0.015000
6 0.473750 0.632500 0.017500 0.012500
6 0.721250 0.697500 0.022500 0.012500
6 0.798750 0.623750 0.025000 0.012500
6 0.806250 0.611250 0.032500 0.017500
6 0.327500 0.577500 0.017500 0.010000
6 0.761250 0.225000 0.022500 0.012500
6 0.765000 0.215000 0.020000 0.012500
6 0.852500 0.272500 0.022500 0.012500
6 0.852500 0.291250 0.017500 0.010000
6 0.820000 0.210000 0.027500 0.012500
6 0.845000 0.185000 0.020000 0.012500
6 0.980000 0.920000 0.015000 0.022500
6 0.851250 0.706250 0.017500 0.010000
6 0.017500 0.442500 0.017500 0.015000
6 0.128750 0.626250 0.017500 0.010000
6 0.041250 0.421250 0.027500 0.015000
6 0.053750 0.437500 0.022500 0.015000
6 0.112500 0.465000 0.020000 0.010000
6 0.115000 0.438750 0.025000 0.012500
6 0.131250 0.538750 0.020000 0.010000
6 0.181250 0.566250 0.022500 0.015000
6 0.431250 0.706250 0.022500 0.010000
6 0.548750 0.736250 0.020000 0.010000
6 0.005000 0.733750 0.015000 0.010000
6 0.006250 0.761250 0.010000 0.017500
6 0.020000 0.721250 0.010000 0.017500
6 0.026250 0.736250 0.017500 0.012500
6 0.041250 0.725000 0.010000 0.015000
6 0.050000 0.728750 0.010000 0.015000
6 0.061250 0.730000 0.012500 0.017500
6 0.172500 0.826250 0.022500 0.012500
6 0.193750 0.806250 0.012500 0.015000
6 0.216250 0.812500 0.010000 0.015000
6 0.235000 0.817500 0.010000 0.017500
6 0.255000 0.820000 0.012500 0.020000
6 0.271250 0.828750 0.012500 0.017500
6 0.282500 0.828750 0.010000 0.017500
6 0.290000 0.830000 0.010000 0.020000
6 0.213750 0.770000 0.010000 0.020000
6 0.223750 0.773750 0.010000 0.017500
6 0.231250 0.773750 0.010000 0.017500
6 0.242500 0.775000 0.010000 0.017500
6 0.252500 0.780000 0.010000 0.015000
6 0.262500 0.782500 0.010000 0.017500
6 0.270000 0.782500 0.010000 0.017500
6 0.280000 0.786250 0.007500 0.017500
6 0.288750 0.788750 0.007500 0.020000
6 0.298750 0.790000 0.012500 0.020000
6 0.317500 0.795000 0.010000 0.022500
6 0.335000 0.801250 0.007500 0.015000
6 0.346250 0.802500 0.012500 0.022500
6 0.353750 0.803750 0.010000 0.017500
6 0.540000 0.935000 0.020000 0.012500
6 0.535000 0.953750 0.020000 0.010000
6 0.530000 0.963750 0.020000 0.010000
6 0.560000 0.923750 0.010000 0.015000
6 0.597500 0.932500 0.012500 0.015000
6 0.695000 0.957500 0.012500 0.017500
6 0.707500 0.960000 0.010000 0.017500
6 0.891250 0.191250 0.030000 0.015000
4 0.265000 0.140000 0.060000 0.050000
