6 0.108750 0.198750 0.015000 0.032500
6 0.220000 0.603750 0.017500 0.037500
6 0.978750 0.982500 0.010000 0.020000
6 0.940000 0.977500 0.020000 0.022500
6 0.952500 0.980000 0.020000 0.020000
6 0.962500 0.661250 0.020000 0.007500
6 0.427500 0.540000 0.017500 0.007500
6 0.380000 0.555000 0.017500 0.015000
6 0.430000 0.556250 0.017500 0.015000
6 0.427500 0.570000 0.017500 0.017500
6 0.393750 0.596250 0.007500 0.015000
6 0.422500 0.581250 0.017500 0.015000
6 0.288750 0.656250 0.017500 0.012500
6 0.425000 0.641250 0.017500 0.017500
6 0.423750 0.668750 0.015000 0.017500
6 0.383750 0.675000 0.020000 0.015000
6 0.371250 0.705000 0.015000 0.020000
6 0.382500 0.707500 0.015000 0.020000
6 0.386250 0.770000 0.015000 0.015000
6 0.413750 0.815000 0.012500 0.015000
6 0.383750 0.827500 0.020000 0.015000
6 0.382500 0.853750 0.017500 0.017500
6 0.415000 0.870000 0.015000 0.015000
6 0.381250 0.898750 0.020000 0.017500
6 0.383750 0.908750 0.017500 0.015000
6 0.415000 0.911250 0.012500 0.015000
6 0.382500 0.945000 0.020000 0.020000
6 0.413750 0.948750 0.015000 0.015000
6 0.382500 0.972500 0.020000 0.017500
6 0.413750 0.977500 0.020000 0.020000
6 0.382500 0.986250 0.017500 0.020000
6 0.382500 0.997500 0.020000 0.017500
6 0.415000 0.756250 0.017500 0.020000
6 0.383750 0.620000 0.020000 0.017500
6 0.382500 0.632500 0.017500 0.012500
6 0.381250 0.645000 0.017500 0.012500
6 0.336250 0.623750 0.017500 0.015000
6 0.336250 0.646250 0.017500 0.015000
