6 0.070000 0.097500 0.015000 0.007500
6 0.070000 0.106250 0.017500 0.007500
6 0.071250 0.117500 0.017500 0.007500
6 0.071250 0.133750 0.017500 0.007500
6 0.070000 0.146250 0.020000 0.010000
6 0.082500 0.240000 0.015000 0.007500
6 0.160000 0.226250 0.010000 0.017500
6 0.148750 0.227500 0.007500 0.015000
6 0.138750 0.228750 0.007500 0.017500
6 0.171250 0.263750 0.007500 0.015000
6 0.162500 0.265000 0.007500 0.015000
6 0.152500 0.266250 0.007500 0.015000
6 0.142500 0.265000 0.007500 0.015000
6 0.132500 0.265000 0.007500 0.017500
6 0.122500 0.263750 0.010000 0.017500
6 0.107500 0.262500 0.007500 0.017500
6 0.096250 0.512500 0.010000 0.020000
6 0.111250 0.615000 0.007500 0.020000
6 0.148750 0.748750 0.020000 0.017500
6 0.407500 0.067500 0.017500 0.010000
6 0.425000 0.336250 0.007500 0.020000
6 0.410000 0.552500 0.025000 0.010000
6 0.436250 0.586250 0.012500 0.022500
6 0.365000 0.590000 0.017500 0.007500
6 0.408750 0.598750 0.017500 0.010000
6 0.367500 0.607500 0.015000 0.007500
6 0.367500 0.617500 0.017500 0.007500
6 0.410000 0.658750 0.010000 0.022500
6 0.390000 0.660000 0.010000 0.017500
6 0.368750 0.661250 0.010000 0.022500
6 0.431250 0.767500 0.007500 0.020000
6 0.955000 0.857500 0.010000 0.020000
6 0.946250 0.240000 0.010000 0.020000
6 0.965000 0.276250 0.012500 0.022500
6 0.965000 0.066250 0.010000 0.017500
6 0.946250 0.142500 0.007500 0.015000
