6 0.946250 0.273750 0.022500 0.012500
6 0.990000 0.235000 0.022500 0.012500
6 0.917500 0.217500 0.022500 0.012500
6 0.888750 0.208750 0.022500 0.012500
6 0.860000 0.201250 0.022500 0.012500
6 0.795000 0.181250 0.047500 0.022500
6 0.491250 0.345000 0.025000 0.032500
6 0.473750 0.348750 0.030000 0.042500
6 0.457500 0.355000 0.027500 0.040000
6 0.425000 0.330000 0.027500 0.045000
6 0.407500 0.333750 0.032500 0.047500
6 0.581250 0.417500 0.045000 0.035000
6 0.562500 0.412500 0.042500 0.035000
6 0.546250 0.406250 0.035000 0.027500
6 0.521250 0.401250 0.047500 0.032500
6 0.502500 0.398750 0.045000 0.037500
6 0.478750 0.396250 0.047500 0.037500
6 0.457500 0.391250 0.047500 0.032500
6 0.437500 0.382500 0.037500 0.025000
6 0.410000 0.378750 0.045000 0.032500
6 0.376250 0.378750 0.052500 0.035000
6 0.390000 0.335000 0.035000 0.045000
6 0.368750 0.328750 0.027500 0.037500
6 0.351250 0.332500 0.032500 0.047500
6 0.331250 0.330000 0.025000 0.037500
6 0.305000 0.320000 0.032500 0.047500
6 0.281250 0.311250 0.025000 0.037500
6 0.260000 0.313750 0.027500 0.035000
6 0.463750 0.297500 0.047500 0.030000
6 0.506250 0.276250 0.037500 0.025000
6 0.486250 0.272500 0.042500 0.027500
6 0.447500 0.257500 0.047500 0.032500
6 0.420000 0.253750 0.042500 0.030000
6 0.396250 0.250000 0.047500 0.030000
6 0.381250 0.240000 0.037500 0.025000
6 0.353750 0.237500 0.052500 0.037500
6 0.335000 0.228750 0.040000 0.030000
6 0.307500 0.228750 0.050000 0.037500
6 0.293750 0.217500 0.040000 0.027500
6 0.262500 0.215000 0.050000 0.032500
6 0.242500 0.207500 0.045000 0.027500
6 0.217500 0.202500 0.047500 0.032500
6 0.105000 0.338750 0.052500 0.020000
6 0.180000 0.432500 0.045000 0.030000
6 0.200000 0.442500 0.045000 0.030000
6 0.250000 0.420000 0.035000 0.047500
6 0.612500 0.506250 0.025000 0.032500
6 0.561250 0.487500 0.032500 0.045000
6 0.536250 0.481250 0.030000 0.045000
6 0.516250 0.481250 0.035000 0.047500
6 0.471250 0.468750 0.032500 0.047500
6 0.452500 0.467500 0.027500 0.045000
6 0.430000 0.462500 0.030000 0.047500
6 0.407500 0.457500 0.032500 0.047500
6 0.380000 0.445000 0.035000 0.045000
6 0.360000 0.441250 0.032500 0.047500
6 0.337500 0.441250 0.030000 0.045000
6 0.293750 0.425000 0.027500 0.042500
6 0.176250 0.548750 0.050000 0.035000
6 0.240000 0.566250 0.045000 0.035000
6 0.311250 0.583750 0.040000 0.030000
6 0.358750 0.592500 0.052500 0.035000
6 0.400000 0.608750 0.052500 0.037500
6 0.441250 0.617500 0.037500 0.027500
6 0.550000 0.692500 0.055000 0.025000
6 0.562500 0.728750 0.037500 0.047500
6 0.526250 0.756250 0.035000 0.045000
6 0.498750 0.712500 0.032500 0.047500
6 0.561250 0.818750 0.052500 0.030000
6 0.460000 0.740000 0.035000 0.050000
6 0.431250 0.725000 0.032500 0.050000
6 0.421250 0.740000 0.035000 0.047500
6 0.366250 0.681250 0.030000 0.042500
6 0.355000 0.695000 0.035000 0.050000
6 0.272500 0.680000 0.037500 0.050000
6 0.246250 0.673750 0.035000 0.050000
6 0.223750 0.666250 0.035000 0.050000
6 0.206250 0.671250 0.035000 0.052500
6 0.180000 0.661250 0.037500 0.052500
6 0.158750 0.655000 0.035000 0.050000
6 0.115000 0.637500 0.035000 0.050000
6 0.092500 0.633750 0.035000 0.050000
6 0.300000 0.787500 0.035000 0.047500
6 0.260000 0.778750 0.030000 0.045000
6 0.557500 0.916250 0.055000 0.025000
6 0.628750 0.933750 0.020000 0.012500
6 0.425000 0.825000 0.017500 0.020000
6 0.445000 0.833750 0.017500 0.022500
6 0.501250 0.845000 0.027500 0.015000
6 0.521250 0.847500 0.022500 0.015000
6 0.617500 0.812500 0.010000 0.020000
6 0.622500 0.786250 0.020000 0.012500
6 0.637500 0.746250 0.022500 0.010000
6 0.665000 0.772500 0.012500 0.017500
6 0.233750 0.837500 0.022500 0.015000
6 0.165000 0.813750 0.027500 0.017500
6 0.225000 0.778750 0.022500 0.017500
6 0.202500 0.776250 0.017500 0.015000
6 0.200000 0.766250 0.017500 0.015000
6 0.180000 0.765000 0.022500 0.017500
6 0.157500 0.760000 0.020000 0.015000
6 0.177500 0.745000 0.020000 0.015000
6 0.150000 0.748750 0.022500 0.017500
6 0.142500 0.738750 0.020000 0.017500
6 0.125000 0.728750 0.017500 0.015000
6 0.086250 0.735000 0.022500 0.017500
6 0.085000 0.721250 0.017500 0.015000
6 0.071250 0.717500 0.020000 0.017500
6 0.058750 0.713750 0.020000 0.017500
6 0.036250 0.716250 0.020000 0.015000
6 0.065000 0.736250 0.022500 0.020000
6 0.051250 0.731250 0.022500 0.017500
6 0.027500 0.695000 0.017500 0.007500
6 0.275000 0.587500 0.022500 0.020000
6 0.037500 0.495000 0.010000 0.020000
6 0.078750 0.512500 0.027500 0.017500
6 0.100000 0.407500 0.022500 0.010000
6 0.117500 0.300000 0.025000 0.015000
6 0.096250 0.292500 0.010000 0.022500
6 0.087500 0.140000 0.020000 0.010000
6 0.122500 0.145000 0.012500 0.020000
6 0.133750 0.148750 0.012500 0.020000
6 0.145000 0.151250 0.010000 0.017500
6 0.155000 0.153750 0.010000 0.017500
6 0.178750 0.160000 0.012500 0.015000
6 0.212500 0.166250 0.012500 0.020000
6 0.227500 0.172500 0.010000 0.017500
6 0.490000 0.726250 0.015000 0.020000
6 0.532500 0.641250 0.022500 0.017500
6 0.566250 0.636250 0.012500 0.022500
6 0.597500 0.638750 0.015000 0.020000
6 0.610000 0.632500 0.015000 0.020000
6 0.655000 0.677500 0.015000 0.030000
6 0.666250 0.641250 0.015000 0.027500
6 0.637500 0.623750 0.012500 0.020000
6 0.675000 0.606250 0.015000 0.022500
6 0.612500 0.603750 0.025000 0.012500
6 0.618750 0.556250 0.025000 0.015000
6 0.640000 0.543750 0.020000 0.015000
6 0.698750 0.521250 0.010000 0.022500
6 0.632500 0.510000 0.022500 0.027500
6 0.623750 0.538750 0.030000 0.017500
6 0.603750 0.540000 0.025000 0.017500
6 0.597500 0.531250 0.020000 0.012500
6 0.568750 0.540000 0.020000 0.015000
6 0.570000 0.526250 0.022500 0.017500
6 0.552500 0.520000 0.022500 0.017500
6 0.533750 0.515000 0.025000 0.017500
6 0.692500 0.902500 0.022500 0.010000
6 0.710000 0.798750 0.012500 0.030000
6 0.775000 0.841250 0.032500 0.020000
6 0.798750 0.803750 0.015000 0.037500
6 0.767500 0.801250 0.015000 0.027500
6 0.840000 0.840000 0.017500 0.015000
6 0.847500 0.858750 0.020000 0.015000
6 0.823750 0.846250 0.022500 0.015000
6 0.891250 0.896250 0.035000 0.045000
6 0.767500 0.747500 0.017500 0.012500
6 0.718750 0.738750 0.022500 0.012500
6 0.785000 0.583750 0.010000 0.017500
6 0.901250 0.575000 0.017500 0.012500
6 0.757500 0.570000 0.020000 0.010000
6 0.793750 0.540000 0.010000 0.020000
6 0.910000 0.518750 0.022500 0.015000
6 0.896250 0.551250 0.020000 0.010000
6 0.771250 0.518750 0.020000 0.010000
6 0.770000 0.498750 0.025000 0.010000
6 0.775000 0.487500 0.020000 0.010000
6 0.763750 0.420000 0.012500 0.020000
6 0.810000 0.400000 0.022500 0.010000
6 0.810000 0.390000 0.022500 0.010000
6 0.810000 0.376250 0.017500 0.010000
6 0.813750 0.362500 0.017500 0.010000
6 0.721250 0.428750 0.012500 0.022500
6 0.692500 0.386250 0.022500 0.020000
6 0.671250 0.432500 0.020000 0.015000
6 0.658750 0.396250 0.017500 0.022500
6 0.636250 0.406250 0.015000 0.017500
6 0.648750 0.432500 0.022500 0.017500
6 0.648750 0.406250 0.015000 0.022500
6 0.632500 0.430000 0.022500 0.017500
6 0.622500 0.421250 0.022500 0.017500
6 0.602500 0.420000 0.020000 0.017500
6 0.613750 0.393750 0.017500 0.022500
6 0.641250 0.341250 0.020000 0.020000
6 0.597500 0.371250 0.017500 0.025000
6 0.586250 0.375000 0.017500 0.025000
6 0.572500 0.370000 0.015000 0.020000
6 0.562500 0.380000 0.017500 0.025000
6 0.630000 0.337500 0.017500 0.015000
6 0.620000 0.333750 0.020000 0.015000
6 0.606250 0.331250 0.017500 0.017500
6 0.593750 0.327500 0.015000 0.015000
6 0.581250 0.323750 0.020000 0.017500
6 0.566250 0.321250 0.017500 0.017500
6 0.552500 0.315000 0.022500 0.017500
6 0.538750 0.311250 0.025000 0.017500
6 0.516250 0.285000 0.020000 0.015000
6 0.522500 0.292500 0.025000 0.017500
6 0.537500 0.277500 0.020000 0.010000
6 0.547500 0.356250 0.015000 0.020000
6 0.535000 0.357500 0.012500 0.017500
6 0.525000 0.361250 0.012500 0.017500
6 0.515000 0.363750 0.010000 0.015000
6 0.860000 0.251250 0.022500 0.012500
6 0.700000 0.161250 0.022500 0.012500
6 0.728750 0.171250 0.022500 0.012500
6 0.748750 0.172500 0.017500 0.012500
6 0.648750 0.176250 0.022500 0.015000
6 0.643750 0.145000 0.017500 0.010000
6 0.617500 0.132500 0.017500 0.015000
6 0.506250 0.100000 0.010000 0.020000
6 0.466250 0.105000 0.025000 0.012500
6 0.435000 0.112500 0.020000 0.010000
6 0.532500 0.116250 0.022500 0.010000
6 0.416250 0.093750 0.022500 0.012500
6 0.331250 0.067500 0.022500 0.012500
6 0.303750 0.058750 0.025000 0.012500
6 0.255000 0.050000 0.032500 0.015000
6 0.128750 0.013750 0.020000 0.017500
