6 0.253750 0.810000 0.022500 0.020000
6 0.240000 0.800000 0.022500 0.022500
6 0.202500 0.782500 0.015000 0.015000
6 0.193750 0.785000 0.015000 0.017500
6 0.187500 0.790000 0.015000 0.017500
6 0.178750 0.793750 0.012500 0.012500
6 0.170000 0.797500 0.017500 0.015000
6 0.161250 0.801250 0.015000 0.015000
6 0.152500 0.805000 0.015000 0.015000
6 0.142500 0.808750 0.015000 0.017500
6 0.135000 0.812500 0.017500 0.017500
6 0.296250 0.887500 0.020000 0.012500
6 0.128750 0.816250 0.015000 0.017500
6 0.118750 0.818750 0.015000 0.017500
6 0.110000 0.823750 0.012500 0.015000
6 0.098750 0.826250 0.017500 0.015000
6 0.092500 0.832500 0.017500 0.015000
6 0.082500 0.835000 0.012500 0.015000
6 0.072500 0.838750 0.015000 0.017500
6 0.065000 0.842500 0.015000 0.015000
6 0.055000 0.846250 0.015000 0.017500
6 0.047500 0.851250 0.015000 0.017500
6 0.030000 0.857500 0.017500 0.017500
6 0.038750 0.852500 0.015000 0.015000
6 0.022500 0.860000 0.017500 0.015000
6 0.012500 0.863750 0.015000 0.015000
6 0.002500 0.867500 0.015000 0.017500
6 0.196250 0.757500 0.012500 0.017500
6 0.188750 0.762500 0.015000 0.020000
6 0.177500 0.767500 0.017500 0.022500
6 0.170000 0.771250 0.015000 0.020000
6 0.160000 0.773750 0.012500 0.017500
6 0.152500 0.777500 0.015000 0.017500
6 0.143750 0.781250 0.015000 0.017500
6 0.136250 0.785000 0.015000 0.020000
6 0.127500 0.791250 0.017500 0.022500
6 0.111250 0.797500 0.017500 0.020000
6 0.101250 0.801250 0.017500 0.020000
6 0.090000 0.805000 0.012500 0.017500
6 0.082500 0.808750 0.017500 0.017500
6 0.075000 0.812500 0.015000 0.020000
6 0.066250 0.817500 0.017500 0.017500
6 0.056250 0.821250 0.017500 0.020000
6 0.048750 0.825000 0.017500 0.020000
6 0.040000 0.830000 0.015000 0.020000
6 0.030000 0.832500 0.012500 0.017500
6 0.021250 0.838750 0.015000 0.015000
6 0.011250 0.841250 0.015000 0.015000
6 0.003750 0.847500 0.012500 0.017500
6 0.002500 0.797500 0.012500 0.012500
6 0.018750 0.790000 0.015000 0.020000
6 0.028750 0.785000 0.012500 0.015000
6 0.053750 0.773750 0.012500 0.017500
6 0.063750 0.771250 0.015000 0.017500
6 0.091250 0.762500 0.012500 0.017500
6 0.102500 0.757500 0.010000 0.015000
6 0.112500 0.753750 0.015000 0.017500
6 0.121250 0.748750 0.012500 0.017500
6 0.080000 0.983750 0.012500 0.017500
6 0.090000 0.980000 0.015000 0.017500
6 0.053750 0.418750 0.025000 0.022500
6 0.247500 0.316250 0.050000 0.037500
6 0.260000 0.280000 0.025000 0.030000
6 0.270000 0.272500 0.022500 0.025000
6 0.286250 0.268750 0.022500 0.025000
6 0.297500 0.260000 0.022500 0.022500
6 0.236250 0.281250 0.022500 0.025000
6 0.227500 0.288750 0.025000 0.025000
6 0.138750 0.998750 0.012500 0.015000
6 0.146250 0.995000 0.012500 0.015000
6 0.393750 0.303750 0.040000 0.025000
6 0.370000 0.251250 0.047500 0.027500
6 0.376250 0.263750 0.045000 0.027500
6 0.381250 0.276250 0.042500 0.027500
6 0.188750 0.241250 0.022500 0.020000
6 0.206250 0.257500 0.015000 0.020000
6 0.216250 0.966250 0.012500 0.015000
6 0.226250 0.961250 0.015000 0.017500
6 0.045000 0.513750 0.025000 0.030000
6 0.995000 0.496250 0.015000 0.017500
6 0.096250 0.043750 0.027500 0.022500
6 0.248750 0.948750 0.010000 0.012500
6 0.097500 0.473750 0.020000 0.020000
6 0.042500 0.407500 0.020000 0.025000
