6 0.093750 0.000000 0.022500 0.007500
6 0.120000 0.041250 0.017500 0.010000
6 0.165000 0.038750 0.022500 0.012500
6 0.131250 0.057500 0.015000 0.010000
6 0.208750 0.026250 0.020000 0.007500
6 0.383750 0.036250 0.022500 0.010000
6 0.447500 0.035000 0.025000 0.010000
6 0.221250 0.055000 0.020000 0.010000
6 0.260000 0.052500 0.017500 0.007500
6 0.346250 0.316250 0.007500 0.020000
6 0.833750 0.215000 0.012500 0.012500
6 0.860000 0.218750 0.015000 0.017500
6 0.870000 0.213750 0.012500 0.015000
6 0.883750 0.215000 0.020000 0.022500
6 0.896250 0.215000 0.015000 0.017500
6 0.768750 0.295000 0.010000 0.015000
6 0.795000 0.297500 0.017500 0.022500
6 0.792500 0.376250 0.017500 0.022500
6 0.806250 0.375000 0.012500 0.020000
6 0.820000 0.376250 0.015000 0.020000
6 0.843750 0.376250 0.012500 0.017500
6 0.880000 0.376250 0.012500 0.015000
6 0.893750 0.378750 0.012500 0.017500
6 0.906250 0.378750 0.015000 0.015000
6 0.940000 0.375000 0.012500 0.015000
6 0.777500 0.316250 0.020000 0.007500
6 0.971250 0.272500 0.012500 0.020000
6 0.965000 0.373750 0.010000 0.017500
6 0.586250 0.032500 0.022500 0.010000
6 0.850000 0.021250 0.020000 0.012500
