6 0.965000 0.252500 0.010000 0.020000
6 0.962500 0.352500 0.010000 0.017500
6 0.977500 0.467500 0.007500 0.017500
6 0.492500 0.063750 0.012500 0.020000
6 0.503750 0.147500 0.007500 0.015000
6 0.582500 0.141250 0.010000 0.020000
6 0.598750 0.190000 0.010000 0.020000
6 0.561250 0.181250 0.007500 0.017500
6 0.538750 0.998750 0.010000 0.020000
6 0.481250 0.923750 0.010000 0.017500
6 0.535000 0.938750 0.010000 0.020000
6 0.717500 0.937500 0.007500 0.020000
6 0.717500 0.958750 0.007500 0.017500
6 0.718750 0.982500 0.010000 0.017500
6 0.735000 0.927500 0.010000 0.020000
6 0.742500 0.926250 0.007500 0.020000
6 0.756250 0.927500 0.007500 0.017500
6 0.782500 0.912500 0.020000 0.012500
6 0.785000 0.903750 0.020000 0.010000
6 0.730000 0.850000 0.017500 0.010000
6 0.736250 0.881250 0.015000 0.010000
6 0.733750 0.892500 0.017500 0.010000
6 0.786250 0.873750 0.017500 0.007500
6 0.786250 0.892500 0.022500 0.007500
6 0.846250 0.822500 0.007500 0.020000
6 0.493750 0.845000 0.010000 0.020000
6 0.825000 0.851250 0.020000 0.012500
6 0.822500 0.858750 0.015000 0.007500
6 0.928750 0.920000 0.025000 0.012500
6 0.880000 0.995000 0.022500 0.010000
6 0.943750 0.928750 0.022500 0.007500
6 0.943750 0.938750 0.022500 0.005000
6 0.943750 0.973750 0.022500 0.007500
6 0.532500 0.253750 0.007500 0.012500
6 0.593750 0.427500 0.010000 0.017500
6 0.501250 0.346250 0.012500 0.032500
6 0.473750 0.453750 0.015000 0.040000
6 0.505000 0.447500 0.010000 0.022500
6 0.581250 0.495000 0.007500 0.017500
6 0.581250 0.640000 0.010000 0.022500
6 0.675000 0.647500 0.010000 0.020000
6 0.478750 0.705000 0.007500 0.020000
6 0.505000 0.723750 0.010000 0.020000
6 0.645000 0.707500 0.010000 0.017500
6 0.823750 0.823750 0.012500 0.007500
6 0.528750 0.662500 0.007500 0.017500
6 0.615000 0.678750 0.007500 0.017500
6 0.615000 0.705000 0.007500 0.015000
6 0.966250 0.228750 0.010000 0.022500
6 0.820000 0.811250 0.022500 0.007500
6 0.797500 0.810000 0.022500 0.007500
6 0.758750 0.843750 0.010000 0.012500
6 0.737500 0.872500 0.020000 0.010000
6 0.737500 0.862500 0.022500 0.007500
6 0.786250 0.852500 0.015000 0.007500
6 0.785000 0.861250 0.020000 0.007500
6 0.785000 0.882500 0.020000 0.007500
6 0.766250 0.928750 0.007500 0.017500
6 0.881250 0.965000 0.025000 0.012500
6 0.895000 0.932500 0.012500 0.007500
6 0.643750 0.985000 0.012500 0.027500
6 0.668750 0.982500 0.017500 0.070000
6 0.585000 0.867500 0.010000 0.017500
6 0.596250 0.767500 0.010000 0.022500
6 0.647500 0.608750 0.012500 0.025000
6 0.641250 0.276250 0.012500 0.025000
6 0.630000 0.103750 0.012500 0.027500
6 0.617500 0.518750 0.007500 0.020000
6 0.706250 0.795000 0.012500 0.012500
6 0.708750 0.750000 0.012500 0.010000
6 0.708750 0.738750 0.010000 0.007500
6 0.710000 0.728750 0.012500 0.007500
6 0.711250 0.720000 0.012500 0.007500
6 0.711250 0.708750 0.010000 0.007500
6 0.710000 0.700000 0.010000 0.007500
6 0.711250 0.690000 0.010000 0.010000
6 0.712500 0.678750 0.010000 0.007500
6 0.711250 0.658750 0.007500 0.007500
6 0.715000 0.630000 0.010000 0.007500
6 0.716250 0.620000 0.012500 0.007500
6 0.716250 0.610000 0.010000 0.010000
6 0.716250 0.600000 0.012500 0.007500
6 0.716250 0.590000 0.010000 0.007500
6 0.716250 0.581250 0.010000 0.007500
6 0.716250 0.560000 0.010000 0.012500
6 0.717500 0.548750 0.010000 0.007500
6 0.718750 0.540000 0.012500 0.007500
6 0.718750 0.528750 0.012500 0.007500
6 0.720000 0.520000 0.010000 0.010000
6 0.720000 0.508750 0.010000 0.010000
6 0.721250 0.498750 0.010000 0.005000
6 0.722500 0.491250 0.012500 0.007500
6 0.721250 0.478750 0.010000 0.007500
6 0.722500 0.462500 0.010000 0.007500
6 0.723750 0.451250 0.012500 0.010000
6 0.723750 0.428750 0.010000 0.007500
6 0.723750 0.417500 0.010000 0.007500
6 0.725000 0.408750 0.010000 0.007500
6 0.725000 0.397500 0.010000 0.007500
6 0.726250 0.387500 0.010000 0.007500
6 0.727500 0.377500 0.010000 0.007500
6 0.523750 0.645000 0.012500 0.010000
6 0.523750 0.635000 0.012500 0.007500
6 0.525000 0.626250 0.012500 0.010000
6 0.523750 0.613750 0.010000 0.007500
6 0.523750 0.603750 0.010000 0.010000
6 0.522500 0.592500 0.010000 0.010000
6 0.522500 0.582500 0.010000 0.007500
6 0.525000 0.560000 0.012500 0.010000
6 0.523750 0.546250 0.012500 0.010000
6 0.523750 0.535000 0.012500 0.010000
6 0.522500 0.522500 0.010000 0.007500
6 0.523750 0.513750 0.012500 0.007500
6 0.523750 0.503750 0.012500 0.010000
6 0.523750 0.493750 0.012500 0.007500
6 0.523750 0.482500 0.012500 0.007500
6 0.521250 0.460000 0.010000 0.010000
6 0.521250 0.450000 0.010000 0.007500
6 0.521250 0.437500 0.010000 0.007500
6 0.520000 0.423750 0.010000 0.007500
6 0.521250 0.413750 0.012500 0.007500
6 0.521250 0.403750 0.012500 0.007500
6 0.521250 0.392500 0.010000 0.007500
6 0.520000 0.380000 0.010000 0.010000
6 0.518750 0.355000 0.007500 0.007500
6 0.518750 0.345000 0.007500 0.005000
6 0.712500 0.650000 0.010000 0.007500
6 0.713750 0.640000 0.010000 0.007500
