6 0.022500 0.662500 0.017500 0.007500
6 0.080000 0.661250 0.017500 0.007500
6 0.101250 0.660000 0.017500 0.007500
6 0.120000 0.658750 0.015000 0.007500
6 0.141250 0.658750 0.015000 0.010000
6 0.158750 0.660000 0.015000 0.010000
6 0.180000 0.660000 0.020000 0.010000
6 0.202500 0.660000 0.020000 0.010000
6 0.762500 0.350000 0.017500 0.007500
6 0.576250 0.282500 0.017500 0.007500
6 0.501250 0.051250 0.022500 0.007500
6 0.283750 0.048750 0.020000 0.007500
6 0.906250 0.141250 0.007500 0.020000
6 0.928750 0.418750 0.017500 0.007500
6 0.142500 0.015000 0.020000 0.010000
6 0.128750 0.106250 0.010000 0.040000
6 0.348750 0.130000 0.015000 0.007500
6 0.513750 0.061250 0.017500 0.010000
