6 0.020000 0.427500 0.010000 0.020000
6 0.981250 0.760000 0.017500 0.007500
6 0.971250 0.773750 0.020000 0.007500
6 0.710000 0.750000 0.017500 0.015000
6 0.501250 0.738750 0.020000 0.010000
6 0.537500 0.742500 0.020000 0.010000
6 0.175000 0.738750 0.025000 0.010000
6 0.092500 0.701250 0.007500 0.017500
6 0.137500 0.642500 0.010000 0.017500
6 0.287500 0.752500 0.017500 0.010000
6 0.268750 0.803750 0.007500 0.012500
6 0.270000 0.838750 0.007500 0.015000
6 0.272500 0.868750 0.010000 0.020000
6 0.295000 0.826250 0.007500 0.015000
6 0.315000 0.920000 0.015000 0.007500
6 0.720000 0.838750 0.007500 0.020000
6 0.571250 0.736250 0.020000 0.007500
6 0.341250 0.631250 0.010000 0.017500
6 0.352500 0.480000 0.010000 0.020000
6 0.113750 0.438750 0.022500 0.010000
6 0.043750 0.756250 0.017500 0.010000
6 0.055000 0.342500 0.020000 0.007500
6 0.057500 0.351250 0.020000 0.007500
6 0.056250 0.373750 0.022500 0.007500
6 0.055000 0.413750 0.022500 0.007500
6 0.031250 0.430000 0.010000 0.020000
6 0.705000 0.821250 0.020000 0.010000
6 0.912500 0.833750 0.005000 0.015000
