6 0.045000 0.631250 0.015000 0.012500
6 0.090000 0.650000 0.020000 0.012500
6 0.077500 0.580000 0.015000 0.012500
6 0.071250 0.543750 0.017500 0.012500
6 0.395000 0.122500 0.012500 0.020000
6 0.056250 0.687500 0.015000 0.012500
6 0.043750 0.645000 0.015000 0.012500
6 0.048750 0.655000 0.015000 0.012500
6 0.492500 0.587500 0.012500 0.020000
6 0.971250 0.641250 0.022500 0.030000
6 0.920000 0.618750 0.015000 0.017500
6 0.905000 0.620000 0.015000 0.025000
6 0.892500 0.613750 0.025000 0.032500
6 0.992500 0.501250 0.010000 0.015000
6 0.925000 0.547500 0.045000 0.027500
6 0.912500 0.363750 0.017500 0.010000
6 0.612500 0.455000 0.017500 0.012500
6 0.376250 0.087500 0.010000 0.022500
6 0.410000 0.095000 0.017500 0.020000
6 0.565000 0.347500 0.025000 0.010000
6 0.391250 0.331250 0.017500 0.007500
6 0.417500 0.463750 0.020000 0.007500
6 0.447500 0.471250 0.017500 0.010000
6 0.490000 0.630000 0.007500 0.017500
6 0.988750 0.852500 0.012500 0.020000
6 0.406250 0.775000 0.012500 0.017500
