3 0.544375 0.306250 0.013750 0.010000
3 0.512500 0.221250 0.010000 0.007500
3 0.759375 0.368750 0.006250 0.007500
3 0.752500 0.406250 0.005000 0.002500
3 0.527500 0.224375 0.010000 0.008750
3 0.755000 0.407500 0.010000 0.002500
3 0.580625 0.408750 0.008750 0.007500
3 0.755000 0.403750 0.010000 0.005000
3 0.753750 0.411250 0.010000 0.005000
3 0.735000 0.410625 0.007500 0.006250
3 0.755000 0.415625 0.015000 0.003750
3 0.587500 0.410625 0.010000 0.008750
3 0.533750 0.241250 0.010000 0.005000
