6 0.518750 0.168750 0.010000 0.022500
6 0.483750 0.690000 0.017500 0.045000
6 0.468750 0.697500 0.010000 0.022500
6 0.773750 0.723750 0.017500 0.037500
6 0.721250 0.858750 0.010000 0.020000
6 0.246250 0.973750 0.015000 0.007500
6 0.728750 0.906250 0.012500 0.022500
6 0.725000 0.978750 0.012500 0.022500
6 0.436250 0.995000 0.010000 0.025000
6 0.800000 0.443750 0.007500 0.017500
6 0.298750 0.948750 0.017500 0.007500
6 0.263750 0.880000 0.020000 0.007500
6 0.281250 0.905000 0.010000 0.017500
6 0.253750 0.986250 0.020000 0.010000
