6 0.936250 0.835000 0.010000 0.022500
6 0.667500 0.701250 0.020000 0.010000
6 0.963750 0.496250 0.020000 0.012500
6 0.945000 0.106250 0.007500 0.017500
6 0.945000 0.152500 0.007500 0.017500
6 0.943750 0.173750 0.012500 0.015000
6 0.967500 0.268750 0.015000 0.022500
6 0.552500 0.023750 0.015000 0.010000
6 0.642500 0.085000 0.010000 0.020000
6 0.618750 0.120000 0.007500 0.022500
6 0.618750 0.183750 0.010000 0.020000
6 0.610000 0.207500 0.012500 0.020000
6 0.618750 0.231250 0.010000 0.022500
6 0.640000 0.287500 0.007500 0.022500
6 0.641250 0.322500 0.007500 0.020000
6 0.968750 0.406250 0.020000 0.015000
6 0.932500 0.987500 0.010000 0.012500
6 0.935000 0.391250 0.007500 0.015000
6 0.612500 0.020000 0.017500 0.007500
6 0.555000 0.041250 0.017500 0.005000
6 0.932500 0.472500 0.007500 0.017500
