6 0.015000 0.286250 0.015000 0.017500
6 0.071250 0.373750 0.012500 0.012500
6 0.238750 0.623750 0.015000 0.020000
6 0.187500 0.540000 0.012500 0.015000
6 0.196250 0.555000 0.012500 0.017500
6 0.162500 0.496250 0.010000 0.015000
6 0.245000 0.120000 0.017500 0.020000
6 0.253750 0.218750 0.015000 0.012500
6 0.712500 0.536250 0.045000 0.025000
6 0.910000 0.115000 0.017500 0.012500
6 0.695000 0.223750 0.010000 0.015000
6 0.940000 0.135000 0.017500 0.012500
6 0.823750 0.452500 0.012500 0.012500
6 0.123750 0.938750 0.022500 0.017500
