6 0.022500 0.121250 0.017500 0.015000
6 0.025000 0.128750 0.015000 0.010000
6 0.031250 0.135000 0.017500 0.010000
6 0.085000 0.095000 0.015000 0.010000
6 0.171250 0.111250 0.015000 0.015000
6 0.180000 0.106250 0.015000 0.015000
6 0.192500 0.103750 0.015000 0.017500
6 0.120000 0.170000 0.015000 0.017500
6 0.140000 0.185000 0.012500 0.012500
6 0.146250 0.191250 0.017500 0.015000
6 0.078750 0.210000 0.015000 0.010000
6 0.082500 0.218750 0.015000 0.012500
6 0.156250 0.206250 0.015000 0.010000
6 0.086250 0.226250 0.015000 0.010000
6 0.093750 0.232500 0.017500 0.012500
6 0.098750 0.247500 0.015000 0.010000
6 0.111250 0.263750 0.025000 0.017500
6 0.162500 0.277500 0.012500 0.015000
6 0.161250 0.215000 0.012500 0.010000
6 0.167500 0.223750 0.020000 0.015000
6 0.202500 0.278750 0.022500 0.015000
6 0.181250 0.248750 0.015000 0.015000
6 0.211250 0.296250 0.015000 0.010000
6 0.153750 0.330000 0.015000 0.010000
6 0.221250 0.322500 0.015000 0.010000
6 0.017500 0.211250 0.010000 0.012500
6 0.006250 0.216250 0.017500 0.017500
6 0.197500 0.368750 0.012500 0.015000
6 0.173750 0.368750 0.015000 0.012500
6 0.117500 0.392500 0.015000 0.015000
6 0.227500 0.447500 0.017500 0.010000
6 0.090000 0.543750 0.015000 0.015000
6 0.158750 0.533750 0.017500 0.007500
6 0.176250 0.526250 0.017500 0.010000
6 0.220000 0.507500 0.020000 0.012500
6 0.226250 0.535000 0.050000 0.027500
6 0.286250 0.513750 0.017500 0.012500
6 0.255000 0.548750 0.017500 0.010000
6 0.301250 0.528750 0.015000 0.012500
6 0.271250 0.387500 0.017500 0.010000
6 0.266250 0.367500 0.010000 0.010000
6 0.272500 0.395000 0.015000 0.010000
6 0.430000 0.415000 0.015000 0.012500
6 0.013750 0.655000 0.017500 0.012500
6 0.150000 0.618750 0.020000 0.015000
6 0.113750 0.612500 0.015000 0.012500
6 0.215000 0.571250 0.015000 0.012500
6 0.232500 0.600000 0.017500 0.015000
6 0.225000 0.588750 0.017500 0.012500
6 0.240000 0.581250 0.015000 0.010000
6 0.192500 0.690000 0.015000 0.017500
6 0.125000 0.640000 0.010000 0.012500
6 0.201250 0.710000 0.012500 0.012500
6 0.211250 0.672500 0.037500 0.045000
6 0.525000 0.588750 0.022500 0.030000
6 0.297500 0.487500 0.012500 0.015000
6 0.351250 0.506250 0.017500 0.012500
6 0.425000 0.473750 0.015000 0.012500
6 0.483750 0.462500 0.020000 0.012500
6 0.478750 0.453750 0.030000 0.022500
6 0.371250 0.455000 0.012500 0.012500
6 0.473750 0.427500 0.015000 0.012500
6 0.515000 0.391250 0.015000 0.010000
6 0.510000 0.418750 0.017500 0.015000
6 0.538750 0.397500 0.017500 0.012500
6 0.568750 0.393750 0.020000 0.012500
6 0.546250 0.386250 0.015000 0.010000
6 0.691250 0.365000 0.017500 0.012500
6 0.726250 0.348750 0.017500 0.012500
6 0.648750 0.333750 0.017500 0.012500
6 0.660000 0.313750 0.015000 0.017500
6 0.795000 0.348750 0.027500 0.020000
6 0.782500 0.325000 0.015000 0.010000
6 0.808750 0.256250 0.017500 0.010000
6 0.776250 0.291250 0.017500 0.010000
6 0.853750 0.301250 0.017500 0.012500
6 0.422500 0.225000 0.015000 0.010000
6 0.548750 0.166250 0.010000 0.015000
6 0.597500 0.147500 0.007500 0.012500
6 0.608750 0.138750 0.012500 0.012500
6 0.653750 0.118750 0.012500 0.017500
6 0.558750 0.137500 0.010000 0.010000
6 0.610000 0.110000 0.012500 0.010000
6 0.616250 0.052500 0.015000 0.017500
6 0.596250 0.018750 0.015000 0.017500
6 0.720000 0.373750 0.015000 0.012500
6 0.992500 0.176250 0.017500 0.010000
6 0.782500 0.050000 0.012500 0.015000
6 0.295000 0.938750 0.007500 0.015000
6 0.213750 0.632500 0.015000 0.017500
6 0.171250 0.602500 0.025000 0.020000
6 0.962500 0.188750 0.012500 0.012500
6 0.973750 0.183750 0.012500 0.012500
