6 0.027500 0.620000 0.012500 0.015000
6 0.053750 0.558750 0.020000 0.012500
6 0.066250 0.476250 0.020000 0.012500
6 0.090000 0.468750 0.020000 0.015000
6 0.107500 0.525000 0.017500 0.012500
6 0.150000 0.505000 0.017500 0.012500
6 0.210000 0.480000 0.020000 0.012500
6 0.112500 0.446250 0.015000 0.012500
6 0.263750 0.475000 0.020000 0.012500
6 0.287500 0.482500 0.010000 0.020000
6 0.225000 0.526250 0.022500 0.012500
6 0.312500 0.471250 0.010000 0.015000
6 0.323750 0.466250 0.012500 0.017500
6 0.276250 0.457500 0.022500 0.015000
6 0.283750 0.445000 0.017500 0.010000
6 0.305000 0.447500 0.022500 0.012500
6 0.312500 0.435000 0.017500 0.012500
6 0.352500 0.452500 0.020000 0.012500
6 0.335000 0.435000 0.020000 0.010000
6 0.335000 0.423750 0.017500 0.012500
6 0.338750 0.412500 0.015000 0.010000
6 0.378750 0.441250 0.012500 0.012500
6 0.395000 0.436250 0.017500 0.017500
6 0.411250 0.427500 0.015000 0.012500
6 0.356250 0.440000 0.017500 0.010000
6 0.352500 0.430000 0.012500 0.015000
6 0.112500 0.362500 0.015000 0.017500
6 0.101250 0.347500 0.015000 0.017500
6 0.080000 0.307500 0.010000 0.015000
6 0.070000 0.291250 0.015000 0.015000
6 0.133750 0.841250 0.015000 0.017500
6 0.112500 0.805000 0.012500 0.017500
6 0.540000 0.808750 0.032500 0.037500
6 0.490000 0.761250 0.025000 0.015000
6 0.498750 0.772500 0.015000 0.010000
6 0.472500 0.725000 0.025000 0.015000
6 0.470000 0.736250 0.017500 0.012500
6 0.455000 0.720000 0.055000 0.035000
6 0.382500 0.115000 0.017500 0.022500
6 0.831250 0.823750 0.040000 0.042500
6 0.550000 0.410000 0.017500 0.015000
6 0.562500 0.407500 0.010000 0.015000
6 0.598750 0.417500 0.012500 0.017500
6 0.605000 0.388750 0.020000 0.010000
6 0.505000 0.386250 0.020000 0.010000
6 0.482500 0.395000 0.017500 0.007500
6 0.463750 0.403750 0.010000 0.012500
6 0.438750 0.415000 0.015000 0.017500
6 0.357500 0.415000 0.015000 0.010000
6 0.361250 0.405000 0.020000 0.012500
6 0.371250 0.418750 0.012500 0.012500
6 0.392500 0.411250 0.020000 0.012500
6 0.377500 0.406250 0.017500 0.010000
6 0.385000 0.395000 0.015000 0.012500
6 0.397500 0.398750 0.015000 0.010000
6 0.413750 0.402500 0.017500 0.012500
6 0.416250 0.391250 0.015000 0.010000
6 0.416250 0.380000 0.017500 0.012500
6 0.432500 0.395000 0.017500 0.012500
6 0.453750 0.385000 0.015000 0.012500
6 0.440000 0.382500 0.017500 0.015000
6 0.436250 0.371250 0.020000 0.012500
6 0.460000 0.361250 0.017500 0.012500
6 0.468750 0.366250 0.020000 0.012500
6 0.468750 0.375000 0.017500 0.010000
6 0.701250 0.657500 0.040000 0.045000
6 0.488750 0.266250 0.015000 0.017500
6 0.501250 0.295000 0.012500 0.017500
6 0.530000 0.302500 0.027500 0.020000
6 0.573750 0.307500 0.007500 0.010000
6 0.617500 0.273750 0.017500 0.012500
6 0.618750 0.262500 0.017500 0.010000
6 0.590000 0.348750 0.012500 0.010000
6 0.601250 0.343750 0.012500 0.015000
6 0.612500 0.337500 0.015000 0.012500
6 0.632500 0.330000 0.012500 0.015000
6 0.656250 0.320000 0.010000 0.012500
6 0.671250 0.315000 0.010000 0.015000
6 0.685000 0.308750 0.010000 0.020000
6 0.682500 0.240000 0.015000 0.007500
6 0.710000 0.296250 0.012500 0.015000
6 0.706250 0.238750 0.017500 0.012500
6 0.722500 0.293750 0.012500 0.015000
6 0.733750 0.287500 0.012500 0.015000
6 0.745000 0.282500 0.010000 0.017500
6 0.766250 0.270000 0.015000 0.015000
6 0.723750 0.221250 0.017500 0.012500
6 0.781250 0.268750 0.010000 0.012500
6 0.727500 0.227500 0.017500 0.012500
6 0.806250 0.255000 0.010000 0.015000
6 0.827500 0.245000 0.010000 0.012500
6 0.751250 0.217500 0.015000 0.015000
6 0.750000 0.206250 0.015000 0.012500
6 0.852500 0.236250 0.012500 0.017500
6 0.772500 0.208750 0.020000 0.012500
6 0.772500 0.196250 0.017500 0.010000
6 0.802500 0.196250 0.020000 0.012500
6 0.867500 0.226250 0.007500 0.015000
6 0.827500 0.183750 0.015000 0.010000
6 0.848750 0.198750 0.017500 0.015000
6 0.888750 0.217500 0.010000 0.015000
6 0.846250 0.177500 0.015000 0.012500
6 0.901250 0.215000 0.010000 0.017500
6 0.866250 0.167500 0.017500 0.012500
6 0.866250 0.156250 0.017500 0.015000
6 0.916250 0.207500 0.012500 0.017500
6 0.933750 0.197500 0.012500 0.015000
6 0.891250 0.156250 0.015000 0.010000
6 0.891250 0.147500 0.015000 0.010000
6 0.913750 0.146250 0.017500 0.012500
6 0.918750 0.133750 0.017500 0.012500
6 0.947500 0.131250 0.015000 0.012500
6 0.945000 0.123750 0.020000 0.015000
6 0.945000 0.193750 0.012500 0.017500
6 0.955000 0.192500 0.010000 0.015000
6 0.750000 0.582500 0.015000 0.017500
6 0.905000 0.561250 0.017500 0.010000
6 0.830000 0.592500 0.015000 0.007500
6 0.823750 0.598750 0.015000 0.010000
6 0.811250 0.601250 0.012500 0.007500
6 0.803750 0.606250 0.015000 0.012500
6 0.973750 0.527500 0.012500 0.010000
