6 0.277500 0.762500 0.017500 0.015000
6 0.093750 0.933750 0.015000 0.015000
6 0.451250 0.928750 0.015000 0.017500
6 0.458750 0.925000 0.012500 0.015000
6 0.468750 0.920000 0.015000 0.017500
6 0.476250 0.916250 0.012500 0.015000
6 0.485000 0.912500 0.012500 0.015000
6 0.493750 0.908750 0.012500 0.015000
6 0.503750 0.903750 0.017500 0.015000
6 0.441250 0.915000 0.012500 0.015000
6 0.451250 0.911250 0.015000 0.017500
6 0.460000 0.907500 0.015000 0.017500
6 0.467500 0.903750 0.015000 0.017500
6 0.476250 0.900000 0.015000 0.017500
6 0.485000 0.896250 0.015000 0.017500
6 0.492500 0.892500 0.015000 0.017500
6 0.501250 0.887500 0.012500 0.017500
6 0.508750 0.882500 0.012500 0.015000
6 0.517500 0.880000 0.015000 0.015000
6 0.526250 0.877500 0.012500 0.015000
6 0.533750 0.872500 0.012500 0.015000
6 0.543750 0.865000 0.012500 0.015000
6 0.433750 0.900000 0.015000 0.015000
6 0.441250 0.896250 0.012500 0.012500
6 0.450000 0.892500 0.015000 0.015000
6 0.457500 0.888750 0.012500 0.015000
6 0.465000 0.883750 0.015000 0.017500
6 0.475000 0.880000 0.015000 0.017500
6 0.485000 0.878750 0.017500 0.017500
6 0.492500 0.873750 0.015000 0.015000
6 0.500000 0.870000 0.015000 0.017500
6 0.510000 0.867500 0.012500 0.015000
6 0.517500 0.862500 0.017500 0.015000
6 0.527500 0.860000 0.015000 0.012500
6 0.520000 0.847500 0.012500 0.015000
6 0.510000 0.851250 0.015000 0.015000
6 0.493750 0.858750 0.015000 0.012500
6 0.483750 0.862500 0.012500 0.015000
6 0.475000 0.865000 0.012500 0.012500
6 0.468750 0.870000 0.012500 0.012500
6 0.460000 0.873750 0.015000 0.015000
6 0.451250 0.876250 0.012500 0.012500
6 0.443750 0.881250 0.012500 0.012500
6 0.433750 0.885000 0.015000 0.012500
6 0.416250 0.872500 0.015000 0.015000
6 0.395000 0.820000 0.015000 0.017500
6 0.482500 0.847500 0.017500 0.015000
6 0.472500 0.851250 0.015000 0.017500
6 0.546250 0.912500 0.017500 0.017500
6 0.540000 0.917500 0.015000 0.015000
6 0.523750 0.926250 0.012500 0.015000
6 0.426250 0.947500 0.015000 0.015000
6 0.465000 0.952500 0.012500 0.015000
6 0.475000 0.948750 0.015000 0.015000
6 0.482500 0.945000 0.012500 0.015000
6 0.492500 0.941250 0.015000 0.015000
6 0.500000 0.938750 0.012500 0.015000
6 0.516250 0.943750 0.015000 0.015000
6 0.516250 0.930000 0.015000 0.017500
6 0.572500 0.915000 0.015000 0.012500
6 0.563750 0.917500 0.012500 0.015000
6 0.556250 0.925000 0.012500 0.012500
6 0.548750 0.928750 0.012500 0.010000
6 0.540000 0.931250 0.015000 0.015000
6 0.532500 0.937500 0.012500 0.012500
6 0.525000 0.942500 0.015000 0.012500
6 0.508750 0.948750 0.012500 0.010000
6 0.500000 0.952500 0.012500 0.012500
6 0.491250 0.956250 0.012500 0.012500
6 0.482500 0.960000 0.012500 0.012500
6 0.475000 0.965000 0.015000 0.012500
6 0.602500 0.955000 0.012500 0.015000
6 0.593750 0.957500 0.010000 0.015000
6 0.586250 0.961250 0.012500 0.012500
6 0.575000 0.965000 0.012500 0.012500
6 0.567500 0.968750 0.012500 0.012500
6 0.581250 0.928750 0.012500 0.015000
6 0.573750 0.931250 0.012500 0.012500
6 0.565000 0.937500 0.012500 0.015000
6 0.557500 0.940000 0.012500 0.015000
6 0.550000 0.943750 0.012500 0.012500
6 0.541250 0.948750 0.015000 0.015000
6 0.531250 0.952500 0.012500 0.015000
6 0.525000 0.956250 0.015000 0.015000
6 0.516250 0.961250 0.012500 0.015000
6 0.506250 0.963750 0.012500 0.015000
6 0.498750 0.967500 0.015000 0.015000
6 0.591250 0.937500 0.012500 0.012500
6 0.582500 0.942500 0.012500 0.010000
6 0.573750 0.946250 0.010000 0.010000
6 0.566250 0.951250 0.012500 0.012500
6 0.557500 0.955000 0.012500 0.010000
6 0.548750 0.960000 0.012500 0.012500
6 0.532500 0.967500 0.012500 0.012500
6 0.541250 0.965000 0.015000 0.015000
6 0.433750 0.960000 0.012500 0.015000
6 0.427500 0.871250 0.015000 0.015000
6 0.435000 0.867500 0.012500 0.012500
6 0.445000 0.863750 0.015000 0.015000
6 0.453750 0.858750 0.015000 0.015000
6 0.463750 0.856250 0.015000 0.017500
6 0.630000 0.946250 0.012500 0.015000
6 0.656250 0.932500 0.012500 0.012500
6 0.675000 0.925000 0.010000 0.012500
6 0.683750 0.921250 0.012500 0.015000
6 0.692500 0.917500 0.012500 0.015000
6 0.701250 0.913750 0.010000 0.015000
6 0.618750 0.932500 0.015000 0.017500
6 0.627500 0.927500 0.012500 0.015000
6 0.638750 0.923750 0.012500 0.015000
6 0.648750 0.920000 0.015000 0.015000
6 0.657500 0.916250 0.015000 0.015000
6 0.665000 0.911250 0.015000 0.015000
6 0.675000 0.907500 0.012500 0.012500
6 0.683750 0.905000 0.015000 0.015000
6 0.692500 0.901250 0.015000 0.015000
6 0.610000 0.918750 0.012500 0.015000
6 0.620000 0.913750 0.017500 0.015000
6 0.628750 0.910000 0.015000 0.017500
6 0.638750 0.907500 0.015000 0.017500
6 0.648750 0.903750 0.015000 0.017500
6 0.666250 0.895000 0.015000 0.017500
6 0.675000 0.891250 0.012500 0.017500
6 0.685000 0.888750 0.017500 0.020000
6 0.582500 0.881250 0.015000 0.017500
6 0.590000 0.877500 0.015000 0.015000
6 0.607500 0.872500 0.015000 0.015000
6 0.616250 0.870000 0.015000 0.017500
6 0.625000 0.865000 0.015000 0.015000
6 0.635000 0.861250 0.015000 0.015000
6 0.647500 0.857500 0.015000 0.015000
6 0.580000 0.863750 0.012500 0.017500
6 0.587500 0.860000 0.015000 0.017500
6 0.597500 0.856250 0.015000 0.017500
6 0.607500 0.853750 0.015000 0.017500
6 0.616250 0.850000 0.015000 0.020000
6 0.626250 0.847500 0.017500 0.020000
6 0.561250 0.853750 0.012500 0.020000
6 0.570000 0.848750 0.015000 0.015000
6 0.578750 0.845000 0.012500 0.017500
6 0.553750 0.838750 0.015000 0.017500
6 0.561250 0.835000 0.015000 0.017500
6 0.587500 0.841250 0.015000 0.015000
6 0.597500 0.837500 0.015000 0.015000
6 0.605000 0.835000 0.015000 0.017500
6 0.578750 0.827500 0.015000 0.017500
6 0.587500 0.823750 0.015000 0.017500
6 0.597500 0.820000 0.015000 0.020000
6 0.701250 0.866250 0.015000 0.017500
6 0.635000 0.840000 0.017500 0.017500
6 0.626250 0.827500 0.015000 0.015000
6 0.617500 0.813750 0.015000 0.017500
6 0.625000 0.811250 0.015000 0.015000
6 0.652500 0.850000 0.010000 0.015000
6 0.661250 0.847500 0.012500 0.015000
6 0.668750 0.843750 0.012500 0.015000
6 0.646250 0.836250 0.015000 0.017500
6 0.653750 0.832500 0.012500 0.015000
6 0.662500 0.830000 0.012500 0.017500
6 0.640000 0.821250 0.015000 0.017500
6 0.647500 0.818750 0.012500 0.015000
6 0.657500 0.816250 0.015000 0.017500
6 0.408750 0.822500 0.015000 0.022500
6 0.498750 0.840000 0.015000 0.010000
6 0.516250 0.835000 0.017500 0.012500
6 0.532500 0.830000 0.015000 0.010000
6 0.551250 0.823750 0.015000 0.010000
6 0.567500 0.817500 0.015000 0.010000
6 0.583750 0.810000 0.015000 0.010000
6 0.602500 0.805000 0.015000 0.010000
6 0.621250 0.800000 0.017500 0.010000
6 0.633750 0.806250 0.012500 0.012500
6 0.648750 0.808750 0.017500 0.010000
6 0.492500 0.832500 0.017500 0.012500
6 0.511250 0.827500 0.015000 0.010000
6 0.528750 0.822500 0.015000 0.010000
6 0.547500 0.817500 0.017500 0.012500
6 0.565000 0.810000 0.015000 0.010000
6 0.582500 0.805000 0.017500 0.012500
6 0.421250 0.860000 0.017500 0.012500
6 0.438750 0.852500 0.015000 0.010000
6 0.458750 0.845000 0.017500 0.012500
6 0.473750 0.837500 0.015000 0.010000
6 0.420000 0.852500 0.015000 0.010000
6 0.437500 0.846250 0.020000 0.012500
6 0.455000 0.838750 0.017500 0.012500
6 0.472500 0.831250 0.017500 0.010000
6 0.488750 0.823750 0.017500 0.010000
6 0.507500 0.821250 0.015000 0.010000
6 0.525000 0.816250 0.017500 0.010000
6 0.522500 0.810000 0.017500 0.012500
6 0.452500 0.831250 0.017500 0.012500
6 0.436250 0.836250 0.017500 0.012500
6 0.418750 0.843750 0.017500 0.012500
6 0.413750 0.836250 0.015000 0.010000
6 0.475000 0.810000 0.012500 0.017500
6 0.485000 0.807500 0.012500 0.015000
6 0.495000 0.805000 0.012500 0.015000
6 0.453750 0.816250 0.012500 0.017500
6 0.442500 0.817500 0.012500 0.017500
6 0.432500 0.821250 0.015000 0.017500
6 0.422500 0.826250 0.012500 0.017500
6 0.497500 0.783750 0.012500 0.017500
6 0.591250 0.760000 0.012500 0.017500
6 0.577500 0.768750 0.017500 0.012500
6 0.545000 0.810000 0.017500 0.010000
6 0.563750 0.805000 0.017500 0.010000
6 0.580000 0.797500 0.015000 0.010000
6 0.598750 0.797500 0.015000 0.010000
6 0.618750 0.792500 0.017500 0.012500
6 0.596250 0.792500 0.015000 0.012500
6 0.612500 0.785000 0.015000 0.010000
6 0.540000 0.803750 0.015000 0.010000
6 0.560000 0.797500 0.017500 0.012500
6 0.576250 0.790000 0.017500 0.015000
6 0.593750 0.783750 0.017500 0.010000
6 0.608750 0.777500 0.015000 0.010000
6 0.636250 0.787500 0.015000 0.010000
6 0.523750 0.793750 0.012500 0.015000
6 0.535000 0.790000 0.015000 0.015000
6 0.546250 0.786250 0.017500 0.017500
6 0.555000 0.783750 0.017500 0.015000
6 0.566250 0.780000 0.015000 0.015000
6 0.518750 0.781250 0.012500 0.015000
6 0.527500 0.777500 0.012500 0.017500
6 0.537500 0.773750 0.012500 0.015000
6 0.547500 0.771250 0.012500 0.015000
6 0.557500 0.767500 0.012500 0.015000
6 0.690000 0.851250 0.017500 0.010000
6 0.707500 0.845000 0.015000 0.010000
6 0.686250 0.843750 0.015000 0.012500
6 0.703750 0.838750 0.015000 0.012500
6 0.681250 0.836250 0.017500 0.010000
6 0.700000 0.830000 0.020000 0.010000
6 0.696250 0.825000 0.020000 0.012500
6 0.677500 0.828750 0.017500 0.012500
6 0.692500 0.816250 0.015000 0.010000
6 0.673750 0.822500 0.015000 0.010000
6 0.691250 0.808750 0.017500 0.012500
6 0.672500 0.815000 0.017500 0.012500
6 0.686250 0.802500 0.015000 0.010000
6 0.668750 0.807500 0.015000 0.010000
6 0.682500 0.796250 0.015000 0.012500
6 0.666250 0.801250 0.017500 0.010000
6 0.680000 0.787500 0.015000 0.010000
6 0.662500 0.793750 0.017500 0.012500
6 0.676250 0.780000 0.017500 0.015000
6 0.658750 0.786250 0.017500 0.012500
6 0.671250 0.772500 0.015000 0.012500
6 0.653750 0.780000 0.015000 0.012500
6 0.633750 0.780000 0.017500 0.012500
6 0.651250 0.771250 0.020000 0.012500
6 0.668750 0.765000 0.015000 0.012500
6 0.638750 0.792500 0.015000 0.010000
6 0.677500 0.748750 0.015000 0.022500
6 0.662500 0.751250 0.017500 0.022500
6 0.648750 0.755000 0.017500 0.020000
6 0.636250 0.756250 0.015000 0.020000
6 0.625000 0.761250 0.015000 0.020000
6 0.613750 0.762500 0.017500 0.020000
6 0.670000 0.731250 0.017500 0.017500
6 0.651250 0.733750 0.015000 0.012500
6 0.640000 0.738750 0.015000 0.012500
6 0.626250 0.741250 0.012500 0.015000
6 0.613750 0.745000 0.015000 0.015000
6 0.603750 0.747500 0.015000 0.015000
6 0.213750 0.636250 0.027500 0.017500
6 0.095000 0.556250 0.042500 0.040000
6 0.011250 0.248750 0.017500 0.015000
6 0.030000 0.252500 0.015000 0.015000
6 0.023750 0.277500 0.015000 0.012500
6 0.030000 0.287500 0.020000 0.017500
6 0.046250 0.266250 0.015000 0.015000
6 0.066250 0.251250 0.010000 0.017500
6 0.102500 0.257500 0.015000 0.012500
6 0.092500 0.247500 0.017500 0.015000
6 0.067500 0.232500 0.017500 0.015000
6 0.137500 0.240000 0.020000 0.015000
6 0.081250 0.208750 0.017500 0.015000
6 0.097500 0.220000 0.015000 0.012500
6 0.132500 0.228750 0.020000 0.012500
6 0.146250 0.205000 0.040000 0.027500
6 0.160000 0.216250 0.015000 0.012500
6 0.177500 0.221250 0.020000 0.015000
6 0.187500 0.185000 0.017500 0.012500
6 0.195000 0.201250 0.025000 0.017500
6 0.213750 0.203750 0.015000 0.012500
6 0.226250 0.190000 0.020000 0.015000
6 0.211250 0.151250 0.012500 0.015000
6 0.303750 0.210000 0.017500 0.015000
6 0.391250 0.171250 0.017500 0.015000
6 0.255000 0.188750 0.017500 0.012500
6 0.257500 0.176250 0.020000 0.015000
6 0.286250 0.165000 0.020000 0.012500
6 0.292500 0.172500 0.015000 0.015000
6 0.225000 0.128750 0.010000 0.015000
6 0.252500 0.117500 0.012500 0.015000
6 0.262500 0.113750 0.010000 0.015000
6 0.271250 0.108750 0.012500 0.017500
6 0.286250 0.105000 0.010000 0.017500
6 0.298750 0.137500 0.020000 0.015000
6 0.331250 0.153750 0.015000 0.012500
6 0.326250 0.146250 0.017500 0.015000
6 0.370000 0.135000 0.017500 0.017500
6 0.361250 0.128750 0.015000 0.012500
6 0.317500 0.091250 0.010000 0.017500
6 0.361250 0.111250 0.015000 0.012500
6 0.387500 0.116250 0.017500 0.012500
6 0.402500 0.121250 0.015000 0.015000
6 0.407500 0.107500 0.017500 0.012500
6 0.438750 0.073750 0.017500 0.012500
6 0.438750 0.097500 0.030000 0.025000
6 0.428750 0.118750 0.015000 0.012500
6 0.455000 0.141250 0.017500 0.012500
6 0.462500 0.112500 0.020000 0.015000
6 0.475000 0.132500 0.017500 0.015000
6 0.493750 0.125000 0.015000 0.010000
6 0.587500 0.108750 0.025000 0.010000
6 0.475000 0.088750 0.017500 0.012500
6 0.471250 0.078750 0.020000 0.012500
6 0.493750 0.070000 0.020000 0.012500
6 0.505000 0.073750 0.015000 0.010000
6 0.498750 0.048750 0.020000 0.010000
6 0.518750 0.058750 0.017500 0.015000
6 0.540000 0.070000 0.020000 0.012500
6 0.552500 0.098750 0.012500 0.015000
6 0.540000 0.060000 0.017500 0.012500
6 0.556250 0.086250 0.020000 0.015000
6 0.596250 0.128750 0.020000 0.020000
6 0.610000 0.110000 0.015000 0.017500
6 0.547500 0.047500 0.022500 0.012500
6 0.561250 0.008750 0.027500 0.015000
6 0.556250 0.027500 0.020000 0.015000
6 0.572500 0.038750 0.017500 0.012500
6 0.575000 0.046250 0.015000 0.012500
6 0.611250 0.003750 0.015000 0.010000
6 0.600000 0.028750 0.020000 0.012500
6 0.625000 0.016250 0.020000 0.015000
6 0.652500 0.011250 0.022500 0.017500
6 0.516250 0.462500 0.012500 0.017500
6 0.497500 0.433750 0.015000 0.015000
6 0.476250 0.407500 0.015000 0.017500
6 0.275000 0.405000 0.015000 0.017500
6 0.231250 0.325000 0.015000 0.015000
6 0.595000 0.318750 0.012500 0.015000
6 0.565000 0.300000 0.015000 0.015000
6 0.736250 0.265000 0.015000 0.015000
6 0.707500 0.291250 0.012500 0.012500
6 0.672500 0.215000 0.020000 0.017500
6 0.201250 0.275000 0.030000 0.037500
6 0.948750 0.773750 0.012500 0.015000
6 0.827500 0.508750 0.015000 0.015000
6 0.618750 0.138750 0.022500 0.022500
6 0.001250 0.176250 0.020000 0.015000
6 0.007500 0.113750 0.012500 0.015000
6 0.826250 0.377500 0.015000 0.015000
6 0.978750 0.275000 0.017500 0.010000
6 0.993750 0.101250 0.012500 0.017500
