3 0.404375 0.221875 0.013750 0.023750
3 0.408125 0.242500 0.008750 0.015000
3 0.374375 0.204375 0.038750 0.083750
3 0.357500 0.313125 0.030000 0.063750
3 0.334375 0.319375 0.031250 0.066250
3 0.253750 0.470000 0.010000 0.015000
3 0.248125 0.471250 0.016250 0.020000
3 0.414375 0.241250 0.008750 0.015000
3 0.222500 0.449375 0.012500 0.016250
3 0.250000 0.448750 0.012500 0.020000
3 0.241250 0.448750 0.012500 0.015000
3 0.397500 0.198750 0.015000 0.022500
3 0.238125 0.433125 0.011250 0.016250
3 0.290000 0.422500 0.017500 0.030000
