6 0.072500 0.705000 0.045000 0.035000
2 0.111250 0.818750 0.017500 0.025000
2 0.088750 0.818750 0.017500 0.035000
2 0.106250 0.611250 0.007500 0.025000
6 0.130000 0.606250 0.042500 0.022500
2 0.056250 0.572500 0.007500 0.012500
2 0.067500 0.572500 0.007500 0.015000
6 0.121250 0.582500 0.040000 0.017500
6 0.111250 0.572500 0.025000 0.017500
6 0.111250 0.556250 0.020000 0.020000
2 0.121250 0.532500 0.007500 0.007500
2 0.100000 0.531250 0.005000 0.012500
2 0.071250 0.531250 0.002500 0.010000
2 0.023750 0.525000 0.002500 0.012500
6 0.028750 0.538750 0.015000 0.012500
6 0.038750 0.535000 0.015000 0.012500
2 0.047500 0.531250 0.002500 0.010000
6 0.051250 0.527500 0.017500 0.012500
6 0.070000 0.518750 0.012500 0.012500
6 0.077500 0.515000 0.010000 0.010000
6 0.085000 0.513750 0.010000 0.010000
6 0.096250 0.507500 0.020000 0.012500
6 0.103750 0.502500 0.007500 0.015000
6 0.112500 0.501250 0.010000 0.007500
6 0.116250 0.498750 0.007500 0.010000
6 0.121250 0.496250 0.007500 0.007500
6 0.126250 0.493750 0.007500 0.007500
6 0.161250 0.492500 0.010000 0.012500
6 0.171250 0.485000 0.007500 0.007500
6 0.195000 0.480000 0.010000 0.010000
6 0.176250 0.510000 0.015000 0.012500
6 0.156250 0.551250 0.032500 0.015000
6 0.153750 0.541250 0.027500 0.015000
6 0.158750 0.537500 0.027500 0.015000
2 0.121250 0.508750 0.002500 0.010000
2 0.147500 0.497500 0.005000 0.010000
2 0.136250 0.493750 0.005000 0.007500
6 0.137500 0.497500 0.010000 0.007500
6 0.005000 0.525000 0.025000 0.022500
6 0.075000 0.501250 0.015000 0.012500
6 0.142500 0.487500 0.010000 0.010000
