6 0.027500 0.620000 0.022500 0.027500
6 0.060000 0.578750 0.020000 0.020000
6 0.086250 0.542500 0.020000 0.025000
6 0.055000 0.547500 0.030000 0.040000
6 0.000000 0.616250 0.032500 0.037500
6 0.140000 0.466250 0.022500 0.020000
6 0.098750 0.492500 0.015000 0.020000
6 0.050000 0.472500 0.015000 0.017500
6 0.135000 0.405000 0.040000 0.047500
6 0.172500 0.430000 0.015000 0.022500
6 0.190000 0.375000 0.035000 0.042500
6 0.215000 0.376250 0.022500 0.022500
6 0.161250 0.313750 0.012500 0.017500
6 0.155000 0.423750 0.022500 0.015000
6 0.243750 0.345000 0.017500 0.017500
6 0.237500 0.325000 0.020000 0.017500
6 0.217500 0.318750 0.017500 0.017500
6 0.255000 0.272500 0.017500 0.015000
2 0.196250 0.403750 0.005000 0.010000
6 0.266250 0.295000 0.017500 0.022500
6 0.271250 0.316250 0.017500 0.022500
6 0.301250 0.282500 0.020000 0.017500
6 0.330000 0.185000 0.015000 0.015000
6 0.212500 0.231250 0.035000 0.047500
6 0.342500 0.215000 0.035000 0.035000
6 0.382500 0.270000 0.022500 0.020000
2 0.315000 0.921250 0.005000 0.005000
2 0.330000 0.960000 0.005000 0.007500
2 0.348750 0.932500 0.005000 0.005000
2 0.353750 0.920000 0.005000 0.007500
2 0.367500 0.935000 0.005000 0.005000
2 0.355000 0.928750 0.005000 0.005000
6 0.236250 0.698750 0.072500 0.047500
6 0.240000 0.678750 0.060000 0.037500
6 0.253750 0.665000 0.072500 0.040000
2 0.360000 0.608750 0.005000 0.010000
6 0.401250 0.127500 0.015000 0.015000
6 0.397500 0.186250 0.022500 0.022500
6 0.426250 0.148750 0.015000 0.015000
6 0.511250 0.081250 0.012500 0.017500
6 0.420000 0.661250 0.047500 0.032500
6 0.410000 0.711250 0.050000 0.032500
6 0.520000 0.038750 0.025000 0.025000
