2 0.132500 0.070000 0.012500 0.010000
2 0.140000 0.063750 0.012500 0.015000
2 0.151250 0.081250 0.010000 0.010000
2 0.117500 0.135000 0.015000 0.012500
2 0.112500 0.140000 0.010000 0.012500
2 0.158750 0.245000 0.010000 0.012500
2 0.138750 0.297500 0.012500 0.010000
2 0.130000 0.298750 0.012500 0.012500
2 0.118750 0.061250 0.010000 0.010000
2 0.115000 0.052500 0.010000 0.010000
2 0.126250 0.050000 0.017500 0.012500
2 0.130000 0.030000 0.015000 0.012500
6 0.150000 0.010000 0.025000 0.020000
2 0.618750 0.143750 0.007500 0.010000
2 0.626250 0.136250 0.007500 0.012500
2 0.778750 0.142500 0.005000 0.010000
2 0.783750 0.145000 0.005000 0.010000
2 0.787500 0.148750 0.005000 0.010000
2 0.681250 0.546250 0.005000 0.007500
2 0.686250 0.548750 0.005000 0.010000
2 0.652500 0.631250 0.005000 0.007500
2 0.662500 0.636250 0.005000 0.005000
2 0.658750 0.628750 0.007500 0.007500
2 0.680000 0.565000 0.005000 0.007500
2 0.681250 0.556250 0.005000 0.007500
6 0.403750 0.695000 0.037500 0.032500
6 0.397500 0.860000 0.032500 0.037500
6 0.367500 0.830000 0.022500 0.040000
6 0.373750 0.793750 0.030000 0.035000
6 0.383750 0.768750 0.040000 0.032500
6 0.381250 0.738750 0.030000 0.025000
6 0.391250 0.718750 0.037500 0.030000
6 0.515000 0.678750 0.037500 0.025000
6 0.508750 0.702500 0.042500 0.020000
6 0.497500 0.735000 0.040000 0.025000
6 0.492500 0.773750 0.037500 0.022500
6 0.471250 0.822500 0.037500 0.027500
6 0.470000 0.848750 0.042500 0.025000
6 0.308750 0.932500 0.025000 0.030000
2 0.196250 0.907500 0.015000 0.005000
2 0.197500 0.905000 0.012500 0.007500
2 0.292500 0.967500 0.012500 0.007500
2 0.290000 0.972500 0.012500 0.005000
2 0.306250 0.973750 0.015000 0.012500
6 0.810000 0.943750 0.102500 0.042500
