6 0.730000 0.775000 0.027500 0.045000
6 0.741250 0.967500 0.025000 0.030000
6 0.572500 0.683750 0.035000 0.027500
6 0.772500 0.613750 0.022500 0.035000
6 0.816250 0.490000 0.022500 0.030000
6 0.803750 0.382500 0.022500 0.025000
6 0.903750 0.322500 0.020000 0.022500
6 0.955000 0.268750 0.015000 0.020000
6 0.952500 0.226250 0.015000 0.017500
6 0.935000 0.198750 0.017500 0.017500
6 0.918750 0.186250 0.015000 0.017500
6 0.991250 0.160000 0.015000 0.017500
6 0.957500 0.136250 0.015000 0.012500
6 0.316250 0.576250 0.060000 0.035000
6 0.490000 0.558750 0.062500 0.032500
6 0.685000 0.336250 0.060000 0.042500
6 0.636250 0.358750 0.047500 0.027500
6 0.743750 0.321250 0.052500 0.030000
6 0.986250 0.195000 0.037500 0.050000
6 0.885000 0.411250 0.020000 0.035000
6 0.921250 0.487500 0.015000 0.017500
6 0.907500 0.495000 0.017500 0.027500
6 0.887500 0.496250 0.015000 0.030000
6 0.886250 0.475000 0.012500 0.017500
6 0.921250 0.465000 0.012500 0.020000
6 0.918750 0.441250 0.012500 0.025000
6 0.905000 0.455000 0.015000 0.020000
6 0.905000 0.473750 0.012500 0.020000
6 0.923750 0.503750 0.012500 0.020000
6 0.903750 0.440000 0.010000 0.017500
6 0.952500 0.356250 0.027500 0.012500
6 0.951250 0.350000 0.030000 0.015000
6 0.952500 0.343750 0.025000 0.012500
6 0.952500 0.370000 0.025000 0.012500
6 0.955000 0.362500 0.035000 0.015000
2 0.888750 0.538750 0.005000 0.010000
2 0.882500 0.540000 0.005000 0.015000
2 0.875000 0.537500 0.005000 0.012500
