6 0.616250 0.808750 0.020000 0.012500
6 0.588750 0.802500 0.017500 0.010000
6 0.567500 0.797500 0.020000 0.010000
6 0.612500 0.793750 0.010000 0.007500
6 0.985000 0.891250 0.025000 0.017500
6 0.967500 0.860000 0.030000 0.010000
6 0.948750 0.856250 0.027500 0.012500
6 0.928750 0.853750 0.025000 0.012500
6 0.862500 0.862500 0.030000 0.017500
6 0.080000 0.928750 0.022500 0.020000
2 0.148750 0.875000 0.005000 0.007500
6 0.055000 0.887500 0.017500 0.017500
6 0.061250 0.842500 0.012500 0.012500
6 0.032500 0.831250 0.015000 0.012500
6 0.036250 0.812500 0.012500 0.012500
6 0.042500 0.802500 0.010000 0.010000
6 0.011250 0.811250 0.010000 0.010000
6 0.006250 0.782500 0.007500 0.007500
2 0.058750 0.778750 0.002500 0.007500
2 0.053750 0.776250 0.002500 0.007500
6 0.047500 0.756250 0.012500 0.005000
6 0.058750 0.747500 0.017500 0.010000
6 0.068750 0.748750 0.020000 0.007500
6 0.020000 0.747500 0.010000 0.005000
