6 0.116250 0.787500 0.020000 0.012500
6 0.115000 0.778750 0.020000 0.010000
6 0.113750 0.771250 0.020000 0.010000
6 0.111250 0.761250 0.022500 0.012500
6 0.110000 0.753750 0.020000 0.010000
6 0.103750 0.747500 0.020000 0.010000
6 0.101250 0.742500 0.022500 0.010000
6 0.100000 0.732500 0.022500 0.007500
6 0.097500 0.726250 0.017500 0.012500
6 0.080000 0.673750 0.020000 0.010000
6 0.080000 0.666250 0.015000 0.005000
6 0.075000 0.661250 0.020000 0.007500
6 0.075000 0.653750 0.015000 0.007500
6 0.072500 0.648750 0.015000 0.007500
6 0.070000 0.642500 0.020000 0.007500
6 0.065000 0.636250 0.017500 0.007500
6 0.066250 0.631250 0.012500 0.007500
6 0.051250 0.638750 0.010000 0.010000
6 0.140000 0.670000 0.017500 0.035000
6 0.118750 0.618750 0.020000 0.040000
6 0.497500 0.663750 0.045000 0.020000
6 0.450000 0.636250 0.037500 0.040000
6 0.627500 0.763750 0.052500 0.037500
6 0.315000 0.766250 0.025000 0.015000
6 0.115000 0.552500 0.007500 0.015000
6 0.178750 0.413750 0.010000 0.010000
6 0.167500 0.333750 0.007500 0.012500
6 0.186250 0.356250 0.015000 0.010000
6 0.173750 0.320000 0.007500 0.010000
6 0.178750 0.301250 0.007500 0.007500
6 0.135000 0.631250 0.010000 0.012500
6 0.095000 0.510000 0.007500 0.012500
6 0.358750 0.771250 0.012500 0.015000
6 0.371250 0.772500 0.015000 0.015000
6 0.381250 0.770000 0.015000 0.015000
6 0.395000 0.768750 0.012500 0.017500
6 0.406250 0.767500 0.012500 0.017500
6 0.420000 0.766250 0.015000 0.017500
6 0.430000 0.765000 0.015000 0.017500
6 0.441250 0.763750 0.010000 0.012500
6 0.377500 0.638750 0.010000 0.010000
6 0.360000 0.592500 0.010000 0.010000
6 0.398750 0.637500 0.012500 0.012500
6 0.168750 0.311250 0.002500 0.005000
