6 0.482500 0.168750 0.007500 0.007500
2 0.436250 0.217500 0.002500 0.007500
2 0.451250 0.215000 0.002500 0.010000
6 0.433750 0.267500 0.025000 0.012500
6 0.510000 0.230000 0.012500 0.017500
6 0.508750 0.212500 0.015000 0.032500
6 0.506250 0.252500 0.015000 0.020000
6 0.588750 0.290000 0.032500 0.017500
6 0.490000 0.295000 0.015000 0.040000
2 0.610000 0.267500 0.005000 0.010000
2 0.610000 0.280000 0.002500 0.010000
2 0.610000 0.258750 0.002500 0.012500
2 0.618750 0.282500 0.002500 0.010000
2 0.622500 0.267500 0.002500 0.007500
2 0.603750 0.270000 0.005000 0.007500
2 0.627500 0.262500 0.005000 0.007500
2 0.633750 0.318750 0.005000 0.012500
2 0.537500 0.322500 0.002500 0.010000
2 0.345000 0.441250 0.005000 0.017500
2 0.361250 0.440000 0.007500 0.017500
6 0.553750 0.463750 0.022500 0.027500
2 0.632500 0.346250 0.002500 0.010000
2 0.633750 0.362500 0.005000 0.015000
2 0.628750 0.368750 0.005000 0.015000
2 0.610000 0.360000 0.005000 0.015000
2 0.616250 0.370000 0.002500 0.015000
2 0.620000 0.362500 0.005000 0.012500
2 0.638750 0.362500 0.002500 0.015000
2 0.636250 0.376250 0.007500 0.015000
2 0.642500 0.377500 0.005000 0.015000
2 0.616250 0.400000 0.005000 0.012500
2 0.617500 0.408750 0.005000 0.010000
2 0.631250 0.403750 0.005000 0.012500
2 0.628750 0.391250 0.005000 0.012500
2 0.636250 0.393750 0.007500 0.012500
2 0.636250 0.387500 0.002500 0.012500
2 0.638750 0.408750 0.005000 0.012500
2 0.646250 0.417500 0.005000 0.015000
2 0.637500 0.420000 0.002500 0.017500
2 0.632500 0.418750 0.005000 0.012500
2 0.647500 0.432500 0.005000 0.015000
2 0.658750 0.432500 0.005000 0.015000
2 0.668750 0.427500 0.005000 0.015000
2 0.621250 0.442500 0.005000 0.015000
2 0.625000 0.467500 0.005000 0.015000
2 0.622500 0.453750 0.005000 0.012500
2 0.703750 0.478750 0.005000 0.017500
2 0.717500 0.460000 0.005000 0.015000
2 0.726250 0.475000 0.005000 0.017500
2 0.741250 0.523750 0.005000 0.020000
2 0.738750 0.536250 0.005000 0.020000
2 0.757500 0.553750 0.007500 0.022500
2 0.731250 0.563750 0.007500 0.022500
2 0.736250 0.561250 0.005000 0.020000
2 0.770000 0.563750 0.005000 0.017500
2 0.743750 0.620000 0.007500 0.022500
2 0.738750 0.632500 0.007500 0.020000
2 0.723750 0.630000 0.005000 0.025000
2 0.700000 0.637500 0.012500 0.017500
2 0.683750 0.656250 0.007500 0.027500
2 0.687500 0.663750 0.010000 0.022500
2 0.676250 0.683750 0.007500 0.027500
2 0.678750 0.685000 0.007500 0.022500
2 0.711250 0.727500 0.007500 0.017500
2 0.800000 0.712500 0.007500 0.025000
2 0.813750 0.710000 0.010000 0.025000
2 0.888750 0.727500 0.012500 0.025000
6 0.558750 0.582500 0.030000 0.037500
6 0.515000 0.632500 0.030000 0.042500
6 0.566250 0.632500 0.032500 0.052500
2 0.032500 0.723750 0.015000 0.025000
2 0.040000 0.720000 0.012500 0.025000
2 0.131250 0.755000 0.010000 0.022500
2 0.132500 0.762500 0.010000 0.017500
2 0.173750 0.737500 0.012500 0.027500
2 0.221250 0.725000 0.012500 0.025000
2 0.240000 0.716250 0.010000 0.025000
2 0.272500 0.645000 0.010000 0.022500
2 0.267500 0.720000 0.010000 0.027500
2 0.272500 0.721250 0.010000 0.022500
2 0.297500 0.720000 0.010000 0.027500
2 0.297500 0.718750 0.007500 0.025000
2 0.271250 0.743750 0.010000 0.022500
2 0.282500 0.743750 0.010000 0.022500
2 0.287500 0.741250 0.007500 0.017500
2 0.295000 0.750000 0.010000 0.025000
2 0.306250 0.746250 0.012500 0.022500
2 0.327500 0.737500 0.017500 0.025000
2 0.328750 0.725000 0.012500 0.020000
2 0.350000 0.733750 0.012500 0.025000
2 0.368750 0.695000 0.012500 0.025000
2 0.368750 0.770000 0.010000 0.022500
2 0.373750 0.737500 0.012500 0.025000
2 0.370000 0.718750 0.015000 0.027500
2 0.378750 0.730000 0.012500 0.025000
2 0.373750 0.725000 0.007500 0.022500
2 0.383750 0.701250 0.010000 0.022500
2 0.397500 0.721250 0.010000 0.022500
2 0.397500 0.716250 0.007500 0.022500
2 0.401250 0.712500 0.010000 0.022500
2 0.053750 0.977500 0.012500 0.012500
2 0.067500 0.947500 0.017500 0.032500
2 0.100000 0.925000 0.012500 0.032500
2 0.115000 0.918750 0.015000 0.032500
2 0.106250 0.902500 0.012500 0.025000
2 0.106250 0.850000 0.012500 0.032500
2 0.122500 0.848750 0.012500 0.030000
2 0.173750 0.961250 0.015000 0.025000
2 0.170000 0.947500 0.012500 0.032500
2 0.181250 0.910000 0.015000 0.030000
2 0.365000 0.967500 0.015000 0.030000
2 0.226250 0.930000 0.012500 0.032500
2 0.242500 0.937500 0.012500 0.032500
2 0.386250 0.905000 0.015000 0.032500
2 0.272500 0.801250 0.015000 0.027500
2 0.211250 0.868750 0.012500 0.030000
2 0.250000 0.848750 0.010000 0.030000
2 0.278750 0.863750 0.010000 0.030000
2 0.247500 0.888750 0.010000 0.027500
2 0.251250 0.895000 0.012500 0.027500
2 0.296250 0.886250 0.012500 0.035000
2 0.416250 0.820000 0.010000 0.027500
2 0.420000 0.796250 0.015000 0.030000
2 0.476250 0.831250 0.012500 0.030000
2 0.520000 0.825000 0.017500 0.032500
2 0.713750 0.885000 0.007500 0.027500
2 0.675000 0.826250 0.010000 0.027500
2 0.685000 0.797500 0.015000 0.032500
2 0.643750 0.866250 0.010000 0.035000
2 0.613750 0.860000 0.012500 0.027500
2 0.580000 0.866250 0.012500 0.032500
2 0.562500 0.857500 0.010000 0.027500
2 0.762500 0.775000 0.007500 0.027500
2 0.810000 0.815000 0.007500 0.022500
2 0.783750 0.827500 0.007500 0.025000
2 0.765000 0.835000 0.007500 0.022500
2 0.802500 0.832500 0.005000 0.022500
2 0.823750 0.803750 0.010000 0.030000
2 0.812500 0.803750 0.015000 0.027500
2 0.822500 0.796250 0.010000 0.032500
2 0.622500 0.717500 0.005000 0.022500
2 0.605000 0.703750 0.012500 0.025000
2 0.600000 0.700000 0.007500 0.017500
2 0.602500 0.746250 0.010000 0.025000
2 0.593750 0.745000 0.012500 0.025000
2 0.591250 0.723750 0.007500 0.027500
2 0.591250 0.721250 0.010000 0.030000
2 0.567500 0.733750 0.012500 0.022500
2 0.560000 0.721250 0.015000 0.025000
2 0.576250 0.701250 0.012500 0.022500
2 0.573750 0.686250 0.015000 0.025000
2 0.563750 0.677500 0.010000 0.022500
2 0.545000 0.673750 0.007500 0.022500
2 0.542500 0.676250 0.010000 0.022500
2 0.537500 0.716250 0.007500 0.022500
2 0.511250 0.688750 0.005000 0.025000
2 0.493750 0.742500 0.010000 0.027500
2 0.506250 0.736250 0.007500 0.020000
2 0.530000 0.726250 0.010000 0.022500
2 0.493750 0.711250 0.012500 0.025000
2 0.478750 0.692500 0.012500 0.022500
2 0.475000 0.730000 0.012500 0.022500
2 0.428750 0.738750 0.020000 0.025000
2 0.527500 0.683750 0.007500 0.022500
2 0.530000 0.681250 0.007500 0.022500
2 0.560000 0.721250 0.015000 0.025000
2 0.532500 0.701250 0.007500 0.025000
2 0.522500 0.722500 0.012500 0.025000
2 0.523750 0.700000 0.012500 0.025000
2 0.532500 0.701250 0.010000 0.022500
2 0.503750 0.717500 0.010000 0.025000
2 0.503750 0.727500 0.007500 0.025000
2 0.492500 0.702500 0.010000 0.022500
2 0.472500 0.716250 0.012500 0.022500
2 0.470000 0.713750 0.012500 0.025000
2 0.355000 0.722500 0.007500 0.015000
2 0.412500 0.735000 0.010000 0.027500
2 0.413750 0.692500 0.007500 0.020000
2 0.431250 0.690000 0.007500 0.022500
2 0.441250 0.693750 0.012500 0.022500
2 0.450000 0.698750 0.007500 0.020000
2 0.450000 0.697500 0.010000 0.025000
2 0.453750 0.732500 0.012500 0.027500
2 0.435000 0.723750 0.015000 0.027500
2 0.432500 0.716250 0.010000 0.025000
2 0.442500 0.717500 0.007500 0.025000
2 0.442500 0.706250 0.012500 0.025000
