6 0.008750 0.873750 0.037500 0.045000
6 0.080000 0.718750 0.020000 0.037500
6 0.090000 0.627500 0.017500 0.032500
6 0.011250 0.593750 0.017500 0.022500
6 0.073750 0.466250 0.012500 0.022500
6 0.023750 0.398750 0.012500 0.017500
6 0.155000 0.372500 0.012500 0.020000
6 0.087500 0.288750 0.015000 0.017500
6 0.027500 0.320000 0.010000 0.010000
6 0.043750 0.330000 0.010000 0.012500
6 0.065000 0.583750 0.015000 0.032500
6 0.021250 0.456250 0.012500 0.020000
6 0.025000 0.341250 0.010000 0.017500
6 0.086250 0.366250 0.015000 0.022500
6 0.152500 0.326250 0.012500 0.022500
6 0.003750 0.372500 0.020000 0.055000
6 0.042500 0.367500 0.022500 0.060000
6 0.055000 0.221250 0.022500 0.007500
6 0.166250 0.216250 0.020000 0.010000
6 0.081250 0.230000 0.042500 0.022500
6 0.560000 0.721250 0.025000 0.037500
6 0.532500 0.650000 0.022500 0.027500
6 0.520000 0.621250 0.025000 0.027500
6 0.521250 0.225000 0.027500 0.012500
6 0.501250 0.217500 0.025000 0.012500
6 0.533750 0.121250 0.015000 0.020000
6 0.532500 0.101250 0.010000 0.012500
2 0.788750 0.778750 0.005000 0.012500
2 0.783750 0.775000 0.005000 0.010000
2 0.893750 0.835000 0.007500 0.017500
2 0.900000 0.838750 0.010000 0.017500
