2 0.930000 0.713750 0.030000 0.032500
2 0.790000 0.388750 0.015000 0.027500
2 0.692500 0.295000 0.020000 0.025000
2 0.633750 0.251250 0.012500 0.027500
6 0.278750 0.340000 0.060000 0.057500
6 0.351250 0.256250 0.045000 0.047500
2 0.425000 0.145000 0.007500 0.020000
2 0.472500 0.178750 0.010000 0.022500
2 0.461250 0.177500 0.010000 0.025000
2 0.382500 0.096250 0.010000 0.020000
2 0.370000 0.096250 0.007500 0.017500
2 0.361250 0.090000 0.010000 0.020000
2 0.367500 0.073750 0.010000 0.020000
2 0.381250 0.087500 0.007500 0.020000
6 0.443750 0.102500 0.030000 0.030000
6 0.485000 0.015000 0.025000 0.025000
2 0.441250 0.001250 0.007500 0.017500
2 0.431250 0.018750 0.005000 0.017500
2 0.426250 0.018750 0.007500 0.020000
2 0.432500 0.000000 0.007500 0.020000
2 0.837500 0.015000 0.010000 0.017500
