2 0.748750 0.118750 0.005000 0.010000
2 0.733750 0.121250 0.007500 0.017500
2 0.740000 0.118750 0.005000 0.015000
2 0.837500 0.220000 0.007500 0.015000
2 0.823750 0.211250 0.005000 0.012500
2 0.836250 0.258750 0.005000 0.015000
2 0.876250 0.233750 0.010000 0.010000
2 0.880000 0.217500 0.007500 0.017500
2 0.813750 0.168750 0.007500 0.015000
2 0.796250 0.183750 0.005000 0.012500
2 0.801250 0.203750 0.007500 0.010000
2 0.822500 0.173750 0.007500 0.012500
2 0.930000 0.458750 0.007500 0.012500
2 0.867500 0.496250 0.005000 0.010000
2 0.831250 0.510000 0.010000 0.012500
2 0.846250 0.468750 0.005000 0.010000
2 0.802500 0.492500 0.007500 0.012500
2 0.792500 0.441250 0.007500 0.005000
2 0.780000 0.448750 0.007500 0.012500
6 0.030000 0.653750 0.032500 0.057500
6 0.396250 0.077500 0.050000 0.030000
6 0.397500 0.047500 0.060000 0.022500
