6 0.088750 0.828750 0.017500 0.015000
6 0.001250 0.751250 0.010000 0.010000
6 0.015000 0.752500 0.010000 0.012500
6 0.006250 0.737500 0.007500 0.007500
6 0.007500 0.732500 0.010000 0.007500
6 0.018750 0.731250 0.007500 0.007500
6 0.031250 0.731250 0.007500 0.010000
6 0.026250 0.726250 0.007500 0.007500
6 0.040000 0.726250 0.007500 0.007500
6 0.041250 0.721250 0.010000 0.007500
6 0.053750 0.718750 0.005000 0.010000
6 0.072500 0.708750 0.007500 0.007500
6 0.082500 0.710000 0.007500 0.005000
6 0.091250 0.707500 0.005000 0.007500
6 0.066250 0.715000 0.005000 0.005000
6 0.115000 0.807500 0.020000 0.025000
2 0.236250 0.835000 0.007500 0.017500
2 0.250000 0.873750 0.010000 0.017500
2 0.261250 0.850000 0.005000 0.017500
