6 0.015000 0.128750 0.030000 0.012500
6 0.016250 0.116250 0.032500 0.015000
6 0.023750 0.101250 0.030000 0.012500
6 0.027500 0.088750 0.027500 0.015000
6 0.030000 0.073750 0.025000 0.017500
2 0.036250 0.191250 0.007500 0.007500
6 0.042500 0.233750 0.027500 0.012500
6 0.031250 0.263750 0.030000 0.012500
6 0.035000 0.248750 0.027500 0.010000
6 0.016250 0.298750 0.030000 0.012500
6 0.090000 0.211250 0.020000 0.025000
6 0.118750 0.213750 0.017500 0.025000
6 0.133750 0.215000 0.017500 0.025000
6 0.150000 0.216250 0.020000 0.025000
6 0.166250 0.220000 0.017500 0.022500
6 0.181250 0.221250 0.020000 0.025000
6 0.197500 0.222500 0.017500 0.025000
6 0.215000 0.223750 0.022500 0.025000
6 0.228750 0.226250 0.017500 0.025000
6 0.245000 0.227500 0.020000 0.022500
6 0.012500 0.317500 0.025000 0.015000
6 0.010000 0.332500 0.020000 0.012500
6 0.007500 0.346250 0.015000 0.012500
6 0.540000 0.468750 0.037500 0.020000
6 0.008750 0.687500 0.017500 0.015000
6 0.107500 0.696250 0.100000 0.040000
6 0.136250 0.711250 0.090000 0.042500
6 0.397500 0.656250 0.087500 0.040000
6 0.346250 0.777500 0.090000 0.037500
6 0.491250 0.755000 0.050000 0.022500
6 0.751250 0.030000 0.015000 0.025000
6 0.732500 0.115000 0.012500 0.025000
6 0.756250 0.007500 0.010000 0.015000
2 0.623750 0.366250 0.002500 0.005000
2 0.630000 0.366250 0.005000 0.007500
2 0.555000 0.428750 0.007500 0.010000
2 0.353750 0.482500 0.007500 0.007500
2 0.586250 0.406250 0.007500 0.005000
6 0.777500 0.396250 0.030000 0.020000
6 0.636250 0.726250 0.022500 0.017500
2 0.736250 0.706250 0.007500 0.005000
6 0.813750 0.503750 0.040000 0.022500
6 0.880000 0.465000 0.047500 0.027500
6 0.830000 0.537500 0.035000 0.017500
6 0.841250 0.560000 0.077500 0.035000
2 0.961250 0.923750 0.005000 0.005000
2 0.967500 0.925000 0.002500 0.005000
