6 0.922500 0.188750 0.020000 0.015000
6 0.945000 0.152500 0.020000 0.017500
6 0.916250 0.161250 0.017500 0.015000
6 0.888750 0.172500 0.015000 0.015000
6 0.841250 0.242500 0.012500 0.012500
6 0.828750 0.228750 0.015000 0.012500
6 0.841250 0.216250 0.010000 0.007500
6 0.800000 0.260000 0.012500 0.010000
6 0.793750 0.248750 0.010000 0.010000
6 0.783750 0.250000 0.010000 0.010000
6 0.800000 0.232500 0.010000 0.010000
6 0.805000 0.221250 0.012500 0.007500
6 0.806250 0.212500 0.010000 0.010000
6 0.747500 0.260000 0.007500 0.007500
6 0.735000 0.258750 0.007500 0.005000
6 0.728750 0.253750 0.005000 0.005000
6 0.718750 0.256250 0.007500 0.005000
6 0.546250 0.465000 0.017500 0.017500
6 0.711250 0.302500 0.012500 0.015000
6 0.705000 0.301250 0.012500 0.015000
6 0.701250 0.301250 0.015000 0.012500
