2 0.021250 0.577500 0.007500 0.015000
2 0.030000 0.578750 0.005000 0.015000
2 0.068750 0.626250 0.007500 0.015000
2 0.097500 0.617500 0.010000 0.015000
2 0.125000 0.606250 0.010000 0.015000
2 0.258750 0.570000 0.007500 0.017500
2 0.301250 0.563750 0.007500 0.015000
2 0.296250 0.553750 0.005000 0.015000
2 0.255000 0.558750 0.007500 0.015000
2 0.215000 0.557500 0.005000 0.012500
2 0.242500 0.558750 0.005000 0.012500
2 0.246250 0.561250 0.005000 0.010000
2 0.221250 0.568750 0.010000 0.015000
2 0.218750 0.560000 0.002500 0.012500
2 0.225000 0.563750 0.007500 0.017500
2 0.277500 0.512500 0.005000 0.012500
2 0.262500 0.503750 0.005000 0.012500
2 0.303750 0.518750 0.005000 0.012500
2 0.310000 0.520000 0.005000 0.012500
2 0.320000 0.547500 0.005000 0.012500
2 0.321250 0.542500 0.005000 0.015000
2 0.337500 0.563750 0.007500 0.017500
2 0.388750 0.566250 0.005000 0.015000
2 0.371250 0.542500 0.007500 0.010000
2 0.368750 0.540000 0.007500 0.010000
2 0.748750 0.791250 0.010000 0.015000
2 0.820000 0.850000 0.015000 0.035000
2 0.468750 0.670000 0.010000 0.017500
2 0.497500 0.575000 0.007500 0.017500
2 0.470000 0.626250 0.005000 0.017500
2 0.547500 0.622500 0.007500 0.020000
2 0.611250 0.608750 0.005000 0.015000
2 0.626250 0.577500 0.007500 0.017500
6 0.165000 0.450000 0.025000 0.010000
6 0.367500 0.475000 0.020000 0.012500
6 0.410000 0.481250 0.022500 0.010000
6 0.395000 0.477500 0.025000 0.010000
