6 0.097500 0.845000 0.020000 0.050000
6 0.105000 0.711250 0.015000 0.040000
6 0.465000 0.806250 0.065000 0.057500
6 0.463750 0.966250 0.022500 0.050000
6 0.136250 0.361250 0.015000 0.022500
6 0.160000 0.328750 0.010000 0.020000
6 0.156250 0.366250 0.012500 0.022500
6 0.153750 0.417500 0.015000 0.037500
6 0.146250 0.525000 0.022500 0.097500
6 0.112500 0.613750 0.020000 0.052500
6 0.033750 0.412500 0.040000 0.017500
6 0.027500 0.382500 0.040000 0.015000
6 0.032500 0.162500 0.025000 0.007500
6 0.036250 0.155000 0.022500 0.007500
6 0.023750 0.253750 0.027500 0.010000
6 0.027500 0.233750 0.020000 0.015000
6 0.102500 0.180000 0.020000 0.012500
6 0.178750 0.158750 0.007500 0.015000
6 0.053750 0.127500 0.020000 0.010000
6 0.033750 0.216250 0.015000 0.015000
6 0.047500 0.145000 0.020000 0.010000
6 0.011250 0.105000 0.007500 0.012500
6 0.063750 0.173750 0.022500 0.010000
6 0.088750 0.985000 0.017500 0.027500
6 0.261250 0.863750 0.035000 0.025000
6 0.117500 0.533750 0.015000 0.030000
