6 0.933750 0.618750 0.022500 0.027500
6 0.920000 0.541250 0.020000 0.020000
2 0.862500 0.326250 0.002500 0.007500
2 0.866250 0.327500 0.002500 0.007500
2 0.852500 0.362500 0.002500 0.010000
2 0.496250 0.942500 0.007500 0.022500
6 0.895000 0.863750 0.022500 0.040000
2 0.663750 0.562500 0.002500 0.015000
2 0.736250 0.620000 0.005000 0.015000
2 0.703750 0.541250 0.002500 0.015000
2 0.710000 0.516250 0.002500 0.015000
2 0.707500 0.526250 0.002500 0.012500
2 0.718750 0.505000 0.005000 0.012500
2 0.531250 0.573750 0.005000 0.010000
2 0.526250 0.577500 0.005000 0.010000
6 0.701250 0.267500 0.012500 0.020000
6 0.747500 0.220000 0.012500 0.022500
6 0.848750 0.157500 0.005000 0.010000
6 0.855000 0.142500 0.002500 0.007500
6 0.815000 0.146250 0.002500 0.002500
6 0.820000 0.142500 0.002500 0.002500
6 0.848750 0.136250 0.002500 0.002500
