6 0.703750 0.966250 0.042500 0.052500
6 0.693750 0.921250 0.040000 0.047500
6 0.673750 0.883750 0.032500 0.040000
2 0.755000 0.921250 0.015000 0.022500
6 0.661250 0.846250 0.037500 0.042500
6 0.651250 0.818750 0.030000 0.032500
6 0.636250 0.783750 0.025000 0.035000
2 0.596250 0.828750 0.007500 0.017500
2 0.585000 0.781250 0.007500 0.022500
6 0.627500 0.762500 0.030000 0.037500
6 0.642500 0.750000 0.017500 0.022500
2 0.647500 0.727500 0.010000 0.022500
2 0.615000 0.741250 0.010000 0.015000
6 0.613750 0.723750 0.025000 0.027500
2 0.621250 0.695000 0.010000 0.022500
6 0.602500 0.707500 0.027500 0.030000
6 0.522500 0.497500 0.022500 0.020000
6 0.570000 0.395000 0.015000 0.015000
6 0.515000 0.362500 0.012500 0.010000
6 0.511250 0.352500 0.010000 0.010000
2 0.510000 0.426250 0.007500 0.015000
2 0.522500 0.426250 0.005000 0.010000
6 0.753750 0.590000 0.022500 0.020000
6 0.528750 0.347500 0.012500 0.012500
6 0.542500 0.345000 0.010000 0.010000
6 0.520000 0.337500 0.012500 0.012500
6 0.492500 0.330000 0.015000 0.012500
6 0.515000 0.303750 0.015000 0.017500
6 0.516250 0.322500 0.012500 0.010000
6 0.522500 0.320000 0.010000 0.010000
6 0.871250 0.697500 0.032500 0.027500
6 0.852500 0.640000 0.027500 0.022500
6 0.918750 0.605000 0.017500 0.020000
2 0.982500 0.725000 0.010000 0.020000
6 0.990000 0.691250 0.030000 0.022500
6 0.970000 0.673750 0.027500 0.020000
6 0.955000 0.655000 0.030000 0.022500
6 0.936250 0.640000 0.030000 0.022500
6 0.976250 0.536250 0.040000 0.017500
2 0.922500 0.655000 0.005000 0.015000
2 0.923750 0.666250 0.010000 0.017500
2 0.892500 0.628750 0.005000 0.012500
6 0.801250 0.546250 0.012500 0.017500
2 0.900000 0.542500 0.005000 0.015000
2 0.868750 0.601250 0.005000 0.017500
6 0.657500 0.443750 0.017500 0.015000
6 0.646250 0.430000 0.015000 0.012500
6 0.616250 0.398750 0.012500 0.010000
6 0.615000 0.388750 0.012500 0.007500
6 0.590000 0.381250 0.012500 0.010000
6 0.690000 0.437500 0.032500 0.035000
6 0.580000 0.366250 0.012500 0.010000
6 0.571250 0.353750 0.012500 0.007500
6 0.561250 0.342500 0.010000 0.010000
6 0.548750 0.327500 0.007500 0.007500
6 0.565000 0.325000 0.010000 0.007500
6 0.588750 0.318750 0.017500 0.007500
6 0.587500 0.333750 0.010000 0.010000
6 0.598750 0.345000 0.012500 0.010000
6 0.605000 0.373750 0.010000 0.010000
6 0.595000 0.363750 0.010000 0.010000
6 0.591250 0.356250 0.012500 0.010000
6 0.582500 0.347500 0.010000 0.010000
6 0.576250 0.338750 0.010000 0.007500
6 0.572500 0.332500 0.010000 0.010000
6 0.711250 0.423750 0.012500 0.012500
6 0.710000 0.396250 0.027500 0.012500
2 0.843750 0.578750 0.007500 0.012500
2 0.833750 0.552500 0.005000 0.010000
2 0.812500 0.537500 0.005000 0.010000
2 0.826250 0.512500 0.005000 0.012500
2 0.878750 0.528750 0.005000 0.012500
2 0.905000 0.507500 0.005000 0.012500
6 0.741250 0.451250 0.015000 0.012500
6 0.735000 0.445000 0.017500 0.012500
6 0.728750 0.437500 0.012500 0.010000
6 0.741250 0.413750 0.017500 0.012500
6 0.813750 0.520000 0.020000 0.017500
6 0.805000 0.511250 0.020000 0.015000
6 0.793750 0.503750 0.020000 0.015000
6 0.786250 0.495000 0.020000 0.012500
6 0.778750 0.486250 0.020000 0.015000
6 0.770000 0.480000 0.020000 0.012500
6 0.762500 0.471250 0.017500 0.015000
6 0.755000 0.465000 0.017500 0.015000
2 0.747500 0.473750 0.005000 0.010000
2 0.780000 0.508750 0.005000 0.010000
6 0.097500 0.875000 0.082500 0.037500
