6 0.865000 0.565000 0.037500 0.045000
6 0.783750 0.410000 0.027500 0.035000
6 0.695000 0.292500 0.020000 0.022500
6 0.772500 0.335000 0.022500 0.030000
6 0.970000 0.682500 0.050000 0.072500
6 0.936250 0.623750 0.045000 0.060000
6 0.913750 0.580000 0.045000 0.060000
6 0.890000 0.541250 0.037500 0.050000
6 0.876250 0.510000 0.022500 0.032500
2 0.688750 0.422500 0.007500 0.020000
2 0.956250 0.478750 0.007500 0.022500
2 0.932500 0.495000 0.007500 0.022500
2 0.926250 0.493750 0.007500 0.025000
2 0.831250 0.345000 0.007500 0.015000
6 0.817500 0.406250 0.025000 0.025000
2 0.833750 0.401250 0.007500 0.022500
2 0.681250 0.371250 0.007500 0.020000
2 0.818750 0.333750 0.005000 0.015000
2 0.812500 0.320000 0.005000 0.015000
2 0.816250 0.338750 0.005000 0.012500
2 0.807500 0.323750 0.005000 0.012500
2 0.808750 0.317500 0.007500 0.015000
2 0.802500 0.308750 0.005000 0.017500
2 0.796250 0.308750 0.005000 0.015000
2 0.693750 0.331250 0.005000 0.015000
2 0.671250 0.281250 0.005000 0.015000
2 0.686250 0.216250 0.005000 0.010000
2 0.698750 0.213750 0.005000 0.007500
2 0.755000 0.302500 0.005000 0.010000
6 0.747500 0.287500 0.022500 0.032500
2 0.795000 0.282500 0.005000 0.015000
6 0.701250 0.192500 0.030000 0.015000
6 0.660000 0.195000 0.030000 0.010000
2 0.725000 0.462500 0.007500 0.017500
