6 0.543750 0.123750 0.045000 0.052500
6 0.542500 0.188750 0.042500 0.060000
2 0.573750 0.133750 0.015000 0.030000
2 0.615000 0.348750 0.015000 0.027500
2 0.613750 0.365000 0.012500 0.017500
2 0.575000 0.750000 0.012500 0.020000
2 0.416250 0.715000 0.022500 0.020000
2 0.393750 0.697500 0.022500 0.020000
2 0.401250 0.677500 0.020000 0.020000
2 0.420000 0.676250 0.020000 0.020000
2 0.631250 0.625000 0.015000 0.017500
2 0.621250 0.657500 0.012500 0.022500
6 0.667500 0.270000 0.042500 0.070000
6 0.931250 0.596250 0.062500 0.055000
2 0.681250 0.401250 0.015000 0.025000
2 0.690000 0.378750 0.012500 0.025000
2 0.692500 0.356250 0.012500 0.022500
2 0.733750 0.593750 0.012500 0.025000
2 0.750000 0.505000 0.012500 0.022500
2 0.755000 0.493750 0.010000 0.022500
2 0.756250 0.633750 0.017500 0.017500
2 0.775000 0.681250 0.012500 0.017500
2 0.977500 0.732500 0.015000 0.017500
2 0.771250 0.560000 0.010000 0.020000
6 0.753750 0.572500 0.042500 0.062500
