6 0.183750 0.618750 0.022500 0.027500
6 0.170000 0.541250 0.020000 0.020000
2 0.112500 0.326250 0.002500 0.007500
2 0.116250 0.327500 0.002500 0.007500
2 0.102500 0.362500 0.002500 0.010000
2 0.431250 0.968750 0.015000 0.020000
2 0.322500 0.917500 0.007500 0.017500
6 0.145000 0.863750 0.022500 0.040000
6 0.318750 0.982500 0.025000 0.042500
6 0.098750 0.157500 0.005000 0.010000
6 0.105000 0.142500 0.002500 0.007500
6 0.065000 0.146250 0.002500 0.002500
6 0.070000 0.142500 0.002500 0.002500
6 0.098750 0.136250 0.002500 0.002500
6 0.428750 0.723750 0.055000 0.032500
6 0.411250 0.492500 0.012500 0.015000
2 0.303750 0.758750 0.007500 0.020000
