6 0.935000 0.963750 0.042500 0.072500
6 0.980000 0.818750 0.042500 0.050000
6 0.986250 0.658750 0.030000 0.030000
6 0.932500 0.567500 0.025000 0.030000
6 0.840000 0.755000 0.040000 0.050000
6 0.690000 0.452500 0.015000 0.007500
6 0.687500 0.446250 0.015000 0.007500
6 0.717500 0.427500 0.012500 0.010000
6 0.726250 0.415000 0.010000 0.005000
6 0.733750 0.408750 0.012500 0.007500
6 0.753750 0.395000 0.015000 0.007500
6 0.738750 0.515000 0.015000 0.012500
6 0.745000 0.507500 0.015000 0.012500
6 0.761250 0.476250 0.017500 0.015000
6 0.775000 0.452500 0.022500 0.015000
6 0.785000 0.435000 0.012500 0.010000
6 0.790000 0.430000 0.010000 0.010000
6 0.792500 0.425000 0.010000 0.010000
6 0.797500 0.415000 0.007500 0.010000
6 0.801250 0.410000 0.010000 0.007500
6 0.805000 0.405000 0.007500 0.010000
6 0.810000 0.392500 0.012500 0.010000
6 0.816250 0.383750 0.012500 0.010000
6 0.850000 0.418750 0.010000 0.010000
6 0.861250 0.472500 0.015000 0.015000
6 0.870000 0.370000 0.010000 0.015000
2 0.781250 0.476250 0.005000 0.010000
6 0.762500 0.790000 0.052500 0.037500
2 0.936250 0.503750 0.005000 0.010000
2 0.910000 0.377500 0.002500 0.005000
6 0.895000 0.347500 0.007500 0.007500
6 0.890000 0.337500 0.007500 0.007500
6 0.881250 0.342500 0.007500 0.007500
