6 0.511250 0.561250 0.027500 0.045000
6 0.458750 0.586250 0.027500 0.047500
6 0.462500 0.532500 0.025000 0.037500
6 0.470000 0.337500 0.027500 0.030000
6 0.358750 0.202500 0.020000 0.020000
6 0.447500 0.167500 0.017500 0.015000
6 0.486250 0.180000 0.022500 0.017500
6 0.437500 0.137500 0.022500 0.012500
6 0.987500 0.555000 0.027500 0.042500
6 0.638750 0.486250 0.030000 0.032500
6 0.553750 0.357500 0.030000 0.045000
6 0.183750 0.013750 0.017500 0.010000
6 0.277500 0.057500 0.017500 0.010000
6 0.275000 0.045000 0.017500 0.010000
6 0.312500 0.060000 0.017500 0.012500
6 0.361250 0.086250 0.020000 0.012500
6 0.343750 0.090000 0.015000 0.012500
6 0.237500 0.040000 0.017500 0.012500
6 0.138750 0.006250 0.015000 0.007500
6 0.033750 0.083750 0.032500 0.010000
6 0.025000 0.081250 0.025000 0.010000
6 0.035000 0.092500 0.027500 0.012500
6 0.047500 0.092500 0.032500 0.012500
6 0.056250 0.098750 0.032500 0.012500
6 0.018750 0.412500 0.037500 0.027500
6 0.360000 0.108750 0.045000 0.032500
6 0.387500 0.485000 0.017500 0.030000
2 0.926250 0.703750 0.010000 0.020000
2 0.906250 0.686250 0.010000 0.020000
6 0.788750 0.052500 0.062500 0.025000
6 0.052500 0.501250 0.065000 0.030000
6 0.042500 0.666250 0.085000 0.042500
6 0.028750 0.698750 0.057500 0.037500
2 0.006250 0.456250 0.012500 0.030000
