6 0.995000 0.866250 0.045000 0.080000
6 0.910000 0.723750 0.032500 0.065000
6 0.918750 0.560000 0.027500 0.050000
6 0.873750 0.485000 0.022500 0.042500
6 0.868750 0.533750 0.027500 0.045000
6 0.880000 0.438750 0.025000 0.037500
6 0.922500 0.456250 0.025000 0.037500
6 0.918750 0.348750 0.020000 0.030000
6 0.828750 0.381250 0.020000 0.027500
6 0.815000 0.225000 0.015000 0.015000
6 0.908750 0.117500 0.010000 0.017500
6 0.886250 0.107500 0.012500 0.017500
6 0.912500 0.090000 0.010000 0.017500
6 0.856250 0.066250 0.010000 0.012500
6 0.838750 0.065000 0.010000 0.015000
6 0.821250 0.066250 0.010000 0.012500
6 0.860000 0.031250 0.007500 0.010000
6 0.908750 0.023750 0.005000 0.007500
6 0.882500 0.033750 0.015000 0.017500
6 0.885000 0.018750 0.012500 0.012500
6 0.886250 0.008750 0.007500 0.012500
6 0.912500 0.216250 0.015000 0.022500
6 0.753750 0.421250 0.022500 0.035000
6 0.801250 0.542500 0.025000 0.045000
6 0.727500 0.751250 0.052500 0.105000
6 0.913750 0.278750 0.020000 0.027500
6 0.945000 0.241250 0.015000 0.032500
6 0.852500 0.131250 0.015000 0.020000
6 0.465000 0.595000 0.070000 0.030000
2 0.416250 0.716250 0.012500 0.022500
2 0.420000 0.711250 0.015000 0.022500
2 0.291250 0.676250 0.012500 0.027500
2 0.150000 0.655000 0.017500 0.025000
6 0.961250 0.420000 0.027500 0.045000
