2 0.553750 0.913750 0.007500 0.015000
6 0.660000 0.618750 0.025000 0.035000
6 0.931250 0.202500 0.005000 0.005000
6 0.876250 0.235000 0.005000 0.005000
6 0.826250 0.310000 0.010000 0.020000
6 0.863750 0.251250 0.010000 0.015000
2 0.865000 0.351250 0.002500 0.007500
2 0.802500 0.518750 0.007500 0.015000
2 0.441250 0.395000 0.007500 0.015000
2 0.197500 0.562500 0.012500 0.022500
2 0.280000 0.506250 0.007500 0.015000
2 0.200000 0.585000 0.007500 0.017500
2 0.215000 0.592500 0.012500 0.012500
2 0.220000 0.587500 0.007500 0.010000
