6 0.857500 0.488750 0.020000 0.025000
6 0.866250 0.742500 0.022500 0.047500
6 0.908750 0.783750 0.030000 0.047500
6 0.902500 0.682500 0.027500 0.040000
6 0.861250 0.572500 0.022500 0.035000
6 0.893750 0.573750 0.022500 0.035000
6 0.858750 0.322500 0.017500 0.017500
6 0.875000 0.313750 0.012500 0.020000
6 0.871250 0.288750 0.015000 0.017500
6 0.866250 0.233750 0.012500 0.017500
6 0.860000 0.142500 0.010000 0.010000
6 0.845000 0.128750 0.007500 0.007500
6 0.847500 0.141250 0.007500 0.010000
6 0.891250 0.510000 0.020000 0.032500
6 0.872500 0.956250 0.030000 0.052500
6 0.935000 0.971250 0.032500 0.022500
6 0.901250 0.388750 0.015000 0.022500
6 0.878750 0.337500 0.012500 0.017500
6 0.852500 0.270000 0.012500 0.015000
6 0.803750 0.193750 0.010000 0.012500
6 0.821250 0.186250 0.010000 0.012500
6 0.807500 0.137500 0.010000 0.010000
6 0.817500 0.073750 0.012500 0.022500
6 0.796250 0.107500 0.005000 0.012500
6 0.823750 0.140000 0.007500 0.012500
6 0.857500 0.356250 0.012500 0.022500
6 0.860000 0.435000 0.017500 0.030000
6 0.882500 0.406250 0.017500 0.030000
6 0.888750 0.445000 0.030000 0.070000
6 0.865000 0.201250 0.010000 0.017500
6 0.853750 0.296250 0.015000 0.020000
6 0.923750 0.481250 0.025000 0.052500
6 0.883750 0.363750 0.022500 0.040000
6 0.941250 0.140000 0.015000 0.012500
