6 0.033750 0.915000 0.037500 0.080000
6 0.056250 0.642500 0.022500 0.032500
6 0.055000 0.607500 0.027500 0.032500
6 0.055000 0.557500 0.050000 0.020000
6 0.013750 0.536250 0.062500 0.022500
2 0.065000 0.488750 0.002500 0.010000
6 0.032500 0.381250 0.012500 0.015000
6 0.000000 0.308750 0.027500 0.012500
6 0.060000 0.180000 0.010000 0.007500
6 0.063750 0.166250 0.010000 0.005000
6 0.078750 0.121250 0.017500 0.007500
6 0.083750 0.108750 0.015000 0.005000
6 0.080000 0.113750 0.015000 0.005000
6 0.112500 0.163750 0.007500 0.005000
6 0.113750 0.170000 0.007500 0.002500
6 0.132500 0.148750 0.007500 0.005000
6 0.140000 0.202500 0.007500 0.005000
6 0.141250 0.216250 0.007500 0.005000
6 0.131250 0.220000 0.007500 0.005000
6 0.130000 0.227500 0.005000 0.005000
6 0.192500 0.220000 0.007500 0.005000
6 0.195000 0.230000 0.010000 0.005000
6 0.196250 0.236250 0.007500 0.005000
6 0.198750 0.242500 0.010000 0.005000
6 0.201250 0.248750 0.012500 0.005000
6 0.203750 0.253750 0.012500 0.005000
6 0.173750 0.256250 0.007500 0.005000
6 0.178750 0.276250 0.007500 0.005000
6 0.177500 0.268750 0.007500 0.005000
6 0.175000 0.261250 0.007500 0.002500
6 0.160000 0.225000 0.007500 0.005000
6 0.173750 0.247500 0.005000 0.005000
6 0.100000 0.326250 0.010000 0.010000
6 0.152500 0.341250 0.010000 0.010000
6 0.152500 0.472500 0.012500 0.015000
6 0.101250 0.476250 0.012500 0.022500
6 0.145000 0.495000 0.025000 0.025000
6 0.150000 0.435000 0.015000 0.017500
6 0.141250 0.551250 0.052500 0.022500
6 0.188750 0.596250 0.032500 0.025000
6 0.133750 0.637500 0.017500 0.030000
6 0.102500 0.635000 0.022500 0.030000
6 0.100000 0.667500 0.022500 0.030000
6 0.133750 0.670000 0.020000 0.030000
6 0.136250 0.705000 0.025000 0.035000
6 0.136250 0.742500 0.025000 0.040000
6 0.138750 0.817500 0.027500 0.042500
6 0.301250 0.800000 0.030000 0.042500
6 0.161250 0.217500 0.010000 0.005000
6 0.161250 0.210000 0.010000 0.005000
6 0.205000 0.260000 0.012500 0.005000
6 0.205000 0.265000 0.012500 0.005000
6 0.210000 0.271250 0.017500 0.005000
6 0.212500 0.277500 0.015000 0.005000
6 0.213750 0.285000 0.015000 0.007500
6 0.217500 0.293750 0.015000 0.007500
6 0.223750 0.301250 0.015000 0.007500
6 0.222500 0.308750 0.012500 0.007500
6 0.227500 0.318750 0.015000 0.005000
6 0.227500 0.326250 0.015000 0.007500
6 0.233750 0.332500 0.020000 0.005000
6 0.235000 0.338750 0.020000 0.007500
6 0.237500 0.346250 0.017500 0.007500
6 0.241250 0.353750 0.020000 0.010000
6 0.240000 0.363750 0.015000 0.007500
6 0.243750 0.371250 0.017500 0.007500
6 0.256250 0.383750 0.025000 0.007500
6 0.257500 0.392500 0.027500 0.010000
6 0.257500 0.398750 0.025000 0.010000
6 0.258750 0.403750 0.022500 0.007500
6 0.263750 0.406250 0.027500 0.010000
6 0.265000 0.415000 0.025000 0.012500
6 0.266250 0.427500 0.020000 0.012500
6 0.268750 0.440000 0.020000 0.012500
6 0.283750 0.470000 0.035000 0.017500
6 0.291250 0.482500 0.032500 0.015000
6 0.302500 0.491250 0.030000 0.012500
6 0.303750 0.506250 0.027500 0.017500
6 0.287500 0.538750 0.045000 0.020000
6 0.217500 0.456250 0.015000 0.017500
6 0.210000 0.411250 0.012500 0.010000
6 0.210000 0.400000 0.012500 0.010000
6 0.205000 0.386250 0.010000 0.010000
6 0.202500 0.375000 0.010000 0.007500
6 0.201250 0.367500 0.015000 0.012500
6 0.196250 0.350000 0.007500 0.007500
6 0.245000 0.315000 0.005000 0.010000
2 0.230000 0.280000 0.002500 0.007500
2 0.225000 0.280000 0.002500 0.005000
2 0.245000 0.292500 0.002500 0.007500
2 0.257500 0.330000 0.002500 0.007500
2 0.278750 0.390000 0.002500 0.007500
2 0.275000 0.391250 0.002500 0.007500
2 0.285000 0.416250 0.005000 0.010000
2 0.283750 0.430000 0.002500 0.012500
2 0.302500 0.431250 0.002500 0.012500
6 0.286250 0.738750 0.022500 0.035000
6 0.328750 0.915000 0.040000 0.060000
6 0.355000 0.563750 0.052500 0.022500
6 0.430000 0.563750 0.047500 0.017500
6 0.388750 0.511250 0.022500 0.030000
6 0.427500 0.503750 0.032500 0.022500
6 0.362500 0.503750 0.020000 0.022500
6 0.336250 0.505000 0.017500 0.020000
2 0.368750 0.467500 0.002500 0.012500
2 0.376250 0.467500 0.002500 0.010000
6 0.545000 0.511250 0.022500 0.027500
6 0.507500 0.512500 0.022500 0.027500
6 0.501250 0.567500 0.025000 0.022500
6 0.562500 0.566250 0.060000 0.030000
6 0.457500 0.501250 0.025000 0.022500
6 0.560000 0.785000 0.050000 0.035000
6 0.651250 0.570000 0.062500 0.025000
6 0.702500 0.571250 0.052500 0.030000
6 0.660000 0.512500 0.025000 0.027500
6 0.715000 0.523750 0.030000 0.030000
6 0.610000 0.512500 0.022500 0.020000
6 0.757500 0.512500 0.032500 0.027500
6 0.805000 0.518750 0.047500 0.022500
2 0.246250 0.637500 0.005000 0.007500
2 0.248750 0.670000 0.005000 0.010000
2 0.223750 0.638750 0.005000 0.015000
2 0.252500 0.728750 0.007500 0.010000
2 0.268750 0.835000 0.007500 0.012500
