2 0.048750 0.781250 0.010000 0.025000
2 0.080000 0.395000 0.005000 0.022500
2 0.068750 0.392500 0.005000 0.020000
2 0.012500 0.362500 0.007500 0.020000
2 0.005000 0.368750 0.007500 0.020000
2 0.057500 0.340000 0.007500 0.017500
6 0.007500 0.291250 0.040000 0.040000
2 0.041250 0.226250 0.007500 0.022500
2 0.056250 0.251250 0.005000 0.020000
2 0.090000 0.255000 0.007500 0.020000
2 0.071250 0.235000 0.012500 0.017500
2 0.066250 0.215000 0.007500 0.017500
2 0.087500 0.220000 0.005000 0.025000
2 0.100000 0.221250 0.005000 0.015000
2 0.101250 0.241250 0.005000 0.020000
2 0.116250 0.227500 0.005000 0.017500
2 0.126250 0.218750 0.007500 0.017500
2 0.112500 0.196250 0.002500 0.012500
2 0.125000 0.198750 0.005000 0.012500
2 0.148750 0.233750 0.007500 0.022500
2 0.133750 0.250000 0.005000 0.017500
2 0.126250 0.257500 0.005000 0.017500
2 0.160000 0.255000 0.005000 0.025000
2 0.162500 0.205000 0.005000 0.017500
2 0.187500 0.225000 0.005000 0.022500
2 0.180000 0.240000 0.005000 0.022500
2 0.211250 0.243750 0.005000 0.022500
2 0.195000 0.261250 0.005000 0.015000
2 0.148750 0.385000 0.005000 0.017500
2 0.078750 0.315000 0.005000 0.017500
6 0.093750 0.516250 0.090000 0.055000
6 0.325000 0.653750 0.055000 0.087500
6 0.283750 0.468750 0.085000 0.047500
6 0.332500 0.422500 0.067500 0.042500
2 0.315000 0.316250 0.007500 0.020000
2 0.358750 0.235000 0.007500 0.015000
6 0.305000 0.245000 0.050000 0.032500
6 0.347500 0.263750 0.060000 0.030000
6 0.441250 0.601250 0.040000 0.070000
2 0.507500 0.771250 0.007500 0.027500
2 0.490000 0.762500 0.010000 0.027500
6 0.588750 0.567500 0.037500 0.055000
6 0.570000 0.407500 0.090000 0.045000
6 0.666250 0.381250 0.085000 0.040000
2 0.566250 0.261250 0.005000 0.015000
2 0.633750 0.241250 0.010000 0.020000
6 0.823750 0.292500 0.087500 0.035000
6 0.778750 0.356250 0.075000 0.042500
6 0.912500 0.318750 0.070000 0.035000
6 0.932500 0.268750 0.082500 0.040000
2 0.908750 0.195000 0.005000 0.017500
6 0.927500 0.176250 0.022500 0.020000
2 0.675000 0.328750 0.015000 0.007500
2 0.298750 0.387500 0.007500 0.017500
2 0.261250 0.391250 0.012500 0.017500
2 0.158750 0.463750 0.012500 0.022500
2 0.211250 0.567500 0.017500 0.017500
