2 0.538750 0.250000 0.017500 0.025000
2 0.561250 0.247500 0.020000 0.030000
2 0.535000 0.270000 0.015000 0.020000
2 0.528750 0.263750 0.015000 0.020000
2 0.591250 0.502500 0.017500 0.020000
2 0.880000 0.733750 0.015000 0.020000
2 0.825000 0.698750 0.015000 0.015000
2 0.903750 0.712500 0.017500 0.017500
2 0.982500 0.676250 0.022500 0.022500
2 0.857500 0.676250 0.012500 0.017500
2 0.830000 0.637500 0.010000 0.022500
2 0.811250 0.611250 0.012500 0.015000
2 0.786250 0.671250 0.015000 0.020000
2 0.923750 0.655000 0.017500 0.015000
2 0.895000 0.645000 0.017500 0.022500
2 0.770000 0.638750 0.012500 0.020000
2 0.657500 0.482500 0.017500 0.020000
2 0.677500 0.515000 0.017500 0.020000
2 0.705000 0.541250 0.015000 0.020000
2 0.721250 0.573750 0.017500 0.020000
2 0.751250 0.608750 0.020000 0.017500
2 0.718750 0.485000 0.015000 0.022500
2 0.736250 0.513750 0.012500 0.022500
2 0.758750 0.542500 0.015000 0.017500
2 0.790000 0.573750 0.015000 0.022500
2 0.882500 0.597500 0.015000 0.017500
2 0.917500 0.626250 0.010000 0.015000
2 0.856250 0.573750 0.012500 0.020000
2 0.832500 0.540000 0.015000 0.017500
2 0.716250 0.406250 0.015000 0.027500
2 0.732500 0.425000 0.025000 0.035000
2 0.762500 0.411250 0.015000 0.022500
2 0.773750 0.476250 0.012500 0.025000
2 0.780000 0.436250 0.015000 0.025000
2 0.798750 0.463750 0.012500 0.020000
2 0.805000 0.508750 0.015000 0.020000
2 0.823750 0.498750 0.010000 0.017500
2 0.855000 0.526250 0.010000 0.017500
2 0.875000 0.557500 0.010000 0.020000
2 0.901250 0.585000 0.012500 0.020000
2 0.930000 0.612500 0.012500 0.025000
2 0.947500 0.607500 0.012500 0.017500
2 0.990000 0.618750 0.015000 0.022500
2 0.972500 0.588750 0.015000 0.017500
2 0.922500 0.572500 0.012500 0.015000
2 0.801250 0.422500 0.010000 0.027500
2 0.818750 0.447500 0.012500 0.025000
2 0.843750 0.482500 0.012500 0.025000
2 0.872500 0.511250 0.012500 0.017500
2 0.893750 0.541250 0.012500 0.022500
2 0.937500 0.555000 0.015000 0.020000
2 0.910000 0.527500 0.012500 0.022500
2 0.817500 0.413750 0.015000 0.025000
2 0.835000 0.438750 0.012500 0.022500
2 0.860000 0.471250 0.015000 0.022500
2 0.886250 0.496250 0.010000 0.017500
2 0.850000 0.425000 0.010000 0.020000
2 0.982500 0.577500 0.012500 0.020000
2 0.993750 0.563750 0.012500 0.017500
2 0.952500 0.543750 0.015000 0.020000
2 0.967500 0.533750 0.012500 0.017500
2 0.981250 0.522500 0.012500 0.020000
2 0.928750 0.518750 0.012500 0.020000
2 0.942500 0.503750 0.012500 0.020000
2 0.902500 0.486250 0.012500 0.020000
2 0.955000 0.491250 0.017500 0.020000
2 0.966250 0.481250 0.012500 0.020000
2 0.981250 0.472500 0.015000 0.022500
2 0.997500 0.458750 0.015000 0.020000
2 0.867500 0.253750 0.015000 0.027500
2 0.843750 0.267500 0.015000 0.030000
2 0.862500 0.281250 0.012500 0.025000
2 0.881250 0.301250 0.012500 0.027500
2 0.900000 0.290000 0.012500 0.027500
2 0.900000 0.317500 0.012500 0.025000
2 0.927500 0.331250 0.012500 0.027500
2 0.946250 0.351250 0.015000 0.027500
2 0.823750 0.366250 0.015000 0.022500
2 0.850000 0.345000 0.015000 0.027500
2 0.863750 0.340000 0.012500 0.027500
2 0.908750 0.342500 0.010000 0.025000
2 0.893750 0.353750 0.012500 0.025000
2 0.881250 0.363750 0.012500 0.025000
2 0.863750 0.377500 0.012500 0.027500
2 0.846250 0.395000 0.010000 0.022500
2 0.865000 0.413750 0.010000 0.022500
2 0.883750 0.398750 0.012500 0.020000
2 0.901250 0.385000 0.012500 0.022500
2 0.915000 0.375000 0.012500 0.025000
2 0.930000 0.361250 0.012500 0.022500
2 0.878750 0.458750 0.010000 0.020000
2 0.895000 0.446250 0.012500 0.022500
2 0.907500 0.437500 0.010000 0.022500
2 0.920000 0.425000 0.012500 0.020000
2 0.917500 0.473750 0.010000 0.017500
2 0.931250 0.463750 0.012500 0.017500
2 0.932500 0.413750 0.012500 0.025000
2 0.947500 0.406250 0.012500 0.027500
2 0.973750 0.385000 0.012500 0.025000
2 0.996250 0.411250 0.015000 0.025000
2 0.981250 0.422500 0.015000 0.020000
2 0.943750 0.451250 0.010000 0.022500
2 0.957500 0.440000 0.010000 0.020000
2 0.971250 0.431250 0.017500 0.025000
2 0.996250 0.510000 0.015000 0.022500
