6 0.801250 0.588750 0.052500 0.092500
6 0.661250 0.376250 0.047500 0.070000
6 0.707500 0.863750 0.060000 0.105000
6 0.976250 0.021250 0.035000 0.042500
6 0.793750 0.042500 0.032500 0.035000
6 0.712500 0.050000 0.042500 0.072500
2 0.352500 0.820000 0.015000 0.027500
2 0.205000 0.780000 0.030000 0.030000
2 0.378750 0.675000 0.035000 0.020000
2 0.257500 0.637500 0.020000 0.027500
2 0.390000 0.578750 0.025000 0.030000
2 0.428750 0.407500 0.015000 0.022500
2 0.333750 0.406250 0.015000 0.022500
2 0.396250 0.342500 0.012500 0.022500
2 0.501250 0.256250 0.015000 0.022500
2 0.401250 0.226250 0.012500 0.027500
2 0.418750 0.060000 0.012500 0.025000
2 0.592500 0.121250 0.015000 0.017500
2 0.570000 0.011250 0.012500 0.017500
2 0.555000 0.013750 0.010000 0.015000
2 0.536250 0.026250 0.007500 0.020000
2 0.562500 0.036250 0.010000 0.020000
2 0.555000 0.041250 0.010000 0.017500
2 0.552500 0.052500 0.012500 0.017500
2 0.581250 0.168750 0.007500 0.017500
2 0.606250 0.166250 0.010000 0.017500
2 0.596250 0.171250 0.010000 0.022500
2 0.601250 0.171250 0.010000 0.017500
2 0.595000 0.162500 0.010000 0.017500
2 0.508750 0.243750 0.012500 0.020000
2 0.506250 0.297500 0.012500 0.025000
2 0.480000 0.287500 0.007500 0.012500
2 0.471250 0.293750 0.007500 0.015000
2 0.357500 0.301250 0.015000 0.027500
2 0.343750 0.293750 0.015000 0.022500
2 0.466250 0.381250 0.010000 0.015000
2 0.458750 0.383750 0.007500 0.017500
2 0.448750 0.382500 0.012500 0.017500
2 0.440000 0.543750 0.017500 0.015000
2 0.418750 0.533750 0.012500 0.015000
2 0.460000 0.695000 0.015000 0.017500
2 0.471250 0.707500 0.015000 0.017500
2 0.341250 0.833750 0.012500 0.020000
2 0.292500 0.660000 0.015000 0.020000
