2 0.516250 0.316250 0.015000 0.025000
2 0.531250 0.323750 0.017500 0.027500
2 0.555000 0.322500 0.015000 0.027500
2 0.567500 0.332500 0.010000 0.015000
2 0.540000 0.383750 0.012500 0.025000
2 0.551250 0.387500 0.015000 0.030000
2 0.561250 0.385000 0.012500 0.030000
2 0.592500 0.930000 0.012500 0.017500
2 0.602500 0.937500 0.017500 0.030000
2 0.627500 0.976250 0.017500 0.012500
2 0.615000 0.913750 0.015000 0.007500
2 0.666250 0.958750 0.020000 0.022500
2 0.677500 0.970000 0.017500 0.022500
2 0.686250 0.915000 0.017500 0.025000
2 0.716250 0.865000 0.005000 0.015000
2 0.638750 0.876250 0.017500 0.027500
2 0.666250 0.890000 0.020000 0.020000
2 0.717500 0.855000 0.015000 0.025000
2 0.607500 0.842500 0.020000 0.032500
2 0.660000 0.736250 0.015000 0.025000
2 0.661250 0.718750 0.015000 0.027500
2 0.722500 0.617500 0.012500 0.025000
2 0.800000 0.623750 0.015000 0.022500
2 0.822500 0.562500 0.012500 0.022500
2 0.726250 0.587500 0.015000 0.027500
2 0.717500 0.501250 0.017500 0.025000
2 0.761250 0.521250 0.015000 0.027500
2 0.842500 0.490000 0.015000 0.025000
2 0.722500 0.441250 0.012500 0.032500
2 0.707500 0.373750 0.010000 0.027500
2 0.786250 0.398750 0.012500 0.027500
2 0.850000 0.412500 0.010000 0.030000
2 0.727500 0.332500 0.010000 0.030000
2 0.761250 0.366250 0.012500 0.030000
2 0.767500 0.361250 0.012500 0.032500
2 0.818750 0.145000 0.010000 0.027500
2 0.826250 0.142500 0.010000 0.027500
2 0.875000 0.095000 0.007500 0.022500
2 0.872500 0.057500 0.010000 0.030000
2 0.860000 0.011250 0.012500 0.022500
2 0.888750 0.010000 0.010000 0.020000
2 0.902500 0.008750 0.007500 0.017500
2 0.877500 0.012500 0.007500 0.020000
