6 0.207500 0.828750 0.050000 0.037500
2 0.262500 0.808750 0.012500 0.022500
2 0.232500 0.800000 0.010000 0.017500
2 0.226250 0.798750 0.012500 0.022500
2 0.217500 0.800000 0.012500 0.030000
6 0.368750 0.776250 0.037500 0.025000
6 0.420000 0.750000 0.037500 0.027500
6 0.472500 0.738750 0.032500 0.025000
6 0.446250 0.695000 0.027500 0.017500
2 0.537500 0.607500 0.005000 0.007500
2 0.425000 0.638750 0.007500 0.012500
6 0.437500 0.650000 0.047500 0.022500
6 0.501250 0.685000 0.022500 0.017500
6 0.536250 0.690000 0.025000 0.017500
6 0.522500 0.662500 0.022500 0.020000
6 0.467500 0.641250 0.035000 0.017500
6 0.472500 0.630000 0.035000 0.015000
6 0.773750 0.751250 0.032500 0.022500
2 0.776250 0.735000 0.010000 0.012500
2 0.935000 0.721250 0.010000 0.020000
2 0.986250 0.731250 0.005000 0.010000
6 0.996250 0.662500 0.045000 0.015000
6 0.787500 0.635000 0.022500 0.015000
6 0.582500 0.730000 0.027500 0.020000
6 0.636250 0.701250 0.020000 0.017500
6 0.603750 0.700000 0.025000 0.017500
6 0.588750 0.687500 0.022500 0.017500
6 0.626250 0.680000 0.022500 0.017500
6 0.651250 0.661250 0.020000 0.017500
6 0.771250 0.615000 0.015000 0.012500
6 0.743750 0.613750 0.015000 0.015000
6 0.626250 0.586250 0.012500 0.010000
6 0.647500 0.572500 0.012500 0.010000
6 0.663750 0.556250 0.010000 0.007500
6 0.682500 0.555000 0.010000 0.007500
6 0.753750 0.527500 0.015000 0.005000
6 0.738750 0.527500 0.010000 0.005000
6 0.715000 0.518750 0.005000 0.005000
6 0.700000 0.510000 0.012500 0.005000
6 0.696250 0.526250 0.005000 0.005000
6 0.692500 0.536250 0.007500 0.007500
6 0.682500 0.525000 0.005000 0.005000
6 0.598750 0.578750 0.012500 0.010000
2 0.636250 0.565000 0.002500 0.005000
2 0.623750 0.577500 0.002500 0.007500
2 0.616250 0.576250 0.002500 0.005000
6 0.616250 0.575000 0.012500 0.010000
6 0.627500 0.562500 0.015000 0.007500
6 0.630000 0.557500 0.012500 0.007500
6 0.637500 0.553750 0.010000 0.007500
6 0.643750 0.548750 0.010000 0.010000
