6 0.072500 0.733750 0.032500 0.052500
6 0.085000 0.555000 0.027500 0.037500
6 0.117500 0.548750 0.025000 0.040000
6 0.070000 0.496250 0.025000 0.032500
6 0.058750 0.647500 0.027500 0.045000
6 0.035000 0.600000 0.025000 0.040000
6 0.018750 0.805000 0.037500 0.057500
6 0.126250 0.500000 0.022500 0.032500
6 0.147500 0.231250 0.017500 0.022500
6 0.140000 0.262500 0.017500 0.022500
6 0.176250 0.245000 0.022500 0.025000
6 0.142500 0.437500 0.020000 0.030000
6 0.055000 0.795000 0.030000 0.052500
6 0.042500 0.856250 0.035000 0.052500
6 0.173750 0.268750 0.020000 0.022500
6 0.100000 0.402500 0.022500 0.030000
6 0.085000 0.453750 0.022500 0.030000
6 0.021250 0.646250 0.027500 0.040000
6 0.057500 0.531250 0.027500 0.037500
6 0.106250 0.468750 0.025000 0.040000
6 0.097500 0.617500 0.025000 0.040000
6 0.087500 0.666250 0.030000 0.045000
6 0.020000 0.937500 0.035000 0.062500
6 0.177500 0.216250 0.017500 0.020000
6 0.133750 0.467500 0.020000 0.035000
6 0.120000 0.333750 0.017500 0.027500
6 0.188750 0.120000 0.012500 0.015000
6 0.190000 0.085000 0.017500 0.022500
6 0.226250 0.161250 0.017500 0.025000
6 0.243750 0.133750 0.015000 0.015000
2 0.233750 0.128750 0.005000 0.012500
2 0.343750 0.770000 0.012500 0.025000
2 0.417500 0.675000 0.005000 0.010000
2 0.486250 0.657500 0.007500 0.012500
2 0.463750 0.597500 0.005000 0.015000
2 0.383750 0.677500 0.007500 0.010000
2 0.382500 0.671250 0.005000 0.010000
2 0.397500 0.673750 0.005000 0.012500
2 0.405000 0.668750 0.005000 0.012500
2 0.410000 0.668750 0.005000 0.012500
2 0.391250 0.661250 0.005000 0.012500
2 0.400000 0.663750 0.007500 0.015000
2 0.406250 0.660000 0.005000 0.015000
2 0.400000 0.655000 0.007500 0.015000
2 0.632500 0.812500 0.010000 0.015000
2 0.770000 0.953750 0.007500 0.020000
2 0.751250 0.913750 0.007500 0.020000
2 0.771250 0.911250 0.010000 0.022500
2 0.743750 0.891250 0.007500 0.020000
2 0.753750 0.885000 0.007500 0.020000
2 0.755000 0.875000 0.010000 0.017500
2 0.765000 0.882500 0.007500 0.017500
2 0.787500 0.898750 0.007500 0.022500
2 0.808750 0.955000 0.007500 0.025000
2 0.802500 0.918750 0.010000 0.025000
2 0.772500 0.835000 0.017500 0.015000
2 0.728750 0.771250 0.010000 0.025000
2 0.780000 0.863750 0.012500 0.020000
2 0.815000 0.937500 0.012500 0.022500
2 0.790000 0.882500 0.012500 0.017500
