6 0.941250 0.550000 0.040000 0.072500
2 0.728750 0.667500 0.010000 0.032500
2 0.981250 0.625000 0.010000 0.030000
2 0.993750 0.631250 0.010000 0.027500
2 0.946250 0.292500 0.007500 0.022500
2 0.752500 0.340000 0.007500 0.025000
2 0.756250 0.258750 0.007500 0.025000
2 0.768750 0.226250 0.007500 0.020000
2 0.772500 0.182500 0.007500 0.017500
2 0.793750 0.145000 0.005000 0.015000
2 0.818750 0.158750 0.007500 0.020000
2 0.872500 0.145000 0.005000 0.017500
2 0.821250 0.123750 0.005000 0.015000
2 0.877500 0.072500 0.005000 0.015000
2 0.877500 0.121250 0.005000 0.017500
2 0.842500 0.142500 0.007500 0.015000
2 0.837500 0.131250 0.005000 0.017500
2 0.843750 0.131250 0.005000 0.015000
2 0.846250 0.126250 0.005000 0.015000
2 0.852500 0.125000 0.005000 0.015000
2 0.956250 0.153750 0.005000 0.015000
2 0.957500 0.157500 0.007500 0.010000
2 0.891250 0.126250 0.002500 0.007500
2 0.895000 0.122500 0.005000 0.017500
2 0.888750 0.090000 0.005000 0.015000
2 0.901250 0.102500 0.005000 0.017500
2 0.903750 0.115000 0.005000 0.017500
2 0.908750 0.117500 0.005000 0.015000
2 0.911250 0.112500 0.007500 0.017500
2 0.917500 0.115000 0.005000 0.017500
2 0.932500 0.107500 0.005000 0.015000
2 0.952500 0.103750 0.005000 0.015000
