6 0.532500 0.987500 0.030000 0.027500
6 0.643750 0.866250 0.025000 0.022500
6 0.521250 0.861250 0.022500 0.022500
6 0.645000 0.815000 0.022500 0.020000
6 0.608750 0.800000 0.022500 0.022500
6 0.571250 0.811250 0.022500 0.020000
6 0.531250 0.831250 0.022500 0.022500
6 0.397500 0.837500 0.025000 0.025000
6 0.496250 0.798750 0.022500 0.022500
6 0.440000 0.785000 0.022500 0.022500
6 0.477500 0.766250 0.025000 0.022500
6 0.513750 0.762500 0.022500 0.020000
6 0.420000 0.756250 0.020000 0.022500
6 0.533750 0.665000 0.017500 0.017500
6 0.532500 0.713750 0.020000 0.017500
6 0.601250 0.703750 0.017500 0.017500
6 0.657500 0.733750 0.020000 0.017500
6 0.625000 0.651250 0.017500 0.012500
6 0.666250 0.692500 0.017500 0.017500
6 0.573750 0.636250 0.015000 0.015000
6 0.548750 0.637500 0.017500 0.015000
6 0.590000 0.611250 0.015000 0.012500
6 0.543750 0.608750 0.015000 0.012500
6 0.605000 0.585000 0.015000 0.010000
6 0.578750 0.560000 0.012500 0.010000
6 0.618750 0.562500 0.012500 0.012500
6 0.588750 0.545000 0.012500 0.010000
6 0.627500 0.548750 0.012500 0.010000
6 0.610000 0.545000 0.015000 0.012500
6 0.603750 0.528750 0.012500 0.010000
6 0.627500 0.521250 0.012500 0.012500
6 0.611250 0.511250 0.012500 0.010000
6 0.701250 0.522500 0.012500 0.010000
6 0.712500 0.496250 0.010000 0.007500
6 0.690000 0.481250 0.010000 0.007500
6 0.721250 0.447500 0.007500 0.007500
6 0.732500 0.438750 0.007500 0.005000
6 0.675000 0.456250 0.007500 0.007500
6 0.666250 0.440000 0.007500 0.007500
6 0.675000 0.445000 0.005000 0.007500
6 0.671250 0.451250 0.007500 0.007500
6 0.652500 0.445000 0.007500 0.007500
6 0.675000 0.428750 0.007500 0.005000
6 0.682500 0.435000 0.007500 0.007500
6 0.688750 0.426250 0.007500 0.007500
6 0.696250 0.422500 0.007500 0.007500
6 0.348750 0.966250 0.032500 0.035000
6 0.346250 0.885000 0.027500 0.027500
6 0.581250 0.935000 0.027500 0.027500
6 0.631250 0.926250 0.027500 0.027500
6 0.555000 0.876250 0.025000 0.025000
6 0.596250 0.881250 0.027500 0.030000
6 0.405000 0.928750 0.027500 0.032500
6 0.060000 0.932500 0.057500 0.025000
2 0.192500 0.995000 0.010000 0.020000
2 0.208750 0.968750 0.010000 0.025000
6 0.392500 0.880000 0.027500 0.030000
6 0.461250 0.882500 0.025000 0.032500
6 0.453750 0.823750 0.027500 0.030000
6 0.325000 0.767500 0.022500 0.020000
2 0.375000 0.760000 0.007500 0.012500
2 0.306250 0.746250 0.007500 0.015000
6 0.307500 0.738750 0.040000 0.017500
6 0.510000 0.701250 0.020000 0.020000
6 0.461250 0.736250 0.022500 0.022500
6 0.457500 0.693750 0.020000 0.022500
6 0.483750 0.700000 0.022500 0.020000
6 0.501250 0.673750 0.020000 0.025000
6 0.558750 0.660000 0.017500 0.025000
6 0.511250 0.621250 0.015000 0.015000
6 0.560000 0.586250 0.015000 0.012500
6 0.562500 0.617500 0.015000 0.015000
6 0.571250 0.602500 0.015000 0.012500
6 0.585000 0.583750 0.010000 0.012500
6 0.596250 0.561250 0.012500 0.012500
6 0.641250 0.523750 0.012500 0.010000
6 0.632500 0.510000 0.010000 0.012500
6 0.652500 0.496250 0.010000 0.010000
6 0.635000 0.485000 0.010000 0.010000
6 0.642500 0.476250 0.010000 0.007500
6 0.651250 0.485000 0.010000 0.007500
6 0.681250 0.526250 0.012500 0.010000
6 0.717500 0.478750 0.010000 0.007500
6 0.733750 0.477500 0.010000 0.007500
6 0.711250 0.465000 0.012500 0.010000
6 0.695000 0.470000 0.007500 0.007500
6 0.722500 0.468750 0.007500 0.010000
6 0.702500 0.483750 0.010000 0.007500
6 0.691250 0.503750 0.010000 0.010000
6 0.661250 0.555000 0.012500 0.010000
6 0.688750 0.550000 0.012500 0.012500
6 0.696250 0.561250 0.012500 0.010000
6 0.715000 0.538750 0.020000 0.025000
6 0.688750 0.583750 0.015000 0.012500
6 0.648750 0.593750 0.015000 0.012500
6 0.685000 0.616250 0.012500 0.012500
6 0.656250 0.633750 0.015000 0.012500
6 0.640000 0.682500 0.017500 0.015000
6 0.670000 0.658750 0.017500 0.015000
6 0.602500 0.667500 0.017500 0.020000
6 0.621250 0.752500 0.020000 0.020000
6 0.588750 0.751250 0.020000 0.022500
6 0.637500 0.452500 0.015000 0.020000
6 0.656250 0.451250 0.012500 0.015000
6 0.693750 0.440000 0.012500 0.012500
6 0.681250 0.421250 0.007500 0.007500
6 0.693750 0.415000 0.005000 0.010000
6 0.705000 0.416250 0.007500 0.007500
6 0.722500 0.420000 0.005000 0.007500
6 0.736250 0.415000 0.007500 0.005000
6 0.755000 0.423750 0.007500 0.007500
6 0.751250 0.406250 0.007500 0.005000
6 0.711250 0.407500 0.007500 0.005000
6 0.698750 0.407500 0.005000 0.007500
6 0.696250 0.403750 0.007500 0.005000
6 0.692500 0.400000 0.005000 0.005000
6 0.683750 0.395000 0.010000 0.012500
