6 0.711250 0.888750 0.047500 0.080000
6 0.893750 0.988750 0.052500 0.100000
6 0.913750 0.820000 0.045000 0.072500
6 0.948750 0.960000 0.050000 0.087500
6 0.985000 0.786250 0.030000 0.070000
6 0.982500 0.938750 0.032500 0.085000
6 0.028750 0.663750 0.040000 0.062500
6 0.092500 0.501250 0.040000 0.042500
6 0.043750 0.418750 0.035000 0.037500
6 0.066250 0.460000 0.040000 0.040000
6 0.085000 0.802500 0.042500 0.070000
6 0.053750 0.727500 0.040000 0.072500
6 0.188750 0.513750 0.065000 0.045000
6 0.167500 0.976250 0.042500 0.055000
6 0.167500 0.635000 0.032500 0.047500
2 0.326250 0.890000 0.012500 0.025000
2 0.296250 0.800000 0.007500 0.022500
2 0.315000 0.806250 0.012500 0.022500
2 0.256250 0.727500 0.007500 0.017500
2 0.261250 0.728750 0.007500 0.010000
2 0.190000 0.585000 0.005000 0.022500
2 0.041250 0.466250 0.007500 0.022500
2 0.300000 0.996250 0.012500 0.020000
2 0.247500 0.928750 0.010000 0.020000
2 0.112500 0.731250 0.010000 0.015000
2 0.202500 0.782500 0.007500 0.017500
2 0.115000 0.628750 0.007500 0.020000
2 0.138750 0.606250 0.010000 0.015000
2 0.177500 0.570000 0.007500 0.020000
2 0.227500 0.533750 0.010000 0.015000
