2 0.796250 0.852500 0.005000 0.010000
2 0.781250 0.835000 0.005000 0.012500
2 0.958750 0.806250 0.002500 0.012500
2 0.996250 0.802500 0.005000 0.010000
6 0.977500 0.783750 0.015000 0.007500
6 0.973750 0.792500 0.025000 0.010000
6 0.991250 0.810000 0.012500 0.012500
6 0.977500 0.811250 0.015000 0.010000
6 0.973750 0.815000 0.015000 0.010000
6 0.968750 0.820000 0.017500 0.010000
6 0.965000 0.825000 0.015000 0.010000
6 0.961250 0.833750 0.017500 0.012500
6 0.955000 0.842500 0.017500 0.015000
6 0.922500 0.822500 0.020000 0.015000
6 0.933750 0.832500 0.032500 0.010000
6 0.927500 0.837500 0.032500 0.010000
6 0.913750 0.843750 0.030000 0.012500
6 0.880000 0.827500 0.012500 0.012500
6 0.836250 0.836250 0.027500 0.015000
6 0.781250 0.856250 0.040000 0.017500
6 0.787500 0.842500 0.012500 0.015000
6 0.731250 0.856250 0.032500 0.015000
6 0.845000 0.860000 0.037500 0.015000
6 0.983750 0.902500 0.027500 0.027500
6 0.940000 0.961250 0.032500 0.027500
6 0.265000 0.925000 0.047500 0.020000
6 0.597500 0.836250 0.030000 0.015000
6 0.563750 0.830000 0.032500 0.020000
6 0.546250 0.830000 0.027500 0.017500
6 0.506250 0.830000 0.022500 0.010000
6 0.487500 0.845000 0.037500 0.017500
6 0.471250 0.876250 0.032500 0.020000
6 0.477500 0.828750 0.025000 0.012500
6 0.458750 0.827500 0.027500 0.017500
6 0.412500 0.826250 0.027500 0.012500
6 0.420000 0.842500 0.035000 0.012500
6 0.348750 0.837500 0.037500 0.015000
6 0.390000 0.825000 0.025000 0.017500
6 0.231250 0.817500 0.027500 0.012500
6 0.198750 0.817500 0.032500 0.015000
6 0.175000 0.815000 0.030000 0.012500
6 0.151250 0.815000 0.027500 0.012500
6 0.013750 0.857500 0.027500 0.020000
6 0.103750 0.832500 0.037500 0.015000
6 0.092500 0.820000 0.025000 0.017500
