2 0.956250 0.805000 0.010000 0.032500
6 0.982500 0.808750 0.047500 0.035000
6 0.878750 0.777500 0.035000 0.030000
6 0.951250 0.741250 0.055000 0.017500
6 0.736250 0.765000 0.030000 0.025000
6 0.840000 0.756250 0.025000 0.025000
6 0.820000 0.713750 0.017500 0.015000
2 0.742500 0.701250 0.005000 0.007500
6 0.860000 0.715000 0.020000 0.020000
2 0.908750 0.715000 0.005000 0.015000
2 0.977500 0.712500 0.005000 0.015000
2 0.901250 0.702500 0.005000 0.012500
6 0.893750 0.712500 0.017500 0.020000
6 0.877500 0.702500 0.017500 0.015000
2 0.872500 0.685000 0.002500 0.012500
2 0.871250 0.681250 0.002500 0.010000
6 0.848750 0.695000 0.012500 0.010000
6 0.830000 0.700000 0.015000 0.012500
6 0.823750 0.692500 0.012500 0.010000
6 0.823750 0.686250 0.012500 0.010000
6 0.836250 0.677500 0.010000 0.007500
6 0.787500 0.693750 0.015000 0.022500
6 0.773750 0.678750 0.010000 0.010000
6 0.786250 0.676250 0.010000 0.007500
6 0.798750 0.677500 0.010000 0.010000
6 0.778750 0.663750 0.007500 0.005000
6 0.771250 0.665000 0.005000 0.005000
6 0.823750 0.671250 0.007500 0.007500
6 0.796250 0.662500 0.007500 0.005000
6 0.802500 0.660000 0.005000 0.005000
6 0.817500 0.661250 0.007500 0.005000
6 0.812500 0.656250 0.002500 0.005000
6 0.821250 0.656250 0.002500 0.005000
6 0.928750 0.677500 0.020000 0.010000
6 0.930000 0.670000 0.015000 0.005000
6 0.913750 0.663750 0.015000 0.007500
6 0.885000 0.661250 0.012500 0.007500
6 0.883750 0.671250 0.030000 0.012500
6 0.881250 0.672500 0.017500 0.007500
6 0.852500 0.665000 0.012500 0.005000
6 0.842500 0.663750 0.007500 0.005000
6 0.838750 0.661250 0.005000 0.002500
