6 0.916250 0.705000 0.022500 0.042500
6 0.890000 0.917500 0.035000 0.062500
6 0.945000 0.830000 0.032500 0.055000
6 0.998750 0.700000 0.027500 0.042500
6 0.935000 0.585000 0.020000 0.035000
6 0.857500 0.543750 0.020000 0.027500
6 0.952500 0.390000 0.012500 0.022500
6 0.920000 0.365000 0.015000 0.020000
6 0.990000 0.295000 0.012500 0.017500
6 0.980000 0.276250 0.012500 0.015000
6 0.976250 0.208750 0.010000 0.015000
6 0.960000 0.125000 0.007500 0.010000
6 0.965000 0.110000 0.010000 0.007500
6 0.986250 0.112500 0.007500 0.010000
6 0.938750 0.263750 0.010000 0.017500
6 0.992500 0.230000 0.010000 0.015000
6 0.957500 0.065000 0.007500 0.007500
6 0.957500 0.057500 0.007500 0.005000
6 0.967500 0.063750 0.005000 0.007500
6 0.970000 0.322500 0.017500 0.025000
6 0.950000 0.180000 0.010000 0.015000
6 0.996250 0.166250 0.010000 0.012500
6 0.998750 0.141250 0.010000 0.012500
6 0.968750 0.055000 0.007500 0.007500
6 0.971250 0.222500 0.012500 0.015000
6 0.997500 0.128750 0.010000 0.017500
6 0.811250 0.231250 0.025000 0.010000
6 0.765000 0.230000 0.030000 0.015000
6 0.997500 0.191250 0.015000 0.030000
6 0.953750 0.038750 0.020000 0.010000
