6 0.018750 0.306250 0.035000 0.032500
6 0.091250 0.233750 0.022500 0.030000
6 0.218750 0.241250 0.022500 0.025000
6 0.208750 0.205000 0.020000 0.020000
6 0.230000 0.187500 0.017500 0.015000
6 0.202500 0.172500 0.012500 0.017500
6 0.117500 0.186250 0.020000 0.020000
6 0.141250 0.188750 0.017500 0.022500
6 0.142500 0.173750 0.017500 0.020000
6 0.103750 0.163750 0.020000 0.015000
6 0.228750 0.166250 0.015000 0.017500
6 0.205000 0.152500 0.015000 0.017500
6 0.227500 0.143750 0.017500 0.017500
6 0.208750 0.131250 0.012500 0.015000
6 0.231250 0.127500 0.015000 0.012500
6 0.228750 0.111250 0.012500 0.012500
6 0.208750 0.111250 0.017500 0.022500
6 0.230000 0.092500 0.015000 0.015000
6 0.212500 0.090000 0.012500 0.010000
6 0.213750 0.078750 0.010000 0.010000
6 0.230000 0.080000 0.015000 0.010000
6 0.197500 0.086250 0.015000 0.012500
6 0.178750 0.061250 0.010000 0.010000
6 0.213750 0.068750 0.012500 0.010000
6 0.228750 0.068750 0.010000 0.010000
6 0.238750 0.067500 0.010000 0.012500
6 0.228750 0.056250 0.007500 0.010000
6 0.221250 0.062500 0.012500 0.010000
6 0.113750 0.086250 0.012500 0.012500
6 0.083750 0.118750 0.012500 0.015000
6 0.195000 0.055000 0.010000 0.012500
6 0.178750 0.043750 0.010000 0.010000
6 0.190000 0.043750 0.010000 0.010000
6 0.183750 0.015000 0.012500 0.015000
6 0.185000 0.031250 0.010000 0.010000
2 0.283750 0.206250 0.005000 0.012500
2 0.311250 0.240000 0.007500 0.017500
2 0.342500 0.360000 0.007500 0.015000
2 0.371250 0.350000 0.007500 0.015000
2 0.302500 0.313750 0.005000 0.012500
2 0.296250 0.225000 0.005000 0.017500
2 0.335000 0.717500 0.017500 0.052500
