2 0.910000 0.616250 0.010000 0.027500
2 0.915000 0.622500 0.005000 0.020000
2 0.917500 0.470000 0.005000 0.017500
2 0.925000 0.467500 0.005000 0.017500
6 0.882500 0.566250 0.060000 0.025000
6 0.870000 0.557500 0.055000 0.022500
6 0.868750 0.551250 0.055000 0.020000
6 0.872500 0.542500 0.055000 0.022500
6 0.905000 0.532500 0.052500 0.020000
6 0.898750 0.523750 0.052500 0.017500
6 0.892500 0.518750 0.052500 0.020000
6 0.892500 0.513750 0.052500 0.017500
6 0.883750 0.511250 0.047500 0.017500
6 0.883750 0.506250 0.047500 0.017500
6 0.873750 0.501250 0.047500 0.017500
6 0.867500 0.497500 0.047500 0.017500
6 0.863750 0.492500 0.037500 0.017500
6 0.855000 0.487500 0.037500 0.015000
6 0.811250 0.498750 0.042500 0.015000
6 0.812500 0.491250 0.040000 0.012500
6 0.971250 0.496250 0.045000 0.015000
6 0.956250 0.483750 0.032500 0.015000
6 0.805000 0.448750 0.027500 0.007500
2 0.787500 0.443750 0.002500 0.010000
2 0.787500 0.416250 0.002500 0.007500
2 0.801250 0.412500 0.002500 0.007500
6 0.888750 0.453750 0.025000 0.010000
6 0.882500 0.450000 0.027500 0.010000
6 0.878750 0.446250 0.027500 0.010000
6 0.772500 0.452500 0.027500 0.010000
6 0.770000 0.445000 0.022500 0.010000
6 0.771250 0.443750 0.027500 0.010000
6 0.875000 0.443750 0.027500 0.010000
6 0.871250 0.441250 0.027500 0.010000
6 0.867500 0.440000 0.027500 0.010000
6 0.865000 0.438750 0.027500 0.010000
6 0.858750 0.436250 0.027500 0.010000
6 0.853750 0.432500 0.027500 0.010000
6 0.846250 0.430000 0.027500 0.010000
6 0.848750 0.426250 0.027500 0.010000
6 0.842500 0.422500 0.027500 0.010000
6 0.837500 0.421250 0.027500 0.010000
6 0.833750 0.420000 0.027500 0.010000
6 0.830000 0.417500 0.027500 0.010000
6 0.830000 0.415000 0.027500 0.010000
6 0.825000 0.413750 0.027500 0.010000
6 0.818750 0.411250 0.027500 0.010000
6 0.803750 0.442500 0.022500 0.010000
6 0.800000 0.438750 0.022500 0.010000
6 0.796250 0.437500 0.022500 0.010000
6 0.787500 0.431250 0.022500 0.010000
6 0.790000 0.432500 0.022500 0.010000
6 0.781250 0.426250 0.022500 0.010000
6 0.783750 0.427500 0.022500 0.010000
6 0.776250 0.420000 0.022500 0.010000
6 0.776250 0.416250 0.022500 0.010000
6 0.775000 0.418750 0.022500 0.010000
6 0.775000 0.413750 0.022500 0.010000
6 0.745000 0.416250 0.022500 0.010000
6 0.747500 0.420000 0.022500 0.012500
6 0.748750 0.422500 0.022500 0.012500
6 0.750000 0.425000 0.022500 0.012500
6 0.752500 0.427500 0.022500 0.010000
6 0.755000 0.428750 0.022500 0.010000
6 0.756250 0.431250 0.022500 0.012500
6 0.757500 0.433750 0.022500 0.010000
6 0.760000 0.436250 0.022500 0.010000
6 0.746250 0.468750 0.015000 0.012500
6 0.691250 0.380000 0.005000 0.005000
6 0.705000 0.385000 0.005000 0.005000
6 0.702500 0.382500 0.005000 0.005000
6 0.712500 0.398750 0.005000 0.005000
6 0.716250 0.407500 0.007500 0.005000
6 0.716250 0.410000 0.007500 0.005000
6 0.716250 0.412500 0.007500 0.005000
6 0.718750 0.417500 0.007500 0.005000
6 0.711250 0.453750 0.012500 0.012500
6 0.700000 0.416250 0.007500 0.007500
6 0.698750 0.405000 0.007500 0.005000
6 0.681250 0.376250 0.005000 0.005000
6 0.673750 0.376250 0.005000 0.005000
6 0.678750 0.385000 0.005000 0.005000
6 0.682500 0.387500 0.005000 0.005000
6 0.672500 0.395000 0.005000 0.005000
6 0.680000 0.398750 0.007500 0.007500
6 0.661250 0.405000 0.005000 0.005000
6 0.661250 0.402500 0.005000 0.007500
6 0.675000 0.411250 0.007500 0.007500
2 0.622500 0.471250 0.005000 0.015000
2 0.620000 0.467500 0.005000 0.015000
6 0.640000 0.406250 0.020000 0.007500
6 0.632500 0.416250 0.017500 0.007500
6 0.641250 0.410000 0.020000 0.007500
6 0.576250 0.426250 0.012500 0.010000
6 0.582500 0.437500 0.017500 0.020000
6 0.573750 0.530000 0.027500 0.022500
6 0.731250 0.533750 0.025000 0.022500
6 0.605000 0.603750 0.032500 0.035000
