2 0.031250 0.977500 0.017500 0.045000
2 0.048750 0.953750 0.020000 0.042500
2 0.025000 0.945000 0.020000 0.050000
2 0.001250 0.958750 0.012500 0.045000
2 0.036250 0.902500 0.017500 0.042500
2 0.065000 0.898750 0.017500 0.045000
2 0.031250 0.878750 0.017500 0.042500
2 0.067500 0.838750 0.015000 0.035000
2 0.051250 0.815000 0.010000 0.037500
2 0.037500 0.815000 0.012500 0.035000
2 0.076250 0.785000 0.010000 0.032500
2 0.066250 0.760000 0.010000 0.032500
2 0.060000 0.738750 0.010000 0.035000
2 0.081250 0.766250 0.012500 0.032500
2 0.046250 0.740000 0.010000 0.035000
2 0.088750 0.692500 0.007500 0.032500
2 0.073750 0.701250 0.007500 0.030000
2 0.062500 0.692500 0.007500 0.032500
2 0.088750 0.663750 0.007500 0.022500
2 0.078750 0.665000 0.007500 0.025000
2 0.072500 0.666250 0.010000 0.027500
2 0.148750 0.923750 0.012500 0.045000
2 0.141250 0.916250 0.010000 0.047500
2 0.130000 0.885000 0.017500 0.047500
2 0.167500 0.805000 0.012500 0.040000
2 0.136250 0.786250 0.015000 0.035000
2 0.127500 0.803750 0.015000 0.030000
6 0.127500 0.815000 0.017500 0.025000
2 0.163750 0.857500 0.010000 0.037500
2 0.170000 0.851250 0.012500 0.042500
2 0.168750 0.921250 0.015000 0.047500
2 0.158750 0.907500 0.010000 0.042500
2 0.210000 0.968750 0.012500 0.045000
2 0.190000 0.925000 0.012500 0.047500
2 0.200000 0.925000 0.010000 0.045000
2 0.143750 0.746250 0.010000 0.035000
2 0.153750 0.746250 0.010000 0.032500
2 0.161250 0.737500 0.007500 0.032500
2 0.190000 0.708750 0.015000 0.027500
2 0.180000 0.717500 0.007500 0.030000
2 0.090000 0.617500 0.007500 0.027500
2 0.083750 0.615000 0.010000 0.025000
2 0.075000 0.615000 0.007500 0.025000
2 0.065000 0.616250 0.007500 0.022500
2 0.063750 0.636250 0.007500 0.027500
2 0.098750 0.597500 0.005000 0.025000
2 0.090000 0.597500 0.005000 0.025000
2 0.085000 0.591250 0.005000 0.022500
2 0.096250 0.576250 0.005000 0.020000
2 0.088750 0.578750 0.005000 0.022500
2 0.082500 0.580000 0.005000 0.022500
2 0.131250 0.667500 0.010000 0.025000
2 0.145000 0.671250 0.010000 0.027500
2 0.177500 0.666250 0.007500 0.027500
2 0.167500 0.646250 0.007500 0.025000
2 0.150000 0.662500 0.007500 0.025000
2 0.177500 0.652500 0.005000 0.025000
2 0.157500 0.621250 0.007500 0.022500
2 0.157500 0.607500 0.005000 0.020000
2 0.151250 0.608750 0.005000 0.025000
2 0.117500 0.597500 0.005000 0.015000
2 0.126250 0.567500 0.005000 0.015000
2 0.108750 0.645000 0.007500 0.020000
2 0.201250 0.878750 0.007500 0.032500
2 0.196250 0.906250 0.010000 0.035000
2 0.215000 0.900000 0.010000 0.045000
2 0.226250 0.932500 0.017500 0.045000
2 0.228750 0.956250 0.015000 0.042500
2 0.211250 0.876250 0.007500 0.035000
2 0.043750 0.442500 0.005000 0.010000
