2 0.130000 0.733750 0.015000 0.020000
2 0.075000 0.698750 0.015000 0.015000
2 0.153750 0.712500 0.017500 0.017500
2 0.232500 0.676250 0.022500 0.022500
2 0.107500 0.676250 0.012500 0.017500
2 0.080000 0.637500 0.010000 0.022500
2 0.061250 0.611250 0.012500 0.015000
2 0.036250 0.671250 0.015000 0.020000
2 0.173750 0.655000 0.017500 0.015000
2 0.145000 0.645000 0.017500 0.022500
2 0.020000 0.638750 0.012500 0.020000
2 0.001250 0.608750 0.020000 0.017500
2 0.008750 0.542500 0.015000 0.017500
2 0.040000 0.573750 0.015000 0.022500
2 0.132500 0.597500 0.015000 0.017500
2 0.167500 0.626250 0.010000 0.015000
2 0.106250 0.573750 0.012500 0.020000
2 0.082500 0.540000 0.015000 0.017500
2 0.012500 0.411250 0.015000 0.022500
2 0.023750 0.476250 0.012500 0.025000
2 0.030000 0.436250 0.015000 0.025000
2 0.048750 0.463750 0.012500 0.020000
2 0.055000 0.508750 0.015000 0.020000
2 0.073750 0.498750 0.010000 0.017500
2 0.105000 0.526250 0.010000 0.017500
2 0.125000 0.557500 0.010000 0.020000
2 0.151250 0.585000 0.012500 0.020000
2 0.180000 0.612500 0.012500 0.025000
2 0.197500 0.607500 0.012500 0.017500
2 0.240000 0.618750 0.015000 0.022500
2 0.276250 0.591250 0.017500 0.017500
2 0.222500 0.588750 0.015000 0.017500
2 0.172500 0.572500 0.012500 0.015000
2 0.323750 0.555000 0.015000 0.020000
2 0.345000 0.536250 0.017500 0.022500
2 0.355000 0.513750 0.022500 0.022500
2 0.051250 0.422500 0.010000 0.027500
2 0.068750 0.447500 0.012500 0.025000
2 0.093750 0.482500 0.012500 0.025000
2 0.122500 0.511250 0.012500 0.017500
2 0.143750 0.541250 0.012500 0.022500
2 0.187500 0.555000 0.015000 0.020000
2 0.160000 0.527500 0.012500 0.022500
2 0.067500 0.413750 0.015000 0.025000
2 0.085000 0.438750 0.012500 0.022500
2 0.110000 0.471250 0.015000 0.022500
2 0.136250 0.496250 0.010000 0.017500
2 0.100000 0.425000 0.010000 0.020000
2 0.232500 0.577500 0.012500 0.020000
2 0.243750 0.563750 0.012500 0.017500
2 0.257500 0.552500 0.015000 0.017500
2 0.273750 0.542500 0.012500 0.020000
2 0.283750 0.533750 0.015000 0.017500
2 0.296250 0.522500 0.015000 0.017500
2 0.306250 0.516250 0.017500 0.020000
2 0.317500 0.506250 0.020000 0.020000
2 0.202500 0.543750 0.015000 0.020000
2 0.217500 0.533750 0.012500 0.017500
2 0.231250 0.522500 0.012500 0.020000
2 0.178750 0.518750 0.012500 0.020000
2 0.192500 0.503750 0.012500 0.020000
2 0.152500 0.486250 0.012500 0.020000
2 0.205000 0.491250 0.017500 0.020000
2 0.216250 0.481250 0.012500 0.020000
2 0.231250 0.472500 0.015000 0.022500
2 0.247500 0.458750 0.015000 0.020000
2 0.261250 0.451250 0.015000 0.017500
2 0.272500 0.440000 0.012500 0.022500
2 0.117500 0.253750 0.015000 0.027500
2 0.093750 0.267500 0.015000 0.030000
2 0.112500 0.281250 0.012500 0.025000
2 0.131250 0.301250 0.012500 0.027500
2 0.150000 0.290000 0.012500 0.027500
2 0.150000 0.317500 0.012500 0.025000
2 0.177500 0.331250 0.012500 0.027500
2 0.196250 0.351250 0.015000 0.027500
2 0.073750 0.366250 0.015000 0.022500
2 0.100000 0.345000 0.015000 0.027500
2 0.113750 0.340000 0.012500 0.027500
2 0.158750 0.342500 0.010000 0.025000
2 0.143750 0.353750 0.012500 0.025000
2 0.131250 0.363750 0.012500 0.025000
2 0.113750 0.377500 0.012500 0.027500
2 0.096250 0.395000 0.010000 0.022500
2 0.115000 0.413750 0.010000 0.022500
2 0.133750 0.398750 0.012500 0.020000
2 0.151250 0.385000 0.012500 0.022500
2 0.165000 0.375000 0.012500 0.025000
2 0.180000 0.361250 0.012500 0.022500
2 0.128750 0.458750 0.010000 0.020000
2 0.145000 0.446250 0.012500 0.022500
2 0.157500 0.437500 0.010000 0.022500
2 0.170000 0.425000 0.012500 0.020000
2 0.167500 0.473750 0.010000 0.017500
2 0.181250 0.463750 0.012500 0.017500
2 0.182500 0.413750 0.012500 0.025000
2 0.197500 0.406250 0.012500 0.027500
2 0.223750 0.385000 0.012500 0.025000
2 0.246250 0.411250 0.015000 0.025000
2 0.231250 0.422500 0.015000 0.020000
2 0.193750 0.451250 0.010000 0.022500
2 0.207500 0.440000 0.010000 0.020000
2 0.221250 0.431250 0.017500 0.025000
2 0.246250 0.510000 0.015000 0.022500
2 0.261250 0.498750 0.015000 0.017500
2 0.275000 0.488750 0.015000 0.017500
2 0.285000 0.480000 0.012500 0.020000
2 0.297500 0.472500 0.012500 0.020000
