6 0.165000 0.451250 0.017500 0.007500
6 0.158750 0.451250 0.017500 0.007500
6 0.140000 0.450000 0.012500 0.007500
2 0.177500 0.450000 0.005000 0.010000
2 0.141250 0.470000 0.005000 0.010000
6 0.030000 0.471250 0.017500 0.007500
6 0.245000 0.900000 0.025000 0.020000
6 0.148750 0.952500 0.015000 0.022500
6 0.262500 0.913750 0.020000 0.020000
6 0.287500 0.981250 0.027500 0.022500
6 0.262500 0.988750 0.025000 0.020000
6 0.428750 0.995000 0.035000 0.010000
6 0.498750 0.983750 0.037500 0.022500
6 0.553750 0.971250 0.037500 0.015000
6 0.406250 0.967500 0.032500 0.017500
6 0.500000 0.443750 0.020000 0.012500
6 0.483750 0.456250 0.012500 0.015000
6 0.608750 0.287500 0.010000 0.007500
6 0.631250 0.288750 0.010000 0.007500
6 0.561250 0.392500 0.010000 0.012500
6 0.520000 0.422500 0.012500 0.007500
6 0.592500 0.491250 0.020000 0.012500
6 0.695000 0.482500 0.045000 0.015000
6 0.756250 0.806250 0.022500 0.017500
6 0.608750 0.970000 0.040000 0.020000
6 0.643750 0.953750 0.032500 0.020000
6 0.697500 0.941250 0.032500 0.017500
6 0.751250 0.932500 0.042500 0.022500
6 0.770000 0.896250 0.022500 0.015000
6 0.808750 0.918750 0.037500 0.022500
6 0.885000 0.900000 0.040000 0.017500
6 0.933750 0.890000 0.035000 0.015000
6 0.988750 0.881250 0.040000 0.020000
6 0.803750 0.806250 0.022500 0.017500
6 0.917500 0.942500 0.037500 0.015000
6 0.927500 0.635000 0.012500 0.015000
6 0.883750 0.492500 0.022500 0.010000
6 0.967500 0.900000 0.030000 0.015000
6 0.961250 0.933750 0.027500 0.015000
