6 0.651250 0.603750 0.005000 0.005000
6 0.662500 0.600000 0.005000 0.002500
6 0.665000 0.610000 0.005000 0.005000
6 0.652500 0.616250 0.002500 0.005000
6 0.652500 0.623750 0.005000 0.005000
6 0.652500 0.645000 0.005000 0.005000
6 0.652500 0.651250 0.002500 0.005000
6 0.658750 0.657500 0.005000 0.005000
6 0.653750 0.670000 0.005000 0.007500
6 0.667500 0.625000 0.005000 0.007500
6 0.672500 0.613750 0.005000 0.005000
6 0.676250 0.622500 0.005000 0.002500
6 0.672500 0.637500 0.005000 0.002500
6 0.671250 0.642500 0.005000 0.002500
6 0.673750 0.650000 0.005000 0.005000
6 0.680000 0.642500 0.005000 0.002500
6 0.672500 0.753750 0.007500 0.012500
6 0.665000 0.761250 0.005000 0.007500
6 0.666250 0.792500 0.007500 0.012500
6 0.666250 0.818750 0.010000 0.015000
6 0.697500 0.743750 0.007500 0.010000
6 0.730000 0.761250 0.010000 0.010000
6 0.680000 0.776250 0.005000 0.010000
6 0.662500 0.853750 0.012500 0.020000
6 0.662500 0.880000 0.012500 0.017500
6 0.625000 0.962500 0.022500 0.022500
6 0.657500 0.951250 0.012500 0.022500
6 0.693750 0.961250 0.015000 0.025000
6 0.976250 0.520000 0.015000 0.017500
6 0.981250 0.593750 0.015000 0.015000
6 0.970000 0.518750 0.015000 0.017500
6 0.967500 0.517500 0.015000 0.017500
6 0.993750 0.491250 0.010000 0.015000
6 0.990000 0.492500 0.015000 0.017500
6 0.983750 0.492500 0.012500 0.017500
6 0.907500 0.480000 0.010000 0.010000
6 0.901250 0.482500 0.007500 0.012500
6 0.885000 0.486250 0.012500 0.010000
6 0.881250 0.488750 0.010000 0.012500
6 0.875000 0.491250 0.012500 0.007500
6 0.867500 0.492500 0.010000 0.010000
6 0.863750 0.480000 0.007500 0.010000
6 0.840000 0.488750 0.005000 0.010000
6 0.830000 0.492500 0.007500 0.005000
