6 0.741250 0.011250 0.015000 0.025000
6 0.710000 0.035000 0.015000 0.022500
6 0.780000 0.250000 0.017500 0.027500
6 0.751250 0.153750 0.012500 0.015000
6 0.776250 0.027500 0.007500 0.007500
6 0.771250 0.012500 0.005000 0.007500
6 0.723750 0.036250 0.007500 0.007500
6 0.732500 0.102500 0.012500 0.012500
2 0.721250 0.127500 0.002500 0.007500
6 0.872500 0.496250 0.032500 0.052500
6 0.386250 0.293750 0.052500 0.022500
6 0.401250 0.303750 0.040000 0.022500
6 0.498750 0.206250 0.035000 0.017500
6 0.497500 0.198750 0.032500 0.010000
6 0.503750 0.190000 0.032500 0.012500
6 0.507500 0.182500 0.035000 0.015000
6 0.526250 0.210000 0.027500 0.020000
2 0.492500 0.281250 0.007500 0.015000
2 0.487500 0.291250 0.005000 0.017500
2 0.441250 0.298750 0.005000 0.015000
