2 0.763750 0.915000 0.010000 0.015000
2 0.726250 0.932500 0.012500 0.015000
2 0.907500 0.503750 0.002500 0.010000
6 0.933750 0.570000 0.042500 0.095000
6 0.950000 0.451250 0.015000 0.022500
6 0.896250 0.175000 0.030000 0.007500
6 0.933750 0.203750 0.027500 0.015000
6 0.390000 0.425000 0.055000 0.027500
2 0.926250 0.441250 0.002500 0.012500
2 0.827500 0.645000 0.002500 0.015000
2 0.828750 0.637500 0.007500 0.015000
6 0.987500 0.260000 0.007500 0.010000
6 0.992500 0.181250 0.005000 0.005000
6 0.976250 0.187500 0.002500 0.010000
