6 0.582500 0.436250 0.102500 0.045000
2 0.560000 0.640000 0.020000 0.037500
2 0.718750 0.762500 0.015000 0.032500
2 0.605000 0.830000 0.017500 0.027500
2 0.716250 0.876250 0.020000 0.030000
2 0.667500 0.892500 0.017500 0.025000
2 0.656250 0.870000 0.017500 0.032500
2 0.668750 0.937500 0.015000 0.032500
2 0.637500 0.916250 0.020000 0.027500
2 0.627500 0.950000 0.020000 0.037500
2 0.981250 0.355000 0.012500 0.025000
2 0.655000 0.342500 0.010000 0.025000
2 0.710000 0.368750 0.012500 0.027500
2 0.723750 0.393750 0.010000 0.022500
2 0.760000 0.392500 0.012500 0.017500
2 0.768750 0.385000 0.012500 0.027500
2 0.615000 0.327500 0.010000 0.025000
2 0.720000 0.693750 0.017500 0.030000
2 0.885000 0.383750 0.015000 0.027500
2 0.793750 0.390000 0.012500 0.027500
2 0.802500 0.385000 0.012500 0.027500
2 0.622500 0.318750 0.007500 0.020000
2 0.605000 0.337500 0.010000 0.015000
2 0.627500 0.317500 0.010000 0.022500
2 0.868750 0.377500 0.015000 0.030000
2 0.631250 0.975000 0.015000 0.017500
