6 0.026250 0.662500 0.037500 0.040000
6 0.281250 0.676250 0.045000 0.052500
6 0.142500 0.495000 0.027500 0.027500
6 0.228750 0.536250 0.032500 0.040000
6 0.100000 0.462500 0.022500 0.022500
6 0.122500 0.390000 0.020000 0.017500
6 0.088750 0.367500 0.015000 0.017500
6 0.113750 0.363750 0.017500 0.015000
6 0.178750 0.356250 0.030000 0.037500
2 0.125000 0.316250 0.002500 0.005000
6 0.141250 0.312500 0.020000 0.007500
6 0.101250 0.312500 0.012500 0.010000
6 0.042500 0.250000 0.007500 0.010000
6 0.050000 0.263750 0.005000 0.005000
6 0.042500 0.305000 0.010000 0.010000
6 0.040000 0.296250 0.010000 0.007500
6 0.057500 0.296250 0.010000 0.010000
6 0.088750 0.275000 0.007500 0.005000
6 0.043750 0.283750 0.010000 0.007500
6 0.057500 0.288750 0.007500 0.007500
6 0.057500 0.273750 0.007500 0.007500
6 0.058750 0.280000 0.007500 0.007500
6 0.057500 0.266250 0.005000 0.007500
6 0.038750 0.241250 0.007500 0.007500
6 0.018750 0.267500 0.005000 0.005000
