6 0.190000 0.730000 0.030000 0.047500
6 0.013750 0.566250 0.042500 0.022500
6 0.002500 0.525000 0.017500 0.025000
6 0.180000 0.470000 0.020000 0.017500
6 0.137500 0.458750 0.017500 0.022500
2 0.198750 0.536250 0.005000 0.017500
6 0.007500 0.487500 0.017500 0.012500
2 0.120000 0.533750 0.005000 0.012500
2 0.005000 0.443750 0.005000 0.007500
6 0.098750 0.056250 0.005000 0.005000
6 0.110000 0.081250 0.005000 0.010000
6 0.108750 0.101250 0.007500 0.007500
6 0.112500 0.115000 0.005000 0.007500
6 0.105000 0.133750 0.007500 0.007500
6 0.106250 0.141250 0.005000 0.005000
6 0.108750 0.151250 0.010000 0.007500
6 0.195000 0.171250 0.007500 0.012500
6 0.292500 0.248750 0.015000 0.007500
6 0.118750 0.285000 0.012500 0.012500
6 0.137500 0.316250 0.010000 0.010000
6 0.138750 0.333750 0.010000 0.012500
6 0.141250 0.347500 0.010000 0.007500
6 0.120000 0.347500 0.012500 0.015000
6 0.040000 0.287500 0.012500 0.007500
6 0.057500 0.310000 0.007500 0.010000
2 0.030000 0.312500 0.005000 0.005000
2 0.181250 0.346250 0.005000 0.007500
2 0.275000 0.443750 0.002500 0.012500
6 0.510000 0.301250 0.012500 0.010000
6 0.577500 0.301250 0.017500 0.007500
6 0.551250 0.288750 0.010000 0.012500
6 0.490000 0.283750 0.012500 0.010000
6 0.396250 0.508750 0.032500 0.020000
6 0.357500 0.585000 0.042500 0.025000
6 0.396250 0.623750 0.047500 0.022500
6 0.405000 0.643750 0.032500 0.015000
6 0.428750 0.696250 0.050000 0.030000
6 0.441250 0.737500 0.065000 0.037500
6 0.460000 0.821250 0.065000 0.035000
6 0.500000 0.862500 0.080000 0.037500
6 0.490000 0.846250 0.070000 0.037500
6 0.510000 0.900000 0.102500 0.040000
6 0.507500 0.935000 0.097500 0.040000
2 0.418750 0.567500 0.005000 0.012500
6 0.401250 0.375000 0.040000 0.022500
6 0.456250 0.370000 0.030000 0.017500
