6 0.278750 0.996250 0.095000 0.035000
2 0.617500 0.987500 0.017500 0.025000
6 0.671250 0.975000 0.035000 0.045000
6 0.585000 0.938750 0.032500 0.030000
6 0.575000 0.915000 0.030000 0.027500
6 0.565000 0.893750 0.032500 0.022500
6 0.561250 0.872500 0.030000 0.022500
6 0.335000 0.900000 0.032500 0.037500
6 0.301250 0.865000 0.062500 0.025000
6 0.300000 0.851250 0.060000 0.022500
6 0.301250 0.841250 0.060000 0.017500
6 0.302500 0.826250 0.050000 0.020000
2 0.637500 0.928750 0.010000 0.030000
2 0.623750 0.930000 0.010000 0.030000
6 0.541250 0.817500 0.020000 0.020000
6 0.536250 0.788750 0.020000 0.017500
6 0.523750 0.752500 0.012500 0.012500
6 0.518750 0.737500 0.015000 0.012500
6 0.493750 0.710000 0.027500 0.010000
6 0.475000 0.707500 0.025000 0.010000
6 0.515000 0.691250 0.012500 0.010000
6 0.515000 0.687500 0.010000 0.012500
6 0.468750 0.673750 0.010000 0.010000
6 0.477500 0.663750 0.007500 0.010000
6 0.456250 0.682500 0.015000 0.010000
6 0.433750 0.718750 0.025000 0.012500
6 0.356250 0.771250 0.015000 0.017500
6 0.330000 0.766250 0.015000 0.015000
