6 0.398750 0.357500 0.010000 0.007500
6 0.415000 0.352500 0.012500 0.012500
6 0.433750 0.346250 0.012500 0.010000
6 0.460000 0.335000 0.012500 0.012500
6 0.491250 0.332500 0.012500 0.010000
6 0.505000 0.360000 0.027500 0.042500
6 0.530000 0.328750 0.012500 0.015000
6 0.531250 0.358750 0.017500 0.032500
6 0.451250 0.347500 0.012500 0.012500
6 0.420000 0.376250 0.012500 0.015000
6 0.390000 0.390000 0.017500 0.015000
6 0.396250 0.427500 0.012500 0.020000
6 0.420000 0.423750 0.020000 0.015000
6 0.443750 0.373750 0.012500 0.012500
6 0.470000 0.353750 0.015000 0.015000
6 0.450000 0.387500 0.017500 0.012500
6 0.467500 0.365000 0.015000 0.007500
6 0.467500 0.381250 0.012500 0.012500
6 0.468750 0.391250 0.010000 0.010000
6 0.500000 0.395000 0.030000 0.030000
6 0.523750 0.392500 0.015000 0.020000
6 0.457500 0.413750 0.015000 0.017500
6 0.476250 0.407500 0.012500 0.012500
6 0.483750 0.428750 0.012500 0.015000
6 0.473750 0.462500 0.017500 0.015000
6 0.513750 0.438750 0.027500 0.035000
6 0.502500 0.465000 0.017500 0.010000
6 0.436250 0.521250 0.017500 0.020000
6 0.355000 0.456250 0.015000 0.020000
6 0.350000 0.386250 0.015000 0.017500
6 0.553750 0.387500 0.010000 0.015000
6 0.538750 0.417500 0.017500 0.022500
6 0.555000 0.441250 0.015000 0.017500
2 0.540000 0.452500 0.007500 0.022500
6 0.565000 0.465000 0.022500 0.027500
6 0.575000 0.488750 0.027500 0.020000
6 0.501250 0.482500 0.020000 0.015000
6 0.463750 0.511250 0.022500 0.027500
6 0.491250 0.501250 0.017500 0.017500
6 0.475000 0.527500 0.022500 0.015000
6 0.502500 0.528750 0.017500 0.015000
6 0.516250 0.513750 0.020000 0.015000
6 0.526250 0.483750 0.020000 0.015000
6 0.542500 0.518750 0.015000 0.015000
6 0.577500 0.515000 0.040000 0.017500
6 0.632500 0.517500 0.032500 0.020000
6 0.712500 0.516250 0.040000 0.015000
2 0.645000 0.500000 0.012500 0.012500
2 0.542500 0.542500 0.005000 0.012500
6 0.553750 0.546250 0.012500 0.010000
2 0.482500 0.548750 0.010000 0.020000
6 0.512500 0.557500 0.022500 0.017500
6 0.540000 0.565000 0.017500 0.022500
6 0.573750 0.580000 0.022500 0.030000
6 0.555000 0.605000 0.025000 0.022500
6 0.528750 0.620000 0.020000 0.022500
6 0.571250 0.643750 0.025000 0.027500
6 0.595000 0.627500 0.022500 0.022500
6 0.640000 0.571250 0.017500 0.017500
6 0.645000 0.605000 0.025000 0.020000
6 0.655000 0.620000 0.017500 0.017500
6 0.662500 0.633750 0.020000 0.017500
6 0.672500 0.653750 0.025000 0.022500
6 0.692500 0.682500 0.027500 0.022500
6 0.618750 0.676250 0.025000 0.025000
6 0.587500 0.681250 0.025000 0.020000
6 0.638750 0.727500 0.027500 0.027500
6 0.610000 0.745000 0.025000 0.025000
2 0.698750 0.740000 0.010000 0.020000
6 0.726250 0.750000 0.032500 0.027500
6 0.741250 0.782500 0.027500 0.027500
6 0.768750 0.818750 0.037500 0.027500
6 0.802500 0.856250 0.042500 0.037500
6 0.688750 0.810000 0.032500 0.032500
6 0.652500 0.828750 0.030000 0.032500
6 0.672500 0.875000 0.035000 0.042500
6 0.667500 0.955000 0.035000 0.040000
6 0.408750 0.907500 0.052500 0.115000
2 0.440000 0.881250 0.015000 0.015000
2 0.457500 0.917500 0.015000 0.017500
6 0.393750 0.833750 0.030000 0.035000
6 0.392500 0.801250 0.027500 0.027500
6 0.390000 0.775000 0.022500 0.027500
6 0.386250 0.748750 0.025000 0.025000
6 0.382500 0.725000 0.022500 0.025000
6 0.380000 0.697500 0.022500 0.027500
6 0.377500 0.676250 0.020000 0.020000
6 0.375000 0.650000 0.017500 0.025000
6 0.408750 0.978750 0.032500 0.057500
6 0.010000 0.722500 0.060000 0.025000
6 0.932500 0.342500 0.025000 0.020000
