6 0.990000 0.256250 0.047500 0.055000
6 0.977500 0.222500 0.040000 0.055000
6 0.968750 0.196250 0.045000 0.050000
6 0.957500 0.170000 0.060000 0.040000
2 0.971250 0.137500 0.010000 0.032500
2 0.870000 0.125000 0.017500 0.020000
2 0.875000 0.153750 0.015000 0.030000
2 0.775000 0.135000 0.010000 0.027500
2 0.742500 0.158750 0.007500 0.027500
2 0.716250 0.152500 0.012500 0.027500
2 0.677500 0.166250 0.012500 0.032500
2 0.706250 0.068750 0.010000 0.025000
2 0.810000 0.126250 0.010000 0.027500
2 0.666250 0.157500 0.012500 0.027500
6 0.800000 0.135000 0.015000 0.027500
2 0.800000 0.125000 0.007500 0.025000
6 0.938750 0.145000 0.040000 0.040000
6 0.928750 0.118750 0.035000 0.030000
6 0.920000 0.098750 0.030000 0.032500
6 0.987500 0.040000 0.027500 0.022500
6 0.946250 0.052500 0.030000 0.025000
6 0.897500 0.041250 0.025000 0.022500
6 0.923750 0.015000 0.022500 0.017500
2 0.881250 0.028750 0.010000 0.020000
6 0.882500 0.006250 0.022500 0.022500
6 0.972500 0.021250 0.027500 0.020000
6 0.963750 0.007500 0.037500 0.027500
2 0.078750 0.045000 0.012500 0.017500
2 0.136250 0.018750 0.010000 0.020000
6 0.013750 0.025000 0.027500 0.025000
2 0.176250 0.125000 0.012500 0.025000
2 0.155000 0.128750 0.012500 0.027500
2 0.160000 0.122500 0.010000 0.025000
2 0.122500 0.123750 0.012500 0.025000
2 0.125000 0.118750 0.012500 0.025000
