6 0.540000 0.088750 0.017500 0.020000
6 0.561250 0.065000 0.017500 0.015000
6 0.548750 0.127500 0.020000 0.022500
6 0.575000 0.147500 0.020000 0.020000
2 0.377500 0.231250 0.007500 0.007500
2 0.762500 0.477500 0.012500 0.017500
2 0.716250 0.428750 0.007500 0.015000
2 0.622500 0.302500 0.007500 0.015000
2 0.630000 0.245000 0.010000 0.017500
2 0.642500 0.226250 0.010000 0.015000
2 0.607500 0.107500 0.007500 0.012500
2 0.385000 0.175000 0.007500 0.010000
2 0.676250 0.330000 0.007500 0.020000
2 0.675000 0.317500 0.007500 0.015000
2 0.898750 0.762500 0.015000 0.020000
2 0.061250 0.995000 0.017500 0.020000
2 0.125000 0.792500 0.017500 0.022500
2 0.138750 0.717500 0.017500 0.027500
