6 0.725000 0.495000 0.020000 0.030000
6 0.610000 0.513750 0.017500 0.027500
6 0.668750 0.451250 0.017500 0.027500
6 0.757500 0.586250 0.045000 0.022500
6 0.742500 0.570000 0.045000 0.017500
6 0.848750 0.696250 0.047500 0.022500
6 0.863750 0.730000 0.032500 0.032500
6 0.597500 0.551250 0.010000 0.015000
6 0.601250 0.535000 0.012500 0.012500
6 0.628750 0.465000 0.015000 0.007500
6 0.727500 0.473750 0.007500 0.007500
6 0.842500 0.508750 0.022500 0.012500
6 0.797500 0.443750 0.020000 0.005000
6 0.797500 0.441250 0.020000 0.007500
6 0.748750 0.451250 0.022500 0.012500
6 0.721250 0.453750 0.017500 0.007500
6 0.713750 0.468750 0.007500 0.012500
6 0.818750 0.470000 0.010000 0.010000
6 0.846250 0.466250 0.015000 0.010000
6 0.017500 0.902500 0.035000 0.060000
6 0.205000 0.557500 0.032500 0.007500
6 0.211250 0.565000 0.030000 0.010000
6 0.313750 0.613750 0.022500 0.020000
6 0.231250 0.615000 0.017500 0.020000
6 0.077500 0.552500 0.032500 0.017500
6 0.530000 0.548750 0.020000 0.022500
6 0.953750 0.963750 0.070000 0.042500
6 0.967500 0.915000 0.075000 0.037500
6 0.956250 0.890000 0.072500 0.030000
