2 0.476250 0.788750 0.010000 0.020000
6 0.631250 0.810000 0.072500 0.050000
6 0.652500 0.766250 0.055000 0.037500
6 0.573750 0.765000 0.052500 0.030000
6 0.462500 0.721250 0.032500 0.022500
6 0.433750 0.690000 0.030000 0.020000
6 0.572500 0.708750 0.035000 0.020000
6 0.546250 0.683750 0.025000 0.020000
6 0.506250 0.668750 0.020000 0.012500
6 0.250000 0.625000 0.010000 0.007500
6 0.346250 0.642500 0.015000 0.010000
6 0.315000 0.635000 0.010000 0.010000
6 0.320000 0.626250 0.010000 0.005000
6 0.433750 0.657500 0.017500 0.015000
6 0.426250 0.646250 0.015000 0.007500
6 0.423750 0.640000 0.015000 0.007500
6 0.435000 0.632500 0.012500 0.007500
6 0.413750 0.628750 0.010000 0.010000
6 0.392500 0.641250 0.012500 0.010000
6 0.393750 0.625000 0.010000 0.007500
6 0.366250 0.620000 0.010000 0.007500
6 0.331250 0.613750 0.007500 0.007500
6 0.336250 0.611250 0.007500 0.005000
