6 0.001250 0.638750 0.032500 0.042500
6 0.056250 0.363750 0.022500 0.025000
6 0.005000 0.320000 0.020000 0.020000
6 0.018750 0.293750 0.020000 0.017500
6 0.098750 0.267500 0.017500 0.017500
6 0.138750 0.202500 0.012500 0.017500
6 0.058750 0.205000 0.015000 0.012500
6 0.082500 0.192500 0.012500 0.015000
6 0.085000 0.160000 0.010000 0.015000
6 0.170000 0.163750 0.020000 0.015000
6 0.063750 0.236250 0.015000 0.017500
6 0.065000 0.140000 0.010000 0.012500
6 0.088750 0.128750 0.010000 0.012500
6 0.031250 0.047500 0.010000 0.007500
6 0.036250 0.062500 0.012500 0.007500
6 0.157500 0.147500 0.015000 0.020000
6 0.105000 0.317500 0.020000 0.025000
6 0.011250 0.485000 0.025000 0.040000
