2 0.175000 0.001250 0.007500 0.010000
2 0.175000 0.016250 0.007500 0.010000
2 0.188750 0.013750 0.007500 0.010000
2 0.181250 0.013750 0.005000 0.010000
2 0.208750 0.781250 0.005000 0.012500
2 0.213750 0.783750 0.007500 0.015000
2 0.221250 0.782500 0.007500 0.012500
2 0.181250 0.587500 0.007500 0.007500
2 0.112500 0.807500 0.007500 0.010000
2 0.106250 0.813750 0.007500 0.012500
6 0.122500 0.636250 0.027500 0.040000
6 0.075000 0.202500 0.047500 0.020000
6 0.076250 0.130000 0.050000 0.017500
6 0.081250 0.071250 0.025000 0.040000
