2 0.005000 0.703750 0.017500 0.025000
2 0.038750 0.637500 0.015000 0.037500
2 0.185000 0.758750 0.025000 0.022500
2 0.191250 0.686250 0.020000 0.025000
2 0.151250 0.503750 0.012500 0.020000
2 0.076250 0.488750 0.017500 0.035000
2 0.165000 0.452500 0.017500 0.022500
2 0.108750 0.473750 0.017500 0.037500
2 0.121250 0.473750 0.015000 0.035000
2 0.112500 0.375000 0.012500 0.030000
2 0.098750 0.316250 0.015000 0.035000
2 0.055000 0.423750 0.015000 0.027500
2 0.060000 0.415000 0.020000 0.027500
2 0.057500 0.326250 0.012500 0.025000
2 0.106250 0.198750 0.012500 0.035000
2 0.095000 0.197500 0.007500 0.030000
2 0.066250 0.221250 0.010000 0.020000
2 0.073750 0.187500 0.010000 0.030000
2 0.147500 0.158750 0.012500 0.030000
2 0.123750 0.086250 0.010000 0.035000
2 0.105000 0.092500 0.012500 0.030000
2 0.083750 0.108750 0.010000 0.030000
2 0.076250 0.108750 0.007500 0.032500
2 0.107500 0.171250 0.012500 0.027500
2 0.095000 0.172500 0.012500 0.030000
2 0.077500 0.168750 0.010000 0.022500
2 0.062500 0.178750 0.005000 0.012500
2 0.053750 0.183750 0.012500 0.025000
2 0.066250 0.116250 0.007500 0.012500
2 0.071250 0.147500 0.010000 0.020000
2 0.058750 0.102500 0.012500 0.022500
2 0.072500 0.026250 0.007500 0.022500
