6 0.077500 0.580000 0.055000 0.015000
2 0.100000 0.607500 0.007500 0.017500
2 0.085000 0.607500 0.007500 0.017500
2 0.075000 0.608750 0.007500 0.017500
2 0.047500 0.608750 0.007500 0.020000
2 0.041250 0.616250 0.005000 0.020000
2 0.026250 0.605000 0.012500 0.022500
2 0.027500 0.630000 0.010000 0.020000
2 0.056250 0.542500 0.010000 0.012500
6 0.015000 0.545000 0.030000 0.017500
6 0.142500 0.585000 0.052500 0.015000
6 0.153750 0.581250 0.057500 0.015000
2 0.126250 0.571250 0.007500 0.020000
2 0.077500 0.547500 0.007500 0.015000
2 0.133750 0.553750 0.005000 0.012500
6 0.197500 0.541250 0.032500 0.015000
6 0.242500 0.533750 0.040000 0.020000
6 0.278750 0.530000 0.035000 0.015000
6 0.258750 0.565000 0.027500 0.012500
2 0.252500 0.562500 0.010000 0.015000
6 0.238750 0.586250 0.052500 0.017500
6 0.306250 0.581250 0.052500 0.017500
2 0.328750 0.597500 0.010000 0.015000
2 0.343750 0.597500 0.010000 0.020000
2 0.386250 0.596250 0.010000 0.012500
2 0.451250 0.598750 0.010000 0.020000
2 0.466250 0.597500 0.007500 0.020000
2 0.295000 0.540000 0.010000 0.015000
2 0.402500 0.513750 0.007500 0.017500
2 0.351250 0.546250 0.007500 0.015000
2 0.362500 0.546250 0.007500 0.015000
2 0.390000 0.550000 0.007500 0.015000
6 0.378750 0.578750 0.120000 0.035000
2 0.483750 0.595000 0.007500 0.015000
2 0.446250 0.557500 0.007500 0.017500
6 0.186250 0.527500 0.042500 0.017500
6 0.803750 0.581250 0.040000 0.015000
2 0.943750 0.606250 0.010000 0.020000
2 0.978750 0.607500 0.010000 0.017500
2 0.988750 0.608750 0.007500 0.022500
2 0.997500 0.607500 0.005000 0.017500
2 0.902500 0.606250 0.007500 0.020000
2 0.886250 0.608750 0.010000 0.020000
2 0.800000 0.603750 0.007500 0.015000
2 0.735000 0.605000 0.007500 0.017500
2 0.721250 0.603750 0.007500 0.020000
6 0.957500 0.600000 0.045000 0.017500
6 0.946250 0.583750 0.042500 0.015000
6 0.602500 0.590000 0.052500 0.015000
2 0.590000 0.566250 0.010000 0.017500
2 0.516250 0.563750 0.007500 0.017500
2 0.682500 0.565000 0.005000 0.012500
2 0.677500 0.566250 0.010000 0.015000
2 0.663750 0.566250 0.007500 0.015000
2 0.648750 0.563750 0.007500 0.017500
2 0.637500 0.562500 0.007500 0.015000
2 0.673750 0.602500 0.005000 0.017500
2 0.648750 0.601250 0.005000 0.017500
2 0.666250 0.601250 0.007500 0.017500
