2 0.687500 0.930000 0.027500 0.025000
2 0.677500 0.935000 0.027500 0.022500
2 0.440000 0.920000 0.020000 0.025000
2 0.462500 0.906250 0.025000 0.017500
2 0.472500 0.896250 0.027500 0.020000
2 0.501250 0.780000 0.017500 0.020000
6 0.495000 0.808750 0.060000 0.042500
6 0.511250 0.770000 0.052500 0.040000
6 0.648750 0.360000 0.022500 0.022500
6 0.631250 0.372500 0.015000 0.012500
6 0.626250 0.376250 0.017500 0.012500
6 0.816250 0.792500 0.042500 0.095000
6 0.872500 0.733750 0.042500 0.095000
6 0.946250 0.671250 0.042500 0.082500
6 0.990000 0.613750 0.052500 0.075000
6 0.826250 0.702500 0.042500 0.070000
6 0.885000 0.643750 0.040000 0.072500
6 0.838750 0.632500 0.035000 0.062500
6 0.936250 0.587500 0.040000 0.065000
6 0.985000 0.527500 0.040000 0.057500
6 0.940000 0.527500 0.035000 0.057500
6 0.888750 0.575000 0.035000 0.057500
6 0.843750 0.567500 0.035000 0.055000
6 0.885000 0.522500 0.030000 0.052500
6 0.848750 0.520000 0.030000 0.042500
6 0.977500 0.473750 0.032500 0.052500
6 0.935000 0.471250 0.035000 0.052500
6 0.892500 0.471250 0.030000 0.042500
2 0.870000 0.465000 0.012500 0.017500
2 0.901250 0.431250 0.015000 0.017500
2 0.906250 0.427500 0.015000 0.020000
6 0.851250 0.470000 0.032500 0.042500
6 0.855000 0.435000 0.025000 0.035000
6 0.886250 0.432500 0.027500 0.045000
6 0.933750 0.432500 0.030000 0.037500
6 0.972500 0.422500 0.032500 0.042500
6 0.928750 0.386250 0.027500 0.037500
6 0.962500 0.378750 0.030000 0.040000
6 0.896250 0.376250 0.022500 0.032500
6 0.897500 0.345000 0.020000 0.030000
6 0.960000 0.347500 0.022500 0.030000
6 0.956250 0.313750 0.025000 0.030000
6 0.948750 0.293750 0.022500 0.027500
6 0.927500 0.312500 0.020000 0.027500
6 0.927500 0.277500 0.017500 0.022500
6 0.985000 0.245000 0.020000 0.022500
6 0.973750 0.206250 0.015000 0.022500
6 0.998750 0.205000 0.017500 0.022500
6 0.997500 0.175000 0.015000 0.015000
6 0.968750 0.191250 0.012500 0.015000
6 0.985000 0.161250 0.012500 0.012500
6 0.965000 0.171250 0.015000 0.015000
6 0.982500 0.152500 0.010000 0.012500
6 0.963750 0.156250 0.010000 0.010000
6 0.957500 0.147500 0.012500 0.012500
6 0.976250 0.137500 0.010000 0.010000
6 0.953750 0.133750 0.007500 0.010000
6 0.975000 0.108750 0.010000 0.010000
6 0.953750 0.122500 0.007500 0.010000
6 0.962500 0.110000 0.007500 0.007500
6 0.947500 0.118750 0.005000 0.010000
6 0.946250 0.107500 0.007500 0.005000
6 0.956250 0.102500 0.005000 0.007500
6 0.945000 0.100000 0.007500 0.007500
6 0.955000 0.092500 0.007500 0.005000
6 0.952500 0.088750 0.007500 0.007500
6 0.941250 0.091250 0.005000 0.005000
6 0.938750 0.086250 0.007500 0.005000
6 0.948750 0.081250 0.005000 0.007500
6 0.947500 0.073750 0.005000 0.002500
6 0.936250 0.081250 0.005000 0.005000
6 0.906250 0.066250 0.007500 0.010000
6 0.913750 0.062500 0.005000 0.005000
6 0.900000 0.072500 0.005000 0.005000
6 0.921250 0.065000 0.005000 0.005000
6 0.918750 0.070000 0.005000 0.005000
6 0.897500 0.090000 0.005000 0.002500
6 0.906250 0.088750 0.005000 0.005000
6 0.913750 0.083750 0.005000 0.005000
6 0.920000 0.081250 0.005000 0.005000
6 0.921250 0.097500 0.005000 0.005000
6 0.906250 0.096250 0.005000 0.005000
6 0.885000 0.128750 0.007500 0.010000
6 0.896250 0.128750 0.005000 0.007500
6 0.903750 0.132500 0.010000 0.007500
6 0.913750 0.140000 0.007500 0.010000
6 0.878750 0.160000 0.010000 0.012500
6 0.898750 0.151250 0.007500 0.007500
6 0.886250 0.192500 0.010000 0.015000
6 0.935000 0.173750 0.012500 0.015000
6 0.897500 0.206250 0.012500 0.017500
2 0.913750 0.207500 0.007500 0.012500
6 0.757500 0.281250 0.022500 0.015000
6 0.760000 0.275000 0.017500 0.015000
6 0.801250 0.273750 0.025000 0.015000
6 0.777500 0.250000 0.020000 0.017500
