2 0.310000 0.893750 0.017500 0.025000
2 0.482500 0.743750 0.017500 0.025000
2 0.621250 0.502500 0.010000 0.022500
2 0.583750 0.500000 0.012500 0.022500
2 0.535000 0.238750 0.007500 0.017500
2 0.717500 0.305000 0.007500 0.020000
2 0.710000 0.280000 0.005000 0.020000
2 0.703750 0.201250 0.005000 0.020000
2 0.705000 0.173750 0.007500 0.020000
2 0.661250 0.168750 0.007500 0.017500
6 0.757500 0.351250 0.035000 0.040000
6 0.777500 0.258750 0.055000 0.097500
6 0.795000 0.203750 0.027500 0.027500
6 0.807500 0.166250 0.022500 0.032500
2 0.775000 0.118750 0.007500 0.015000
2 0.781250 0.093750 0.007500 0.012500
6 0.801250 0.027500 0.020000 0.020000
6 0.815000 0.073750 0.017500 0.022500
6 0.813750 0.116250 0.020000 0.022500
6 0.725000 0.417500 0.037500 0.040000
