6 0.191250 0.550000 0.040000 0.072500
2 0.231250 0.625000 0.010000 0.030000
2 0.243750 0.631250 0.010000 0.027500
2 0.252500 0.602500 0.012500 0.027500
2 0.196250 0.292500 0.007500 0.022500
2 0.002500 0.340000 0.007500 0.025000
2 0.006250 0.258750 0.007500 0.025000
2 0.018750 0.226250 0.007500 0.020000
2 0.022500 0.182500 0.007500 0.017500
2 0.043750 0.145000 0.005000 0.015000
2 0.068750 0.158750 0.007500 0.020000
2 0.122500 0.145000 0.005000 0.017500
2 0.071250 0.123750 0.005000 0.015000
2 0.127500 0.072500 0.005000 0.015000
2 0.127500 0.121250 0.005000 0.017500
2 0.092500 0.142500 0.007500 0.015000
2 0.087500 0.131250 0.005000 0.017500
2 0.093750 0.131250 0.005000 0.015000
2 0.096250 0.126250 0.005000 0.015000
2 0.102500 0.125000 0.005000 0.015000
2 0.206250 0.153750 0.005000 0.015000
2 0.207500 0.157500 0.007500 0.010000
2 0.141250 0.126250 0.002500 0.007500
2 0.145000 0.122500 0.005000 0.017500
2 0.138750 0.090000 0.005000 0.015000
2 0.151250 0.102500 0.005000 0.017500
2 0.153750 0.115000 0.005000 0.017500
2 0.158750 0.117500 0.005000 0.015000
2 0.161250 0.112500 0.007500 0.017500
2 0.167500 0.115000 0.005000 0.017500
2 0.182500 0.107500 0.005000 0.015000
2 0.202500 0.103750 0.005000 0.015000
