2 0.706250 0.868750 0.017500 0.032500
2 0.858750 0.856250 0.017500 0.020000
2 0.901250 0.833750 0.015000 0.012500
2 0.927500 0.825000 0.017500 0.017500
2 0.921250 0.888750 0.020000 0.015000
2 0.567500 0.963750 0.025000 0.030000
2 0.668750 0.806250 0.020000 0.012500
2 0.708750 0.775000 0.022500 0.030000
2 0.730000 0.738750 0.017500 0.027500
2 0.640000 0.715000 0.017500 0.020000
2 0.730000 0.611250 0.017500 0.022500
6 0.698750 0.630000 0.032500 0.067500
2 0.881250 0.775000 0.017500 0.015000
2 0.917500 0.693750 0.012500 0.020000
2 0.930000 0.702500 0.012500 0.015000
6 0.880000 0.466250 0.052500 0.115000
6 0.965000 0.492500 0.107500 0.050000
2 0.657500 0.452500 0.015000 0.022500
2 0.673750 0.461250 0.015000 0.015000
2 0.676250 0.395000 0.017500 0.020000
2 0.663750 0.296250 0.017500 0.015000
2 0.660000 0.232500 0.015000 0.015000
2 0.687500 0.231250 0.017500 0.017500
2 0.661250 0.192500 0.020000 0.015000
2 0.793750 0.187500 0.017500 0.015000
2 0.773750 0.131250 0.017500 0.015000
2 0.952500 0.077500 0.015000 0.017500
