6 0.736250 0.998750 0.052500 0.075000
6 0.787500 0.997500 0.052500 0.062500
6 0.560000 0.655000 0.047500 0.030000
6 0.291250 0.421250 0.012500 0.020000
6 0.490000 0.308750 0.007500 0.012500
6 0.432500 0.386250 0.010000 0.010000
6 0.446250 0.361250 0.010000 0.007500
6 0.358750 0.326250 0.007500 0.007500
6 0.501250 0.268750 0.007500 0.012500
6 0.410000 0.267500 0.010000 0.015000
6 0.362500 0.263750 0.027500 0.012500
6 0.388750 0.273750 0.007500 0.005000
6 0.512500 0.283750 0.010000 0.015000
6 0.502500 0.295000 0.005000 0.005000
6 0.475000 0.350000 0.030000 0.050000
6 0.447500 0.395000 0.005000 0.012500
6 0.402500 0.471250 0.005000 0.012500
6 0.638750 0.503750 0.030000 0.017500
6 0.633750 0.497500 0.030000 0.017500
6 0.837500 0.547500 0.030000 0.027500
6 0.815000 0.548750 0.022500 0.030000
6 0.756250 0.541250 0.022500 0.027500
6 0.867500 0.548750 0.027500 0.032500
6 0.940000 0.555000 0.030000 0.025000
6 0.871250 0.586250 0.040000 0.020000
6 0.156250 0.368750 0.017500 0.012500
6 0.162500 0.366250 0.017500 0.007500
6 0.168750 0.363750 0.012500 0.010000
6 0.191250 0.366250 0.010000 0.010000
6 0.153750 0.373750 0.017500 0.007500
