6 0.041250 0.037500 0.042500 0.050000
6 0.172500 0.007500 0.070000 0.042500
6 0.046250 0.153750 0.022500 0.025000
6 0.077500 0.075000 0.020000 0.022500
6 0.098750 0.026250 0.015000 0.015000
6 0.075000 0.050000 0.015000 0.017500
2 0.038750 0.081250 0.005000 0.015000
6 0.006250 0.153750 0.032500 0.032500
2 0.140000 0.367500 0.012500 0.027500
2 0.133750 0.420000 0.012500 0.030000
2 0.148750 0.547500 0.012500 0.032500
2 0.131250 0.488750 0.015000 0.035000
2 0.113750 0.435000 0.010000 0.030000
2 0.123750 0.678750 0.020000 0.037500
2 0.058750 0.783750 0.022500 0.020000
2 0.586250 0.365000 0.012500 0.017500
2 0.392500 0.311250 0.012500 0.012500
2 0.515000 0.433750 0.020000 0.015000
2 0.540000 0.478750 0.017500 0.022500
2 0.265000 0.303750 0.017500 0.032500
2 0.243750 0.332500 0.007500 0.025000
2 0.406250 0.310000 0.015000 0.015000
6 0.453750 0.133750 0.065000 0.085000
6 0.431250 0.003750 0.072500 0.042500
2 0.430000 0.336250 0.010000 0.012500
2 0.502500 0.157500 0.010000 0.015000
