6 0.521250 0.385000 0.002500 0.002500
6 0.522500 0.380000 0.002500 0.002500
6 0.526250 0.375000 0.002500 0.002500
6 0.525000 0.372500 0.002500 0.002500
6 0.535000 0.366250 0.002500 0.002500
6 0.540000 0.366250 0.002500 0.002500
6 0.543750 0.362500 0.002500 0.002500
6 0.530000 0.378750 0.002500 0.002500
6 0.532500 0.377500 0.002500 0.005000
6 0.528750 0.383750 0.002500 0.002500
6 0.546250 0.372500 0.005000 0.002500
6 0.545000 0.376250 0.002500 0.002500
6 0.557500 0.367500 0.005000 0.005000
6 0.557500 0.381250 0.005000 0.005000
6 0.540000 0.382500 0.005000 0.002500
6 0.533750 0.383750 0.005000 0.002500
6 0.527500 0.390000 0.002500 0.005000
6 0.535000 0.387500 0.002500 0.005000
6 0.538750 0.391250 0.002500 0.002500
6 0.547500 0.386250 0.005000 0.005000
6 0.551250 0.391250 0.005000 0.005000
6 0.550000 0.398750 0.005000 0.005000
6 0.570000 0.381250 0.005000 0.005000
6 0.560000 0.403750 0.005000 0.005000
6 0.551250 0.408750 0.005000 0.005000
6 0.580000 0.385000 0.005000 0.005000
6 0.571250 0.403750 0.005000 0.005000
6 0.583750 0.397500 0.007500 0.007500
6 0.587500 0.387500 0.005000 0.005000
6 0.606250 0.382500 0.005000 0.005000
6 0.595000 0.396250 0.007500 0.007500
6 0.578750 0.418750 0.007500 0.007500
6 0.591250 0.415000 0.005000 0.005000
6 0.593750 0.443750 0.007500 0.010000
6 0.636250 0.406250 0.010000 0.007500
6 0.606250 0.420000 0.007500 0.007500
6 0.707500 0.422500 0.012500 0.012500
6 0.623750 0.432500 0.015000 0.015000
6 0.673750 0.398750 0.007500 0.007500
6 0.638750 0.461250 0.010000 0.012500
6 0.623750 0.468750 0.012500 0.012500
6 0.617500 0.462500 0.010000 0.010000
6 0.692500 0.476250 0.012500 0.015000
6 0.988750 0.488750 0.047500 0.027500
6 0.995000 0.296250 0.050000 0.040000
6 0.873750 0.897500 0.062500 0.055000
6 0.683750 0.930000 0.040000 0.057500
6 0.720000 0.873750 0.035000 0.042500
6 0.872500 0.821250 0.055000 0.055000
6 0.815000 0.767500 0.040000 0.045000
6 0.780000 0.728750 0.042500 0.042500
6 0.790000 0.810000 0.042500 0.047500
6 0.733750 0.735000 0.032500 0.037500
6 0.691250 0.740000 0.032500 0.035000
6 0.617500 0.763750 0.057500 0.075000
6 0.558750 0.797500 0.020000 0.035000
6 0.632500 0.691250 0.022500 0.030000
6 0.701250 0.680000 0.025000 0.030000
6 0.676250 0.597500 0.020000 0.025000
6 0.567500 0.651250 0.015000 0.020000
6 0.531250 0.632500 0.012500 0.017500
6 0.567500 0.615000 0.012500 0.020000
6 0.587500 0.597500 0.015000 0.015000
6 0.511250 0.550000 0.022500 0.022500
6 0.550000 0.558750 0.010000 0.012500
6 0.581250 0.540000 0.015000 0.020000
6 0.601250 0.530000 0.015000 0.012500
6 0.558750 0.530000 0.012500 0.010000
6 0.551250 0.513750 0.010000 0.012500
6 0.508750 0.528750 0.007500 0.010000
6 0.513750 0.507500 0.005000 0.007500
6 0.562500 0.491250 0.010000 0.010000
6 0.555000 0.466250 0.007500 0.007500
6 0.550000 0.461250 0.010000 0.010000
6 0.532500 0.476250 0.007500 0.007500
6 0.530000 0.465000 0.007500 0.007500
6 0.535000 0.453750 0.005000 0.007500
6 0.541250 0.446250 0.005000 0.005000
6 0.531250 0.445000 0.005000 0.007500
6 0.526250 0.438750 0.005000 0.007500
6 0.518750 0.450000 0.007500 0.007500
6 0.511250 0.456250 0.005000 0.007500
