6 0.915000 0.610000 0.052500 0.095000
6 0.781250 0.736250 0.050000 0.090000
6 0.867500 0.277500 0.040000 0.060000
6 0.662500 0.191250 0.040000 0.055000
6 0.715000 0.075000 0.045000 0.075000
2 0.408750 0.081250 0.015000 0.030000
2 0.398750 0.087500 0.012500 0.020000
2 0.371250 0.338750 0.010000 0.022500
2 0.471250 0.238750 0.015000 0.027500
2 0.523750 0.142500 0.010000 0.012500
2 0.441250 0.358750 0.015000 0.025000
2 0.333750 0.390000 0.012500 0.020000
2 0.473750 0.502500 0.015000 0.017500
2 0.403750 0.501250 0.012500 0.020000
2 0.342500 0.500000 0.012500 0.017500
2 0.316250 0.816250 0.015000 0.020000
2 0.142500 0.723750 0.027500 0.032500
2 0.136250 0.970000 0.025000 0.025000
2 0.032500 0.972500 0.035000 0.020000
2 0.528750 0.131250 0.007500 0.012500
2 0.432500 0.350000 0.007500 0.017500
2 0.381250 0.343750 0.012500 0.020000
2 0.360000 0.277500 0.017500 0.025000
2 0.355000 0.487500 0.012500 0.017500
2 0.377500 0.486250 0.010000 0.017500
2 0.403750 0.520000 0.007500 0.015000
2 0.485000 0.491250 0.010000 0.015000
2 0.311250 0.800000 0.022500 0.015000
2 0.376250 0.145000 0.020000 0.022500
