2 0.552500 0.805000 0.010000 0.030000
2 0.558750 0.806250 0.010000 0.030000
6 0.512500 0.787500 0.042500 0.037500
2 0.577500 0.778750 0.010000 0.035000
6 0.570000 0.782500 0.050000 0.040000
2 0.682500 0.703750 0.012500 0.022500
2 0.552500 0.506250 0.005000 0.010000
2 0.526250 0.528750 0.005000 0.012500
2 0.530000 0.528750 0.005000 0.015000
2 0.282500 0.548750 0.005000 0.015000
2 0.306250 0.552500 0.005000 0.017500
2 0.296250 0.483750 0.005000 0.010000
2 0.316250 0.480000 0.005000 0.010000
6 0.051250 0.770000 0.035000 0.045000
