6 0.693750 0.857500 0.052500 0.095000
6 0.558750 0.925000 0.052500 0.097500
6 0.478750 0.783750 0.030000 0.045000
6 0.451250 0.810000 0.032500 0.055000
6 0.422500 0.835000 0.035000 0.055000
2 0.480000 0.633750 0.010000 0.012500
6 0.581250 0.530000 0.030000 0.022500
6 0.557500 0.505000 0.012500 0.012500
6 0.607500 0.440000 0.017500 0.017500
6 0.583750 0.443750 0.010000 0.007500
6 0.650000 0.441250 0.012500 0.017500
6 0.638750 0.433750 0.015000 0.017500
6 0.670000 0.428750 0.015000 0.017500
6 0.712500 0.396250 0.012500 0.012500
6 0.676250 0.406250 0.012500 0.015000
6 0.670000 0.346250 0.005000 0.007500
6 0.651250 0.352500 0.007500 0.007500
6 0.667500 0.316250 0.005000 0.005000
6 0.660000 0.310000 0.002500 0.005000
6 0.628750 0.331250 0.007500 0.007500
6 0.637500 0.337500 0.010000 0.007500
6 0.638750 0.331250 0.007500 0.007500
