6 0.217500 0.241250 0.007500 0.005000
6 0.270000 0.193750 0.005000 0.005000
6 0.251250 0.213750 0.002500 0.002500
6 0.238750 0.230000 0.010000 0.015000
6 0.220000 0.256250 0.015000 0.022500
6 0.205000 0.271250 0.015000 0.020000
6 0.185000 0.270000 0.017500 0.025000
6 0.161250 0.323750 0.020000 0.035000
6 0.161250 0.350000 0.017500 0.020000
6 0.140000 0.376250 0.010000 0.012500
6 0.183750 0.305000 0.010000 0.007500
2 0.100000 0.351250 0.005000 0.010000
6 0.071250 0.360000 0.010000 0.010000
6 0.415000 0.375000 0.012500 0.015000
6 0.403750 0.357500 0.012500 0.020000
6 0.387500 0.326250 0.020000 0.030000
6 0.401250 0.341250 0.012500 0.007500
2 0.743750 0.917500 0.010000 0.017500
6 0.167500 0.303750 0.007500 0.007500
6 0.072500 0.262500 0.015000 0.005000
6 0.048750 0.271250 0.020000 0.007500
6 0.077500 0.293750 0.017500 0.012500
6 0.015000 0.298750 0.017500 0.007500
6 0.105000 0.292500 0.015000 0.010000
