6 0.790000 0.558750 0.042500 0.097500
6 0.780000 0.442500 0.042500 0.095000
6 0.763750 0.338750 0.042500 0.092500
6 0.965000 0.518750 0.040000 0.090000
6 0.955000 0.416250 0.042500 0.090000
6 0.957500 0.321250 0.040000 0.090000
6 0.926250 0.045000 0.040000 0.087500
6 0.988750 0.786250 0.047500 0.107500
6 0.978750 0.648750 0.042500 0.100000
6 0.266250 0.226250 0.092500 0.040000
6 0.426250 0.142500 0.097500 0.042500
6 0.287500 0.287500 0.090000 0.042500
6 0.436250 0.272500 0.085000 0.042500
6 0.538750 0.178750 0.092500 0.042500
6 0.407500 0.221250 0.100000 0.042500
6 0.098750 0.171250 0.100000 0.042500
6 0.633750 0.252500 0.100000 0.040000
6 0.945000 0.173750 0.045000 0.105000
6 0.147500 0.258750 0.120000 0.042500
6 0.735000 0.038750 0.030000 0.067500
6 0.528750 0.266250 0.060000 0.030000
2 0.615000 0.317500 0.012500 0.012500
2 0.700000 0.343750 0.010000 0.012500
2 0.441250 0.313750 0.015000 0.012500
2 0.326250 0.336250 0.020000 0.007500
2 0.406250 0.082500 0.015000 0.017500
2 0.142500 0.105000 0.025000 0.012500
2 0.670000 0.055000 0.012500 0.025000
2 0.681250 0.080000 0.015000 0.017500
2 0.652500 0.085000 0.012500 0.015000
2 0.532500 0.083750 0.017500 0.017500
2 0.537500 0.078750 0.007500 0.007500
2 0.337500 0.092500 0.022500 0.012500
2 0.303750 0.101250 0.025000 0.017500
2 0.333750 0.107500 0.022500 0.015000
2 0.101250 0.116250 0.022500 0.015000
2 0.127500 0.101250 0.015000 0.015000
2 0.295000 0.258750 0.020000 0.010000
2 0.235000 0.197500 0.015000 0.015000
2 0.281250 0.192500 0.017500 0.012500
2 0.506250 0.210000 0.022500 0.015000
2 0.453750 0.188750 0.015000 0.017500
2 0.323750 0.180000 0.020000 0.012500
2 0.663750 0.155000 0.017500 0.017500
2 0.620000 0.190000 0.012500 0.017500
2 0.603750 0.218750 0.015000 0.015000
2 0.551250 0.221250 0.017500 0.017500
2 0.575000 0.202500 0.015000 0.015000
2 0.715000 0.146250 0.012500 0.020000
2 0.767500 0.100000 0.017500 0.022500
2 0.833750 0.341250 0.010000 0.015000
2 0.323750 0.178750 0.015000 0.012500
2 0.327500 0.197500 0.015000 0.010000
2 0.375000 0.190000 0.015000 0.015000
