2 0.631250 0.877500 0.005000 0.012500
2 0.627500 0.868750 0.007500 0.012500
2 0.591250 0.857500 0.005000 0.012500
2 0.527500 0.796250 0.002500 0.007500
2 0.046250 0.852500 0.005000 0.010000
2 0.031250 0.835000 0.005000 0.012500
2 0.208750 0.806250 0.002500 0.012500
2 0.246250 0.802500 0.005000 0.010000
2 0.250000 0.780000 0.002500 0.010000
6 0.385000 0.690000 0.002500 0.002500
6 0.390000 0.691250 0.002500 0.002500
6 0.393750 0.691250 0.002500 0.002500
6 0.400000 0.691250 0.005000 0.002500
6 0.392500 0.700000 0.002500 0.002500
6 0.405000 0.695000 0.002500 0.002500
6 0.398750 0.700000 0.002500 0.002500
6 0.403750 0.701250 0.002500 0.002500
6 0.408750 0.705000 0.005000 0.002500
6 0.406250 0.708750 0.005000 0.005000
6 0.396250 0.711250 0.002500 0.005000
6 0.393750 0.705000 0.005000 0.007500
6 0.387500 0.717500 0.005000 0.005000
6 0.398750 0.717500 0.005000 0.005000
6 0.410000 0.717500 0.005000 0.002500
6 0.407500 0.721250 0.002500 0.005000
6 0.411250 0.725000 0.005000 0.005000
6 0.405000 0.738750 0.005000 0.007500
6 0.423750 0.742500 0.007500 0.005000
6 0.411250 0.750000 0.007500 0.005000
6 0.430000 0.758750 0.007500 0.007500
6 0.440000 0.768750 0.007500 0.007500
6 0.345000 0.696250 0.005000 0.007500
6 0.343750 0.711250 0.002500 0.002500
6 0.361250 0.740000 0.005000 0.005000
6 0.312500 0.722500 0.005000 0.005000
6 0.317500 0.717500 0.005000 0.002500
6 0.297500 0.725000 0.007500 0.005000
6 0.296250 0.727500 0.010000 0.005000
6 0.316250 0.746250 0.007500 0.005000
6 0.326250 0.753750 0.007500 0.007500
6 0.360000 0.770000 0.007500 0.010000
6 0.317500 0.771250 0.010000 0.010000
6 0.313750 0.783750 0.010000 0.012500
6 0.307500 0.798750 0.010000 0.012500
6 0.293750 0.790000 0.012500 0.010000
6 0.273750 0.768750 0.010000 0.010000
6 0.276250 0.800000 0.010000 0.012500
6 0.287500 0.815000 0.012500 0.012500
6 0.301250 0.830000 0.015000 0.015000
6 0.258750 0.840000 0.017500 0.017500
6 0.256250 0.858750 0.020000 0.015000
6 0.313750 0.858750 0.017500 0.020000
6 0.251250 0.766250 0.007500 0.007500
6 0.227500 0.783750 0.015000 0.007500
6 0.223750 0.792500 0.025000 0.010000
6 0.241250 0.810000 0.012500 0.012500
6 0.227500 0.811250 0.015000 0.010000
6 0.223750 0.815000 0.015000 0.010000
6 0.218750 0.820000 0.017500 0.010000
6 0.215000 0.825000 0.015000 0.010000
6 0.211250 0.833750 0.017500 0.012500
6 0.205000 0.842500 0.017500 0.015000
6 0.172500 0.822500 0.020000 0.015000
6 0.183750 0.832500 0.032500 0.010000
6 0.177500 0.837500 0.032500 0.010000
6 0.163750 0.843750 0.030000 0.012500
6 0.130000 0.827500 0.012500 0.012500
6 0.086250 0.836250 0.027500 0.015000
6 0.031250 0.856250 0.040000 0.017500
6 0.037500 0.842500 0.012500 0.015000
6 0.095000 0.860000 0.037500 0.015000
6 0.233750 0.902500 0.027500 0.027500
6 0.336250 0.898750 0.020000 0.025000
6 0.308750 0.920000 0.022500 0.022500
6 0.190000 0.961250 0.032500 0.027500
