6 0.001250 0.283750 0.020000 0.015000
6 0.105000 0.151250 0.007500 0.010000
6 0.068750 0.198750 0.012500 0.012500
6 0.076250 0.193750 0.015000 0.012500
6 0.097500 0.172500 0.015000 0.012500
2 0.115000 0.155000 0.002500 0.010000
6 0.166250 0.131250 0.010000 0.007500
6 0.172500 0.108750 0.012500 0.005000
6 0.176250 0.117500 0.012500 0.007500
6 0.216250 0.126250 0.010000 0.007500
6 0.202500 0.232500 0.010000 0.010000
6 0.247500 0.266250 0.010000 0.012500
2 0.032500 0.468750 0.007500 0.012500
2 0.051250 0.465000 0.005000 0.015000
2 0.281250 0.456250 0.002500 0.015000
2 0.285000 0.456250 0.005000 0.015000
6 0.338750 0.385000 0.032500 0.020000
6 0.308750 0.360000 0.042500 0.030000
6 0.283750 0.207500 0.012500 0.007500
6 0.267500 0.283750 0.020000 0.027500
6 0.268750 0.255000 0.020000 0.022500
6 0.280000 0.248750 0.010000 0.007500
6 0.473750 0.361250 0.022500 0.030000
6 0.951250 0.751250 0.067500 0.032500
