6 0.908750 0.806250 0.030000 0.055000
6 0.696250 0.882500 0.032500 0.047500
6 0.886250 0.488750 0.022500 0.022500
6 0.766250 0.503750 0.017500 0.022500
6 0.787500 0.410000 0.015000 0.017500
6 0.836250 0.475000 0.017500 0.027500
6 0.891250 0.373750 0.010000 0.017500
6 0.847500 0.370000 0.012500 0.012500
6 0.863750 0.335000 0.012500 0.015000
6 0.881250 0.308750 0.012500 0.012500
6 0.858750 0.277500 0.007500 0.012500
6 0.863750 0.526250 0.015000 0.027500
6 0.816250 0.273750 0.007500 0.012500
6 0.862500 0.213750 0.010000 0.010000
6 0.826250 0.231250 0.010000 0.012500
6 0.827500 0.212500 0.007500 0.007500
6 0.838750 0.196250 0.005000 0.010000
6 0.843750 0.181250 0.005000 0.007500
6 0.833750 0.171250 0.007500 0.007500
6 0.846250 0.171250 0.010000 0.010000
6 0.835000 0.163750 0.007500 0.007500
6 0.846250 0.162500 0.010000 0.010000
6 0.847500 0.152500 0.005000 0.010000
6 0.861250 0.181250 0.010000 0.015000
6 0.865000 0.166250 0.012500 0.012500
6 0.832500 0.151250 0.005000 0.002500
6 0.861250 0.248750 0.007500 0.015000
6 0.876250 0.277500 0.012500 0.012500
6 0.873750 0.262500 0.007500 0.012500
6 0.875000 0.243750 0.007500 0.012500
6 0.888750 0.610000 0.025000 0.042500
6 0.856250 0.593750 0.022500 0.035000
6 0.818750 0.602500 0.022500 0.032500
6 0.830000 0.577500 0.017500 0.027500
6 0.832500 0.542500 0.017500 0.025000
6 0.881250 0.887500 0.035000 0.067500
6 0.802500 0.446250 0.015000 0.027500
6 0.878750 0.440000 0.015000 0.020000
6 0.832500 0.508750 0.020000 0.032500
6 0.790000 0.541250 0.017500 0.025000
6 0.796250 0.298750 0.010000 0.015000
6 0.866250 0.293750 0.010000 0.012500
6 0.896250 0.297500 0.012500 0.010000
6 0.800000 0.345000 0.017500 0.027500
2 0.856250 0.426250 0.007500 0.005000
