6 0.263750 0.306250 0.035000 0.017500
6 0.407500 0.365000 0.030000 0.037500
6 0.386250 0.411250 0.030000 0.040000
6 0.138750 0.743750 0.027500 0.037500
6 0.092500 0.736250 0.022500 0.037500
6 0.581250 0.211250 0.025000 0.037500
6 0.580000 0.345000 0.025000 0.040000
6 0.601250 0.353750 0.025000 0.037500
6 0.621250 0.360000 0.022500 0.040000
6 0.641250 0.367500 0.020000 0.040000
6 0.673750 0.377500 0.020000 0.040000
6 0.706250 0.383750 0.020000 0.035000
6 0.723750 0.390000 0.022500 0.037500
6 0.752500 0.392500 0.025000 0.040000
6 0.771250 0.402500 0.025000 0.042500
6 0.802500 0.397500 0.025000 0.037500
6 0.842500 0.418750 0.022500 0.040000
6 0.873750 0.432500 0.022500 0.045000
6 0.633750 0.231250 0.022500 0.040000
6 0.663750 0.233750 0.025000 0.035000
2 0.122500 0.261250 0.012500 0.010000
2 0.361250 0.312500 0.010000 0.010000
2 0.486250 0.273750 0.005000 0.010000
2 0.347500 0.317500 0.012500 0.010000
2 0.341250 0.321250 0.010000 0.010000
2 0.365000 0.333750 0.010000 0.007500
2 0.365000 0.340000 0.012500 0.007500
2 0.385000 0.345000 0.010000 0.007500
2 0.378750 0.347500 0.010000 0.010000
2 0.376250 0.358750 0.015000 0.012500
2 0.387500 0.373750 0.010000 0.007500
2 0.383750 0.381250 0.010000 0.007500
2 0.381250 0.377500 0.007500 0.007500
2 0.366250 0.390000 0.007500 0.007500
2 0.371250 0.388750 0.007500 0.007500
2 0.372500 0.380000 0.007500 0.007500
2 0.343750 0.450000 0.010000 0.007500
2 0.318750 0.502500 0.010000 0.007500
2 0.335000 0.456250 0.015000 0.005000
2 0.345000 0.520000 0.010000 0.007500
2 0.315000 0.517500 0.010000 0.005000
2 0.303750 0.510000 0.010000 0.007500
2 0.303750 0.522500 0.012500 0.005000
2 0.305000 0.588750 0.010000 0.005000
2 0.307500 0.607500 0.012500 0.007500
2 0.250000 0.688750 0.010000 0.007500
2 0.197500 0.755000 0.015000 0.005000
2 0.242500 0.732500 0.012500 0.007500
2 0.225000 0.725000 0.010000 0.007500
2 0.218750 0.726250 0.010000 0.007500
2 0.198750 0.760000 0.012500 0.007500
2 0.695000 0.655000 0.007500 0.007500
2 0.675000 0.326250 0.007500 0.007500
2 0.675000 0.317500 0.005000 0.010000
2 0.697500 0.330000 0.005000 0.007500
2 0.707500 0.328750 0.007500 0.010000
2 0.736250 0.352500 0.005000 0.010000
2 0.832500 0.765000 0.007500 0.005000
2 0.838750 0.756250 0.005000 0.007500
2 0.841250 0.750000 0.005000 0.007500
