6 0.238750 0.952500 0.035000 0.032500
6 0.411250 0.921250 0.027500 0.025000
2 0.392500 0.900000 0.010000 0.017500
2 0.491250 0.921250 0.022500 0.022500
6 0.462500 0.895000 0.022500 0.022500
6 0.466250 0.858750 0.017500 0.017500
6 0.501250 0.813750 0.015000 0.012500
6 0.443750 0.845000 0.017500 0.015000
6 0.453750 0.817500 0.015000 0.012500
6 0.435000 0.782500 0.012500 0.010000
6 0.461250 0.790000 0.015000 0.010000
6 0.487500 0.787500 0.010000 0.010000
6 0.471250 0.768750 0.012500 0.007500
6 0.433750 0.758750 0.012500 0.010000
6 0.466250 0.756250 0.010000 0.010000
6 0.510000 0.772500 0.010000 0.012500
6 0.497500 0.765000 0.010000 0.010000
6 0.487500 0.751250 0.017500 0.020000
6 0.502500 0.750000 0.007500 0.007500
6 0.500000 0.740000 0.007500 0.007500
6 0.490000 0.736250 0.007500 0.007500
6 0.442500 0.738750 0.010000 0.007500
6 0.442500 0.731250 0.010000 0.007500
6 0.455000 0.726250 0.007500 0.005000
6 0.470000 0.733750 0.007500 0.007500
6 0.476250 0.730000 0.007500 0.005000
6 0.495000 0.726250 0.007500 0.005000
6 0.508750 0.722500 0.007500 0.005000
6 0.477500 0.721250 0.007500 0.005000
6 0.457500 0.716250 0.007500 0.005000
6 0.485000 0.715000 0.015000 0.005000
6 0.473750 0.713750 0.005000 0.007500
6 0.501250 0.715000 0.005000 0.005000
6 0.505000 0.708750 0.007500 0.010000
6 0.486250 0.711250 0.007500 0.005000
6 0.488750 0.707500 0.005000 0.002500
6 0.476250 0.706250 0.005000 0.005000
6 0.485000 0.702500 0.005000 0.002500
6 0.480000 0.700000 0.005000 0.005000
6 0.492500 0.700000 0.005000 0.005000
6 0.498750 0.702500 0.005000 0.005000
6 0.493750 0.693750 0.005000 0.005000
6 0.706250 0.730000 0.015000 0.007500
6 0.685000 0.737500 0.020000 0.007500
6 0.675000 0.732500 0.017500 0.005000
6 0.673750 0.728750 0.012500 0.005000
6 0.667500 0.727500 0.012500 0.005000
6 0.643750 0.743750 0.020000 0.007500
6 0.628750 0.747500 0.022500 0.007500
6 0.648750 0.748750 0.020000 0.007500
6 0.626250 0.750000 0.017500 0.005000
6 0.621250 0.745000 0.020000 0.005000
6 0.620000 0.741250 0.020000 0.005000
6 0.618750 0.737500 0.017500 0.007500
6 0.611250 0.730000 0.015000 0.005000
6 0.608750 0.727500 0.015000 0.007500
6 0.626250 0.726250 0.015000 0.005000
6 0.622500 0.721250 0.017500 0.005000
6 0.610000 0.725000 0.015000 0.007500
