6 0.156250 0.967500 0.062500 0.080000
6 0.217500 0.777500 0.052500 0.067500
6 0.190000 0.681250 0.032500 0.037500
6 0.450000 0.570000 0.052500 0.022500
2 0.427500 0.592500 0.007500 0.020000
6 0.278750 0.602500 0.032500 0.032500
6 0.227500 0.586250 0.055000 0.030000
6 0.160000 0.575000 0.015000 0.022500
6 0.318750 0.575000 0.042500 0.020000
6 0.346250 0.563750 0.042500 0.022500
6 0.166250 0.540000 0.022500 0.032500
2 0.392500 0.600000 0.007500 0.017500
6 0.230000 0.560000 0.020000 0.017500
6 0.257500 0.555000 0.030000 0.022500
2 0.257500 0.566250 0.017500 0.017500
6 0.212500 0.547500 0.020000 0.017500
6 0.193750 0.537500 0.032500 0.035000
6 0.257500 0.531250 0.022500 0.012500
6 0.192500 0.520000 0.057500 0.012500
6 0.243750 0.476250 0.020000 0.022500
6 0.278750 0.485000 0.030000 0.012500
6 0.252500 0.488750 0.017500 0.007500
2 0.208750 0.490000 0.007500 0.012500
6 0.193750 0.440000 0.015000 0.020000
6 0.227500 0.460000 0.010000 0.012500
6 0.202500 0.466250 0.015000 0.012500
6 0.205000 0.507500 0.015000 0.015000
6 0.198750 0.511250 0.012500 0.017500
6 0.312500 0.486250 0.022500 0.012500
2 0.163750 0.505000 0.007500 0.007500
2 0.257500 0.463750 0.005000 0.010000
