6 0.625000 0.045000 0.025000 0.050000
6 0.631250 0.095000 0.020000 0.045000
6 0.442500 0.210000 0.047500 0.025000
6 0.440000 0.235000 0.042500 0.025000
2 0.677500 0.062500 0.010000 0.015000
2 0.690000 0.061250 0.010000 0.015000
2 0.732500 0.052500 0.007500 0.015000
2 0.747500 0.832500 0.010000 0.010000
2 0.757500 0.836250 0.005000 0.007500
2 0.807500 0.968750 0.007500 0.010000
2 0.921250 0.778750 0.007500 0.007500
2 0.947500 0.803750 0.007500 0.007500
2 0.957500 0.805000 0.005000 0.007500
