6 0.323750 0.455000 0.030000 0.017500
6 0.388750 0.472500 0.027500 0.020000
6 0.590000 0.397500 0.020000 0.022500
6 0.408750 0.432500 0.100000 0.040000
6 0.520000 0.438750 0.035000 0.017500
6 0.548750 0.425000 0.020000 0.015000
6 0.580000 0.467500 0.027500 0.015000
6 0.786250 0.476250 0.017500 0.020000
6 0.733750 0.241250 0.010000 0.007500
6 0.722500 0.240000 0.010000 0.007500
6 0.743750 0.241250 0.010000 0.007500
6 0.831250 0.253750 0.010000 0.007500
6 0.835000 0.301250 0.012500 0.020000
6 0.842500 0.265000 0.015000 0.022500
6 0.850000 0.241250 0.012500 0.017500
2 0.823750 0.397500 0.002500 0.007500
6 0.997500 0.287500 0.017500 0.012500
6 0.877500 0.221250 0.007500 0.007500
6 0.853750 0.158750 0.007500 0.005000
6 0.863750 0.202500 0.005000 0.010000
