2 0.743750 0.877500 0.022500 0.037500
2 0.850000 0.506250 0.010000 0.030000
2 0.863750 0.505000 0.012500 0.030000
2 0.872500 0.516250 0.012500 0.032500
2 0.701250 0.398750 0.007500 0.012500
2 0.701250 0.395000 0.007500 0.017500
6 0.641250 0.353750 0.030000 0.040000
2 0.811250 0.393750 0.012500 0.025000
2 0.820000 0.391250 0.010000 0.027500
2 0.828750 0.393750 0.007500 0.032500
2 0.806250 0.377500 0.010000 0.022500
2 0.813750 0.373750 0.007500 0.017500
2 0.813750 0.353750 0.010000 0.025000
2 0.803750 0.358750 0.007500 0.027500
2 0.708750 0.226250 0.007500 0.020000
2 0.716250 0.225000 0.007500 0.022500
2 0.675000 0.235000 0.007500 0.022500
2 0.667500 0.237500 0.007500 0.022500
2 0.653750 0.241250 0.007500 0.022500
2 0.660000 0.236250 0.007500 0.022500
6 0.660000 0.200000 0.027500 0.017500
6 0.696250 0.190000 0.022500 0.025000
2 0.702500 0.195000 0.010000 0.020000
6 0.712500 0.162500 0.025000 0.030000
2 0.722500 0.145000 0.007500 0.015000
2 0.730000 0.145000 0.007500 0.017500
2 0.736250 0.142500 0.007500 0.017500
2 0.741250 0.143750 0.007500 0.017500
2 0.782500 0.128750 0.005000 0.015000
2 0.786250 0.128750 0.007500 0.017500
2 0.791250 0.125000 0.005000 0.017500
2 0.796250 0.125000 0.005000 0.017500
6 0.776250 0.117500 0.017500 0.022500
6 0.747500 0.108750 0.005000 0.015000
6 0.751250 0.108750 0.005000 0.015000
6 0.805000 0.090000 0.005000 0.015000
6 0.598750 0.081250 0.005000 0.012500
6 0.602500 0.081250 0.007500 0.015000
