2 0.851250 0.730000 0.017500 0.027500
2 0.735000 0.446250 0.017500 0.032500
2 0.781250 0.443750 0.012500 0.035000
2 0.800000 0.257500 0.015000 0.037500
2 0.740000 0.183750 0.012500 0.027500
2 0.743750 0.081250 0.012500 0.022500
2 0.781250 0.088750 0.010000 0.027500
2 0.803750 0.087500 0.010000 0.025000
2 0.757500 0.060000 0.015000 0.025000
2 0.906250 0.048750 0.010000 0.022500
2 0.933750 0.051250 0.010000 0.022500
2 0.943750 0.042500 0.010000 0.025000
2 0.957500 0.047500 0.015000 0.025000
2 0.877500 0.010000 0.012500 0.017500
2 0.917500 0.308750 0.015000 0.022500
2 0.982500 0.335000 0.007500 0.015000
2 0.990000 0.338750 0.007500 0.032500
2 0.958750 0.407500 0.015000 0.030000
2 0.973750 0.391250 0.012500 0.022500
2 0.986250 0.403750 0.010000 0.017500
2 0.996250 0.488750 0.012500 0.030000
2 0.995000 0.506250 0.007500 0.012500
2 0.972500 0.250000 0.010000 0.012500
2 0.980000 0.238750 0.012500 0.032500
2 0.978750 0.208750 0.012500 0.030000
2 0.961250 0.226250 0.010000 0.027500
2 0.968750 0.193750 0.010000 0.015000
2 0.828750 0.198750 0.012500 0.020000
2 0.822500 0.196250 0.012500 0.017500
