2 0.978750 0.838750 0.002500 0.010000
2 0.971250 0.820000 0.002500 0.012500
2 0.908750 0.802500 0.005000 0.012500
2 0.943750 0.827500 0.005000 0.012500
6 0.921250 0.772500 0.010000 0.007500
2 0.916250 0.750000 0.002500 0.007500
2 0.933750 0.758750 0.002500 0.007500
6 0.860000 0.775000 0.007500 0.007500
6 0.816250 0.870000 0.017500 0.017500
6 0.838750 0.933750 0.020000 0.022500
6 0.528750 0.993750 0.042500 0.032500
6 0.527500 0.845000 0.037500 0.015000
6 0.468750 0.846250 0.040000 0.015000
6 0.477500 0.832500 0.015000 0.012500
6 0.010000 0.848750 0.020000 0.010000
6 0.053750 0.836250 0.025000 0.012500
6 0.073750 0.837500 0.025000 0.015000
6 0.126250 0.835000 0.022500 0.015000
6 0.153750 0.833750 0.027500 0.012500
6 0.182500 0.835000 0.022500 0.012500
6 0.227500 0.831250 0.030000 0.017500
6 0.247500 0.832500 0.032500 0.017500
6 0.086250 0.848750 0.042500 0.012500
6 0.137500 0.875000 0.032500 0.022500
6 0.600000 0.836250 0.035000 0.010000
6 0.570000 0.815000 0.012500 0.015000
6 0.596250 0.826250 0.027500 0.010000
6 0.612500 0.822500 0.032500 0.010000
6 0.618750 0.817500 0.035000 0.010000
6 0.646250 0.818750 0.015000 0.010000
6 0.651250 0.811250 0.012500 0.007500
6 0.658750 0.807500 0.010000 0.010000
6 0.666250 0.802500 0.015000 0.007500
6 0.683750 0.797500 0.015000 0.012500
6 0.676250 0.783750 0.025000 0.010000
6 0.680000 0.776250 0.015000 0.007500
6 0.760000 0.762500 0.010000 0.010000
6 0.783750 0.737500 0.012500 0.015000
6 0.790000 0.730000 0.007500 0.005000
6 0.788750 0.721250 0.005000 0.005000
6 0.817500 0.718750 0.005000 0.002500
6 0.817500 0.712500 0.005000 0.002500
6 0.821250 0.710000 0.005000 0.002500
6 0.823750 0.707500 0.005000 0.005000
6 0.836250 0.703750 0.002500 0.005000
6 0.845000 0.703750 0.005000 0.002500
6 0.841250 0.700000 0.002500 0.000000
6 0.831250 0.701250 0.002500 0.002500
6 0.850000 0.697500 0.002500 0.005000
6 0.845000 0.695000 0.002500 0.002500
6 0.838750 0.695000 0.002500 0.002500
6 0.706250 0.761250 0.017500 0.007500
6 0.731250 0.761250 0.012500 0.010000
6 0.721250 0.751250 0.015000 0.005000
6 0.726250 0.747500 0.012500 0.005000
