2 0.553750 0.601250 0.007500 0.015000
6 0.876250 0.817500 0.072500 0.075000
6 0.890000 0.897500 0.075000 0.070000
6 0.876250 0.962500 0.085000 0.072500
6 0.660000 0.306250 0.025000 0.035000
2 0.865000 0.038750 0.002500 0.007500
2 0.802500 0.206250 0.007500 0.015000
2 0.441250 0.082500 0.007500 0.015000
2 0.197500 0.250000 0.012500 0.022500
2 0.280000 0.193750 0.007500 0.015000
2 0.200000 0.272500 0.007500 0.017500
2 0.215000 0.280000 0.012500 0.012500
2 0.220000 0.275000 0.007500 0.010000
