6 0.768750 0.600000 0.015000 0.037500
6 0.751250 0.562500 0.015000 0.045000
6 0.771250 0.462500 0.012500 0.030000
6 0.933750 0.597500 0.015000 0.022500
6 0.765000 0.343750 0.010000 0.017500
6 0.741250 0.196250 0.007500 0.007500
6 0.762500 0.231250 0.005000 0.015000
6 0.755000 0.251250 0.015000 0.010000
6 0.543750 0.982500 0.015000 0.030000
6 0.466250 0.928750 0.015000 0.032500
6 0.621250 0.820000 0.042500 0.022500
6 0.627500 0.857500 0.047500 0.020000
6 0.767500 0.842500 0.012500 0.030000
6 0.752500 0.696250 0.010000 0.022500
6 0.745000 0.657500 0.015000 0.022500
6 0.612500 0.668750 0.027500 0.012500
6 0.613750 0.645000 0.017500 0.017500
6 0.621250 0.626250 0.012500 0.012500
6 0.567500 0.620000 0.025000 0.007500
2 0.943750 0.866250 0.005000 0.010000
2 0.893750 0.856250 0.005000 0.012500
6 0.611250 0.507500 0.007500 0.012500
6 0.593750 0.513750 0.007500 0.015000
6 0.641250 0.531250 0.020000 0.007500
6 0.635000 0.550000 0.020000 0.010000
6 0.621250 0.568750 0.025000 0.010000
6 0.623750 0.561250 0.025000 0.007500
6 0.563750 0.607500 0.022500 0.012500
6 0.568750 0.600000 0.020000 0.010000
