6 0.040000 0.987500 0.037500 0.045000
6 0.081250 0.983750 0.030000 0.045000
6 0.138750 0.921250 0.027500 0.037500
6 0.116250 0.845000 0.017500 0.025000
6 0.223750 0.742500 0.010000 0.012500
6 0.233750 0.865000 0.025000 0.022500
6 0.268750 0.830000 0.022500 0.022500
6 0.238750 0.772500 0.017500 0.025000
6 0.148750 0.823750 0.017500 0.025000
6 0.083750 0.857500 0.020000 0.022500
6 0.100000 0.816250 0.020000 0.020000
6 0.125000 0.793750 0.017500 0.020000
6 0.157500 0.782500 0.017500 0.017500
6 0.117500 0.768750 0.015000 0.017500
6 0.153750 0.756250 0.012500 0.012500
6 0.142500 0.732500 0.012500 0.012500
6 0.163750 0.718750 0.007500 0.007500
6 0.136250 0.717500 0.012500 0.010000
6 0.236250 0.680000 0.015000 0.007500
6 0.141250 0.701250 0.007500 0.010000
6 0.156250 0.696250 0.007500 0.007500
6 0.168750 0.686250 0.007500 0.007500
6 0.157500 0.683750 0.007500 0.007500
6 0.148750 0.678750 0.005000 0.005000
6 0.153750 0.672500 0.005000 0.005000
6 0.172500 0.675000 0.007500 0.005000
6 0.172500 0.665000 0.005000 0.007500
6 0.162500 0.666250 0.005000 0.005000
6 0.163750 0.657500 0.005000 0.005000
6 0.192500 0.631250 0.005000 0.002500
6 0.172500 0.626250 0.002500 0.002500
6 0.188750 0.626250 0.002500 0.002500
6 0.187500 0.622500 0.002500 0.005000
6 0.193750 0.621250 0.005000 0.005000
