6 0.935000 0.866250 0.112500 0.055000
6 0.921250 0.796250 0.102500 0.040000
6 0.982500 0.527500 0.027500 0.067500
6 0.700000 0.658750 0.035000 0.035000
6 0.728750 0.617500 0.032500 0.030000
6 0.771250 0.555000 0.045000 0.057500
6 0.995000 0.447500 0.010000 0.017500
6 0.977500 0.338750 0.022500 0.007500
2 0.293750 0.585000 0.017500 0.027500
2 0.408750 0.607500 0.010000 0.027500
2 0.373750 0.612500 0.020000 0.020000
2 0.421250 0.610000 0.007500 0.030000
2 0.478750 0.563750 0.007500 0.027500
2 0.368750 0.583750 0.012500 0.022500
2 0.343750 0.620000 0.010000 0.022500
2 0.347500 0.586250 0.012500 0.022500
2 0.322500 0.588750 0.012500 0.022500
2 0.340000 0.567500 0.010000 0.022500
2 0.333750 0.612500 0.007500 0.022500
2 0.347500 0.612500 0.012500 0.022500
2 0.450000 0.597500 0.010000 0.022500
6 0.143750 0.602500 0.062500 0.020000
6 0.152500 0.586250 0.062500 0.017500
6 0.040000 0.610000 0.080000 0.045000
6 0.060000 0.593750 0.082500 0.025000
2 0.600000 0.456250 0.005000 0.022500
