6 0.150000 0.656250 0.022500 0.015000
6 0.220000 0.620000 0.027500 0.010000
6 0.252500 0.603750 0.025000 0.012500
6 0.292500 0.575000 0.017500 0.007500
6 0.300000 0.575000 0.012500 0.007500
2 0.361250 0.653750 0.005000 0.010000
6 0.590000 0.511250 0.012500 0.012500
6 0.617500 0.515000 0.012500 0.015000
6 0.598750 0.512500 0.007500 0.010000
6 0.628750 0.537500 0.015000 0.005000
6 0.608750 0.522500 0.005000 0.005000
6 0.606250 0.527500 0.002500 0.002500
6 0.632500 0.573750 0.025000 0.020000
6 0.616250 0.576250 0.017500 0.017500
6 0.643750 0.596250 0.042500 0.020000
6 0.593750 0.547500 0.007500 0.007500
6 0.580000 0.561250 0.017500 0.010000
2 0.578750 0.555000 0.005000 0.007500
6 0.596250 0.593750 0.015000 0.015000
6 0.571250 0.593750 0.017500 0.027500
6 0.578750 0.585000 0.010000 0.010000
2 0.582500 0.578750 0.002500 0.005000
6 0.613750 0.590000 0.015000 0.017500
6 0.615000 0.613750 0.020000 0.040000
6 0.555000 0.641250 0.015000 0.015000
6 0.550000 0.690000 0.032500 0.015000
6 0.547500 0.673750 0.012500 0.017500
6 0.567500 0.673750 0.010000 0.010000
2 0.530000 0.700000 0.007500 0.015000
2 0.541250 0.702500 0.005000 0.012500
2 0.568750 0.725000 0.005000 0.010000
6 0.568750 0.728750 0.010000 0.012500
6 0.536250 0.728750 0.032500 0.017500
6 0.537500 0.722500 0.030000 0.015000
6 0.610000 0.766250 0.025000 0.027500
6 0.502500 0.830000 0.027500 0.025000
6 0.511250 0.823750 0.040000 0.022500
2 0.542500 0.847500 0.010000 0.017500
6 0.542500 0.851250 0.010000 0.015000
6 0.588750 0.910000 0.042500 0.100000
2 0.541250 0.962500 0.010000 0.025000
2 0.868750 0.940000 0.007500 0.025000
2 0.743750 0.860000 0.010000 0.017500
2 0.735000 0.878750 0.010000 0.025000
2 0.756250 0.830000 0.010000 0.022500
6 0.770000 0.622500 0.012500 0.015000
6 0.750000 0.637500 0.022500 0.030000
6 0.741250 0.638750 0.027500 0.012500
6 0.882500 0.685000 0.142500 0.035000
6 0.940000 0.655000 0.105000 0.032500
6 0.998750 0.661250 0.075000 0.022500
6 0.760000 0.930000 0.022500 0.025000
