6 0.253750 0.893750 0.032500 0.035000
6 0.257500 0.930000 0.035000 0.042500
6 0.366250 0.771250 0.027500 0.035000
6 0.406250 0.838750 0.030000 0.040000
6 0.382500 0.366250 0.015000 0.007500
6 0.410000 0.370000 0.012500 0.012500
6 0.431250 0.373750 0.020000 0.022500
6 0.446250 0.365000 0.010000 0.012500
6 0.453750 0.380000 0.012500 0.017500
6 0.462500 0.396250 0.012500 0.010000
6 0.466250 0.406250 0.015000 0.005000
6 0.472500 0.422500 0.020000 0.025000
6 0.386250 0.377500 0.015000 0.007500
6 0.388750 0.390000 0.010000 0.012500
6 0.406250 0.392500 0.015000 0.010000
6 0.372500 0.433750 0.020000 0.020000
6 0.388750 0.402500 0.012500 0.012500
6 0.396250 0.425000 0.015000 0.012500
6 0.411250 0.408750 0.012500 0.012500
6 0.407500 0.418750 0.012500 0.012500
6 0.430000 0.417500 0.012500 0.010000
6 0.418750 0.431250 0.012500 0.010000
6 0.382500 0.445000 0.017500 0.010000
6 0.406250 0.463750 0.015000 0.015000
6 0.425000 0.452500 0.012500 0.012500
6 0.430000 0.468750 0.015000 0.012500
6 0.410000 0.483750 0.017500 0.017500
6 0.468750 0.465000 0.022500 0.012500
2 0.443750 0.393750 0.007500 0.010000
6 0.455000 0.660000 0.025000 0.020000
6 0.526250 0.666250 0.027500 0.030000
6 0.473750 0.617500 0.020000 0.022500
6 0.440000 0.595000 0.020000 0.020000
6 0.426250 0.550000 0.017500 0.020000
6 0.416250 0.512500 0.015000 0.017500
6 0.432500 0.490000 0.015000 0.015000
6 0.443750 0.513750 0.017500 0.017500
6 0.445000 0.535000 0.015000 0.020000
6 0.473750 0.535000 0.017500 0.017500
6 0.450000 0.558750 0.022500 0.017500
6 0.480000 0.557500 0.020000 0.017500
6 0.463750 0.578750 0.020000 0.017500
6 0.495000 0.590000 0.017500 0.017500
6 0.505000 0.628750 0.020000 0.020000
6 0.542500 0.572500 0.022500 0.015000
6 0.545000 0.590000 0.020000 0.017500
6 0.557500 0.607500 0.025000 0.017500
6 0.573750 0.625000 0.027500 0.022500
6 0.487500 0.668750 0.025000 0.022500
6 0.281250 0.718750 0.025000 0.027500
6 0.283750 0.691250 0.025000 0.022500
6 0.283750 0.656250 0.020000 0.042500
6 0.287500 0.610000 0.030000 0.050000
2 0.490000 0.457500 0.005000 0.005000
6 0.460000 0.490000 0.030000 0.037500
2 0.483750 0.483750 0.005000 0.012500
2 0.476250 0.486250 0.002500 0.010000
2 0.495000 0.503750 0.005000 0.010000
6 0.506250 0.496250 0.017500 0.015000
6 0.515000 0.518750 0.020000 0.030000
2 0.506250 0.545000 0.007500 0.015000
2 0.318750 0.671250 0.012500 0.022500
6 0.510000 0.741250 0.030000 0.025000
6 0.542500 0.735000 0.027500 0.025000
6 0.496250 0.800000 0.027500 0.027500
6 0.541250 0.796250 0.032500 0.027500
6 0.555000 0.878750 0.035000 0.030000
6 0.538750 0.927500 0.032500 0.030000
6 0.605000 0.885000 0.032500 0.035000
2 0.565000 0.647500 0.005000 0.010000
6 0.523750 0.541250 0.012500 0.012500
6 0.581250 0.451250 0.030000 0.015000
6 0.633750 0.715000 0.032500 0.022500
6 0.658750 0.766250 0.030000 0.022500
6 0.672500 0.788750 0.032500 0.025000
2 0.657500 0.866250 0.010000 0.012500
2 0.671250 0.867500 0.007500 0.017500
6 0.690000 0.836250 0.032500 0.032500
6 0.700000 0.866250 0.030000 0.032500
2 0.672500 0.941250 0.010000 0.017500
2 0.677500 0.915000 0.015000 0.020000
6 0.706250 0.923750 0.040000 0.035000
2 0.791250 0.868750 0.010000 0.025000
2 0.308750 0.606250 0.007500 0.017500
