6 0.060000 0.853750 0.045000 0.057500
2 0.003750 0.738750 0.015000 0.022500
2 0.153750 0.755000 0.015000 0.022500
6 0.146250 0.693750 0.032500 0.040000
6 0.095000 0.598750 0.030000 0.030000
6 0.260000 0.548750 0.027500 0.040000
6 0.256250 0.490000 0.025000 0.032500
6 0.172500 0.475000 0.025000 0.025000
6 0.215000 0.403750 0.022500 0.022500
6 0.213750 0.377500 0.020000 0.020000
6 0.328750 0.407500 0.027500 0.040000
6 0.370000 0.286250 0.017500 0.017500
6 0.397500 0.270000 0.022500 0.032500
6 0.390000 0.253750 0.012500 0.015000
6 0.402500 0.223750 0.012500 0.015000
6 0.428750 0.207500 0.012500 0.015000
6 0.435000 0.187500 0.012500 0.012500
6 0.412500 0.201250 0.012500 0.012500
6 0.416250 0.188750 0.012500 0.012500
6 0.342500 0.190000 0.010000 0.012500
6 0.432500 0.135000 0.012500 0.012500
