2 0.532500 0.013750 0.007500 0.017500
2 0.515000 0.153750 0.015000 0.020000
2 0.465000 0.232500 0.012500 0.027500
2 0.465000 0.278750 0.012500 0.015000
2 0.415000 0.591250 0.020000 0.012500
2 0.590000 0.696250 0.017500 0.012500
2 0.591250 0.707500 0.022500 0.015000
2 0.590000 0.783750 0.017500 0.017500
2 0.323750 0.803750 0.022500 0.017500
2 0.346250 0.926250 0.020000 0.015000
2 0.076250 0.913750 0.025000 0.017500
2 0.078750 0.778750 0.025000 0.022500
2 0.240000 0.476250 0.020000 0.025000
2 0.256250 0.458750 0.015000 0.025000
6 0.406250 0.410000 0.022500 0.040000
6 0.491250 0.882500 0.052500 0.107500
6 0.691250 0.611250 0.045000 0.072500
6 0.281250 0.777500 0.060000 0.097500
6 0.312500 0.675000 0.052500 0.087500
6 0.643750 0.260000 0.030000 0.057500
6 0.711250 0.356250 0.035000 0.065000
6 0.720000 0.222500 0.035000 0.057500
