6 0.033750 0.602500 0.037500 0.080000
6 0.056250 0.330000 0.022500 0.032500
6 0.055000 0.295000 0.027500 0.032500
6 0.055000 0.245000 0.050000 0.020000
6 0.013750 0.223750 0.062500 0.022500
2 0.065000 0.176250 0.002500 0.010000
6 0.032500 0.068750 0.012500 0.015000
6 0.100000 0.013750 0.010000 0.010000
6 0.152500 0.028750 0.010000 0.010000
6 0.152500 0.160000 0.012500 0.015000
6 0.101250 0.163750 0.012500 0.022500
6 0.145000 0.182500 0.025000 0.025000
6 0.150000 0.122500 0.015000 0.017500
6 0.141250 0.238750 0.052500 0.022500
6 0.188750 0.283750 0.032500 0.025000
6 0.133750 0.325000 0.017500 0.030000
6 0.102500 0.322500 0.022500 0.030000
6 0.100000 0.355000 0.022500 0.030000
6 0.133750 0.357500 0.020000 0.030000
6 0.136250 0.392500 0.025000 0.035000
6 0.136250 0.430000 0.025000 0.040000
6 0.138750 0.505000 0.027500 0.042500
6 0.301250 0.487500 0.030000 0.042500
6 0.227500 0.006250 0.015000 0.005000
6 0.227500 0.013750 0.015000 0.007500
6 0.233750 0.020000 0.020000 0.005000
6 0.235000 0.026250 0.020000 0.007500
6 0.237500 0.033750 0.017500 0.007500
6 0.241250 0.041250 0.020000 0.010000
6 0.240000 0.051250 0.015000 0.007500
6 0.243750 0.058750 0.017500 0.007500
6 0.256250 0.071250 0.025000 0.007500
6 0.257500 0.080000 0.027500 0.010000
6 0.257500 0.086250 0.025000 0.010000
6 0.258750 0.091250 0.022500 0.007500
6 0.263750 0.093750 0.027500 0.010000
6 0.265000 0.102500 0.025000 0.012500
6 0.266250 0.115000 0.020000 0.012500
6 0.268750 0.127500 0.020000 0.012500
6 0.283750 0.157500 0.035000 0.017500
6 0.291250 0.170000 0.032500 0.015000
6 0.302500 0.178750 0.030000 0.012500
6 0.303750 0.193750 0.027500 0.017500
6 0.287500 0.226250 0.045000 0.020000
6 0.217500 0.143750 0.015000 0.017500
6 0.210000 0.098750 0.012500 0.010000
6 0.210000 0.087500 0.012500 0.010000
6 0.205000 0.073750 0.010000 0.010000
6 0.202500 0.062500 0.010000 0.007500
6 0.201250 0.055000 0.015000 0.012500
6 0.196250 0.037500 0.007500 0.007500
6 0.245000 0.002500 0.005000 0.010000
2 0.257500 0.017500 0.002500 0.007500
2 0.278750 0.077500 0.002500 0.007500
2 0.275000 0.078750 0.002500 0.007500
2 0.285000 0.103750 0.005000 0.010000
2 0.283750 0.117500 0.002500 0.012500
2 0.302500 0.118750 0.002500 0.012500
6 0.286250 0.426250 0.022500 0.035000
6 0.328750 0.602500 0.040000 0.060000
6 0.355000 0.251250 0.052500 0.022500
6 0.430000 0.251250 0.047500 0.017500
6 0.388750 0.198750 0.022500 0.030000
6 0.427500 0.191250 0.032500 0.022500
6 0.362500 0.191250 0.020000 0.022500
6 0.336250 0.192500 0.017500 0.020000
2 0.368750 0.155000 0.002500 0.012500
2 0.376250 0.155000 0.002500 0.010000
6 0.545000 0.198750 0.022500 0.027500
6 0.507500 0.200000 0.022500 0.027500
6 0.501250 0.255000 0.025000 0.022500
6 0.562500 0.253750 0.060000 0.030000
6 0.457500 0.188750 0.025000 0.022500
6 0.560000 0.472500 0.050000 0.035000
6 0.651250 0.257500 0.062500 0.025000
6 0.702500 0.258750 0.052500 0.030000
6 0.660000 0.200000 0.025000 0.027500
6 0.715000 0.211250 0.030000 0.030000
6 0.610000 0.200000 0.022500 0.020000
6 0.757500 0.200000 0.032500 0.027500
6 0.805000 0.206250 0.047500 0.022500
2 0.246250 0.325000 0.005000 0.007500
2 0.248750 0.357500 0.005000 0.010000
2 0.223750 0.326250 0.005000 0.015000
2 0.252500 0.416250 0.007500 0.010000
2 0.268750 0.522500 0.007500 0.012500
