2 0.070000 0.985000 0.012500 0.022500
2 0.105000 0.981250 0.012500 0.022500
2 0.118750 0.970000 0.012500 0.022500
2 0.106250 0.742500 0.012500 0.015000
6 0.127500 0.620000 0.050000 0.097500
2 0.041250 0.552500 0.015000 0.015000
2 0.037500 0.490000 0.012500 0.012500
2 0.050000 0.490000 0.012500 0.012500
2 0.032500 0.422500 0.012500 0.015000
2 0.016250 0.427500 0.012500 0.017500
6 0.121250 0.376250 0.055000 0.105000
2 0.063750 0.355000 0.012500 0.022500
2 0.088750 0.323750 0.015000 0.017500
2 0.087500 0.320000 0.010000 0.010000
2 0.016250 0.233750 0.017500 0.022500
2 0.088750 0.105000 0.010000 0.020000
