6 0.103750 0.378750 0.017500 0.020000
6 0.121250 0.440000 0.020000 0.032500
6 0.210000 0.500000 0.045000 0.025000
6 0.198750 0.581250 0.027500 0.037500
6 0.153750 0.711250 0.042500 0.022500
6 0.098750 0.938750 0.030000 0.037500
6 0.067500 0.238750 0.025000 0.012500
6 0.008750 0.657500 0.017500 0.045000
6 0.135000 0.392500 0.025000 0.010000
6 0.171250 0.445000 0.022500 0.007500
6 0.173750 0.457500 0.022500 0.010000
6 0.178750 0.461250 0.022500 0.010000
6 0.130000 0.671250 0.017500 0.017500
6 0.183750 0.670000 0.030000 0.015000
6 0.207500 0.650000 0.015000 0.017500
6 0.233750 0.727500 0.015000 0.020000
6 0.261250 0.743750 0.015000 0.022500
6 0.301250 0.687500 0.030000 0.015000
6 0.305000 0.692500 0.025000 0.012500
6 0.310000 0.698750 0.022500 0.012500
6 0.311250 0.707500 0.020000 0.012500
6 0.318750 0.728750 0.025000 0.012500
6 0.321250 0.740000 0.030000 0.017500
6 0.322500 0.753750 0.027500 0.012500
6 0.326250 0.766250 0.035000 0.015000
6 0.328750 0.808750 0.025000 0.040000
6 0.896250 0.723750 0.022500 0.017500
6 0.922500 0.712500 0.027500 0.017500
6 0.803750 0.090000 0.017500 0.010000
6 0.783750 0.088750 0.010000 0.012500
6 0.741250 0.177500 0.012500 0.005000
