2 0.803750 0.327500 0.005000 0.015000
6 0.925000 0.301250 0.017500 0.027500
2 0.996250 0.175000 0.005000 0.012500
6 0.900000 0.223750 0.032500 0.015000
6 0.818750 0.252500 0.025000 0.020000
2 0.890000 0.203750 0.007500 0.005000
2 0.930000 0.202500 0.005000 0.010000
2 0.918750 0.133750 0.002500 0.007500
2 0.912500 0.128750 0.002500 0.007500
6 0.885000 0.135000 0.025000 0.012500
6 0.801250 0.150000 0.025000 0.010000
6 0.803750 0.142500 0.025000 0.010000
6 0.805000 0.137500 0.022500 0.010000
6 0.793750 0.133750 0.017500 0.007500
6 0.816250 0.128750 0.020000 0.012500
6 0.753750 0.142500 0.020000 0.007500
6 0.751250 0.148750 0.025000 0.010000
6 0.748750 0.158750 0.022500 0.015000
6 0.795000 0.168750 0.027500 0.010000
6 0.747500 0.095000 0.005000 0.010000
6 0.825000 0.105000 0.007500 0.010000
6 0.816250 0.093750 0.010000 0.010000
6 0.800000 0.095000 0.007500 0.007500
6 0.872500 0.016250 0.007500 0.007500
6 0.881250 0.015000 0.007500 0.007500
6 0.898750 0.022500 0.010000 0.005000
6 0.925000 0.045000 0.017500 0.022500
6 0.901250 0.048750 0.012500 0.015000
