6 0.730000 0.026250 0.015000 0.015000
6 0.750000 0.015000 0.015000 0.017500
6 0.807500 0.018750 0.012500 0.017500
6 0.705000 0.325000 0.027500 0.027500
6 0.807500 0.081250 0.015000 0.027500
6 0.821250 0.236250 0.022500 0.032500
6 0.715000 0.515000 0.037500 0.042500
6 0.821250 0.318750 0.025000 0.032500
6 0.858750 0.231250 0.020000 0.037500
6 0.668750 0.111250 0.015000 0.017500
6 0.183750 0.131250 0.030000 0.017500
6 0.588750 0.727500 0.057500 0.085000
6 0.726250 0.217500 0.027500 0.032500
6 0.842500 0.117500 0.027500 0.045000
6 0.673750 0.081250 0.017500 0.032500
6 0.657500 0.057500 0.037500 0.030000
6 0.876250 0.086250 0.015000 0.012500
6 0.871250 0.075000 0.012500 0.015000
6 0.878750 0.061250 0.015000 0.012500
6 0.858750 0.023750 0.015000 0.015000
6 0.901250 0.058750 0.027500 0.030000
2 0.332500 0.137500 0.007500 0.012500
6 0.517500 0.141250 0.030000 0.012500
6 0.497500 0.163750 0.025000 0.015000
6 0.516250 0.080000 0.015000 0.020000
6 0.386250 0.017500 0.017500 0.007500
6 0.390000 0.011250 0.022500 0.012500
6 0.397500 0.008750 0.022500 0.012500
6 0.350000 0.022500 0.027500 0.010000
6 0.360000 0.017500 0.022500 0.010000
6 0.363750 0.013750 0.020000 0.010000
6 0.366250 0.010000 0.025000 0.012500
