6 0.180000 0.698750 0.002500 0.002500
6 0.173750 0.698750 0.005000 0.005000
6 0.165000 0.698750 0.002500 0.005000
6 0.165000 0.696250 0.005000 0.005000
6 0.170000 0.698750 0.002500 0.002500
6 0.187500 0.698750 0.005000 0.002500
6 0.186250 0.695000 0.005000 0.002500
6 0.201250 0.707500 0.002500 0.002500
6 0.216250 0.703750 0.005000 0.002500
6 0.191250 0.713750 0.005000 0.005000
6 0.202500 0.715000 0.005000 0.005000
6 0.212500 0.716250 0.005000 0.005000
6 0.212500 0.726250 0.005000 0.007500
6 0.182500 0.727500 0.007500 0.005000
6 0.218750 0.735000 0.005000 0.007500
6 0.205000 0.738750 0.007500 0.005000
6 0.187500 0.740000 0.007500 0.007500
6 0.170000 0.746250 0.007500 0.007500
6 0.180000 0.752500 0.010000 0.005000
6 0.200000 0.748750 0.005000 0.010000
6 0.207500 0.755000 0.007500 0.007500
6 0.211250 0.766250 0.010000 0.010000
6 0.246250 0.742500 0.007500 0.010000
6 0.195000 0.773750 0.010000 0.010000
6 0.167500 0.771250 0.015000 0.010000
6 0.150000 0.767500 0.012500 0.010000
6 0.138750 0.788750 0.015000 0.012500
6 0.163750 0.786250 0.015000 0.010000
6 0.175000 0.803750 0.015000 0.012500
6 0.122500 0.812500 0.017500 0.012500
6 0.103750 0.838750 0.022500 0.015000
6 0.125000 0.853750 0.020000 0.017500
6 0.056250 0.976250 0.037500 0.037500
6 0.778750 0.917500 0.040000 0.022500
6 0.720000 0.905000 0.040000 0.020000
6 0.632500 0.888750 0.040000 0.027500
6 0.521250 0.875000 0.045000 0.027500
6 0.493750 0.870000 0.035000 0.025000
6 0.450000 0.853750 0.042500 0.020000
6 0.421250 0.846250 0.040000 0.015000
6 0.397500 0.830000 0.045000 0.030000
