6 0.751250 0.056250 0.020000 0.032500
6 0.867500 0.117500 0.022500 0.037500
6 0.861250 0.381250 0.030000 0.050000
6 0.857500 0.511250 0.030000 0.060000
6 0.892500 0.622500 0.032500 0.067500
6 0.845000 0.878750 0.042500 0.085000
6 0.888750 0.975000 0.040000 0.090000
6 0.865000 0.238750 0.022500 0.042500
6 0.740000 0.128750 0.022500 0.037500
6 0.791250 0.167500 0.022500 0.042500
2 0.743750 0.675000 0.010000 0.022500
2 0.802500 0.070000 0.007500 0.017500
2 0.762500 0.142500 0.007500 0.017500
2 0.768750 0.142500 0.007500 0.022500
2 0.701250 0.976250 0.012500 0.017500
2 0.712500 0.968750 0.017500 0.022500
2 0.728750 0.966250 0.010000 0.017500
2 0.730000 0.952500 0.012500 0.015000
2 0.742500 0.956250 0.012500 0.020000
2 0.826250 0.477500 0.010000 0.015000
2 0.850000 0.661250 0.010000 0.012500
2 0.852500 0.656250 0.007500 0.015000
2 0.840000 0.262500 0.005000 0.012500
2 0.840000 0.227500 0.005000 0.012500
2 0.845000 0.158750 0.005000 0.012500
2 0.941250 0.502500 0.010000 0.012500
