2 0.021250 0.265000 0.007500 0.015000
2 0.030000 0.266250 0.005000 0.015000
2 0.068750 0.313750 0.007500 0.015000
2 0.097500 0.305000 0.010000 0.015000
2 0.125000 0.293750 0.010000 0.015000
2 0.258750 0.257500 0.007500 0.017500
2 0.301250 0.251250 0.007500 0.015000
2 0.296250 0.241250 0.005000 0.015000
2 0.255000 0.246250 0.007500 0.015000
2 0.215000 0.245000 0.005000 0.012500
2 0.242500 0.246250 0.005000 0.012500
2 0.246250 0.248750 0.005000 0.010000
2 0.221250 0.256250 0.010000 0.015000
2 0.218750 0.247500 0.002500 0.012500
2 0.225000 0.251250 0.007500 0.017500
2 0.277500 0.200000 0.005000 0.012500
2 0.262500 0.191250 0.005000 0.012500
2 0.303750 0.206250 0.005000 0.012500
2 0.310000 0.207500 0.005000 0.012500
2 0.320000 0.235000 0.005000 0.012500
2 0.321250 0.230000 0.005000 0.015000
2 0.337500 0.251250 0.007500 0.017500
2 0.388750 0.253750 0.005000 0.015000
2 0.371250 0.230000 0.007500 0.010000
2 0.368750 0.227500 0.007500 0.010000
2 0.748750 0.478750 0.010000 0.015000
2 0.820000 0.537500 0.015000 0.035000
2 0.468750 0.357500 0.010000 0.017500
2 0.497500 0.262500 0.007500 0.017500
2 0.470000 0.313750 0.005000 0.017500
2 0.547500 0.310000 0.007500 0.020000
2 0.611250 0.296250 0.005000 0.015000
2 0.626250 0.265000 0.007500 0.017500
6 0.165000 0.137500 0.025000 0.010000
6 0.367500 0.162500 0.020000 0.012500
6 0.410000 0.168750 0.022500 0.010000
6 0.395000 0.165000 0.025000 0.010000
