2 0.641250 0.980000 0.020000 0.055000
2 0.623750 0.982500 0.022500 0.050000
2 0.713750 0.868750 0.017500 0.050000
2 0.706250 0.788750 0.012500 0.040000
2 0.722500 0.783750 0.015000 0.040000
2 0.735000 0.790000 0.015000 0.040000
2 0.668750 0.770000 0.012500 0.037500
2 0.677500 0.768750 0.012500 0.037500
2 0.726250 0.721250 0.012500 0.035000
2 0.727500 0.688750 0.015000 0.030000
2 0.771250 0.687500 0.012500 0.035000
2 0.855000 0.637500 0.010000 0.027500
2 0.741250 0.627500 0.010000 0.030000
2 0.750000 0.621250 0.010000 0.027500
2 0.731250 0.615000 0.005000 0.022500
2 0.726250 0.603750 0.007500 0.020000
2 0.736250 0.586250 0.005000 0.020000
2 0.737500 0.602500 0.010000 0.022500
2 0.745000 0.588750 0.007500 0.022500
2 0.751250 0.590000 0.010000 0.022500
2 0.861250 0.550000 0.007500 0.017500
2 0.868750 0.536250 0.007500 0.017500
2 0.735000 0.535000 0.007500 0.017500
6 0.815000 0.515000 0.040000 0.017500
2 0.897500 0.516250 0.005000 0.015000
2 0.903750 0.512500 0.005000 0.017500
2 0.523750 0.523750 0.007500 0.017500
2 0.543750 0.523750 0.007500 0.017500
2 0.587500 0.521250 0.010000 0.017500
2 0.601250 0.512500 0.007500 0.017500
2 0.593750 0.510000 0.007500 0.017500
2 0.653750 0.503750 0.007500 0.017500
