6 0.217500 0.320000 0.035000 0.017500
6 0.373750 0.288750 0.040000 0.022500
6 0.436250 0.242500 0.015000 0.015000
6 0.592500 0.323750 0.020000 0.017500
6 0.442500 0.183750 0.010000 0.012500
6 0.392500 0.043750 0.007500 0.012500
6 0.360000 0.097500 0.020000 0.007500
6 0.360000 0.093750 0.022500 0.007500
6 0.358750 0.087500 0.022500 0.010000
6 0.360000 0.081250 0.022500 0.010000
6 0.360000 0.075000 0.022500 0.007500
6 0.361250 0.070000 0.025000 0.007500
6 0.358750 0.062500 0.020000 0.007500
6 0.358750 0.057500 0.022500 0.007500
6 0.356250 0.041250 0.020000 0.007500
6 0.356250 0.038750 0.025000 0.007500
6 0.360000 0.036250 0.020000 0.010000
6 0.361250 0.025000 0.012500 0.012500
6 0.572500 0.106250 0.010000 0.012500
6 0.583750 0.087500 0.012500 0.012500
6 0.593750 0.173750 0.017500 0.027500
6 0.623750 0.201250 0.015000 0.020000
6 0.631250 0.220000 0.020000 0.030000
6 0.557500 0.312500 0.040000 0.050000
2 0.282500 0.598750 0.007500 0.012500
2 0.352500 0.562500 0.007500 0.010000
2 0.472500 0.491250 0.007500 0.012500
2 0.508750 0.496250 0.007500 0.012500
2 0.557500 0.480000 0.005000 0.010000
2 0.466250 0.486250 0.007500 0.012500
2 0.550000 0.492500 0.002500 0.007500
2 0.547500 0.493750 0.005000 0.012500
6 0.647500 0.252500 0.015000 0.017500
6 0.653750 0.425000 0.027500 0.025000
6 0.757500 0.557500 0.035000 0.030000
6 0.902500 0.655000 0.042500 0.040000
6 0.880000 0.285000 0.045000 0.027500
6 0.936250 0.268750 0.045000 0.030000
6 0.772500 0.028750 0.025000 0.017500
