2 0.052500 0.981250 0.020000 0.042500
6 0.276250 0.841250 0.047500 0.040000
6 0.272500 0.748750 0.035000 0.042500
6 0.563750 0.743750 0.085000 0.035000
6 0.658750 0.752500 0.067500 0.027500
6 0.760000 0.753750 0.070000 0.032500
6 0.827500 0.678750 0.107500 0.047500
2 0.323750 0.622500 0.005000 0.020000
2 0.308750 0.620000 0.005000 0.015000
2 0.353750 0.616250 0.007500 0.017500
6 0.633750 0.612500 0.047500 0.015000
6 0.467500 0.658750 0.025000 0.020000
2 0.556250 0.627500 0.005000 0.017500
2 0.520000 0.573750 0.005000 0.012500
6 0.436250 0.572500 0.017500 0.012500
6 0.416250 0.557500 0.025000 0.027500
6 0.476250 0.565000 0.012500 0.010000
6 0.450000 0.557500 0.015000 0.010000
6 0.452500 0.543750 0.020000 0.020000
6 0.511250 0.560000 0.025000 0.030000
6 0.531250 0.537500 0.020000 0.027500
6 0.501250 0.537500 0.025000 0.027500
6 0.508750 0.531250 0.020000 0.025000
6 0.498750 0.492500 0.010000 0.012500
6 0.538750 0.533750 0.017500 0.022500
6 0.486250 0.553750 0.025000 0.025000
6 0.465000 0.527500 0.020000 0.020000
6 0.476250 0.518750 0.017500 0.020000
6 0.485000 0.508750 0.015000 0.020000
6 0.487500 0.492500 0.010000 0.007500
6 0.510000 0.490000 0.007500 0.007500
