6 0.457500 0.141250 0.005000 0.010000
6 0.471250 0.142500 0.005000 0.007500
6 0.450000 0.566250 0.022500 0.010000
6 0.461250 0.555000 0.025000 0.010000
6 0.473750 0.546250 0.022500 0.010000
6 0.485000 0.536250 0.022500 0.010000
6 0.332500 0.658750 0.022500 0.010000
6 0.360000 0.632500 0.017500 0.010000
6 0.301250 0.683750 0.025000 0.010000
6 0.287500 0.698750 0.030000 0.012500
6 0.362500 0.738750 0.025000 0.012500
6 0.320000 0.778750 0.022500 0.012500
6 0.520000 0.747500 0.022500 0.017500
6 0.532500 0.741250 0.025000 0.020000
6 0.553750 0.718750 0.022500 0.020000
6 0.345000 0.752500 0.025000 0.010000
6 0.331250 0.765000 0.025000 0.012500
6 0.273750 0.811250 0.032500 0.015000
6 0.543750 0.728750 0.022500 0.020000
6 0.077500 0.921250 0.020000 0.022500
6 0.255000 0.976250 0.030000 0.012500
6 0.671250 0.010000 0.015000 0.007500
6 0.685000 0.023750 0.017500 0.010000
6 0.703750 0.023750 0.010000 0.007500
6 0.768750 0.015000 0.010000 0.007500
6 0.706250 0.071250 0.037500 0.020000
6 0.903750 0.067500 0.025000 0.020000
6 0.933750 0.046250 0.025000 0.020000
6 0.902500 0.042500 0.010000 0.010000
6 0.885000 0.095000 0.010000 0.010000
6 0.895000 0.108750 0.012500 0.007500
6 0.898750 0.105000 0.012500 0.007500
6 0.905000 0.101250 0.015000 0.007500
6 0.766250 0.093750 0.010000 0.007500
6 0.712500 0.022500 0.010000 0.007500
6 0.717500 0.020000 0.012500 0.005000
6 0.722500 0.015000 0.010000 0.005000
6 0.728750 0.011250 0.010000 0.005000
6 0.732500 0.003750 0.012500 0.007500
6 0.751250 0.025000 0.007500 0.007500
6 0.742500 0.031250 0.012500 0.010000
6 0.781250 0.023750 0.010000 0.007500
6 0.755000 0.033750 0.007500 0.005000
6 0.781250 0.041250 0.012500 0.012500
6 0.787500 0.045000 0.010000 0.010000
6 0.765000 0.026250 0.007500 0.005000
6 0.757500 0.026250 0.007500 0.005000
6 0.747500 0.032500 0.007500 0.007500
6 0.762500 0.035000 0.010000 0.007500
6 0.768750 0.038750 0.010000 0.010000
6 0.781250 0.040000 0.007500 0.010000
6 0.773750 0.022500 0.007500 0.005000
6 0.765000 0.027500 0.007500 0.010000
6 0.778750 0.031250 0.007500 0.007500
6 0.800000 0.047500 0.007500 0.007500
6 0.795000 0.045000 0.007500 0.007500
6 0.802500 0.038750 0.007500 0.007500
6 0.796250 0.037500 0.010000 0.007500
6 0.726250 0.892500 0.022500 0.030000
6 0.715000 0.881250 0.022500 0.025000
6 0.823750 0.872500 0.020000 0.027500
6 0.865000 0.865000 0.020000 0.025000
6 0.853750 0.856250 0.022500 0.025000
6 0.878750 0.841250 0.030000 0.022500
6 0.911250 0.883750 0.022500 0.025000
6 0.743750 0.908750 0.022500 0.027500
6 0.757500 0.916250 0.025000 0.027500
6 0.770000 0.925000 0.020000 0.025000
6 0.783750 0.932500 0.025000 0.025000
6 0.812500 0.946250 0.022500 0.027500
6 0.827500 0.953750 0.022500 0.025000
6 0.793750 0.463750 0.020000 0.012500
6 0.768750 0.491250 0.020000 0.015000
6 0.747500 0.511250 0.020000 0.015000
6 0.743750 0.520000 0.020000 0.012500
6 0.737500 0.526250 0.017500 0.015000
6 0.753750 0.505000 0.017500 0.012500
6 0.762500 0.498750 0.022500 0.012500
6 0.775000 0.485000 0.022500 0.015000
6 0.781250 0.476250 0.022500 0.012500
6 0.787500 0.471250 0.020000 0.012500
6 0.758750 0.581250 0.020000 0.020000
6 0.795000 0.592500 0.015000 0.017500
6 0.827500 0.608750 0.017500 0.020000
6 0.831250 0.585000 0.017500 0.017500
6 0.811250 0.575000 0.020000 0.017500
6 0.767500 0.642500 0.015000 0.017500
6 0.782500 0.587500 0.017500 0.020000
6 0.772500 0.583750 0.020000 0.020000
6 0.747500 0.576250 0.015000 0.015000
6 0.798750 0.570000 0.015000 0.015000
6 0.745000 0.632500 0.015000 0.020000
6 0.752500 0.663750 0.017500 0.020000
6 0.770000 0.727500 0.022500 0.022500
6 0.790000 0.653750 0.020000 0.017500
6 0.773750 0.672500 0.017500 0.020000
6 0.802500 0.657500 0.020000 0.017500
6 0.761250 0.668750 0.015000 0.022500
6 0.808750 0.690000 0.017500 0.022500
6 0.796250 0.685000 0.020000 0.022500
6 0.822500 0.696250 0.020000 0.020000
2 0.832500 0.722500 0.002500 0.010000
6 0.958750 0.083750 0.007500 0.010000
6 0.968750 0.086250 0.010000 0.007500
6 0.970000 0.050000 0.012500 0.007500
6 0.976250 0.046250 0.015000 0.007500
6 0.980000 0.045000 0.015000 0.007500
6 0.982500 0.041250 0.015000 0.007500
6 0.987500 0.038750 0.010000 0.007500
6 0.967500 0.021250 0.017500 0.017500
6 0.987500 0.008750 0.022500 0.017500
6 0.841250 0.962500 0.022500 0.027500
6 0.855000 0.968750 0.022500 0.025000
6 0.873750 0.972500 0.022500 0.020000
6 0.841250 0.672500 0.017500 0.015000
6 0.865000 0.598750 0.017500 0.017500
6 0.861250 0.622500 0.020000 0.022500
6 0.872500 0.628750 0.017500 0.020000
6 0.873750 0.603750 0.012500 0.020000
6 0.853750 0.593750 0.012500 0.015000
6 0.845000 0.587500 0.017500 0.015000
