2 0.007500 0.523750 0.005000 0.007500
2 0.050000 0.701250 0.007500 0.017500
2 0.063750 0.702500 0.007500 0.012500
2 0.057500 0.656250 0.007500 0.010000
2 0.378750 0.966250 0.010000 0.015000
6 0.876250 0.658750 0.050000 0.027500
6 0.930000 0.672500 0.052500 0.025000
6 0.878750 0.543750 0.075000 0.037500
6 0.848750 0.332500 0.050000 0.025000
6 0.918750 0.352500 0.052500 0.035000
2 0.306250 0.560000 0.007500 0.010000
2 0.171250 0.466250 0.007500 0.007500
2 0.270000 0.460000 0.010000 0.007500
2 0.197500 0.491250 0.007500 0.007500
2 0.207500 0.492500 0.005000 0.007500
