6 0.895000 0.720000 0.080000 0.060000
2 0.922500 0.568750 0.027500 0.025000
2 0.901250 0.563750 0.020000 0.017500
6 0.996250 0.615000 0.082500 0.052500
6 0.810000 0.520000 0.050000 0.030000
6 0.660000 0.488750 0.027500 0.022500
2 0.518750 0.662500 0.007500 0.007500
2 0.748750 0.410000 0.010000 0.010000
2 0.753750 0.383750 0.015000 0.012500
2 0.646250 0.403750 0.012500 0.010000
6 0.596250 0.492500 0.017500 0.017500
6 0.588750 0.473750 0.022500 0.017500
6 0.521250 0.492500 0.017500 0.015000
6 0.491250 0.488750 0.015000 0.015000
2 0.405000 0.513750 0.007500 0.007500
2 0.380000 0.516250 0.002500 0.000000
6 0.378750 0.490000 0.005000 0.005000
6 0.381250 0.481250 0.005000 0.005000
6 0.337500 0.523750 0.005000 0.002500
2 0.833750 0.207500 0.012500 0.010000
2 0.827500 0.208750 0.012500 0.012500
6 0.961250 0.172500 0.032500 0.035000
6 0.936250 0.177500 0.032500 0.032500
6 0.913750 0.195000 0.027500 0.040000
6 0.896250 0.198750 0.027500 0.032500
6 0.891250 0.282500 0.025000 0.032500
6 0.876250 0.288750 0.020000 0.030000
6 0.851250 0.298750 0.032500 0.037500
6 0.835000 0.302500 0.027500 0.032500
6 0.815000 0.310000 0.027500 0.035000
6 0.825000 0.241250 0.022500 0.027500
