6 0.200000 0.440000 0.032500 0.020000
6 0.243750 0.418750 0.045000 0.022500
6 0.256250 0.391250 0.042500 0.025000
6 0.271250 0.315000 0.037500 0.017500
6 0.370000 0.297500 0.032500 0.015000
6 0.302500 0.272500 0.015000 0.027500
6 0.270000 0.262500 0.030000 0.017500
6 0.355000 0.250000 0.027500 0.012500
6 0.345000 0.228750 0.027500 0.012500
6 0.273750 0.207500 0.025000 0.010000
6 0.258750 0.193750 0.020000 0.010000
6 0.262500 0.186250 0.025000 0.007500
2 0.323750 0.262500 0.002500 0.010000
6 0.376250 0.115000 0.007500 0.007500
6 0.258750 0.120000 0.017500 0.007500
6 0.262500 0.112500 0.015000 0.007500
6 0.301250 0.065000 0.010000 0.005000
6 0.297500 0.058750 0.012500 0.005000
6 0.293750 0.047500 0.010000 0.002500
6 0.292500 0.036250 0.010000 0.005000
6 0.537500 0.118750 0.015000 0.010000
6 0.485000 0.076250 0.012500 0.007500
6 0.433750 0.036250 0.012500 0.010000
6 0.486250 0.066250 0.017500 0.012500
6 0.252500 0.082500 0.012500 0.005000
6 0.252500 0.066250 0.010000 0.015000
6 0.288750 0.068750 0.010000 0.015000
