6 0.838750 0.520000 0.027500 0.047500
6 0.788750 0.501250 0.025000 0.045000
6 0.796250 0.401250 0.025000 0.037500
6 0.841250 0.362500 0.022500 0.035000
6 0.767500 0.881250 0.050000 0.085000
6 0.986250 0.708750 0.040000 0.082500
6 0.970000 0.630000 0.037500 0.070000
6 0.817500 0.097500 0.015000 0.017500
6 0.821250 0.077500 0.012500 0.017500
6 0.821250 0.065000 0.012500 0.010000
6 0.843750 0.081250 0.015000 0.035000
6 0.843750 0.065000 0.010000 0.017500
2 0.657500 0.943750 0.012500 0.027500
2 0.661250 0.935000 0.010000 0.027500
2 0.721250 0.488750 0.012500 0.022500
2 0.698750 0.541250 0.010000 0.025000
2 0.723750 0.536250 0.010000 0.022500
2 0.710000 0.552500 0.015000 0.025000
2 0.635000 0.977500 0.012500 0.012500
2 0.618750 0.976250 0.010000 0.015000
2 0.612500 0.972500 0.012500 0.017500
