6 0.561250 0.642500 0.037500 0.055000
6 0.692500 0.435000 0.027500 0.027500
6 0.672500 0.355000 0.022500 0.020000
2 0.597500 0.210000 0.005000 0.012500
2 0.625000 0.247500 0.005000 0.015000
2 0.592500 0.427500 0.007500 0.012500
2 0.650000 0.467500 0.007500 0.017500
2 0.407500 0.371250 0.010000 0.020000
2 0.413750 0.358750 0.005000 0.015000
2 0.426250 0.346250 0.007500 0.015000
2 0.432500 0.340000 0.007500 0.015000
2 0.583750 0.258750 0.005000 0.010000
6 0.585000 0.263750 0.012500 0.017500
2 0.512500 0.038750 0.002500 0.007500
2 0.518750 0.140000 0.005000 0.012500
2 0.313750 0.327500 0.010000 0.020000
6 0.268750 0.251250 0.017500 0.017500
2 0.245000 0.363750 0.007500 0.020000
2 0.255000 0.353750 0.007500 0.022500
6 0.665000 0.695000 0.025000 0.040000
6 0.855000 0.785000 0.022500 0.042500
2 0.840000 0.740000 0.010000 0.022500
6 0.926250 0.285000 0.015000 0.017500
2 0.613750 0.887500 0.017500 0.035000
