6 0.850000 0.263750 0.010000 0.007500
6 0.841250 0.270000 0.012500 0.010000
6 0.771250 0.282500 0.012500 0.012500
6 0.792500 0.317500 0.012500 0.012500
6 0.775000 0.317500 0.012500 0.012500
6 0.827500 0.335000 0.017500 0.020000
6 0.861250 0.312500 0.012500 0.012500
6 0.867500 0.375000 0.022500 0.015000
6 0.893750 0.372500 0.022500 0.012500
6 0.915000 0.365000 0.015000 0.015000
6 0.892500 0.361250 0.015000 0.015000
6 0.861250 0.365000 0.027500 0.015000
6 0.781250 0.558750 0.030000 0.035000
6 0.777500 0.600000 0.032500 0.040000
6 0.776250 0.648750 0.030000 0.042500
6 0.825000 0.668750 0.037500 0.050000
6 0.876250 0.645000 0.037500 0.050000
6 0.887500 0.712500 0.040000 0.062500
6 0.828750 0.733750 0.045000 0.065000
6 0.768750 0.710000 0.035000 0.057500
6 0.755000 0.768750 0.040000 0.065000
6 0.832500 0.813750 0.045000 0.075000
6 0.901250 0.778750 0.047500 0.065000
6 0.911250 0.887500 0.050000 0.092500
6 0.831250 0.898750 0.055000 0.095000
6 0.752500 0.880000 0.050000 0.082500
2 0.640000 0.746250 0.012500 0.015000
2 0.616250 0.773750 0.012500 0.020000
2 0.516250 0.776250 0.017500 0.035000
2 0.583750 0.811250 0.012500 0.017500
2 0.602500 0.813750 0.012500 0.022500
2 0.621250 0.815000 0.012500 0.017500
6 0.751250 0.398750 0.042500 0.022500
2 0.682500 0.298750 0.005000 0.012500
2 0.696250 0.283750 0.005000 0.010000
