6 0.151250 0.843750 0.037500 0.067500
6 0.231250 0.681250 0.030000 0.045000
6 0.261250 0.358750 0.020000 0.030000
6 0.238750 0.257500 0.017500 0.025000
6 0.238750 0.060000 0.010000 0.012500
6 0.261250 0.071250 0.012500 0.012500
6 0.276250 0.082500 0.012500 0.012500
6 0.227500 0.167500 0.015000 0.020000
6 0.220000 0.241250 0.015000 0.025000
6 0.187500 0.493750 0.025000 0.045000
6 0.237500 0.792500 0.032500 0.060000
6 0.253750 0.150000 0.015000 0.020000
2 0.167500 0.332500 0.007500 0.017500
2 0.276250 0.278750 0.005000 0.015000
2 0.175000 0.638750 0.007500 0.015000
2 0.198750 0.613750 0.007500 0.010000
2 0.235000 0.595000 0.007500 0.012500
2 0.262500 0.562500 0.010000 0.012500
