2 0.397500 0.976250 0.015000 0.027500
2 0.436250 0.991250 0.010000 0.022500
2 0.438750 0.968750 0.012500 0.032500
6 0.463750 0.888750 0.017500 0.012500
2 0.573750 0.988750 0.015000 0.030000
2 0.568750 0.980000 0.012500 0.027500
2 0.542500 0.968750 0.012500 0.027500
2 0.490000 0.966250 0.012500 0.032500
6 0.200000 0.960000 0.040000 0.027500
6 0.158750 0.950000 0.040000 0.035000
6 0.256250 0.926250 0.022500 0.020000
6 0.242500 0.920000 0.025000 0.015000
6 0.275000 0.908750 0.020000 0.017500
2 0.098750 0.963750 0.015000 0.027500
6 0.035000 0.965000 0.045000 0.020000
6 0.052500 0.960000 0.050000 0.022500
6 0.062500 0.953750 0.057500 0.020000
6 0.077500 0.945000 0.045000 0.017500
6 0.321250 0.873750 0.012500 0.012500
6 0.331250 0.867500 0.012500 0.007500
2 0.438750 0.875000 0.007500 0.012500
2 0.427500 0.873750 0.007500 0.012500
2 0.455000 0.907500 0.005000 0.020000
2 0.446250 0.906250 0.005000 0.015000
2 0.501250 0.967500 0.010000 0.025000
2 0.507500 0.965000 0.010000 0.032500
2 0.512500 0.957500 0.010000 0.032500
2 0.482500 0.936250 0.007500 0.022500
2 0.458750 0.933750 0.007500 0.025000
2 0.475000 0.908750 0.010000 0.020000
2 0.466250 0.925000 0.007500 0.020000
2 0.463750 0.920000 0.005000 0.025000
2 0.491250 0.937500 0.007500 0.025000
2 0.477500 0.936250 0.007500 0.017500
6 0.146250 0.918750 0.042500 0.012500
2 0.198750 0.916250 0.007500 0.020000
