6 0.122500 0.460000 0.075000 0.080000
6 0.293750 0.308750 0.067500 0.070000
2 0.087500 0.705000 0.020000 0.032500
2 0.181250 0.593750 0.012500 0.035000
2 0.170000 0.591250 0.007500 0.030000
2 0.158750 0.590000 0.012500 0.025000
2 0.202500 0.715000 0.012500 0.035000
2 0.061250 0.272500 0.012500 0.030000
2 0.016250 0.285000 0.010000 0.035000
2 0.036250 0.285000 0.012500 0.025000
2 0.001250 0.288750 0.012500 0.027500
2 0.331250 0.923750 0.020000 0.035000
2 0.168750 0.563750 0.012500 0.032500
2 0.191250 0.563750 0.015000 0.030000
2 0.120000 0.621250 0.012500 0.027500
2 0.110000 0.616250 0.012500 0.030000
2 0.191250 0.155000 0.012500 0.025000
2 0.173750 0.172500 0.012500 0.025000
2 0.232500 0.123750 0.007500 0.027500
2 0.037500 0.272500 0.012500 0.025000
2 0.026250 0.271250 0.012500 0.025000
2 0.052500 0.271250 0.012500 0.027500
2 0.163750 0.165000 0.010000 0.027500
2 0.185000 0.148750 0.007500 0.027500
2 0.423750 0.972500 0.020000 0.022500
2 0.347500 0.977500 0.015000 0.010000
2 0.122500 0.201250 0.010000 0.030000
2 0.115000 0.200000 0.015000 0.020000
2 0.133750 0.202500 0.012500 0.025000
2 0.255000 0.112500 0.012500 0.025000
