2 0.377500 0.765000 0.007500 0.017500
2 0.312500 0.851250 0.007500 0.017500
2 0.240000 0.711250 0.007500 0.015000
6 0.130000 0.873750 0.025000 0.030000
6 0.092500 0.738750 0.022500 0.030000
6 0.202500 0.732500 0.047500 0.080000
6 0.085000 0.692500 0.020000 0.022500
6 0.057500 0.693750 0.020000 0.022500
6 0.067500 0.643750 0.017500 0.022500
6 0.041250 0.628750 0.015000 0.015000
6 0.157500 0.615000 0.017500 0.020000
6 0.128750 0.592500 0.025000 0.042500
6 0.046250 0.561250 0.017500 0.020000
6 0.066250 0.552500 0.020000 0.020000
6 0.132500 0.546250 0.015000 0.020000
6 0.116250 0.505000 0.015000 0.017500
6 0.015000 0.496250 0.015000 0.017500
6 0.027500 0.480000 0.012500 0.017500
6 0.088750 0.476250 0.015000 0.020000
6 0.023750 0.463750 0.012500 0.012500
6 0.017500 0.438750 0.010000 0.012500
6 0.000000 0.443750 0.012500 0.015000
6 0.040000 0.383750 0.012500 0.012500
6 0.043750 0.356250 0.010000 0.012500
6 0.020000 0.316250 0.010000 0.012500
6 0.028750 0.301250 0.017500 0.025000
6 0.108750 0.308750 0.057500 0.025000
6 0.153750 0.306250 0.025000 0.015000
6 0.091250 0.316250 0.015000 0.007500
6 0.081250 0.305000 0.025000 0.015000
6 0.082500 0.297500 0.027500 0.012500
6 0.127500 0.298750 0.045000 0.015000
6 0.001250 0.295000 0.007500 0.010000
6 0.012500 0.288750 0.010000 0.012500
6 0.021250 0.280000 0.007500 0.010000
6 0.010000 0.277500 0.010000 0.010000
6 0.030000 0.276250 0.007500 0.010000
6 0.018750 0.270000 0.010000 0.010000
6 0.006250 0.263750 0.010000 0.007500
6 0.016250 0.263750 0.007500 0.010000
6 0.013750 0.253750 0.010000 0.012500
6 0.002500 0.251250 0.010000 0.010000
6 0.000000 0.245000 0.010000 0.010000
