2 0.465000 0.560000 0.007500 0.015000
2 0.356250 0.622500 0.010000 0.017500
2 0.328750 0.551250 0.007500 0.017500
2 0.358750 0.540000 0.005000 0.017500
2 0.410000 0.562500 0.007500 0.015000
2 0.423750 0.525000 0.005000 0.012500
2 0.453750 0.555000 0.007500 0.012500
2 0.401250 0.506250 0.007500 0.015000
2 0.381250 0.533750 0.007500 0.015000
2 0.266250 0.516250 0.012500 0.020000
2 0.241250 0.577500 0.007500 0.017500
2 0.198750 0.600000 0.010000 0.020000
2 0.247500 0.621250 0.007500 0.015000
2 0.245000 0.611250 0.005000 0.017500
2 0.328750 0.538750 0.005000 0.015000
2 0.381250 0.523750 0.005000 0.015000
2 0.463750 0.553750 0.005000 0.015000
2 0.166250 0.578750 0.007500 0.015000
2 0.441250 0.463750 0.007500 0.015000
2 0.122500 0.377500 0.007500 0.015000
2 0.198750 0.380000 0.005000 0.012500
2 0.195000 0.331250 0.002500 0.012500
