2 0.800000 0.927500 0.007500 0.015000
2 0.805000 0.921250 0.010000 0.015000
6 0.877500 0.451250 0.045000 0.057500
6 0.898750 0.426250 0.015000 0.020000
6 0.718750 0.428750 0.020000 0.017500
6 0.700000 0.427500 0.017500 0.017500
6 0.681250 0.425000 0.020000 0.017500
6 0.966250 0.416250 0.017500 0.022500
6 0.983750 0.405000 0.012500 0.012500
6 0.961250 0.367500 0.010000 0.012500
6 0.950000 0.250000 0.010000 0.015000
6 0.957500 0.226250 0.010000 0.015000
6 0.942500 0.183750 0.030000 0.012500
