6 0.120000 0.682500 0.037500 0.042500
6 0.061250 0.638750 0.035000 0.045000
6 0.008750 0.612500 0.037500 0.045000
6 0.062500 0.598750 0.032500 0.035000
6 0.113750 0.573750 0.030000 0.037500
6 0.016250 0.572500 0.032500 0.035000
6 0.068750 0.558750 0.030000 0.030000
6 0.038750 0.351250 0.012500 0.017500
6 0.062500 0.347500 0.015000 0.020000
6 0.050000 0.302500 0.015000 0.015000
6 0.088750 0.342500 0.015000 0.017500
6 0.103750 0.192500 0.010000 0.007500
6 0.113750 0.185000 0.010000 0.010000
6 0.106250 0.165000 0.007500 0.005000
6 0.112500 0.156250 0.010000 0.007500
6 0.102500 0.175000 0.007500 0.010000
6 0.313750 0.390000 0.047500 0.020000
6 0.022500 0.537500 0.032500 0.035000
6 0.027500 0.510000 0.030000 0.025000
6 0.033750 0.485000 0.027500 0.027500
6 0.080000 0.477500 0.025000 0.022500
6 0.073750 0.505000 0.027500 0.027500
6 0.070000 0.530000 0.027500 0.025000
6 0.115000 0.485000 0.027500 0.025000
6 0.113750 0.511250 0.030000 0.027500
6 0.113750 0.542500 0.030000 0.032500
6 0.088750 0.326250 0.017500 0.015000
6 0.063750 0.331250 0.017500 0.012500
6 0.047500 0.318750 0.017500 0.012500
6 0.040000 0.336250 0.015000 0.012500
6 0.041250 0.328750 0.015000 0.012500
6 0.121250 0.302500 0.015000 0.012500
2 0.230000 0.426250 0.007500 0.012500
2 0.265000 0.441250 0.005000 0.007500
2 0.288750 0.460000 0.005000 0.010000
2 0.261250 0.456250 0.007500 0.010000
2 0.240000 0.470000 0.005000 0.012500
2 0.213750 0.336250 0.005000 0.007500
2 0.201250 0.315000 0.007500 0.010000
2 0.188750 0.307500 0.005000 0.007500
2 0.167500 0.237500 0.005000 0.007500
2 0.181250 0.238750 0.005000 0.007500
2 0.057500 0.246250 0.005000 0.010000
6 0.145000 0.177500 0.010000 0.007500
2 0.163750 0.213750 0.005000 0.005000
2 0.370000 0.416250 0.005000 0.010000
2 0.363750 0.416250 0.005000 0.012500
2 0.352500 0.416250 0.005000 0.015000
2 0.348750 0.418750 0.005000 0.015000
2 0.305000 0.375000 0.005000 0.010000
2 0.316250 0.376250 0.002500 0.010000
6 0.441250 0.365000 0.052500 0.047500
6 0.563750 0.472500 0.045000 0.022500
