2 0.790000 0.612500 0.005000 0.012500
2 0.838750 0.498750 0.005000 0.010000
6 0.737500 0.515000 0.022500 0.035000
6 0.818750 0.371250 0.017500 0.022500
6 0.903750 0.237500 0.007500 0.015000
6 0.842500 0.332500 0.005000 0.010000
6 0.065000 0.643750 0.042500 0.030000
6 0.022500 0.670000 0.042500 0.030000
2 0.225000 0.623750 0.012500 0.022500
2 0.250000 0.621250 0.012500 0.015000
6 0.152500 0.585000 0.022500 0.015000
6 0.935000 0.228750 0.005000 0.005000
2 0.750000 0.467500 0.002500 0.010000
