6 0.828750 0.976250 0.067500 0.045000
6 0.890000 0.930000 0.062500 0.055000
6 0.945000 0.882500 0.052500 0.050000
6 0.962500 0.846250 0.050000 0.037500
6 0.963750 0.618750 0.032500 0.012500
6 0.915000 0.608750 0.030000 0.012500
6 0.880000 0.602500 0.030000 0.015000
6 0.802500 0.587500 0.025000 0.010000
6 0.833750 0.578750 0.022500 0.010000
2 0.683750 0.562500 0.005000 0.010000
6 0.718750 0.571250 0.020000 0.012500
6 0.770000 0.577500 0.027500 0.015000
6 0.795000 0.561250 0.017500 0.007500
6 0.782500 0.558750 0.017500 0.010000
6 0.772500 0.556250 0.020000 0.010000
6 0.510000 0.533750 0.020000 0.007500
6 0.485000 0.528750 0.017500 0.007500
6 0.462500 0.526250 0.022500 0.010000
