6 0.648750 0.997500 0.050000 0.092500
6 0.716250 0.442500 0.022500 0.035000
6 0.411250 0.263750 0.030000 0.017500
6 0.481250 0.241250 0.020000 0.015000
6 0.768750 0.107500 0.010000 0.010000
6 0.761250 0.073750 0.010000 0.012500
6 0.752500 0.103750 0.010000 0.015000
6 0.755000 0.063750 0.007500 0.010000
6 0.827500 0.038750 0.017500 0.007500
6 0.800000 0.021250 0.007500 0.007500
6 0.931250 0.030000 0.007500 0.010000
6 0.928750 0.091250 0.020000 0.012500
6 0.985000 0.032500 0.010000 0.010000
6 0.993750 0.030000 0.010000 0.012500
6 0.950000 0.020000 0.012500 0.010000
6 0.682500 0.386250 0.017500 0.032500
6 0.740000 0.238750 0.022500 0.040000
6 0.518750 0.212500 0.015000 0.022500
6 0.287500 0.287500 0.097500 0.040000
6 0.335000 0.251250 0.102500 0.040000
2 0.682500 0.355000 0.007500 0.012500
2 0.757500 0.373750 0.007500 0.015000
