6 0.340000 0.900000 0.040000 0.062500
6 0.276250 0.852500 0.037500 0.067500
6 0.323750 0.708750 0.032500 0.055000
6 0.283750 0.605000 0.027500 0.042500
6 0.193750 0.652500 0.035000 0.070000
6 0.313750 0.523750 0.025000 0.030000
6 0.240000 0.446250 0.020000 0.037500
6 0.258750 0.340000 0.017500 0.030000
6 0.217500 0.385000 0.020000 0.035000
6 0.261250 0.253750 0.015000 0.025000
6 0.247500 0.186250 0.025000 0.020000
6 0.271250 0.152500 0.012500 0.015000
6 0.297500 0.166250 0.025000 0.017500
6 0.315000 0.025000 0.015000 0.010000
6 0.241250 0.023750 0.007500 0.007500
6 0.243750 0.013750 0.007500 0.007500
6 0.228750 0.060000 0.010000 0.012500
6 0.231250 0.048750 0.012500 0.010000
6 0.208750 0.130000 0.012500 0.010000
6 0.210000 0.117500 0.010000 0.010000
6 0.225000 0.082500 0.012500 0.012500
6 0.165000 0.247500 0.022500 0.017500
6 0.425000 0.531250 0.027500 0.037500
6 0.420000 0.488750 0.025000 0.035000
2 0.510000 0.623750 0.007500 0.025000
2 0.406250 0.393750 0.007500 0.015000
6 0.357500 0.018750 0.010000 0.010000
2 0.356250 0.113750 0.002500 0.010000
6 0.363750 0.075000 0.007500 0.007500
6 0.362500 0.066250 0.010000 0.007500
6 0.341250 0.050000 0.020000 0.010000
2 0.378750 0.252500 0.005000 0.015000
6 0.415000 0.035000 0.015000 0.010000
6 0.415000 0.047500 0.012500 0.010000
2 0.350000 0.071250 0.002500 0.005000
2 0.355000 0.083750 0.002500 0.005000
2 0.391250 0.561250 0.007500 0.015000
