6 0.103750 0.066250 0.017500 0.020000
6 0.121250 0.127500 0.020000 0.032500
6 0.210000 0.187500 0.045000 0.025000
6 0.198750 0.268750 0.027500 0.037500
6 0.153750 0.398750 0.042500 0.022500
6 0.098750 0.626250 0.030000 0.037500
6 0.227500 0.933750 0.067500 0.087500
6 0.008750 0.345000 0.017500 0.045000
6 0.135000 0.080000 0.025000 0.010000
6 0.171250 0.132500 0.022500 0.007500
6 0.173750 0.145000 0.022500 0.010000
6 0.178750 0.148750 0.022500 0.010000
6 0.130000 0.358750 0.017500 0.017500
6 0.183750 0.357500 0.030000 0.015000
6 0.207500 0.337500 0.015000 0.017500
6 0.233750 0.415000 0.015000 0.020000
6 0.261250 0.431250 0.015000 0.022500
6 0.301250 0.375000 0.030000 0.015000
6 0.305000 0.380000 0.025000 0.012500
6 0.310000 0.386250 0.022500 0.012500
6 0.311250 0.395000 0.020000 0.012500
6 0.318750 0.416250 0.025000 0.012500
6 0.321250 0.427500 0.030000 0.017500
6 0.322500 0.441250 0.027500 0.012500
6 0.326250 0.453750 0.035000 0.015000
6 0.328750 0.496250 0.025000 0.040000
6 0.155000 0.780000 0.027500 0.035000
6 0.896250 0.411250 0.022500 0.017500
6 0.922500 0.400000 0.027500 0.017500
