6 0.596250 0.940000 0.087500 0.037500
6 0.122500 0.603750 0.022500 0.042500
6 0.251250 0.602500 0.025000 0.042500
6 0.207500 0.507500 0.025000 0.042500
6 0.287500 0.690000 0.035000 0.042500
6 0.796250 0.727500 0.062500 0.027500
6 0.890000 0.727500 0.065000 0.027500
6 0.093750 0.322500 0.015000 0.022500
6 0.201250 0.332500 0.020000 0.027500
6 0.095000 0.176250 0.012500 0.020000
6 0.147500 0.190000 0.010000 0.020000
6 0.192500 0.070000 0.010000 0.012500
6 0.157500 0.055000 0.007500 0.017500
6 0.132500 0.056250 0.007500 0.012500
6 0.136250 0.032500 0.010000 0.015000
6 0.120000 0.010000 0.010000 0.007500
6 0.193750 0.032500 0.010000 0.035000
6 0.117500 0.037500 0.015000 0.022500
6 0.175000 0.060000 0.012500 0.015000
6 0.161250 0.573750 0.022500 0.050000
6 0.563750 0.738750 0.075000 0.035000
6 0.703750 0.731250 0.075000 0.035000
6 0.970000 0.715000 0.057500 0.030000
6 0.990000 0.747500 0.020000 0.030000
6 0.011250 0.966250 0.035000 0.035000
2 0.048750 0.363750 0.007500 0.010000
2 0.103750 0.368750 0.010000 0.010000
2 0.617500 0.792500 0.005000 0.012500
