6 0.942500 0.387500 0.012500 0.012500
6 0.950000 0.422500 0.012500 0.015000
6 0.991250 0.395000 0.012500 0.012500
6 0.838750 0.440000 0.015000 0.015000
6 0.827500 0.312500 0.010000 0.010000
6 0.715000 0.475000 0.022500 0.017500
6 0.893750 0.662500 0.025000 0.037500
6 0.838750 0.336250 0.017500 0.035000
6 0.865000 0.283750 0.017500 0.027500
6 0.818750 0.296250 0.012500 0.025000
6 0.848750 0.547500 0.022500 0.047500
6 0.985000 0.387500 0.012500 0.010000
6 0.446250 0.767500 0.072500 0.030000
6 0.465000 0.738750 0.057500 0.020000
2 0.805000 0.595000 0.005000 0.017500
2 0.860000 0.880000 0.012500 0.020000
2 0.802500 0.370000 0.002500 0.007500
6 0.877500 0.205000 0.005000 0.007500
6 0.885000 0.202500 0.005000 0.005000
6 0.892500 0.237500 0.005000 0.005000
6 0.891250 0.228750 0.007500 0.012500
6 0.886250 0.218750 0.007500 0.010000
6 0.828750 0.222500 0.005000 0.005000
6 0.830000 0.260000 0.007500 0.005000
6 0.817500 0.263750 0.007500 0.007500
6 0.802500 0.261250 0.010000 0.005000
6 0.830000 0.251250 0.015000 0.012500
