2 0.083750 0.812500 0.025000 0.057500
2 0.063750 0.746250 0.017500 0.050000
2 0.080000 0.785000 0.022500 0.055000
2 0.158750 0.775000 0.022500 0.035000
2 0.205000 0.762500 0.022500 0.052500
2 0.520000 0.582500 0.015000 0.047500
2 0.558750 0.616250 0.022500 0.037500
2 0.550000 0.603750 0.025000 0.045000
2 0.533750 0.603750 0.015000 0.047500
2 0.533750 0.593750 0.017500 0.045000
2 0.653750 0.545000 0.015000 0.040000
2 0.678750 0.545000 0.020000 0.037500
2 0.698750 0.532500 0.015000 0.040000
2 0.680000 0.538750 0.012500 0.040000
2 0.661250 0.540000 0.022500 0.042500
2 0.436250 0.465000 0.012500 0.022500
6 0.430000 0.468750 0.032500 0.042500
2 0.487500 0.303750 0.010000 0.030000
2 0.471250 0.306250 0.007500 0.030000
2 0.433750 0.281250 0.010000 0.032500
2 0.420000 0.280000 0.012500 0.027500
2 0.388750 0.365000 0.012500 0.032500
2 0.375000 0.362500 0.012500 0.035000
6 0.595000 0.155000 0.055000 0.027500
6 0.462500 0.152500 0.040000 0.020000
2 0.412500 0.147500 0.005000 0.022500
2 0.397500 0.150000 0.007500 0.022500
2 0.405000 0.163750 0.010000 0.025000
2 0.413750 0.165000 0.010000 0.027500
2 0.372500 0.148750 0.005000 0.017500
2 0.363750 0.147500 0.005000 0.017500
2 0.360000 0.148750 0.010000 0.015000
2 0.346250 0.147500 0.005000 0.012500
2 0.348750 0.146250 0.007500 0.017500
2 0.333750 0.147500 0.007500 0.015000
2 0.276250 0.147500 0.007500 0.010000
2 0.272500 0.150000 0.007500 0.010000
2 0.268750 0.145000 0.010000 0.010000
2 0.255000 0.140000 0.007500 0.017500
2 0.238750 0.143750 0.005000 0.020000
6 0.375000 0.150000 0.025000 0.010000
6 0.228750 0.146250 0.020000 0.015000
2 0.203750 0.142500 0.005000 0.015000
2 0.210000 0.138750 0.007500 0.017500
6 0.223750 0.138750 0.035000 0.022500
6 0.171250 0.133750 0.030000 0.020000
6 0.157500 0.131250 0.025000 0.015000
6 0.142500 0.126250 0.022500 0.017500
6 0.125000 0.122500 0.025000 0.017500
6 0.058750 0.112500 0.022500 0.017500
6 0.000000 0.116250 0.015000 0.012500
6 0.015000 0.118750 0.020000 0.020000
6 0.025000 0.122500 0.022500 0.017500
6 0.048750 0.127500 0.027500 0.020000
6 0.068750 0.130000 0.025000 0.017500
6 0.086250 0.133750 0.027500 0.020000
6 0.026250 0.143750 0.047500 0.022500
2 0.038750 0.162500 0.012500 0.022500
2 0.070000 0.152500 0.010000 0.015000
6 0.028750 0.142500 0.042500 0.022500
2 0.083750 0.168750 0.007500 0.017500
