2 0.991250 0.265000 0.007500 0.017500
2 0.948750 0.287500 0.010000 0.020000
2 0.997500 0.308750 0.007500 0.015000
2 0.995000 0.298750 0.005000 0.017500
2 0.916250 0.266250 0.007500 0.015000
2 0.618750 0.047500 0.005000 0.015000
2 0.635000 0.031250 0.005000 0.015000
2 0.616250 0.028750 0.005000 0.012500
2 0.606250 0.053750 0.005000 0.015000
2 0.612500 0.057500 0.005000 0.015000
2 0.872500 0.065000 0.007500 0.015000
2 0.948750 0.067500 0.005000 0.012500
2 0.945000 0.018750 0.002500 0.012500
