6 0.092500 0.087500 0.010000 0.010000
6 0.105000 0.043750 0.005000 0.010000
6 0.133750 0.006250 0.005000 0.007500
6 0.502500 0.103750 0.012500 0.010000
6 0.492500 0.090000 0.012500 0.010000
6 0.301250 0.017500 0.007500 0.007500
6 0.320000 0.016250 0.007500 0.010000
6 0.330000 0.016250 0.007500 0.010000
6 0.311250 0.015000 0.007500 0.010000
6 0.270000 0.006250 0.010000 0.007500
6 0.261250 0.015000 0.007500 0.007500
6 0.252500 0.016250 0.005000 0.007500
6 0.090000 0.071250 0.010000 0.012500
6 0.007500 0.323750 0.020000 0.027500
6 0.481250 0.080000 0.012500 0.015000
6 0.033750 0.346250 0.030000 0.057500
2 0.101250 0.260000 0.007500 0.020000
2 0.087500 0.246250 0.005000 0.012500
2 0.010000 0.276250 0.005000 0.012500
