6 0.022500 0.613750 0.022500 0.035000
6 0.066250 0.490000 0.022500 0.030000
6 0.053750 0.382500 0.022500 0.025000
6 0.153750 0.322500 0.020000 0.022500
6 0.205000 0.268750 0.015000 0.020000
6 0.202500 0.226250 0.015000 0.017500
6 0.185000 0.198750 0.017500 0.017500
6 0.168750 0.186250 0.015000 0.017500
6 0.241250 0.160000 0.015000 0.017500
6 0.207500 0.136250 0.015000 0.012500
6 0.273750 0.117500 0.012500 0.015000
6 0.307500 0.087500 0.015000 0.015000
6 0.327500 0.086250 0.012500 0.012500
6 0.277500 0.072500 0.017500 0.015000
6 0.368750 0.443750 0.015000 0.025000
6 0.386250 0.417500 0.017500 0.020000
6 0.373750 0.377500 0.015000 0.022500
6 0.323750 0.273750 0.030000 0.045000
6 0.236250 0.195000 0.037500 0.050000
6 0.135000 0.411250 0.020000 0.035000
6 0.923750 0.540000 0.040000 0.027500
6 0.958750 0.608750 0.047500 0.027500
6 0.873750 0.520000 0.040000 0.017500
6 0.880000 0.555000 0.042500 0.030000
6 0.932500 0.521250 0.067500 0.027500
6 0.306250 0.152500 0.010000 0.015000
6 0.355000 0.048750 0.015000 0.010000
6 0.171250 0.487500 0.015000 0.017500
6 0.157500 0.495000 0.017500 0.027500
6 0.137500 0.496250 0.015000 0.030000
6 0.136250 0.475000 0.012500 0.017500
6 0.171250 0.465000 0.012500 0.020000
6 0.168750 0.441250 0.012500 0.025000
6 0.155000 0.455000 0.015000 0.020000
6 0.155000 0.473750 0.012500 0.020000
6 0.173750 0.503750 0.012500 0.020000
6 0.153750 0.440000 0.010000 0.017500
6 0.202500 0.356250 0.027500 0.012500
6 0.201250 0.350000 0.030000 0.015000
6 0.202500 0.343750 0.025000 0.012500
6 0.202500 0.370000 0.025000 0.012500
6 0.205000 0.362500 0.035000 0.015000
2 0.138750 0.538750 0.005000 0.010000
2 0.132500 0.540000 0.005000 0.015000
2 0.125000 0.537500 0.005000 0.012500
