6 0.196250 0.983750 0.042500 0.082500
6 0.240000 0.926250 0.052500 0.075000
6 0.135000 0.956250 0.040000 0.072500
6 0.088750 0.945000 0.035000 0.062500
6 0.186250 0.900000 0.040000 0.065000
6 0.235000 0.840000 0.040000 0.057500
6 0.190000 0.840000 0.035000 0.057500
6 0.138750 0.887500 0.035000 0.057500
6 0.093750 0.880000 0.035000 0.055000
6 0.135000 0.835000 0.030000 0.052500
6 0.098750 0.832500 0.030000 0.042500
6 0.227500 0.786250 0.032500 0.052500
6 0.185000 0.783750 0.035000 0.052500
6 0.142500 0.783750 0.030000 0.042500
2 0.120000 0.777500 0.012500 0.017500
2 0.151250 0.743750 0.015000 0.017500
2 0.156250 0.740000 0.015000 0.020000
6 0.101250 0.782500 0.032500 0.042500
6 0.105000 0.747500 0.025000 0.035000
6 0.136250 0.745000 0.027500 0.045000
6 0.183750 0.745000 0.030000 0.037500
2 0.250000 0.751250 0.015000 0.017500
6 0.222500 0.735000 0.032500 0.042500
6 0.178750 0.698750 0.027500 0.037500
6 0.212500 0.691250 0.030000 0.040000
6 0.146250 0.688750 0.022500 0.032500
6 0.147500 0.657500 0.020000 0.030000
6 0.210000 0.660000 0.022500 0.030000
6 0.206250 0.626250 0.025000 0.030000
6 0.198750 0.606250 0.022500 0.027500
6 0.177500 0.625000 0.020000 0.027500
6 0.177500 0.590000 0.017500 0.022500
6 0.250000 0.602500 0.022500 0.030000
6 0.277500 0.563750 0.020000 0.030000
6 0.235000 0.557500 0.020000 0.022500
6 0.223750 0.518750 0.015000 0.022500
6 0.248750 0.517500 0.017500 0.022500
6 0.273750 0.490000 0.015000 0.020000
6 0.247500 0.487500 0.015000 0.015000
6 0.218750 0.503750 0.012500 0.015000
6 0.235000 0.473750 0.012500 0.012500
6 0.215000 0.483750 0.015000 0.015000
6 0.232500 0.465000 0.010000 0.012500
6 0.213750 0.468750 0.010000 0.010000
6 0.207500 0.460000 0.012500 0.012500
6 0.226250 0.450000 0.010000 0.010000
6 0.203750 0.446250 0.007500 0.010000
6 0.225000 0.421250 0.010000 0.010000
6 0.203750 0.435000 0.007500 0.010000
6 0.212500 0.422500 0.007500 0.007500
6 0.197500 0.431250 0.005000 0.010000
6 0.196250 0.420000 0.007500 0.005000
6 0.206250 0.415000 0.005000 0.007500
6 0.195000 0.412500 0.007500 0.007500
6 0.205000 0.405000 0.007500 0.005000
6 0.202500 0.401250 0.007500 0.007500
6 0.191250 0.403750 0.005000 0.005000
6 0.188750 0.398750 0.007500 0.005000
6 0.198750 0.393750 0.005000 0.007500
6 0.197500 0.386250 0.005000 0.002500
6 0.186250 0.393750 0.005000 0.005000
6 0.156250 0.378750 0.007500 0.010000
6 0.163750 0.375000 0.005000 0.005000
6 0.150000 0.385000 0.005000 0.005000
6 0.171250 0.377500 0.005000 0.005000
6 0.168750 0.382500 0.005000 0.005000
6 0.147500 0.402500 0.005000 0.002500
6 0.156250 0.401250 0.005000 0.005000
6 0.163750 0.396250 0.005000 0.005000
6 0.170000 0.393750 0.005000 0.005000
6 0.171250 0.410000 0.005000 0.005000
6 0.156250 0.408750 0.005000 0.005000
6 0.135000 0.441250 0.007500 0.010000
6 0.146250 0.441250 0.005000 0.007500
6 0.153750 0.445000 0.010000 0.007500
6 0.163750 0.452500 0.007500 0.010000
6 0.128750 0.472500 0.010000 0.012500
6 0.148750 0.463750 0.007500 0.007500
6 0.136250 0.505000 0.010000 0.015000
6 0.185000 0.486250 0.012500 0.015000
6 0.147500 0.518750 0.012500 0.017500
2 0.163750 0.520000 0.007500 0.012500
6 0.007500 0.593750 0.022500 0.015000
6 0.010000 0.587500 0.017500 0.015000
6 0.051250 0.586250 0.025000 0.015000
6 0.027500 0.562500 0.020000 0.017500
