6 0.006250 0.205000 0.007500 0.005000
6 0.012500 0.213750 0.007500 0.005000
6 0.048750 0.221250 0.007500 0.005000
6 0.051250 0.235000 0.010000 0.007500
6 0.062500 0.245000 0.007500 0.010000
6 0.076250 0.261250 0.007500 0.007500
6 0.101250 0.270000 0.007500 0.010000
6 0.070000 0.278750 0.010000 0.010000
6 0.087500 0.292500 0.007500 0.010000
6 0.115000 0.317500 0.010000 0.012500
6 0.088750 0.325000 0.010000 0.010000
6 0.086250 0.353750 0.012500 0.012500
6 0.071250 0.321250 0.010000 0.010000
6 0.053750 0.287500 0.010000 0.010000
6 0.115000 0.386250 0.012500 0.015000
6 0.082500 0.397500 0.012500 0.012500
6 0.056250 0.421250 0.012500 0.012500
6 0.077500 0.445000 0.015000 0.017500
6 0.222500 0.457500 0.012500 0.012500
6 0.177500 0.468750 0.015000 0.017500
6 0.180000 0.486250 0.015000 0.020000
6 0.183750 0.501250 0.015000 0.022500
6 0.232500 0.491250 0.017500 0.015000
6 0.312500 0.518750 0.040000 0.025000
6 0.203750 0.585000 0.042500 0.017500
6 0.236250 0.576250 0.040000 0.017500
6 0.035000 0.582500 0.022500 0.020000
2 0.245000 0.598750 0.005000 0.017500
6 0.297500 0.611250 0.040000 0.025000
2 0.276250 0.532500 0.007500 0.012500
2 0.310000 0.535000 0.002500 0.012500
2 0.297500 0.567500 0.005000 0.015000
2 0.305000 0.565000 0.002500 0.012500
6 0.328750 0.572500 0.047500 0.020000
6 0.341250 0.577500 0.060000 0.027500
6 0.382500 0.547500 0.045000 0.020000
6 0.507500 0.538750 0.045000 0.017500
6 0.393750 0.593750 0.045000 0.017500
6 0.408750 0.568750 0.037500 0.017500
2 0.415000 0.580000 0.005000 0.012500
6 0.470000 0.576250 0.040000 0.017500
6 0.480000 0.567500 0.040000 0.020000
6 0.491250 0.585000 0.040000 0.017500
6 0.531250 0.573750 0.047500 0.017500
6 0.563750 0.562500 0.035000 0.017500
6 0.600000 0.578750 0.037500 0.017500
6 0.595000 0.571250 0.045000 0.017500
6 0.842500 0.565000 0.045000 0.015000
6 0.661250 0.566250 0.035000 0.015000
6 0.622500 0.557500 0.042500 0.017500
6 0.725000 0.562500 0.042500 0.017500
6 0.648750 0.535000 0.045000 0.015000
6 0.570000 0.508750 0.022500 0.017500
6 0.578750 0.477500 0.022500 0.020000
2 0.667500 0.517500 0.005000 0.010000
2 0.575000 0.522500 0.005000 0.012500
2 0.506250 0.525000 0.002500 0.012500
2 0.586250 0.490000 0.007500 0.010000
2 0.281250 0.933750 0.015000 0.020000
