6 0.150000 0.160000 0.045000 0.012500
6 0.270000 0.161250 0.035000 0.017500
6 0.175000 0.151250 0.040000 0.012500
6 0.153750 0.148750 0.040000 0.020000
6 0.196250 0.150000 0.035000 0.017500
6 0.807500 0.160000 0.062500 0.030000
2 0.148750 0.226250 0.012500 0.022500
2 0.286250 0.195000 0.010000 0.020000
2 0.221250 0.182500 0.005000 0.012500
2 0.335000 0.236250 0.007500 0.015000
2 0.341250 0.231250 0.010000 0.020000
2 0.253750 0.383750 0.022500 0.032500
2 0.328750 0.387500 0.017500 0.035000
2 0.502500 0.471250 0.017500 0.042500
2 0.451250 0.315000 0.010000 0.017500
2 0.453750 0.313750 0.012500 0.017500
2 0.526250 0.303750 0.017500 0.022500
2 0.533750 0.298750 0.012500 0.027500
2 0.993750 0.213750 0.007500 0.022500
2 0.645000 0.177500 0.007500 0.007500
2 0.921250 0.477500 0.012500 0.017500
