2 0.088750 0.242500 0.005000 0.017500
2 0.757500 0.965000 0.015000 0.025000
6 0.788750 0.832500 0.077500 0.060000
6 0.771250 0.887500 0.080000 0.037500
6 0.733750 0.787500 0.072500 0.035000
2 0.118750 0.816250 0.012500 0.032500
2 0.148750 0.763750 0.012500 0.027500
2 0.257500 0.768750 0.012500 0.037500
2 0.267500 0.802500 0.012500 0.030000
2 0.278750 0.801250 0.010000 0.030000
2 0.281250 0.783750 0.015000 0.032500
2 0.228750 0.656250 0.007500 0.025000
2 0.230000 0.672500 0.007500 0.030000
2 0.243750 0.683750 0.010000 0.032500
2 0.221250 0.638750 0.010000 0.025000
6 0.561250 0.587500 0.072500 0.085000
6 0.636250 0.651250 0.057500 0.027500
6 0.516250 0.488750 0.027500 0.025000
