6 0.836250 0.695000 0.035000 0.045000
6 0.841250 0.615000 0.025000 0.027500
6 0.890000 0.578750 0.022500 0.027500
6 0.986250 0.498750 0.012500 0.012500
6 0.910000 0.493750 0.017500 0.015000
6 0.910000 0.473750 0.017500 0.012500
6 0.941250 0.473750 0.015000 0.012500
6 0.970000 0.486250 0.012500 0.010000
6 0.970000 0.466250 0.012500 0.010000
6 0.985000 0.460000 0.010000 0.010000
6 0.966250 0.453750 0.010000 0.010000
6 0.940000 0.416250 0.010000 0.010000
6 0.953750 0.411250 0.010000 0.007500
6 0.965000 0.411250 0.007500 0.007500
6 0.993750 0.420000 0.010000 0.007500
2 0.563750 0.968750 0.017500 0.025000
