6 0.110000 0.335000 0.035000 0.015000
6 0.188750 0.346250 0.022500 0.015000
6 0.178750 0.378750 0.035000 0.017500
6 0.163750 0.316250 0.032500 0.015000
6 0.247500 0.302500 0.020000 0.012500
6 0.223750 0.296250 0.027500 0.022500
6 0.168750 0.302500 0.017500 0.012500
6 0.102500 0.312500 0.025000 0.012500
6 0.111250 0.305000 0.025000 0.012500
6 0.126250 0.307500 0.012500 0.010000
6 0.135000 0.300000 0.022500 0.015000
6 0.313750 0.248750 0.037500 0.012500
6 0.376250 0.240000 0.020000 0.010000
6 0.348750 0.240000 0.017500 0.010000
6 0.947500 0.745000 0.032500 0.037500
6 0.735000 0.396250 0.035000 0.015000
6 0.788750 0.411250 0.025000 0.012500
6 0.802500 0.416250 0.025000 0.015000
6 0.856250 0.422500 0.030000 0.012500
6 0.856250 0.348750 0.015000 0.017500
6 0.845000 0.333750 0.025000 0.010000
6 0.846250 0.322500 0.010000 0.010000
6 0.863750 0.323750 0.010000 0.015000
6 0.937500 0.447500 0.030000 0.020000
6 0.956250 0.447500 0.022500 0.017500
6 0.976250 0.452500 0.035000 0.020000
