6 0.336250 0.041250 0.020000 0.025000
6 0.285000 0.043750 0.025000 0.037500
6 0.255000 0.201250 0.037500 0.090000
6 0.226250 0.090000 0.010000 0.020000
6 0.228750 0.175000 0.022500 0.030000
6 0.376250 0.146250 0.020000 0.022500
6 0.241250 0.020000 0.015000 0.020000
6 0.293750 0.023750 0.017500 0.017500
2 0.322500 0.123750 0.007500 0.007500
2 0.395000 0.055000 0.005000 0.007500
2 0.455000 0.036250 0.005000 0.012500
2 0.111250 0.007500 0.005000 0.007500
6 0.108750 0.011250 0.012500 0.007500
6 0.256250 0.403750 0.040000 0.057500
6 0.216250 0.567500 0.040000 0.075000
2 0.138750 0.412500 0.015000 0.027500
