6 0.295000 0.280000 0.032500 0.057500
6 0.332500 0.343750 0.057500 0.030000
6 0.361250 0.452500 0.030000 0.052500
6 0.333750 0.448750 0.027500 0.050000
6 0.248750 0.428750 0.035000 0.045000
6 0.298750 0.438750 0.050000 0.067500
6 0.203750 0.406250 0.045000 0.055000
6 0.743750 0.957500 0.022500 0.050000
6 0.938750 0.882500 0.025000 0.052500
6 0.925000 0.765000 0.027500 0.052500
6 0.882500 0.603750 0.025000 0.050000
6 0.851250 0.375000 0.025000 0.050000
6 0.783750 0.068750 0.022500 0.050000
6 0.775000 0.013750 0.025000 0.027500
6 0.845000 0.200000 0.020000 0.050000
2 0.832500 0.928750 0.007500 0.015000
2 0.795000 0.945000 0.007500 0.010000
2 0.795000 0.920000 0.007500 0.010000
2 0.810000 0.922500 0.007500 0.015000
2 0.822500 0.900000 0.007500 0.007500
2 0.816250 0.893750 0.005000 0.010000
2 0.832500 0.877500 0.007500 0.007500
2 0.810000 0.870000 0.005000 0.010000
2 0.813750 0.837500 0.007500 0.007500
2 0.833750 0.823750 0.007500 0.007500
2 0.816250 0.803750 0.007500 0.007500
2 0.811250 0.773750 0.005000 0.007500
2 0.805000 0.771250 0.005000 0.007500
2 0.816250 0.758750 0.007500 0.005000
2 0.821250 0.752500 0.007500 0.005000
2 0.798750 0.750000 0.007500 0.005000
2 0.811250 0.748750 0.005000 0.010000
2 0.817500 0.743750 0.005000 0.007500
2 0.816250 0.728750 0.005000 0.007500
2 0.803750 0.688750 0.007500 0.010000
2 0.796250 0.688750 0.005000 0.007500
2 0.726250 0.720000 0.007500 0.010000
2 0.778750 0.481250 0.012500 0.007500
2 0.767500 0.172500 0.007500 0.012500
2 0.760000 0.170000 0.007500 0.012500
6 0.676250 0.720000 0.012500 0.035000
6 0.748750 0.720000 0.017500 0.032500
6 0.750000 0.682500 0.012500 0.027500
6 0.753750 0.637500 0.022500 0.030000
