2 0.031250 0.840000 0.005000 0.005000
2 0.035000 0.838750 0.002500 0.007500
2 0.060000 0.896250 0.002500 0.005000
2 0.078750 0.885000 0.005000 0.007500
2 0.023750 0.777500 0.005000 0.007500
2 0.012500 0.767500 0.005000 0.007500
6 0.116250 0.693750 0.032500 0.072500
6 0.167500 0.802500 0.027500 0.050000
6 0.006250 0.307500 0.020000 0.025000
6 0.052500 0.338750 0.017500 0.020000
6 0.106250 0.457500 0.015000 0.022500
6 0.046250 0.443750 0.015000 0.017500
6 0.076250 0.518750 0.015000 0.020000
6 0.335000 0.145000 0.015000 0.007500
6 0.358750 0.166250 0.042500 0.035000
6 0.381250 0.186250 0.020000 0.017500
6 0.412500 0.193750 0.037500 0.020000
6 0.396250 0.175000 0.035000 0.022500
6 0.448750 0.207500 0.017500 0.012500
6 0.557500 0.221250 0.025000 0.025000
6 0.556250 0.210000 0.012500 0.012500
6 0.568750 0.346250 0.012500 0.010000
6 0.581250 0.335000 0.015000 0.010000
6 0.538750 0.370000 0.015000 0.012500
6 0.553750 0.357500 0.012500 0.015000
6 0.523750 0.381250 0.017500 0.010000
6 0.501250 0.413750 0.017500 0.020000
6 0.703750 0.465000 0.017500 0.015000
6 0.691250 0.455000 0.015000 0.012500
2 0.808750 0.387500 0.005000 0.007500
2 0.798750 0.385000 0.002500 0.007500
2 0.758750 0.363750 0.002500 0.002500
2 0.757500 0.358750 0.002500 0.002500
2 0.721250 0.337500 0.002500 0.007500
2 0.692500 0.326250 0.002500 0.005000
2 0.693750 0.331250 0.002500 0.002500
2 0.698750 0.326250 0.005000 0.002500
