6 0.540000 0.178750 0.025000 0.012500
6 0.538750 0.172500 0.040000 0.017500
6 0.621250 0.177500 0.040000 0.017500
6 0.701250 0.183750 0.035000 0.020000
6 0.802500 0.185000 0.072500 0.030000
6 0.801250 0.196250 0.050000 0.025000
6 0.933750 0.192500 0.077500 0.035000
6 0.581250 0.175000 0.022500 0.012500
6 0.578750 0.177500 0.020000 0.007500
6 0.571250 0.180000 0.022500 0.007500
6 0.593750 0.182500 0.027500 0.010000
6 0.632500 0.186250 0.025000 0.010000
6 0.660000 0.187500 0.025000 0.010000
6 0.661250 0.183750 0.025000 0.010000
6 0.693750 0.191250 0.022500 0.010000
6 0.726250 0.193750 0.025000 0.010000
6 0.727500 0.186250 0.025000 0.012500
6 0.748750 0.192500 0.025000 0.010000
6 0.762500 0.196250 0.027500 0.012500
6 0.571250 0.278750 0.050000 0.037500
6 0.587500 0.270000 0.055000 0.035000
6 0.562500 0.253750 0.040000 0.035000
6 0.568750 0.227500 0.070000 0.030000
6 0.581250 0.232500 0.055000 0.027500
6 0.593750 0.240000 0.070000 0.030000
6 0.608750 0.247500 0.072500 0.032500
6 0.621250 0.247500 0.075000 0.027500
6 0.636250 0.260000 0.075000 0.027500
6 0.651250 0.263750 0.072500 0.025000
6 0.662500 0.267500 0.072500 0.027500
6 0.671250 0.273750 0.055000 0.020000
2 0.677500 0.235000 0.005000 0.010000
6 0.853750 0.205000 0.030000 0.012500
6 0.888750 0.208750 0.027500 0.010000
6 0.927500 0.212500 0.030000 0.012500
2 0.620000 0.295000 0.002500 0.010000
2 0.627500 0.292500 0.005000 0.007500
2 0.631250 0.293750 0.005000 0.010000
2 0.637500 0.295000 0.005000 0.010000
2 0.607500 0.323750 0.005000 0.012500
2 0.616250 0.323750 0.002500 0.010000
2 0.625000 0.321250 0.005000 0.012500
2 0.633750 0.321250 0.007500 0.012500
2 0.641250 0.320000 0.005000 0.010000
2 0.680000 0.315000 0.005000 0.012500
2 0.676250 0.316250 0.005000 0.012500
2 0.702500 0.311250 0.007500 0.010000
6 0.640000 0.348750 0.022500 0.015000
6 0.667500 0.385000 0.020000 0.017500
6 0.688750 0.428750 0.017500 0.020000
6 0.685000 0.488750 0.022500 0.027500
6 0.676250 0.531250 0.022500 0.027500
2 0.621250 0.440000 0.005000 0.015000
2 0.643750 0.463750 0.007500 0.015000
2 0.653750 0.450000 0.005000 0.012500
2 0.580000 0.527500 0.005000 0.020000
2 0.580000 0.553750 0.007500 0.017500
2 0.537500 0.523750 0.005000 0.015000
2 0.583750 0.631250 0.007500 0.022500
2 0.580000 0.678750 0.007500 0.020000
2 0.441250 0.912500 0.012500 0.027500
2 0.475000 0.907500 0.010000 0.022500
6 0.607500 0.761250 0.037500 0.042500
6 0.642500 0.678750 0.035000 0.040000
6 0.661250 0.582500 0.047500 0.092500
6 0.953750 0.447500 0.035000 0.082500
