6 0.058750 0.118750 0.025000 0.012500
6 0.138750 0.117500 0.025000 0.010000
6 0.068750 0.108750 0.020000 0.012500
2 0.665000 0.413750 0.012500 0.027500
2 0.508750 0.378750 0.012500 0.030000
2 0.532500 0.382500 0.015000 0.025000
2 0.367500 0.375000 0.012500 0.022500
2 0.570000 0.382500 0.010000 0.025000
2 0.308750 0.357500 0.012500 0.022500
2 0.271250 0.391250 0.017500 0.022500
2 0.287500 0.388750 0.015000 0.017500
2 0.366250 0.923750 0.030000 0.055000
2 0.966250 0.916250 0.032500 0.047500
2 0.857500 0.620000 0.020000 0.037500
