6 0.777500 0.695000 0.007500 0.005000
6 0.762500 0.738750 0.015000 0.020000
6 0.787500 0.687500 0.005000 0.005000
6 0.777500 0.686250 0.002500 0.002500
6 0.782500 0.706250 0.002500 0.005000
6 0.785000 0.737500 0.005000 0.007500
6 0.761250 0.775000 0.012500 0.010000
6 0.715000 0.770000 0.012500 0.010000
6 0.687500 0.807500 0.017500 0.015000
6 0.850000 0.712500 0.005000 0.005000
6 0.642500 0.910000 0.062500 0.085000
6 0.602500 0.918750 0.032500 0.030000
6 0.557500 0.961250 0.045000 0.035000
6 0.470000 0.993750 0.055000 0.040000
