2 0.016250 0.446250 0.007500 0.020000
2 0.008750 0.446250 0.005000 0.017500
2 0.278750 0.540000 0.015000 0.022500
2 0.736250 0.500000 0.012500 0.025000
2 0.790000 0.498750 0.010000 0.022500
2 0.835000 0.503750 0.007500 0.025000
2 0.896250 0.502500 0.007500 0.025000
2 0.915000 0.506250 0.007500 0.017500
2 0.591250 0.426250 0.005000 0.015000
2 0.586250 0.426250 0.005000 0.017500
2 0.607500 0.423750 0.005000 0.012500
2 0.602500 0.423750 0.005000 0.015000
2 0.705000 0.421250 0.005000 0.012500
2 0.120000 0.441250 0.005000 0.017500
2 0.126250 0.436250 0.005000 0.017500
2 0.107500 0.441250 0.007500 0.015000
2 0.098750 0.441250 0.002500 0.012500
