2 0.478750 0.982500 0.030000 0.037500
2 0.528750 0.848750 0.012500 0.037500
2 0.541250 0.842500 0.012500 0.032500
2 0.586250 0.755000 0.012500 0.032500
2 0.712500 0.842500 0.017500 0.040000
2 0.727500 0.727500 0.015000 0.025000
2 0.782500 0.676250 0.010000 0.020000
2 0.835000 0.632500 0.010000 0.022500
6 0.853750 0.646250 0.057500 0.052500
6 0.700000 0.702500 0.070000 0.060000
2 0.648750 0.596250 0.007500 0.027500
2 0.643750 0.590000 0.007500 0.022500
2 0.633750 0.578750 0.010000 0.025000
2 0.642500 0.576250 0.010000 0.025000
2 0.657500 0.565000 0.010000 0.025000
2 0.805000 0.520000 0.007500 0.025000
2 0.798750 0.517500 0.007500 0.025000
2 0.788750 0.512500 0.010000 0.020000
2 0.782500 0.511250 0.007500 0.025000
2 0.892500 0.547500 0.010000 0.025000
6 0.910000 0.521250 0.042500 0.035000
6 0.948750 0.477500 0.042500 0.050000
2 0.907500 0.418750 0.007500 0.020000
