6 0.383750 0.247500 0.012500 0.022500
6 0.396250 0.247500 0.015000 0.020000
6 0.358750 0.258750 0.030000 0.015000
6 0.421250 0.246250 0.007500 0.010000
6 0.335000 0.271250 0.012500 0.007500
6 0.357500 0.266250 0.017500 0.005000
6 0.365000 0.271250 0.012500 0.007500
6 0.375000 0.266250 0.015000 0.007500
6 0.482500 0.370000 0.007500 0.010000
6 0.528750 0.371250 0.012500 0.015000
6 0.492500 0.807500 0.015000 0.025000
6 0.488750 0.840000 0.015000 0.025000
6 0.487500 0.868750 0.015000 0.027500
6 0.453750 0.888750 0.027500 0.022500
6 0.422500 0.902500 0.025000 0.022500
6 0.488750 0.903750 0.020000 0.030000
6 0.501250 0.935000 0.020000 0.027500
6 0.505000 0.965000 0.015000 0.027500
2 0.413750 0.930000 0.010000 0.015000
2 0.348750 0.838750 0.005000 0.007500
2 0.347500 0.868750 0.007500 0.007500
2 0.351250 0.867500 0.007500 0.007500
2 0.345000 0.848750 0.005000 0.007500
2 0.342500 0.847500 0.005000 0.005000
2 0.335000 0.848750 0.005000 0.007500
2 0.338750 0.853750 0.005000 0.007500
6 0.405000 0.852500 0.022500 0.025000
6 0.452500 0.838750 0.012500 0.027500
2 0.501250 0.713750 0.005000 0.010000
2 0.505000 0.712500 0.005000 0.007500
2 0.486250 0.672500 0.005000 0.007500
2 0.490000 0.673750 0.005000 0.010000
2 0.492500 0.675000 0.005000 0.010000
2 0.502500 0.687500 0.002500 0.007500
2 0.506250 0.687500 0.005000 0.010000
2 0.500000 0.668750 0.002500 0.007500
2 0.503750 0.668750 0.002500 0.007500
2 0.500000 0.655000 0.002500 0.010000
2 0.505000 0.653750 0.005000 0.010000
2 0.508750 0.653750 0.002500 0.010000
2 0.510000 0.637500 0.002500 0.010000
2 0.515000 0.637500 0.005000 0.010000
2 0.506250 0.677500 0.002500 0.010000
6 0.285000 0.627500 0.012500 0.022500
6 0.302500 0.625000 0.012500 0.017500
6 0.311250 0.663750 0.017500 0.022500
6 0.328750 0.663750 0.017500 0.022500
6 0.345000 0.661250 0.012500 0.020000
6 0.365000 0.653750 0.017500 0.022500
6 0.323750 0.620000 0.012500 0.020000
6 0.350000 0.613750 0.010000 0.020000
6 0.368750 0.612500 0.015000 0.020000
6 0.386250 0.610000 0.015000 0.020000
6 0.382500 0.650000 0.020000 0.022500
6 0.402500 0.606250 0.012500 0.020000
6 0.406250 0.481250 0.017500 0.035000
6 0.085000 0.430000 0.025000 0.010000
6 0.091250 0.422500 0.027500 0.007500
6 0.096250 0.416250 0.025000 0.007500
6 0.028750 0.412500 0.022500 0.020000
6 0.050000 0.400000 0.032500 0.012500
2 0.530000 0.397500 0.002500 0.007500
2 0.547500 0.346250 0.002500 0.007500
2 0.541250 0.367500 0.005000 0.005000
2 0.533750 0.396250 0.005000 0.007500
2 0.537500 0.397500 0.005000 0.007500
2 0.540000 0.397500 0.002500 0.005000
2 0.536250 0.428750 0.002500 0.007500
2 0.540000 0.428750 0.002500 0.007500
2 0.531250 0.445000 0.002500 0.007500
2 0.536250 0.445000 0.005000 0.007500
2 0.521250 0.470000 0.005000 0.007500
2 0.527500 0.466250 0.002500 0.007500
2 0.516250 0.478750 0.002500 0.007500
2 0.521250 0.477500 0.005000 0.007500
2 0.526250 0.476250 0.005000 0.007500
