2 0.582500 0.710000 0.012500 0.025000
6 0.643750 0.917500 0.050000 0.077500
2 0.862500 0.850000 0.007500 0.022500
6 0.706250 0.195000 0.030000 0.010000
6 0.728750 0.188750 0.030000 0.010000
6 0.746250 0.200000 0.030000 0.012500
2 0.748750 0.210000 0.005000 0.010000
2 0.716250 0.305000 0.002500 0.015000
2 0.712500 0.316250 0.002500 0.005000
2 0.691250 0.307500 0.002500 0.005000
2 0.758750 0.302500 0.002500 0.007500
6 0.727500 0.273750 0.025000 0.015000
2 0.738750 0.327500 0.002500 0.012500
2 0.725000 0.348750 0.005000 0.012500
6 0.726250 0.596250 0.030000 0.042500
6 0.932500 0.537500 0.025000 0.030000
6 0.740000 0.545000 0.035000 0.047500
6 0.752500 0.513750 0.027500 0.030000
6 0.760000 0.483750 0.025000 0.032500
6 0.770000 0.446250 0.020000 0.025000
6 0.781250 0.398750 0.020000 0.022500
6 0.787500 0.377500 0.020000 0.027500
6 0.793750 0.357500 0.015000 0.020000
6 0.800000 0.331250 0.015000 0.020000
6 0.812500 0.300000 0.017500 0.022500
6 0.775000 0.196250 0.030000 0.012500
6 0.858750 0.198750 0.022500 0.012500
6 0.941250 0.001250 0.005000 0.002500
6 0.942500 0.011250 0.005000 0.005000
6 0.920000 0.036250 0.005000 0.007500
6 0.933750 0.046250 0.007500 0.005000
6 0.933750 0.055000 0.005000 0.005000
6 0.946250 0.097500 0.007500 0.005000
6 0.910000 0.168750 0.010000 0.012500
6 0.841250 0.210000 0.030000 0.015000
6 0.916250 0.196250 0.032500 0.012500
6 0.892500 0.223750 0.017500 0.015000
6 0.885000 0.240000 0.015000 0.015000
6 0.928750 0.235000 0.012500 0.015000
6 0.928750 0.257500 0.012500 0.015000
6 0.930000 0.305000 0.017500 0.015000
6 0.905000 0.305000 0.012500 0.017500
6 0.821250 0.193750 0.027500 0.017500
2 0.892500 0.195000 0.005000 0.012500
6 0.815000 0.276250 0.015000 0.015000
2 0.817500 0.335000 0.002500 0.015000
6 0.931250 0.358750 0.020000 0.017500
6 0.907500 0.420000 0.017500 0.022500
6 0.942500 0.400000 0.020000 0.022500
6 0.955000 0.292500 0.015000 0.017500
6 0.952500 0.245000 0.012500 0.015000
6 0.953750 0.228750 0.010000 0.012500
6 0.951250 0.203750 0.030000 0.012500
6 0.963750 0.196250 0.030000 0.012500
6 0.987500 0.020000 0.010000 0.002500
6 0.992500 0.035000 0.015000 0.005000
6 0.988750 0.027500 0.010000 0.007500
6 0.985000 0.012500 0.010000 0.005000
6 0.992500 0.040000 0.012500 0.005000
6 0.972500 0.052500 0.007500 0.010000
6 0.993750 0.047500 0.015000 0.005000
6 0.997500 0.053750 0.015000 0.005000
6 0.997500 0.060000 0.012500 0.007500
2 0.997500 0.030000 0.002500 0.005000
2 0.983750 0.235000 0.002500 0.005000
6 0.981250 0.103750 0.007500 0.005000
6 0.983750 0.125000 0.007500 0.010000
6 0.983750 0.113750 0.007500 0.007500
2 0.998750 0.276250 0.005000 0.005000
2 0.802500 0.413750 0.007500 0.007500
2 0.792500 0.488750 0.007500 0.007500
2 0.975000 0.690000 0.015000 0.020000
2 0.942500 0.750000 0.015000 0.020000
