6 0.743750 0.568750 0.097500 0.042500
6 0.900000 0.388750 0.030000 0.037500
6 0.860000 0.373750 0.030000 0.040000
6 0.890000 0.345000 0.032500 0.042500
6 0.847500 0.346250 0.025000 0.035000
6 0.836250 0.235000 0.022500 0.025000
6 0.828750 0.192500 0.022500 0.020000
6 0.868750 0.152500 0.020000 0.020000
6 0.342500 0.241250 0.052500 0.025000
6 0.351250 0.228750 0.045000 0.012500
2 0.790000 0.472500 0.007500 0.017500
2 0.680000 0.400000 0.007500 0.015000
2 0.712500 0.240000 0.007500 0.012500
2 0.725000 0.210000 0.007500 0.010000
6 0.882500 0.291250 0.027500 0.040000
6 0.838750 0.113750 0.017500 0.017500
6 0.790000 0.082500 0.015000 0.015000
6 0.813750 0.087500 0.015000 0.012500
6 0.832500 0.078750 0.015000 0.015000
6 0.843750 0.066250 0.012500 0.015000
6 0.828750 0.036250 0.015000 0.012500
6 0.800000 0.032500 0.015000 0.012500
6 0.825000 0.025000 0.010000 0.010000
6 0.806250 0.023750 0.012500 0.012500
6 0.805000 0.011250 0.012500 0.012500
2 0.736250 0.032500 0.005000 0.007500
