6 0.682500 0.857500 0.032500 0.025000
6 0.713750 0.835000 0.032500 0.020000
6 0.758750 0.828750 0.027500 0.022500
6 0.682500 0.758750 0.020000 0.012500
6 0.707500 0.760000 0.015000 0.015000
6 0.721250 0.753750 0.015000 0.012500
6 0.692500 0.753750 0.017500 0.015000
6 0.706250 0.751250 0.012500 0.010000
6 0.728750 0.747500 0.012500 0.012500
6 0.742500 0.747500 0.015000 0.015000
6 0.716250 0.735000 0.027500 0.022500
6 0.766250 0.735000 0.012500 0.012500
6 0.778750 0.727500 0.012500 0.010000
2 0.636250 0.750000 0.005000 0.012500
6 0.192500 0.818750 0.057500 0.020000
6 0.227500 0.812500 0.057500 0.020000
2 0.936250 0.813750 0.007500 0.017500
