6 0.077500 0.927500 0.055000 0.015000
2 0.100000 0.955000 0.007500 0.017500
2 0.085000 0.955000 0.007500 0.017500
2 0.075000 0.956250 0.007500 0.017500
2 0.047500 0.956250 0.007500 0.020000
2 0.041250 0.963750 0.005000 0.020000
2 0.026250 0.952500 0.012500 0.022500
2 0.027500 0.977500 0.010000 0.020000
2 0.056250 0.890000 0.010000 0.012500
6 0.015000 0.892500 0.030000 0.017500
6 0.142500 0.932500 0.052500 0.015000
6 0.153750 0.928750 0.057500 0.015000
2 0.126250 0.918750 0.007500 0.020000
2 0.077500 0.895000 0.007500 0.015000
2 0.133750 0.901250 0.005000 0.012500
6 0.197500 0.888750 0.032500 0.015000
6 0.242500 0.881250 0.040000 0.020000
6 0.278750 0.877500 0.035000 0.015000
6 0.258750 0.912500 0.027500 0.012500
2 0.252500 0.910000 0.010000 0.015000
6 0.238750 0.933750 0.052500 0.017500
6 0.306250 0.928750 0.052500 0.017500
2 0.328750 0.945000 0.010000 0.015000
2 0.343750 0.945000 0.010000 0.020000
2 0.386250 0.943750 0.010000 0.012500
2 0.451250 0.946250 0.010000 0.020000
2 0.466250 0.945000 0.007500 0.020000
2 0.295000 0.887500 0.010000 0.015000
2 0.402500 0.861250 0.007500 0.017500
2 0.351250 0.893750 0.007500 0.015000
2 0.362500 0.893750 0.007500 0.015000
2 0.390000 0.897500 0.007500 0.015000
6 0.378750 0.926250 0.120000 0.035000
2 0.483750 0.942500 0.007500 0.015000
2 0.446250 0.905000 0.007500 0.017500
6 0.186250 0.875000 0.042500 0.017500
6 0.803750 0.928750 0.040000 0.015000
2 0.943750 0.953750 0.010000 0.020000
2 0.978750 0.955000 0.010000 0.017500
2 0.988750 0.956250 0.007500 0.022500
2 0.997500 0.955000 0.005000 0.017500
2 0.902500 0.953750 0.007500 0.020000
2 0.886250 0.956250 0.010000 0.020000
2 0.800000 0.951250 0.007500 0.015000
2 0.735000 0.952500 0.007500 0.017500
2 0.721250 0.951250 0.007500 0.020000
6 0.957500 0.947500 0.045000 0.017500
6 0.946250 0.931250 0.042500 0.015000
6 0.602500 0.937500 0.052500 0.015000
2 0.590000 0.913750 0.010000 0.017500
2 0.516250 0.911250 0.007500 0.017500
2 0.682500 0.912500 0.005000 0.012500
2 0.677500 0.913750 0.010000 0.015000
2 0.663750 0.913750 0.007500 0.015000
2 0.648750 0.911250 0.007500 0.017500
2 0.637500 0.910000 0.007500 0.015000
2 0.673750 0.950000 0.005000 0.017500
2 0.648750 0.948750 0.005000 0.017500
2 0.666250 0.948750 0.007500 0.017500
