6 0.410000 0.971250 0.025000 0.040000
6 0.458750 0.941250 0.025000 0.032500
6 0.738750 0.845000 0.027500 0.055000
6 0.747500 0.717500 0.020000 0.027500
6 0.742500 0.682500 0.017500 0.025000
6 0.773750 0.782500 0.032500 0.030000
6 0.781250 0.766250 0.027500 0.025000
6 0.703750 0.623750 0.035000 0.025000
6 0.672500 0.487500 0.027500 0.035000
6 0.477500 0.422500 0.022500 0.022500
6 0.713750 0.426250 0.012500 0.012500
6 0.752500 0.593750 0.025000 0.015000
6 0.781250 0.585000 0.012500 0.020000
6 0.718750 0.572500 0.012500 0.017500
6 0.822500 0.512500 0.022500 0.040000
6 0.817500 0.671250 0.025000 0.015000
6 0.816250 0.688750 0.022500 0.015000
6 0.818750 0.678750 0.025000 0.015000
6 0.885000 0.433750 0.035000 0.025000
6 0.727500 0.398750 0.012500 0.017500
6 0.890000 0.387500 0.017500 0.010000
6 0.887500 0.383750 0.017500 0.010000
6 0.891250 0.378750 0.017500 0.010000
6 0.865000 0.353750 0.017500 0.030000
6 0.891250 0.295000 0.012500 0.017500
6 0.853750 0.232500 0.017500 0.020000
6 0.823750 0.243750 0.015000 0.020000
6 0.857500 0.198750 0.007500 0.005000
6 0.898750 0.136250 0.005000 0.005000
6 0.927500 0.097500 0.007500 0.010000
6 0.895000 0.185000 0.007500 0.007500
6 0.901250 0.158750 0.005000 0.005000
6 0.906250 0.155000 0.005000 0.005000
6 0.907500 0.151250 0.005000 0.005000
