6 0.645000 0.086250 0.022500 0.027500
6 0.337500 0.261250 0.042500 0.020000
6 0.361250 0.241250 0.035000 0.027500
2 0.385000 0.246250 0.007500 0.010000
6 0.566250 0.116250 0.020000 0.020000
6 0.606250 0.098750 0.015000 0.015000
6 0.610000 0.087500 0.020000 0.010000
6 0.631250 0.108750 0.007500 0.015000
6 0.787500 0.315000 0.050000 0.070000
6 0.658750 0.057500 0.015000 0.010000
6 0.942500 0.261250 0.027500 0.040000
6 0.926250 0.378750 0.025000 0.030000
6 0.956250 0.245000 0.012500 0.010000
6 0.946250 0.228750 0.007500 0.012500
