2 0.040000 0.838750 0.012500 0.030000
2 0.050000 0.838750 0.010000 0.027500
2 0.058750 0.845000 0.012500 0.030000
2 0.080000 0.795000 0.012500 0.027500
2 0.191250 0.792500 0.015000 0.025000
2 0.105000 0.747500 0.012500 0.025000
2 0.122500 0.747500 0.010000 0.030000
2 0.132500 0.751250 0.010000 0.025000
2 0.160000 0.757500 0.012500 0.027500
2 0.116250 0.727500 0.012500 0.027500
2 0.147500 0.688750 0.012500 0.027500
2 0.133750 0.685000 0.010000 0.027500
2 0.126250 0.680000 0.010000 0.030000
2 0.137500 0.662500 0.010000 0.025000
2 0.202500 0.691250 0.012500 0.030000
2 0.213750 0.690000 0.012500 0.027500
2 0.226250 0.616250 0.005000 0.015000
2 0.223750 0.610000 0.007500 0.015000
2 0.142500 0.603750 0.010000 0.027500
2 0.130000 0.605000 0.010000 0.025000
2 0.396250 0.566250 0.015000 0.025000
2 0.082500 0.502500 0.010000 0.022500
2 0.036250 0.458750 0.010000 0.022500
2 0.043750 0.458750 0.007500 0.022500
2 0.112500 0.378750 0.007500 0.022500
2 0.121250 0.381250 0.007500 0.022500
2 0.236250 0.495000 0.012500 0.022500
2 0.245000 0.493750 0.007500 0.022500
2 0.251250 0.490000 0.007500 0.025000
6 0.741250 0.868750 0.057500 0.077500
6 0.617500 0.780000 0.077500 0.055000
