2 0.790000 0.701250 0.015000 0.027500
2 0.692500 0.607500 0.020000 0.025000
2 0.633750 0.563750 0.012500 0.027500
6 0.278750 0.652500 0.060000 0.057500
6 0.351250 0.568750 0.045000 0.047500
2 0.425000 0.457500 0.007500 0.020000
2 0.472500 0.491250 0.010000 0.022500
2 0.461250 0.490000 0.010000 0.025000
2 0.382500 0.408750 0.010000 0.020000
2 0.370000 0.408750 0.007500 0.017500
2 0.361250 0.402500 0.010000 0.020000
2 0.367500 0.386250 0.010000 0.020000
2 0.381250 0.400000 0.007500 0.020000
6 0.443750 0.415000 0.030000 0.030000
6 0.485000 0.327500 0.025000 0.025000
6 0.495000 0.301250 0.025000 0.032500
2 0.441250 0.313750 0.007500 0.017500
2 0.431250 0.331250 0.005000 0.017500
2 0.426250 0.331250 0.007500 0.020000
2 0.432500 0.312500 0.007500 0.020000
2 0.425000 0.311250 0.007500 0.020000
2 0.433750 0.275000 0.007500 0.015000
2 0.452500 0.271250 0.007500 0.015000
2 0.446250 0.267500 0.007500 0.017500
6 0.538750 0.265000 0.020000 0.017500
2 0.621250 0.201250 0.005000 0.012500
2 0.616250 0.201250 0.007500 0.015000
2 0.605000 0.201250 0.007500 0.012500
2 0.815000 0.295000 0.012500 0.020000
2 0.837500 0.327500 0.010000 0.017500
2 0.906250 0.277500 0.010000 0.017500
2 0.885000 0.291250 0.010000 0.017500
2 0.877500 0.290000 0.010000 0.017500
2 0.841250 0.231250 0.007500 0.015000
2 0.832500 0.228750 0.010000 0.015000
2 0.868750 0.223750 0.010000 0.015000
2 0.845000 0.195000 0.010000 0.017500
2 0.967500 0.166250 0.010000 0.012500
