6 0.027500 0.895000 0.017500 0.012500
6 0.068750 0.967500 0.025000 0.020000
6 0.082500 0.796250 0.012500 0.020000
6 0.075000 0.797500 0.010000 0.007500
6 0.097500 0.803750 0.015000 0.007500
6 0.103750 0.807500 0.017500 0.007500
6 0.121250 0.811250 0.025000 0.015000
6 0.153750 0.820000 0.015000 0.007500
6 0.162500 0.821250 0.015000 0.007500
6 0.173750 0.823750 0.017500 0.007500
6 0.180000 0.826250 0.012500 0.007500
6 0.191250 0.826250 0.025000 0.012500
6 0.130000 0.852500 0.032500 0.032500
6 0.151250 0.841250 0.020000 0.012500
6 0.158750 0.846250 0.015000 0.010000
6 0.173750 0.850000 0.025000 0.012500
6 0.163750 0.862500 0.020000 0.012500
6 0.178750 0.870000 0.025000 0.012500
6 0.208750 0.893750 0.020000 0.015000
6 0.222500 0.835000 0.020000 0.010000
6 0.238750 0.838750 0.017500 0.010000
6 0.252500 0.841250 0.020000 0.010000
6 0.247500 0.877500 0.032500 0.020000
6 0.260000 0.883750 0.032500 0.020000
6 0.262500 0.892500 0.027500 0.012500
6 0.273750 0.895000 0.025000 0.017500
6 0.287500 0.901250 0.025000 0.017500
6 0.300000 0.903750 0.022500 0.012500
6 0.313750 0.910000 0.025000 0.015000
6 0.331250 0.912500 0.027500 0.017500
6 0.350000 0.918750 0.030000 0.015000
6 0.330000 0.896250 0.030000 0.017500
6 0.432500 0.927500 0.035000 0.027500
6 0.408750 0.925000 0.030000 0.015000
6 0.401250 0.945000 0.037500 0.020000
6 0.383750 0.968750 0.040000 0.022500
6 0.415000 0.975000 0.035000 0.025000
6 0.438750 0.983750 0.037500 0.020000
6 0.466250 0.990000 0.035000 0.020000
6 0.513750 0.991250 0.062500 0.045000
6 0.557500 0.960000 0.030000 0.022500
6 0.591250 0.965000 0.030000 0.020000
6 0.621250 0.972500 0.027500 0.027500
