6 0.766250 0.206250 0.017500 0.010000
6 0.952500 0.371250 0.020000 0.012500
6 0.957500 0.377500 0.017500 0.015000
6 0.973750 0.362500 0.020000 0.017500
6 0.975000 0.368750 0.015000 0.012500
6 0.980000 0.375000 0.015000 0.012500
6 0.971250 0.403750 0.017500 0.007500
6 0.895000 0.403750 0.017500 0.015000
6 0.938750 0.411250 0.017500 0.015000
6 0.890000 0.875000 0.012500 0.015000
6 0.908750 0.875000 0.010000 0.017500
6 0.831250 0.855000 0.020000 0.010000
6 0.828750 0.713750 0.022500 0.015000
6 0.832500 0.725000 0.022500 0.010000
6 0.796250 0.742500 0.020000 0.010000
6 0.802500 0.748750 0.022500 0.010000
6 0.847500 0.745000 0.022500 0.012500
6 0.858750 0.773750 0.017500 0.010000
6 0.866250 0.781250 0.017500 0.010000
6 0.873750 0.796250 0.015000 0.010000
6 0.875000 0.806250 0.022500 0.015000
6 0.812500 0.772500 0.017500 0.007500
6 0.816250 0.778750 0.020000 0.010000
6 0.677500 0.925000 0.022500 0.012500
6 0.683750 0.937500 0.022500 0.012500
6 0.637500 0.920000 0.017500 0.010000
6 0.610000 0.902500 0.015000 0.012500
6 0.573750 0.913750 0.012500 0.015000
6 0.526250 0.927500 0.015000 0.015000
6 0.486250 0.937500 0.015000 0.015000
6 0.457500 0.945000 0.015000 0.017500
6 0.436250 0.951250 0.012500 0.017500
6 0.398750 0.966250 0.015000 0.015000
6 0.380000 0.972500 0.007500 0.012500
6 0.368750 0.972500 0.012500 0.012500
6 0.361250 0.978750 0.010000 0.012500
6 0.682500 0.881250 0.015000 0.015000
6 0.797500 0.683750 0.015000 0.020000
6 0.720000 0.870000 0.010000 0.015000
6 0.375000 0.255000 0.015000 0.017500
6 0.440000 0.343750 0.015000 0.017500
6 0.260000 0.446250 0.022500 0.012500
6 0.332500 0.551250 0.015000 0.017500
6 0.217500 0.607500 0.020000 0.007500
6 0.141250 0.555000 0.012500 0.020000
6 0.288750 0.496250 0.017500 0.017500
6 0.915000 0.383750 0.017500 0.012500
6 0.947500 0.365000 0.017500 0.012500
6 0.936250 0.348750 0.017500 0.015000
6 0.948750 0.323750 0.017500 0.010000
6 0.997500 0.380000 0.017500 0.017500
6 0.943750 0.317500 0.017500 0.012500
6 0.976250 0.437500 0.015000 0.015000
6 0.983750 0.435000 0.012500 0.012500
6 0.966250 0.440000 0.010000 0.015000
6 0.952500 0.432500 0.010000 0.012500
6 0.873750 0.411250 0.017500 0.012500
6 0.813750 0.691250 0.012500 0.015000
6 0.848750 0.831250 0.017500 0.015000
6 0.836250 0.810000 0.020000 0.010000
6 0.832500 0.841250 0.017500 0.010000
6 0.848750 0.838750 0.017500 0.007500
6 0.770000 0.852500 0.010000 0.015000
6 0.765000 0.882500 0.017500 0.012500
6 0.701250 0.877500 0.007500 0.012500
6 0.591250 0.907500 0.015000 0.015000
6 0.678750 0.907500 0.017500 0.012500
6 0.693750 0.952500 0.020000 0.010000
6 0.698750 0.961250 0.017500 0.010000
6 0.702500 0.971250 0.015000 0.010000
6 0.706250 0.988750 0.015000 0.010000
6 0.563750 0.958750 0.012500 0.015000
6 0.552500 0.960000 0.015000 0.020000
6 0.706250 0.980000 0.012500 0.007500
6 0.280000 0.768750 0.010000 0.017500
6 0.188750 0.647500 0.010000 0.017500
6 0.106250 0.630000 0.015000 0.017500
6 0.031250 0.757500 0.010000 0.010000
6 0.198750 0.618750 0.012500 0.015000
6 0.153750 0.577500 0.010000 0.015000
6 0.306250 0.723750 0.027500 0.025000
6 0.343750 0.565000 0.015000 0.015000
6 0.917500 0.168750 0.007500 0.012500
6 0.885000 0.180000 0.020000 0.012500
6 0.757500 0.230000 0.017500 0.017500
6 0.415000 0.330000 0.012500 0.015000
6 0.730000 0.863750 0.012500 0.010000
6 0.466250 0.780000 0.012500 0.015000
6 0.372500 0.616250 0.012500 0.020000
6 0.213750 0.428750 0.015000 0.017500
6 0.467500 0.332500 0.012500 0.015000
6 0.566250 0.307500 0.022500 0.017500
6 0.392500 0.270000 0.012500 0.015000
6 0.411250 0.996250 0.017500 0.012500
