6 0.966250 0.255000 0.017500 0.012500
6 0.981250 0.233750 0.020000 0.012500
6 0.961250 0.242500 0.017500 0.012500
6 0.620000 0.296250 0.010000 0.015000
6 0.627500 0.292500 0.010000 0.012500
6 0.636250 0.261250 0.017500 0.012500
6 0.443750 0.200000 0.012500 0.012500
6 0.416250 0.156250 0.010000 0.015000
6 0.532500 0.045000 0.012500 0.015000
6 0.548750 0.071250 0.012500 0.015000
6 0.560000 0.088750 0.010000 0.012500
6 0.570000 0.105000 0.012500 0.017500
6 0.577500 0.120000 0.012500 0.012500
6 0.392500 0.453750 0.017500 0.015000
6 0.386250 0.443750 0.015000 0.012500
6 0.867500 0.546250 0.012500 0.015000
6 0.877500 0.541250 0.010000 0.012500
6 0.888750 0.536250 0.017500 0.012500
6 0.896250 0.572500 0.020000 0.010000
6 0.763750 0.588750 0.025000 0.015000
6 0.875000 0.580000 0.015000 0.010000
6 0.705000 0.615000 0.015000 0.010000
6 0.677500 0.640000 0.017500 0.010000
6 0.681250 0.623750 0.017500 0.015000
6 0.775000 0.636250 0.010000 0.015000
6 0.780000 0.621250 0.020000 0.012500
6 0.803750 0.610000 0.020000 0.012500
6 0.843750 0.595000 0.015000 0.007500
6 0.546250 0.686250 0.015000 0.010000
6 0.573750 0.675000 0.017500 0.010000
6 0.643750 0.675000 0.015000 0.010000
6 0.427500 0.736250 0.020000 0.012500
6 0.516250 0.740000 0.017500 0.015000
6 0.533750 0.730000 0.012500 0.010000
6 0.487500 0.818750 0.015000 0.012500
6 0.521250 0.831250 0.017500 0.012500
6 0.533750 0.846250 0.017500 0.012500
6 0.507500 0.867500 0.020000 0.012500
6 0.537500 0.853750 0.015000 0.010000
6 0.521250 0.887500 0.025000 0.020000
6 0.551250 0.873750 0.015000 0.012500
6 0.538750 0.902500 0.017500 0.010000
6 0.563750 0.896250 0.017500 0.012500
6 0.586250 0.917500 0.017500 0.010000
6 0.636250 0.987500 0.015000 0.012500
6 0.475000 0.947500 0.015000 0.012500
6 0.848750 0.867500 0.012500 0.012500
6 0.807500 0.826250 0.015000 0.015000
6 0.792500 0.803750 0.012500 0.015000
6 0.046250 0.651250 0.010000 0.015000
6 0.118750 0.656250 0.015000 0.010000
6 0.056250 0.821250 0.012500 0.017500
6 0.106250 0.717500 0.007500 0.012500
6 0.083750 0.930000 0.022500 0.012500
6 0.233750 0.870000 0.017500 0.015000
6 0.290000 0.847500 0.012500 0.017500
6 0.297500 0.946250 0.012500 0.015000
6 0.353750 0.951250 0.017500 0.012500
6 0.402500 0.975000 0.015000 0.010000
6 0.370000 0.970000 0.017500 0.012500
6 0.408750 0.982500 0.017500 0.012500
