6 0.917500 0.050000 0.020000 0.020000
6 0.942500 0.015000 0.017500 0.017500
6 0.987500 0.102500 0.012500 0.012500
6 0.677500 0.968750 0.017500 0.017500
6 0.768750 0.823750 0.015000 0.020000
6 0.750000 0.827500 0.015000 0.015000
6 0.716250 0.801250 0.015000 0.007500
6 0.673750 0.935000 0.012500 0.012500
6 0.531250 0.898750 0.015000 0.012500
6 0.831250 0.772500 0.022500 0.012500
6 0.840000 0.758750 0.017500 0.007500
6 0.718750 0.702500 0.012500 0.012500
6 0.787500 0.681250 0.020000 0.010000
6 0.783750 0.672500 0.015000 0.010000
6 0.042500 0.156250 0.020000 0.012500
6 0.150000 0.325000 0.012500 0.015000
6 0.643750 0.111250 0.007500 0.012500
6 0.288750 0.373750 0.017500 0.010000
6 0.070000 0.465000 0.015000 0.017500
6 0.108750 0.550000 0.015000 0.020000
6 0.121250 0.565000 0.015000 0.015000
6 0.196250 0.720000 0.012500 0.017500
6 0.323750 0.817500 0.010000 0.015000
6 0.376250 0.830000 0.010000 0.015000
6 0.205000 0.811250 0.017500 0.007500
6 0.385000 0.701250 0.010000 0.012500
6 0.162500 0.270000 0.017500 0.012500
6 0.218750 0.247500 0.025000 0.012500
6 0.151250 0.285000 0.007500 0.012500
6 0.306250 0.428750 0.015000 0.020000
6 0.628750 0.443750 0.012500 0.012500
6 0.686250 0.533750 0.012500 0.017500
6 0.883750 0.576250 0.017500 0.007500
6 0.728750 0.827500 0.010000 0.015000
