6 0.336250 0.882500 0.015000 0.015000
6 0.302500 0.871250 0.012500 0.012500
6 0.277500 0.938750 0.015000 0.012500
6 0.378750 0.916250 0.020000 0.010000
6 0.388750 0.905000 0.017500 0.012500
6 0.410000 0.895000 0.017500 0.012500
6 0.131250 0.922500 0.012500 0.010000
6 0.192500 0.760000 0.017500 0.010000
6 0.016250 0.222500 0.010000 0.015000
6 0.091250 0.323750 0.012500 0.017500
6 0.057500 0.872500 0.012500 0.012500
6 0.035000 0.817500 0.010000 0.015000
6 0.050000 0.526250 0.020000 0.012500
6 0.046250 0.537500 0.020000 0.010000
6 0.127500 0.177500 0.012500 0.015000
6 0.135000 0.191250 0.027500 0.020000
6 0.127500 0.377500 0.015000 0.015000
6 0.253750 0.438750 0.020000 0.012500
6 0.261250 0.515000 0.010000 0.015000
6 0.433750 0.505000 0.012500 0.015000
6 0.882500 0.988750 0.012500 0.015000
6 0.251250 0.026250 0.015000 0.022500
6 0.546250 0.051250 0.012500 0.015000
6 0.653750 0.055000 0.017500 0.012500
6 0.291250 0.126250 0.015000 0.015000
6 0.806250 0.071250 0.012500 0.017500
6 0.833750 0.180000 0.022500 0.012500
6 0.720000 0.227500 0.020000 0.010000
6 0.506250 0.121250 0.015000 0.010000
6 0.486250 0.133750 0.020000 0.015000
6 0.466250 0.165000 0.015000 0.015000
6 0.353750 0.217500 0.012500 0.015000
6 0.432500 0.322500 0.015000 0.015000
6 0.450000 0.341250 0.020000 0.012500
6 0.492500 0.357500 0.012500 0.012500
6 0.511250 0.325000 0.015000 0.012500
6 0.561250 0.267500 0.012500 0.007500
6 0.586250 0.343750 0.007500 0.012500
6 0.553750 0.323750 0.015000 0.010000
6 0.608750 0.283750 0.017500 0.012500
6 0.983750 0.120000 0.017500 0.015000
6 0.796250 0.365000 0.015000 0.015000
6 0.931250 0.430000 0.015000 0.015000
6 0.823750 0.632500 0.020000 0.015000
6 0.743750 0.431250 0.015000 0.017500
6 0.761250 0.381250 0.015000 0.015000
6 0.591250 0.356250 0.012500 0.012500
6 0.640000 0.530000 0.015000 0.017500
6 0.711250 0.620000 0.012500 0.012500
6 0.557500 0.586250 0.010000 0.012500
6 0.723750 0.635000 0.015000 0.015000
6 0.407500 0.751250 0.015000 0.017500
6 0.482500 0.782500 0.015000 0.015000
6 0.526250 0.847500 0.020000 0.012500
