6 0.667500 0.386250 0.020000 0.017500
6 0.920000 0.328750 0.015000 0.017500
6 0.890000 0.298750 0.020000 0.030000
6 0.853750 0.248750 0.017500 0.020000
6 0.790000 0.188750 0.025000 0.010000
6 0.588750 0.197500 0.012500 0.017500
6 0.167500 0.050000 0.020000 0.020000
6 0.192500 0.015000 0.017500 0.017500
6 0.497500 0.005000 0.015000 0.015000
6 0.477500 0.040000 0.010000 0.010000
6 0.237500 0.102500 0.012500 0.012500
6 0.365000 0.125000 0.010000 0.017500
6 0.335000 0.272500 0.015000 0.017500
6 0.275000 0.261250 0.020000 0.012500
6 0.440000 0.433750 0.010000 0.015000
6 0.456250 0.437500 0.012500 0.015000
6 0.266250 0.455000 0.017500 0.022500
6 0.620000 0.335000 0.020000 0.012500
6 0.655000 0.397500 0.017500 0.010000
6 0.511250 0.557500 0.047500 0.050000
6 0.497500 0.566250 0.015000 0.010000
6 0.501250 0.577500 0.017500 0.010000
6 0.516250 0.586250 0.017500 0.010000
6 0.521250 0.596250 0.015000 0.007500
6 0.578750 0.620000 0.012500 0.017500
6 0.537500 0.613750 0.015000 0.017500
6 0.560000 0.638750 0.012500 0.017500
6 0.568750 0.673750 0.012500 0.017500
6 0.600000 0.657500 0.015000 0.017500
6 0.620000 0.666250 0.012500 0.017500
6 0.631250 0.682500 0.022500 0.015000
6 0.751250 0.510000 0.015000 0.017500
6 0.586250 0.710000 0.012500 0.020000
6 0.607500 0.725000 0.010000 0.015000
6 0.642500 0.747500 0.015000 0.022500
6 0.421250 0.852500 0.017500 0.012500
6 0.426250 0.837500 0.012500 0.010000
6 0.446250 0.828750 0.015000 0.015000
6 0.632500 0.927500 0.015000 0.012500
6 0.650000 0.896250 0.020000 0.010000
6 0.672500 0.858750 0.010000 0.015000
6 0.701250 0.910000 0.010000 0.012500
6 0.642500 0.810000 0.010000 0.015000
6 0.653750 0.812500 0.010000 0.015000
6 0.018750 0.823750 0.015000 0.020000
6 0.000000 0.827500 0.015000 0.015000
6 0.081250 0.772500 0.022500 0.012500
6 0.090000 0.758750 0.017500 0.007500
6 0.037500 0.681250 0.020000 0.010000
6 0.033750 0.672500 0.015000 0.010000
6 0.658750 0.230000 0.015000 0.012500
6 0.733750 0.212500 0.020000 0.012500
6 0.721250 0.145000 0.012500 0.015000
6 0.691250 0.388750 0.015000 0.017500
6 0.931250 0.537500 0.012500 0.012500
6 0.133750 0.576250 0.017500 0.007500
6 0.652500 0.766250 0.007500 0.010000
