6 0.860000 0.217500 0.017500 0.017500
6 0.586250 0.112500 0.012500 0.020000
6 0.900000 0.650000 0.015000 0.017500
6 0.857500 0.560000 0.020000 0.010000
6 0.912500 0.572500 0.015000 0.010000
6 0.810000 0.810000 0.015000 0.022500
6 0.441250 0.985000 0.012500 0.015000
6 0.427500 0.958750 0.012500 0.017500
6 0.415000 0.960000 0.017500 0.017500
6 0.398750 0.921250 0.017500 0.017500
6 0.376250 0.907500 0.017500 0.020000
6 0.382500 0.898750 0.015000 0.022500
6 0.408750 0.897500 0.012500 0.017500
6 0.371250 0.875000 0.017500 0.020000
6 0.377500 0.845000 0.012500 0.017500
6 0.353750 0.873750 0.012500 0.012500
6 0.357500 0.857500 0.015000 0.015000
6 0.333750 0.821250 0.015000 0.017500
6 0.347500 0.843750 0.015000 0.015000
6 0.337500 0.791250 0.015000 0.017500
6 0.313750 0.816250 0.022500 0.015000
6 0.305000 0.800000 0.015000 0.015000
6 0.318750 0.798750 0.012500 0.015000
6 0.308750 0.782500 0.015000 0.017500
6 0.298750 0.765000 0.012500 0.015000
6 0.280000 0.738750 0.022500 0.025000
6 0.271250 0.750000 0.017500 0.020000
6 0.268750 0.717500 0.012500 0.015000
6 0.257500 0.723750 0.015000 0.015000
6 0.223750 0.677500 0.015000 0.020000
6 0.277500 0.690000 0.012500 0.017500
6 0.325000 0.703750 0.020000 0.017500
6 0.278750 0.642500 0.017500 0.017500
6 0.247500 0.688750 0.015000 0.015000
6 0.233750 0.622500 0.015000 0.015000
6 0.232500 0.665000 0.015000 0.017500
6 0.200000 0.638750 0.017500 0.020000
6 0.215000 0.638750 0.017500 0.017500
6 0.202500 0.617500 0.012500 0.015000
6 0.173750 0.572500 0.012500 0.012500
6 0.161250 0.552500 0.007500 0.012500
6 0.106250 0.471250 0.015000 0.017500
6 0.101250 0.486250 0.017500 0.017500
6 0.086250 0.470000 0.015000 0.017500
6 0.086250 0.442500 0.015000 0.017500
6 0.068750 0.443750 0.012500 0.012500
6 0.061250 0.430000 0.015000 0.020000
6 0.048750 0.405000 0.015000 0.017500
6 0.056250 0.397500 0.017500 0.017500
6 0.035000 0.385000 0.017500 0.020000
6 0.038750 0.367500 0.012500 0.017500
6 0.022500 0.348750 0.015000 0.017500
6 0.013750 0.335000 0.015000 0.010000
6 0.033750 0.323750 0.015000 0.020000
6 0.001250 0.333750 0.010000 0.020000
6 0.077500 0.386250 0.020000 0.022500
6 0.468750 0.025000 0.010000 0.012500
6 0.885000 0.307500 0.012500 0.015000
6 0.873750 0.292500 0.010000 0.015000
6 0.866250 0.278750 0.012500 0.015000
6 0.865000 0.340000 0.017500 0.007500
6 0.900000 0.516250 0.017500 0.015000
6 0.905000 0.522500 0.017500 0.010000
6 0.911250 0.530000 0.022500 0.012500
6 0.916250 0.538750 0.022500 0.012500
6 0.915000 0.551250 0.020000 0.010000
6 0.918750 0.561250 0.012500 0.007500
6 0.920000 0.581250 0.017500 0.007500
6 0.922500 0.587500 0.015000 0.007500
6 0.931250 0.595000 0.020000 0.010000
6 0.943750 0.610000 0.015000 0.012500
6 0.950000 0.618750 0.015000 0.010000
6 0.886250 0.528750 0.012500 0.012500
6 0.876250 0.530000 0.010000 0.010000
6 0.867500 0.533750 0.012500 0.010000
6 0.858750 0.536250 0.010000 0.010000
6 0.871250 0.548750 0.015000 0.015000
6 0.861250 0.567500 0.020000 0.012500
6 0.870000 0.588750 0.020000 0.027500
6 0.878750 0.601250 0.015000 0.012500
6 0.880000 0.610000 0.020000 0.007500
6 0.868750 0.630000 0.017500 0.010000
6 0.777500 0.573750 0.037500 0.020000
6 0.825000 0.560000 0.027500 0.017500
6 0.806250 0.587500 0.015000 0.022500
6 0.818750 0.555000 0.030000 0.017500
6 0.832500 0.567500 0.027500 0.017500
6 0.908750 0.641250 0.012500 0.012500
6 0.887500 0.651250 0.017500 0.025000
6 0.830000 0.968750 0.015000 0.017500
6 0.868750 0.931250 0.020000 0.022500
6 0.818750 0.968750 0.015000 0.017500
6 0.833750 0.856250 0.012500 0.015000
6 0.820000 0.863750 0.015000 0.012500
6 0.762500 0.797500 0.027500 0.015000
6 0.717500 0.845000 0.015000 0.022500
6 0.130000 0.512500 0.030000 0.040000
6 0.163750 0.516250 0.012500 0.020000
6 0.150000 0.558750 0.012500 0.012500
6 0.263750 0.615000 0.015000 0.015000
6 0.401250 0.861250 0.015000 0.015000
6 0.328750 0.835000 0.015000 0.017500
6 0.286250 0.770000 0.012500 0.015000
6 0.242500 0.696250 0.015000 0.015000
6 0.188750 0.616250 0.012500 0.015000
6 0.342500 0.855000 0.015000 0.017500
6 0.365000 0.892500 0.012500 0.015000
6 0.402500 0.943750 0.012500 0.015000
6 0.401250 0.966250 0.015000 0.015000
6 0.387500 0.945000 0.025000 0.032500
6 0.481250 0.978750 0.015000 0.020000
6 0.470000 0.996250 0.017500 0.022500
6 0.427500 0.983750 0.012500 0.012500
6 0.130000 0.040000 0.015000 0.015000
6 0.155000 0.062500 0.007500 0.012500
6 0.003750 0.252500 0.015000 0.015000
6 0.005000 0.287500 0.012500 0.015000
4 0.325000 0.110000 0.027500 0.022500
6 0.491250 0.137500 0.027500 0.012500
6 0.416250 0.295000 0.010000 0.015000
6 0.437500 0.916250 0.012500 0.017500
6 0.427500 0.897500 0.012500 0.017500
6 0.978750 0.387500 0.012500 0.015000
