6 0.053750 0.307500 0.012500 0.005000
6 0.046250 0.817500 0.010000 0.015000
6 0.046250 0.147500 0.012500 0.015000
6 0.766250 0.972500 0.010000 0.015000
6 0.691250 0.733750 0.022500 0.017500
6 0.677500 0.725000 0.017500 0.010000
6 0.877500 0.927500 0.012500 0.015000
6 0.885000 0.941250 0.027500 0.020000
6 0.058750 0.832500 0.015000 0.017500
6 0.425000 0.165000 0.012500 0.012500
6 0.472500 0.230000 0.015000 0.012500
6 0.496250 0.298750 0.017500 0.020000
6 0.510000 0.316250 0.017500 0.020000
6 0.147500 0.435000 0.010000 0.015000
6 0.310000 0.550000 0.012500 0.015000
6 0.493750 0.581250 0.012500 0.015000
6 0.511250 0.607500 0.012500 0.015000
6 0.521250 0.623750 0.010000 0.015000
6 0.111250 0.920000 0.015000 0.015000
6 0.986250 0.685000 0.020000 0.020000
6 0.830000 0.618750 0.012500 0.012500
6 0.863750 0.423750 0.012500 0.020000
6 0.852500 0.406250 0.012500 0.020000
6 0.757500 0.286250 0.012500 0.017500
6 0.485000 0.217500 0.015000 0.007500
6 0.618750 0.075000 0.012500 0.020000
6 0.596250 0.047500 0.015000 0.017500
6 0.958750 0.241250 0.015000 0.017500
6 0.680000 0.850000 0.012500 0.017500
6 0.627500 0.771250 0.017500 0.017500
6 0.578750 0.705000 0.015000 0.017500
6 0.632500 0.733750 0.017500 0.012500
6 0.768750 0.600000 0.012500 0.012500
6 0.781250 0.611250 0.012500 0.012500
6 0.576250 0.956250 0.017500 0.010000
