6 0.967500 0.607500 0.020000 0.007500
6 0.891250 0.555000 0.012500 0.020000
6 0.718750 0.566250 0.027500 0.020000
6 0.623750 0.551250 0.015000 0.020000
6 0.641250 0.506250 0.015000 0.020000
6 0.656250 0.530000 0.020000 0.017500
6 0.627500 0.570000 0.017500 0.017500
6 0.687500 0.582500 0.022500 0.010000
6 0.745000 0.707500 0.025000 0.015000
6 0.546250 0.676250 0.017500 0.015000
6 0.501250 0.823750 0.012500 0.015000
6 0.326250 0.757500 0.010000 0.015000
6 0.938750 0.647500 0.010000 0.017500
6 0.856250 0.630000 0.015000 0.017500
6 0.781250 0.757500 0.010000 0.010000
6 0.608750 0.623750 0.017500 0.012500
6 0.948750 0.618750 0.012500 0.015000
6 0.903750 0.577500 0.010000 0.015000
6 0.963750 0.428750 0.015000 0.017500
6 0.008750 0.568750 0.017500 0.020000
6 0.202500 0.950000 0.010000 0.015000
6 0.187500 0.915000 0.010000 0.012500
6 0.102500 0.925000 0.015000 0.010000
6 0.486250 0.975000 0.017500 0.010000
6 0.486250 0.982500 0.015000 0.007500
6 0.541250 0.983750 0.015000 0.010000
6 0.547500 0.972500 0.015000 0.010000
6 0.551250 0.958750 0.015000 0.015000
6 0.501250 0.935000 0.015000 0.015000
6 0.515000 0.932500 0.012500 0.015000
6 0.518750 0.925000 0.017500 0.015000
6 0.405000 0.912500 0.012500 0.017500
6 0.603750 0.055000 0.015000 0.012500
6 0.718750 0.022500 0.010000 0.012500
6 0.440000 0.750000 0.020000 0.012500
6 0.518750 0.850000 0.010000 0.012500
6 0.396250 0.895000 0.007500 0.012500
