3 0.545625 0.120000 0.016250 0.017500
3 0.520625 0.122500 0.016250 0.017500
3 0.439375 0.144375 0.016250 0.013750
3 0.232500 0.273125 0.012500 0.013750
3 0.533125 0.117500 0.011250 0.017500
3 0.601875 0.107500 0.016250 0.017500
3 0.073750 0.359375 0.022500 0.018750
3 0.579375 0.100625 0.021250 0.013750
3 0.083125 0.355000 0.026250 0.022500
3 0.503125 0.118750 0.013750 0.015000
3 0.411250 0.164375 0.012500 0.008750
3 0.849375 0.087500 0.016250 0.017500
3 0.243125 0.274375 0.008750 0.011250
3 0.415625 0.159375 0.016250 0.013750
