3 0.558125 0.753125 0.011250 0.016250
3 0.717500 0.518750 0.015000 0.022500
3 0.573750 0.790000 0.010000 0.015000
3 0.570000 0.768750 0.012500 0.020000
3 0.542500 0.769375 0.012500 0.016250
3 0.561250 0.768750 0.012500 0.015000
3 0.654375 0.639375 0.031250 0.066250
3 0.724375 0.541875 0.013750 0.023750
3 0.734375 0.561250 0.008750 0.015000
3 0.677500 0.633125 0.030000 0.063750
3 0.694375 0.524375 0.038750 0.083750
3 0.610000 0.742500 0.017500 0.030000
3 0.568125 0.791250 0.016250 0.020000
3 0.728125 0.562500 0.008750 0.015000
