3 0.335000 0.198750 0.007500 0.010000
3 0.343750 0.202500 0.007500 0.010000
3 0.328125 0.239375 0.013750 0.013750
3 0.249375 0.132500 0.011250 0.012500
3 0.188750 0.161875 0.007500 0.008750
3 0.305625 0.203125 0.011250 0.011250
3 0.260625 0.302500 0.016250 0.015000
3 0.356875 0.201875 0.011250 0.011250
3 0.321250 0.199375 0.010000 0.016250
3 0.168125 0.145625 0.016250 0.011250
3 0.339375 0.230000 0.013750 0.015000
3 0.243125 0.280625 0.003750 0.008750
3 0.248750 0.156250 0.015000 0.015000
