3 0.563125 0.805625 0.013750 0.013750
3 0.635000 0.698750 0.025000 0.025000
3 0.565000 0.828750 0.007500 0.007500
3 0.653125 0.875625 0.011250 0.011250
3 0.556250 0.826250 0.012500 0.012500
3 0.576250 0.817500 0.010000 0.010000
3 0.578125 0.808125 0.006250 0.006250
3 0.643125 0.930000 0.011250 0.010000
3 0.591250 0.803750 0.012500 0.012500
3 0.550625 0.811875 0.011250 0.011250
3 0.660625 0.940000 0.008750 0.007500
3 0.573125 0.795625 0.006250 0.006250
3 0.669375 0.957500 0.006250 0.005000
