6 0.335000 0.571875 0.027500 0.016250
6 0.008125 0.462500 0.013750 0.025000
6 0.054375 0.467500 0.028750 0.020000
6 0.005000 0.644375 0.007500 0.013750
6 0.003750 0.660000 0.005000 0.012500
6 0.112500 0.566250 0.027500 0.012500
6 0.153750 0.708750 0.012500 0.030000
6 0.170000 0.710000 0.015000 0.032500
6 0.181875 0.710625 0.011250 0.028750
6 0.408125 0.736875 0.028750 0.013750
6 0.410625 0.685000 0.028750 0.015000
6 0.414375 0.524375 0.028750 0.016250
6 0.235625 0.488750 0.013750 0.027500
6 0.250000 0.489375 0.015000 0.028750
6 0.220625 0.462500 0.013750 0.025000
6 0.203750 0.493125 0.015000 0.028750
6 0.125625 0.706250 0.013750 0.030000
6 0.004375 0.630000 0.006250 0.015000
6 0.023750 0.465625 0.015000 0.028750
6 0.128750 0.468750 0.027500 0.012500
6 0.126875 0.484375 0.028750 0.011250
6 0.186875 0.494375 0.013750 0.031250
6 0.218125 0.490000 0.011250 0.022500
6 0.378750 0.521875 0.027500 0.013750
6 0.204375 0.568125 0.033750 0.016250
6 0.168750 0.567500 0.025000 0.015000
6 0.139375 0.567500 0.026250 0.012500
6 0.645000 0.451250 0.030000 0.015000
6 0.542500 0.316250 0.012500 0.025000
6 0.006875 0.615000 0.011250 0.015000
6 0.605000 0.325625 0.012500 0.026250
6 0.001875 0.729375 0.001250 0.013750
6 0.485000 0.871250 0.012500 0.027500
6 0.413125 0.655625 0.023750 0.013750
6 0.407500 0.721250 0.025000 0.012500
6 0.528750 0.530000 0.030000 0.015000
6 0.577500 0.533125 0.027500 0.016250
6 0.740000 0.541250 0.027500 0.015000
6 0.879375 0.548125 0.028750 0.013750
6 0.911875 0.550625 0.028750 0.016250
6 0.686250 0.603750 0.012500 0.025000
6 0.721875 0.604375 0.021250 0.033750
6 0.748125 0.664375 0.011250 0.028750
6 0.748125 0.701875 0.013750 0.031250
6 0.881250 0.660625 0.012500 0.028750
6 0.758125 0.953750 0.028750 0.015000
6 0.683125 0.330000 0.013750 0.027500
6 0.710000 0.330000 0.012500 0.027500
6 0.663750 0.330000 0.012500 0.027500
6 0.326250 0.309375 0.012500 0.026250
6 0.378125 0.063750 0.026250 0.027500
6 0.658125 0.140000 0.028750 0.025000
6 0.910000 0.016875 0.027500 0.033750
6 0.895000 0.013125 0.025000 0.023750
