6 0.362500 0.964375 0.035000 0.018750
6 0.338125 0.972500 0.011250 0.027500
6 0.367500 0.982500 0.030000 0.017500
6 0.961875 0.937500 0.028750 0.017500
6 0.281875 0.940000 0.026250 0.012500
6 0.503750 0.970625 0.030000 0.016250
3 0.931250 0.566250 0.010000 0.015000
3 0.706250 0.582500 0.022500 0.012500
3 0.501875 0.486875 0.008750 0.021250
3 0.258750 0.581875 0.015000 0.038750
3 0.058750 0.652500 0.012500 0.017500
3 0.085625 0.680000 0.013750 0.020000
3 0.713750 0.573750 0.015000 0.012500
3 0.950625 0.448750 0.011250 0.017500
3 0.930000 0.446250 0.017500 0.035000
