6 0.178125 0.485000 0.018750 0.025000
6 0.960625 0.688750 0.011250 0.022500
6 0.948750 0.690000 0.012500 0.022500
6 0.556250 0.711250 0.012500 0.020000
6 0.556250 0.886250 0.012500 0.020000
6 0.363750 0.923750 0.012500 0.022500
6 0.486250 0.956875 0.015000 0.023750
6 0.430625 0.970000 0.016250 0.020000
6 0.398125 0.976250 0.016250 0.025000
6 0.410000 0.917500 0.012500 0.027500
6 0.441875 0.946875 0.018750 0.011250
6 0.569375 0.886250 0.013750 0.025000
6 0.606875 0.883125 0.023750 0.013750
6 0.376875 0.980625 0.016250 0.021250
6 0.935625 0.616250 0.013750 0.022500
6 0.448750 0.833125 0.022500 0.013750
6 0.967500 0.611875 0.015000 0.021250
6 0.966250 0.798125 0.022500 0.013750
6 0.162500 0.973750 0.012500 0.025000
6 0.961875 0.776875 0.023750 0.011250
6 0.819375 0.757500 0.013750 0.025000
6 0.912500 0.545625 0.010000 0.021250
6 0.923125 0.542500 0.011250 0.020000
