6 0.153125 0.691250 0.016250 0.007500
6 0.153750 0.678750 0.017500 0.010000
6 0.156250 0.639375 0.020000 0.011250
6 0.088125 0.525625 0.011250 0.023750
6 0.061875 0.360625 0.008750 0.021250
6 0.064375 0.312500 0.008750 0.020000
6 0.102500 0.168125 0.020000 0.011250
6 0.041250 0.310000 0.010000 0.020000
6 0.308750 0.256875 0.022500 0.021250
6 0.029375 0.311250 0.008750 0.020000
6 0.043125 0.521250 0.011250 0.017500
6 0.153125 0.653125 0.018750 0.011250
6 0.154375 0.666250 0.018750 0.012500
6 0.073750 0.361875 0.007500 0.021250
