6 0.681875 0.217500 0.023750 0.017500
6 0.064375 0.424375 0.023750 0.011250
6 0.092500 0.400625 0.020000 0.008750
6 0.151875 0.568125 0.021250 0.008750
6 0.148750 0.531250 0.022500 0.012500
6 0.150000 0.555625 0.022500 0.008750
6 0.146250 0.505625 0.020000 0.011250
6 0.095625 0.470625 0.018750 0.008750
6 0.150000 0.445000 0.020000 0.007500
6 0.224375 0.416875 0.011250 0.023750
6 0.143125 0.480625 0.023750 0.011250
6 0.147500 0.457500 0.020000 0.007500
6 0.095625 0.449375 0.023750 0.008750
6 0.069375 0.450000 0.021250 0.007500
6 0.155625 0.421875 0.011250 0.021250
6 0.170625 0.422500 0.008750 0.022500
6 0.147500 0.623750 0.022500 0.010000
6 0.183750 0.421250 0.010000 0.020000
6 0.237500 0.414375 0.010000 0.021250
6 0.597500 0.194375 0.007500 0.018750
6 0.045625 0.320625 0.008750 0.018750
6 0.018125 0.325625 0.008750 0.016250
6 0.516250 0.260625 0.010000 0.018750
6 0.645000 0.259375 0.010000 0.023750
6 0.520000 0.196250 0.010000 0.027500
6 0.339375 0.387500 0.018750 0.007500
6 0.341875 0.399375 0.021250 0.008750
