6 0.345000 0.990625 0.025000 0.018750
6 0.496250 0.974375 0.030000 0.018750
6 0.550000 0.966250 0.025000 0.020000
6 0.463125 0.869375 0.028750 0.023750
6 0.455625 0.854375 0.021250 0.016250
6 0.505000 0.834375 0.027500 0.021250
6 0.517500 0.863750 0.025000 0.020000
6 0.634375 0.858125 0.018750 0.028750
6 0.613750 0.793750 0.020000 0.030000
6 0.476875 0.108125 0.023750 0.013750
6 0.490000 0.130000 0.027500 0.012500
6 0.475625 0.141875 0.026250 0.011250
6 0.908125 0.933750 0.023750 0.020000
6 0.035625 0.011875 0.016250 0.021250
6 0.095625 0.158750 0.023750 0.012500
6 0.223125 0.126250 0.021250 0.010000
6 0.231250 0.167500 0.025000 0.012500
6 0.274375 0.121875 0.026250 0.013750
6 0.270625 0.163750 0.028750 0.012500
6 0.325000 0.118125 0.030000 0.013750
6 0.356875 0.116250 0.026250 0.012500
6 0.384375 0.115000 0.023750 0.012500
6 0.380625 0.156250 0.026250 0.015000
6 0.309375 0.160625 0.023750 0.011250
6 0.279375 0.077500 0.021250 0.022500
6 0.311875 0.077500 0.021250 0.027500
6 0.420625 0.070625 0.011250 0.028750
6 0.445000 0.067500 0.010000 0.027500
6 0.411250 0.191250 0.010000 0.020000
6 0.441875 0.193750 0.008750 0.015000
6 0.151875 0.186250 0.026250 0.012500
6 0.151875 0.199375 0.023750 0.011250
6 0.080625 0.218125 0.021250 0.013750
6 0.077500 0.206250 0.025000 0.015000
6 0.076875 0.193125 0.023750 0.013750
6 0.169375 0.328750 0.016250 0.027500
6 0.561875 0.116875 0.021250 0.011250
6 0.576250 0.099375 0.025000 0.013750
6 0.605625 0.097500 0.023750 0.015000
6 0.540625 0.059375 0.013750 0.023750
6 0.836875 0.698750 0.026250 0.020000
6 0.825000 0.754375 0.017500 0.026250
6 0.775625 0.693125 0.016250 0.026250
6 0.868750 0.810000 0.027500 0.020000
6 0.917500 0.915000 0.027500 0.020000
6 0.856250 0.930625 0.015000 0.026250
6 0.845000 0.905625 0.022500 0.026250
6 0.686250 0.961875 0.020000 0.028750
6 0.933750 0.953125 0.020000 0.013750
6 0.692500 0.092500 0.022500 0.012500
6 0.738125 0.645000 0.023750 0.017500
6 0.193125 0.085000 0.011250 0.027500
6 0.052500 0.066250 0.017500 0.025000
6 0.511875 0.188750 0.011250 0.020000
6 0.598125 0.178750 0.011250 0.022500
6 0.767500 0.383750 0.020000 0.022500
6 0.930625 0.926250 0.026250 0.017500
6 0.749375 0.672500 0.023750 0.017500
6 0.806250 0.598750 0.022500 0.032500
6 0.933750 0.154375 0.012500 0.023750
6 0.635000 0.061250 0.015000 0.027500
6 0.666250 0.093750 0.025000 0.015000
6 0.835625 0.085000 0.026250 0.012500
6 0.870625 0.081875 0.028750 0.013750
6 0.901875 0.076875 0.023750 0.013750
6 0.957500 0.072500 0.025000 0.012500
6 0.932500 0.050000 0.012500 0.015000
6 0.830625 0.117500 0.023750 0.010000
6 0.780625 0.120625 0.026250 0.013750
6 0.858750 0.116250 0.025000 0.012500
6 0.891250 0.114375 0.022500 0.013750
6 0.985625 0.107500 0.021250 0.012500
6 0.955625 0.448125 0.011250 0.028750
6 0.714375 0.207500 0.011250 0.027500
6 0.718125 0.244375 0.013750 0.028750
6 0.725625 0.271250 0.016250 0.027500
6 0.738750 0.313125 0.017500 0.026250
6 0.746250 0.343125 0.017500 0.026250
6 0.756250 0.364375 0.017500 0.021250
6 0.786250 0.406250 0.025000 0.027500
6 0.823750 0.430625 0.025000 0.021250
6 0.886250 0.435625 0.020000 0.028750
6 0.874375 0.430000 0.021250 0.025000
6 0.042500 0.035000 0.012500 0.020000
