5 0.773125 0.711875 0.061250 0.038750
5 0.853125 0.389375 0.068750 0.031250
5 0.765625 0.386875 0.066250 0.026250
5 0.843125 0.343750 0.063750 0.035000
5 0.759375 0.350000 0.056250 0.022500
5 0.928750 0.651875 0.045000 0.033750
6 0.781875 0.899375 0.008750 0.018750
6 0.796250 0.898750 0.010000 0.020000
6 0.878750 0.918750 0.007500 0.022500
6 0.893125 0.918750 0.008750 0.020000
6 0.912500 0.873125 0.025000 0.008750
6 0.898125 0.835000 0.026250 0.010000
6 0.868125 0.835000 0.021250 0.010000
6 0.812500 0.836875 0.025000 0.008750
6 0.777500 0.805000 0.012500 0.025000
6 0.792500 0.804375 0.012500 0.023750
6 0.751250 0.548750 0.022500 0.007500
6 0.804375 0.548750 0.026250 0.010000
6 0.894375 0.550000 0.023750 0.010000
6 0.924375 0.546875 0.023750 0.011250
6 0.767500 0.486875 0.010000 0.023750
6 0.781875 0.483750 0.011250 0.020000
6 0.794375 0.482500 0.008750 0.020000
6 0.805000 0.514375 0.022500 0.008750
6 0.870000 0.512500 0.025000 0.010000
6 0.970625 0.478125 0.008750 0.021250
6 0.957500 0.480000 0.012500 0.022500
6 0.777500 0.190000 0.022500 0.010000
6 0.815625 0.190625 0.023750 0.008750
6 0.436875 0.075625 0.028750 0.018750
6 0.969375 0.575000 0.011250 0.022500
6 0.958750 0.253750 0.010000 0.020000
6 0.827500 0.483750 0.012500 0.022500
6 0.053125 0.366875 0.011250 0.026250
6 0.857500 0.138750 0.010000 0.020000
6 0.870000 0.137500 0.010000 0.022500
6 0.959375 0.161875 0.008750 0.018750
6 0.712500 0.074375 0.025000 0.016250
6 0.688750 0.352500 0.012500 0.022500
6 0.690000 0.411875 0.010000 0.021250
6 0.641875 0.516875 0.011250 0.021250
6 0.643750 0.541875 0.010000 0.021250
6 0.643125 0.568125 0.008750 0.023750
6 0.643750 0.640000 0.010000 0.025000
6 0.645000 0.670000 0.010000 0.020000
6 0.645000 0.713750 0.010000 0.022500
6 0.661250 0.606250 0.012500 0.027500
6 0.693750 0.660000 0.010000 0.020000
6 0.694375 0.685625 0.008750 0.021250
6 0.694375 0.716250 0.008750 0.022500
6 0.695000 0.751250 0.012500 0.027500
6 0.646250 0.827500 0.010000 0.022500
