6 0.999375 0.468125 0.001250 0.018750
6 0.756875 0.346250 0.011250 0.020000
6 0.986250 0.345000 0.012500 0.025000
6 0.108125 0.391250 0.018750 0.010000
6 0.726875 0.023750 0.021250 0.010000
6 0.211875 0.168125 0.018750 0.008750
6 0.448750 0.283125 0.027500 0.011250
6 0.448750 0.293750 0.027500 0.010000
6 0.483750 0.265000 0.012500 0.022500
6 0.521875 0.211875 0.013750 0.026250
6 0.680625 0.092500 0.008750 0.020000
6 0.664375 0.091250 0.008750 0.017500
6 0.735000 0.420000 0.022500 0.010000
5 0.338750 0.629375 0.035000 0.056250
5 0.751875 0.911250 0.056250 0.027500
5 0.666250 0.555000 0.052500 0.030000
5 0.345000 0.371250 0.025000 0.047500
5 0.601875 0.238125 0.053750 0.028750
5 0.353750 0.107500 0.020000 0.055000
5 0.358750 0.028750 0.030000 0.055000
5 0.956875 0.202500 0.061250 0.035000
5 0.998750 0.568125 0.002500 0.033750
6 0.990625 0.468750 0.008750 0.020000
6 0.657500 0.446875 0.010000 0.026250
6 0.190625 0.726875 0.018750 0.008750
6 0.785625 0.093125 0.008750 0.021250
6 0.981250 0.097500 0.010000 0.025000
6 0.120625 0.037500 0.021250 0.012500
6 0.645000 0.447500 0.012500 0.025000
6 0.835625 0.705625 0.008750 0.023750
6 0.934375 0.740000 0.026250 0.012500
6 0.995000 0.699375 0.010000 0.023750
6 0.911250 0.706875 0.007500 0.023750
6 0.861875 0.708125 0.008750 0.023750
6 0.571250 0.732500 0.027500 0.012500
6 0.927500 0.810000 0.007500 0.020000
6 0.123125 0.686250 0.008750 0.022500
6 0.100000 0.660625 0.027500 0.008750
6 0.130625 0.481250 0.008750 0.020000
6 0.102500 0.522500 0.022500 0.010000
6 0.198750 0.473125 0.020000 0.013750
6 0.203750 0.459375 0.020000 0.011250
6 0.437500 0.455625 0.022500 0.011250
6 0.478750 0.429375 0.007500 0.023750
6 0.938125 0.812500 0.008750 0.017500
6 0.914375 0.808750 0.008750 0.020000
6 0.610000 0.800625 0.007500 0.023750
