6 0.036875 0.742500 0.021250 0.007500
6 0.006250 0.590625 0.010000 0.008750
6 0.073750 0.525000 0.007500 0.022500
6 0.062500 0.523750 0.010000 0.022500
6 0.049375 0.525000 0.011250 0.025000
6 0.026250 0.528750 0.012500 0.020000
6 0.006250 0.613125 0.010000 0.008750
6 0.006250 0.626250 0.010000 0.010000
6 0.006250 0.640625 0.010000 0.011250
6 0.032500 0.591875 0.025000 0.011250
6 0.039375 0.718750 0.021250 0.010000
6 0.036250 0.707500 0.020000 0.007500
6 0.037500 0.695000 0.025000 0.010000
6 0.033750 0.683125 0.022500 0.008750
6 0.035625 0.671250 0.023750 0.010000
6 0.036875 0.658750 0.023750 0.010000
6 0.032500 0.616875 0.022500 0.008750
6 0.032500 0.605000 0.022500 0.010000
6 0.008125 0.767500 0.013750 0.010000
6 0.008125 0.660625 0.013750 0.011250
6 0.008125 0.756250 0.013750 0.007500
6 0.006875 0.742500 0.011250 0.007500
6 0.006875 0.730625 0.011250 0.011250
6 0.008125 0.718750 0.013750 0.007500
6 0.008125 0.707500 0.013750 0.010000
6 0.008125 0.696250 0.013750 0.010000
6 0.008750 0.685000 0.015000 0.007500
6 0.006875 0.673125 0.011250 0.008750
6 0.150625 0.308125 0.008750 0.026250
6 0.169375 0.308125 0.011250 0.026250
6 0.146875 0.201250 0.008750 0.025000
6 0.010625 0.064375 0.011250 0.021250
6 0.050625 0.410000 0.008750 0.022500
6 0.326250 0.131250 0.025000 0.010000
6 0.171250 0.090000 0.022500 0.010000
6 0.181250 0.135625 0.022500 0.008750
6 0.158750 0.170625 0.010000 0.021250
6 0.038125 0.730625 0.021250 0.008750
6 0.034375 0.754375 0.023750 0.008750
6 0.036250 0.768125 0.027500 0.011250
6 0.040000 0.834375 0.022500 0.008750
6 0.096875 0.692500 0.021250 0.010000
6 0.093750 0.553750 0.025000 0.012500
6 0.709375 0.117500 0.026250 0.010000
6 0.103750 0.960625 0.022500 0.008750
6 0.093750 0.625625 0.022500 0.008750
6 0.095000 0.613125 0.022500 0.008750
6 0.093750 0.589375 0.020000 0.008750
6 0.091875 0.577500 0.021250 0.007500
6 0.044375 0.981250 0.023750 0.012500
6 0.045000 0.966250 0.025000 0.012500
6 0.042500 0.942500 0.022500 0.007500
6 0.042500 0.930000 0.022500 0.010000
6 0.043750 0.916875 0.025000 0.008750
6 0.041250 0.903750 0.022500 0.010000
6 0.043750 0.883125 0.025000 0.011250
6 0.040625 0.869375 0.021250 0.006250
6 0.039375 0.858125 0.023750 0.008750
6 0.038750 0.845000 0.022500 0.010000
6 0.040000 0.824375 0.022500 0.008750
6 0.039375 0.810625 0.023750 0.011250
6 0.037500 0.797500 0.025000 0.010000
6 0.036250 0.786250 0.025000 0.010000
6 0.096250 0.639375 0.025000 0.011250
6 0.095000 0.656875 0.022500 0.008750
6 0.096250 0.681875 0.022500 0.008750
6 0.099375 0.833125 0.023750 0.008750
6 0.103750 0.949375 0.020000 0.008750
6 0.103750 0.926250 0.022500 0.012500
6 0.105625 0.913750 0.023750 0.010000
6 0.105000 0.900625 0.025000 0.011250
6 0.101875 0.882500 0.023750 0.010000
6 0.101250 0.868750 0.022500 0.010000
6 0.101250 0.856875 0.025000 0.008750
6 0.100000 0.845625 0.022500 0.008750
6 0.100625 0.822500 0.021250 0.007500
6 0.098125 0.704375 0.021250 0.008750
6 0.101250 0.810000 0.020000 0.007500
6 0.100625 0.798750 0.023750 0.010000
6 0.100000 0.785625 0.022500 0.008750
6 0.099375 0.767500 0.023750 0.010000
6 0.098750 0.753750 0.022500 0.007500
6 0.098125 0.740000 0.021250 0.010000
6 0.096875 0.728750 0.021250 0.007500
6 0.097500 0.716875 0.020000 0.008750
6 0.895000 0.380625 0.007500 0.026250
6 0.541875 0.461875 0.026250 0.008750
6 0.778750 0.398750 0.010000 0.022500
