6 0.287500 0.045000 0.010000 0.022500
6 0.194375 0.232500 0.008750 0.022500
6 0.145000 0.280000 0.025000 0.010000
6 0.270625 0.176250 0.016250 0.020000
6 0.360625 0.108750 0.023750 0.010000
6 0.400000 0.358750 0.012500 0.022500
6 0.218125 0.237500 0.011250 0.022500
6 0.389375 0.491250 0.023750 0.007500
6 0.360625 0.819375 0.023750 0.011250
6 0.218125 0.988750 0.011250 0.020000
6 0.127500 0.990000 0.010000 0.020000
6 0.288125 0.925000 0.021250 0.010000
6 0.290000 0.879375 0.022500 0.008750
6 0.349375 0.489375 0.018750 0.006250
6 0.327500 0.564375 0.012500 0.023750
6 0.336875 0.498125 0.021250 0.008750
6 0.743750 0.804375 0.020000 0.018750
6 0.970625 0.861875 0.023750 0.011250
6 0.970625 0.846250 0.023750 0.010000
6 0.932500 0.779375 0.022500 0.011250
6 0.933125 0.791875 0.021250 0.008750
6 0.910625 0.762500 0.023750 0.010000
6 0.952500 0.148750 0.022500 0.007500
6 0.915000 0.255625 0.027500 0.011250
6 0.814375 0.176250 0.023750 0.007500
6 0.801250 0.128750 0.015000 0.022500
6 0.706875 0.161875 0.026250 0.013750
6 0.956875 0.400625 0.008750 0.023750
6 0.936250 0.136875 0.022500 0.008750
6 0.814375 0.454375 0.023750 0.008750
6 0.820000 0.838750 0.012500 0.027500
6 0.638750 0.676250 0.025000 0.015000
6 0.751875 0.880000 0.011250 0.022500
6 0.591250 0.759375 0.025000 0.011250
6 0.536250 0.801250 0.012500 0.020000
6 0.410625 0.703125 0.023750 0.011250
6 0.876250 0.677500 0.025000 0.010000
6 0.930625 0.679375 0.023750 0.008750
6 0.633750 0.633125 0.025000 0.011250
6 0.926875 0.501875 0.018750 0.008750
6 0.442500 0.613750 0.010000 0.022500
6 0.454375 0.610625 0.011250 0.021250
6 0.716250 0.536250 0.020000 0.007500
6 0.715000 0.523750 0.025000 0.010000
6 0.716875 0.505000 0.023750 0.010000
6 0.744375 0.565625 0.008750 0.018750
6 0.906875 0.594375 0.026250 0.011250
