6 0.466250 0.931875 0.025000 0.011250
6 0.495625 0.932500 0.021250 0.012500
6 0.971250 0.631875 0.020000 0.011250
6 0.988750 0.515000 0.022500 0.010000
6 0.961875 0.514375 0.021250 0.011250
6 0.584375 0.729375 0.013750 0.021250
6 0.763125 0.719375 0.023750 0.013750
6 0.553125 0.931250 0.023750 0.010000
6 0.523125 0.931875 0.023750 0.008750
6 0.285000 0.854375 0.025000 0.026250
6 0.579375 0.760000 0.021250 0.010000
6 0.171250 0.586875 0.010000 0.021250
6 0.271250 0.560000 0.017500 0.025000
6 0.374375 0.556250 0.016250 0.027500
6 0.009375 0.408750 0.016250 0.022500
6 0.270625 0.884375 0.023750 0.011250
6 0.032500 0.858750 0.025000 0.012500
6 0.208750 0.783125 0.010000 0.021250
6 0.195000 0.784375 0.010000 0.023750
6 0.822500 0.253125 0.022500 0.011250
6 0.999375 0.305625 0.001250 0.011250
6 0.972500 0.306875 0.020000 0.008750
6 0.941250 0.309375 0.022500 0.011250
6 0.935000 0.336250 0.025000 0.012500
6 0.825000 0.310000 0.027500 0.012500
6 0.818750 0.281875 0.022500 0.011250
6 0.818750 0.266250 0.025000 0.012500
6 0.019375 0.408125 0.016250 0.021250
6 0.033125 0.405625 0.016250 0.023750
6 0.061875 0.408750 0.018750 0.022500
6 0.075625 0.405000 0.021250 0.022500
6 0.318125 0.456875 0.026250 0.021250
6 0.337500 0.454375 0.022500 0.021250
6 0.354375 0.454375 0.021250 0.021250
6 0.374375 0.453750 0.023750 0.022500
6 0.393125 0.451250 0.026250 0.025000
6 0.409375 0.450000 0.023750 0.020000
6 0.426875 0.451875 0.021250 0.021250
6 0.441875 0.451250 0.026250 0.022500
6 0.458750 0.449375 0.025000 0.021250
6 0.475625 0.448125 0.018750 0.018750
6 0.492500 0.450000 0.022500 0.020000
6 0.505625 0.447500 0.023750 0.022500
6 0.525625 0.448125 0.023750 0.021250
6 0.543750 0.448125 0.022500 0.021250
6 0.559375 0.441875 0.021250 0.021250
6 0.291250 0.411250 0.012500 0.022500
6 0.306250 0.409375 0.010000 0.021250
6 0.317500 0.406875 0.010000 0.018750
6 0.330000 0.406875 0.010000 0.021250
6 0.452500 0.520625 0.027500 0.008750
6 0.116250 0.460000 0.017500 0.022500
6 0.007500 0.455000 0.012500 0.022500
6 0.020625 0.456250 0.016250 0.022500
6 0.034375 0.453750 0.016250 0.022500
6 0.048125 0.455625 0.018750 0.028750
6 0.063125 0.453750 0.016250 0.022500
6 0.076250 0.453125 0.015000 0.021250
6 0.089375 0.454375 0.018750 0.021250
6 0.105000 0.453750 0.015000 0.022500
6 0.350625 0.406875 0.016250 0.023750
6 0.373125 0.401250 0.021250 0.025000
6 0.389375 0.403125 0.026250 0.023750
6 0.408125 0.402500 0.023750 0.022500
6 0.532500 0.337500 0.020000 0.022500
6 0.423750 0.401875 0.020000 0.021250
6 0.440000 0.401875 0.020000 0.018750
6 0.457500 0.400625 0.022500 0.026250
6 0.475000 0.401250 0.022500 0.025000
6 0.570625 0.430000 0.023750 0.025000
6 0.511875 0.399375 0.021250 0.021250
6 0.526875 0.369375 0.021250 0.018750
6 0.528750 0.353750 0.022500 0.020000
6 0.577500 0.360625 0.022500 0.023750
6 0.666250 0.035000 0.010000 0.025000
6 0.526250 0.316875 0.020000 0.021250
6 0.630000 0.450625 0.015000 0.021250
6 0.577500 0.313750 0.022500 0.022500
6 0.580000 0.295625 0.022500 0.018750
6 0.574375 0.281875 0.021250 0.023750
6 0.668750 0.180625 0.010000 0.021250
6 0.666250 0.092500 0.010000 0.017500
6 0.668125 0.065625 0.011250 0.023750
6 0.331875 0.831250 0.028750 0.017500
6 0.721250 0.898750 0.022500 0.010000
6 0.724375 0.739375 0.026250 0.011250
6 0.879375 0.245000 0.021250 0.020000
6 0.918125 0.224375 0.021250 0.013750
6 0.943125 0.221250 0.021250 0.010000
6 0.976250 0.218750 0.022500 0.010000
6 0.996875 0.216250 0.006250 0.010000
6 0.990000 0.271250 0.007500 0.020000
6 0.980625 0.271875 0.011250 0.021250
6 0.967500 0.270625 0.007500 0.023750
6 0.955625 0.271250 0.011250 0.022500
6 0.943750 0.271875 0.010000 0.021250
