6 0.926250 0.300625 0.030000 0.011250
6 0.988750 0.953750 0.022500 0.010000
6 0.961875 0.953125 0.021250 0.011250
6 0.901250 0.376250 0.010000 0.025000
6 0.269375 0.993125 0.013750 0.013750
6 0.373125 0.990625 0.013750 0.018750
6 0.009375 0.847500 0.016250 0.022500
6 0.915625 0.378750 0.011250 0.022500
6 0.884375 0.356875 0.006250 0.021250
6 0.822500 0.691875 0.022500 0.011250
6 0.999375 0.744375 0.001250 0.011250
6 0.972500 0.745625 0.020000 0.008750
6 0.941250 0.748125 0.022500 0.011250
6 0.935000 0.775000 0.025000 0.012500
6 0.825000 0.748750 0.027500 0.012500
6 0.818750 0.720625 0.022500 0.011250
6 0.818750 0.705000 0.025000 0.012500
6 0.019375 0.846875 0.016250 0.021250
6 0.033125 0.844375 0.016250 0.023750
6 0.061875 0.847500 0.018750 0.022500
6 0.075625 0.843750 0.021250 0.022500
6 0.318125 0.895625 0.026250 0.021250
6 0.337500 0.893125 0.022500 0.021250
6 0.354375 0.893125 0.021250 0.021250
6 0.374375 0.892500 0.023750 0.022500
6 0.393125 0.890000 0.026250 0.025000
6 0.409375 0.888750 0.023750 0.020000
6 0.426875 0.890625 0.021250 0.021250
6 0.441875 0.890000 0.026250 0.022500
6 0.458750 0.888125 0.025000 0.021250
6 0.475625 0.886875 0.018750 0.018750
6 0.492500 0.888750 0.022500 0.020000
6 0.505625 0.886250 0.023750 0.022500
6 0.525625 0.886875 0.023750 0.021250
6 0.543750 0.886875 0.022500 0.021250
6 0.559375 0.880625 0.021250 0.021250
6 0.291250 0.850000 0.012500 0.022500
6 0.306250 0.848125 0.010000 0.021250
6 0.317500 0.845625 0.010000 0.018750
6 0.330000 0.845625 0.010000 0.021250
6 0.452500 0.959375 0.027500 0.008750
6 0.116250 0.898750 0.017500 0.022500
6 0.007500 0.893750 0.012500 0.022500
6 0.020625 0.895000 0.016250 0.022500
6 0.034375 0.892500 0.016250 0.022500
6 0.048125 0.894375 0.018750 0.028750
6 0.063125 0.892500 0.016250 0.022500
6 0.076250 0.891875 0.015000 0.021250
6 0.089375 0.893125 0.018750 0.021250
6 0.105000 0.892500 0.015000 0.022500
6 0.350625 0.845625 0.016250 0.023750
6 0.373125 0.840000 0.021250 0.025000
6 0.389375 0.841875 0.026250 0.023750
6 0.753125 0.272500 0.023750 0.012500
6 0.654375 0.228125 0.023750 0.058750
6 0.664375 0.381250 0.013750 0.025000
6 0.662500 0.348125 0.012500 0.026250
6 0.665625 0.420000 0.013750 0.020000
6 0.408125 0.841250 0.023750 0.022500
6 0.532500 0.776250 0.020000 0.022500
6 0.423750 0.840625 0.020000 0.021250
6 0.440000 0.840625 0.020000 0.018750
6 0.457500 0.839375 0.022500 0.026250
6 0.475000 0.840000 0.022500 0.025000
6 0.570625 0.868750 0.023750 0.025000
6 0.511875 0.838125 0.021250 0.021250
6 0.526875 0.808125 0.021250 0.018750
6 0.528750 0.792500 0.022500 0.020000
6 0.577500 0.799375 0.022500 0.023750
6 0.666250 0.473750 0.010000 0.025000
6 0.526250 0.755625 0.020000 0.021250
6 0.630000 0.889375 0.015000 0.021250
6 0.577500 0.752500 0.022500 0.022500
6 0.580000 0.734375 0.022500 0.018750
6 0.574375 0.720625 0.021250 0.023750
6 0.668750 0.619375 0.010000 0.021250
6 0.666250 0.531250 0.010000 0.017500
6 0.668125 0.504375 0.011250 0.023750
6 0.879375 0.683750 0.021250 0.020000
6 0.918125 0.663125 0.021250 0.013750
6 0.943125 0.660000 0.021250 0.010000
6 0.976250 0.657500 0.022500 0.010000
6 0.996875 0.655000 0.006250 0.010000
6 0.990000 0.710000 0.007500 0.020000
6 0.980625 0.710625 0.011250 0.021250
6 0.967500 0.709375 0.007500 0.023750
6 0.955625 0.710000 0.011250 0.022500
6 0.943750 0.710625 0.010000 0.021250
