6 0.018750 0.376250 0.020000 0.012500
6 0.123125 0.589375 0.016250 0.021250
6 0.135000 0.613125 0.015000 0.021250
6 0.146250 0.640625 0.015000 0.021250
6 0.156250 0.670625 0.012500 0.021250
6 0.165625 0.705000 0.013750 0.022500
6 0.175000 0.754375 0.012500 0.023750
6 0.183125 0.780000 0.011250 0.022500
6 0.190625 0.803750 0.011250 0.020000
6 0.063750 0.488125 0.020000 0.023750
6 0.076250 0.413125 0.027500 0.023750
6 0.009375 0.426250 0.016250 0.017500
6 0.028750 0.445000 0.020000 0.022500
6 0.048125 0.465625 0.018750 0.023750
6 0.078750 0.511875 0.017500 0.021250
6 0.095625 0.538125 0.018750 0.021250
6 0.110625 0.564375 0.016250 0.021250
6 0.062500 0.579375 0.015000 0.018750
6 0.033125 0.532500 0.013750 0.020000
6 0.008125 0.495625 0.013750 0.018750
6 0.140000 0.811875 0.015000 0.026250
6 0.103750 0.215625 0.017500 0.023750
6 0.091875 0.245625 0.021250 0.026250
6 0.196875 0.825625 0.016250 0.021250
6 0.130000 0.778750 0.012500 0.025000
6 0.900000 0.513125 0.015000 0.023750
6 0.917500 0.583750 0.022500 0.030000
6 0.898750 0.608125 0.020000 0.023750
6 0.876875 0.635625 0.026250 0.028750
6 0.844375 0.674375 0.018750 0.018750
6 0.941875 0.543125 0.018750 0.026250
6 0.914375 0.488750 0.016250 0.022500
6 0.924375 0.466250 0.016250 0.020000
6 0.991875 0.340625 0.016250 0.023750
6 0.971250 0.376875 0.015000 0.023750
6 0.958750 0.399375 0.020000 0.023750
6 0.948125 0.421250 0.016250 0.022500
6 0.935625 0.445625 0.016250 0.023750
6 0.995000 0.943750 0.010000 0.017500
6 0.979375 0.961250 0.021250 0.020000
6 0.760000 0.679375 0.020000 0.018750
6 0.740000 0.696250 0.020000 0.020000
6 0.718125 0.713125 0.023750 0.018750
6 0.693125 0.728750 0.023750 0.017500
6 0.666250 0.741250 0.025000 0.020000
6 0.635625 0.756875 0.023750 0.016250
6 0.610000 0.765000 0.022500 0.015000
6 0.583750 0.773750 0.025000 0.015000
6 0.556250 0.783125 0.025000 0.013750
6 0.530625 0.786875 0.026250 0.011250
6 0.501875 0.790625 0.023750 0.016250
6 0.475625 0.799375 0.026250 0.013750
6 0.443125 0.805625 0.021250 0.016250
6 0.778750 0.666875 0.025000 0.023750
6 0.803750 0.642500 0.022500 0.022500
6 0.825625 0.619375 0.023750 0.028750
6 0.706250 0.832500 0.015000 0.020000
6 0.973125 0.918125 0.021250 0.021250
6 0.953125 0.939375 0.018750 0.018750
6 0.933750 0.957500 0.022500 0.022500
6 0.864375 0.948750 0.018750 0.022500
6 0.808125 0.939375 0.021250 0.023750
6 0.742500 0.871875 0.015000 0.018750
6 0.723125 0.850625 0.018750 0.018750
6 0.610000 0.845000 0.007500 0.022500
6 0.846875 0.595625 0.021250 0.021250
6 0.499375 0.845625 0.021250 0.013750
6 0.686875 0.810625 0.016250 0.016250
6 0.735000 0.803125 0.015000 0.021250
6 0.735625 0.772500 0.016250 0.025000
6 0.764375 0.741250 0.021250 0.022500
6 0.788750 0.723125 0.025000 0.021250
6 0.883125 0.544375 0.021250 0.023750
6 0.866250 0.568750 0.020000 0.025000
6 0.118125 0.733125 0.013750 0.021250
6 0.338750 0.881875 0.022500 0.013750
6 0.104375 0.939375 0.023750 0.018750
6 0.081250 0.912500 0.020000 0.017500
6 0.023125 0.915625 0.021250 0.018750
6 0.268125 0.955625 0.016250 0.023750
6 0.417500 0.864375 0.025000 0.016250
6 0.415000 0.813750 0.020000 0.015000
6 0.133125 0.716250 0.016250 0.025000
6 0.106250 0.682500 0.012500 0.022500
6 0.085000 0.629375 0.017500 0.023750
6 0.263750 0.848750 0.025000 0.015000
6 0.293125 0.840625 0.023750 0.016250
6 0.324375 0.835000 0.026250 0.012500
6 0.350000 0.828125 0.017500 0.011250
6 0.381250 0.818750 0.025000 0.015000
