6 0.300000 0.005000 0.015000 0.007500
6 0.140000 0.496875 0.010000 0.008750
6 0.176875 0.456875 0.011250 0.008750
6 0.175625 0.463125 0.008750 0.006250
6 0.163750 0.505000 0.012500 0.010000
6 0.190625 0.476875 0.006250 0.011250
6 0.186875 0.523125 0.011250 0.008750
6 0.161875 0.551875 0.011250 0.006250
6 0.146875 0.581875 0.026250 0.011250
6 0.101875 0.620000 0.018750 0.022500
6 0.088750 0.667500 0.017500 0.020000
6 0.093750 0.676250 0.017500 0.020000
6 0.059375 0.979375 0.006250 0.011250
6 0.065000 0.981875 0.007500 0.011250
6 0.071250 0.983750 0.005000 0.010000
6 0.076875 0.984375 0.006250 0.011250
6 0.083125 0.986875 0.006250 0.011250
6 0.088125 0.988125 0.006250 0.011250
6 0.094375 0.990000 0.006250 0.010000
6 0.100000 0.992500 0.007500 0.012500
6 0.105625 0.993750 0.006250 0.010000
6 0.110625 0.995000 0.008750 0.010000
6 0.116875 0.996250 0.006250 0.007500
6 0.121875 0.996250 0.006250 0.007500
6 0.128125 0.996875 0.006250 0.006250
6 0.134375 0.998750 0.006250 0.002500
6 0.140000 0.999375 0.005000 0.001250
6 0.144375 0.485625 0.011250 0.008750
6 0.146875 0.474375 0.013750 0.008750
6 0.148750 0.467500 0.012500 0.007500
6 0.089375 0.305000 0.006250 0.010000
6 0.286250 0.011875 0.027500 0.023750
6 0.275000 0.024375 0.030000 0.023750
6 0.201250 0.177500 0.022500 0.027500
6 0.365000 0.118750 0.035000 0.015000
6 0.355000 0.180000 0.022500 0.012500
6 0.177500 0.210625 0.022500 0.028750
6 0.210000 0.306875 0.037500 0.028750
6 0.203125 0.334375 0.026250 0.018750
6 0.174375 0.351875 0.013750 0.011250
6 0.109375 0.315000 0.008750 0.012500
6 0.103125 0.310000 0.006250 0.010000
6 0.095625 0.306250 0.006250 0.012500
6 0.082500 0.301875 0.005000 0.008750
6 0.153125 0.448125 0.013750 0.008750
6 0.087500 0.377500 0.012500 0.017500
6 0.096875 0.337500 0.008750 0.010000
6 0.090625 0.335625 0.008750 0.011250
6 0.085000 0.331875 0.010000 0.011250
6 0.086875 0.423750 0.016250 0.035000
6 0.190625 0.416250 0.018750 0.007500
6 0.216875 0.422500 0.016250 0.010000
6 0.177500 0.428125 0.007500 0.013750
6 0.183750 0.428750 0.007500 0.012500
6 0.190000 0.431875 0.007500 0.011250
6 0.201250 0.434375 0.007500 0.011250
6 0.139375 0.448125 0.011250 0.016250
6 0.290625 0.008125 0.023750 0.013750
6 0.242500 0.003750 0.010000 0.005000
6 0.749375 0.147500 0.013750 0.015000
6 0.446250 0.071875 0.020000 0.011250
6 0.450625 0.049375 0.016250 0.011250
6 0.650625 0.001250 0.003750 0.000000
6 0.657500 0.001875 0.005000 0.001250
6 0.103750 0.633125 0.020000 0.023750
