6 0.563750 0.569375 0.005000 0.011250
6 0.553750 0.549375 0.005000 0.011250
6 0.556250 0.536875 0.005000 0.011250
6 0.538750 0.533750 0.012500 0.007500
6 0.543125 0.505000 0.011250 0.007500
6 0.540000 0.520000 0.012500 0.007500
6 0.566875 0.490625 0.006250 0.011250
6 0.106250 0.433125 0.007500 0.013750
6 0.305000 0.892500 0.007500 0.012500
6 0.356250 0.675000 0.005000 0.010000
6 0.407500 0.259375 0.007500 0.011250
6 0.871875 0.310000 0.008750 0.012500
6 0.552500 0.463750 0.010000 0.007500
6 0.507500 0.724375 0.010000 0.008750
6 0.554375 0.456250 0.011250 0.005000
6 0.555625 0.450000 0.011250 0.007500
6 0.555000 0.441250 0.010000 0.010000
6 0.558125 0.433750 0.011250 0.007500
6 0.560000 0.428125 0.010000 0.006250
6 0.533125 0.555000 0.011250 0.007500
6 0.523750 0.630625 0.010000 0.008750
6 0.488125 0.675625 0.011250 0.006250
6 0.490625 0.689375 0.011250 0.008750
6 0.493750 0.703750 0.012500 0.010000
6 0.501250 0.713750 0.012500 0.010000
6 0.508750 0.731875 0.012500 0.008750
6 0.681250 0.438750 0.007500 0.012500
6 0.508125 0.766875 0.011250 0.008750
6 0.508750 0.782500 0.010000 0.010000
6 0.508125 0.875625 0.013750 0.008750
6 0.505625 0.930625 0.013750 0.008750
6 0.561875 0.420625 0.011250 0.008750
6 0.581250 0.331250 0.012500 0.007500
6 0.663125 0.338125 0.006250 0.011250
6 0.641250 0.347500 0.010000 0.012500
6 0.625625 0.341250 0.006250 0.010000
6 0.563750 0.258750 0.012500 0.007500
6 0.538125 0.263750 0.013750 0.007500
6 0.893125 0.317500 0.006250 0.010000
6 0.899375 0.318750 0.006250 0.010000
6 0.905000 0.320000 0.007500 0.010000
6 0.910625 0.322500 0.006250 0.010000
6 0.894375 0.351875 0.006250 0.008750
6 0.886875 0.349375 0.006250 0.011250
6 0.583750 0.471250 0.007500 0.010000
6 0.551250 0.297500 0.010000 0.005000
6 0.562500 0.299375 0.010000 0.006250
6 0.560625 0.305625 0.011250 0.006250
6 0.565000 0.281875 0.010000 0.006250
6 0.566875 0.275625 0.011250 0.006250
6 0.554375 0.290625 0.008750 0.003750
6 0.545625 0.314375 0.008750 0.003750
6 0.556250 0.321250 0.010000 0.005000
6 0.545625 0.319375 0.008750 0.003750
6 0.546875 0.325625 0.008750 0.003750
6 0.168125 0.084375 0.003750 0.008750
6 0.672500 0.353125 0.005000 0.008750
6 0.675625 0.339375 0.006250 0.008750
6 0.661250 0.348125 0.005000 0.008750
6 0.538750 0.910625 0.005000 0.011250
6 0.576875 0.995000 0.008750 0.010000
6 0.572500 0.990625 0.010000 0.011250
6 0.558125 0.949375 0.011250 0.008750
6 0.657500 0.335000 0.005000 0.007500
6 0.558750 0.921875 0.010000 0.008750
6 0.557500 0.903125 0.010000 0.006250
6 0.563125 0.746875 0.008750 0.008750
6 0.566875 0.726250 0.008750 0.005000
6 0.577500 0.705000 0.010000 0.005000
6 0.608750 0.451250 0.010000 0.007500
6 0.610625 0.444375 0.008750 0.006250
6 0.610000 0.437500 0.010000 0.007500
6 0.610000 0.430625 0.010000 0.006250
6 0.622500 0.328750 0.005000 0.010000
6 0.646250 0.333750 0.005000 0.007500
