6 0.566250 0.725625 0.012500 0.006250
6 0.853125 0.726250 0.011250 0.007500
6 0.740625 0.725000 0.011250 0.007500
6 0.976875 0.537500 0.008750 0.012500
6 0.521875 0.711250 0.011250 0.007500
6 0.575625 0.686250 0.011250 0.007500
6 0.653125 0.698750 0.013750 0.007500
6 0.069375 0.763750 0.013750 0.005000
6 0.415000 0.820000 0.012500 0.007500
6 0.413125 0.811250 0.011250 0.005000
6 0.971250 0.722500 0.010000 0.005000
6 0.745000 0.406875 0.020000 0.008750
6 0.726875 0.323125 0.018750 0.011250
6 0.741250 0.395625 0.022500 0.008750
6 0.733750 0.361875 0.020000 0.008750
6 0.725000 0.334375 0.035000 0.016250
6 0.692500 0.354375 0.027500 0.031250
6 0.040000 0.798750 0.015000 0.007500
6 0.025625 0.761875 0.013750 0.006250
6 0.053750 0.788125 0.015000 0.008750
6 0.128125 0.772500 0.011250 0.007500
6 0.135625 0.738750 0.011250 0.007500
6 0.051250 0.750000 0.012500 0.007500
6 0.100625 0.750625 0.011250 0.008750
6 0.127500 0.722500 0.012500 0.010000
6 0.187500 0.740625 0.010000 0.006250
6 0.227500 0.760625 0.012500 0.006250
6 0.232500 0.776250 0.015000 0.007500
6 0.240000 0.722500 0.010000 0.007500
6 0.265000 0.764375 0.012500 0.006250
6 0.274375 0.733750 0.011250 0.007500
6 0.316250 0.721875 0.012500 0.006250
6 0.331875 0.752500 0.011250 0.007500
6 0.346250 0.729375 0.015000 0.008750
6 0.397500 0.746250 0.010000 0.007500
6 0.383750 0.725625 0.012500 0.008750
6 0.294375 0.851875 0.008750 0.013750
6 0.231250 0.685625 0.012500 0.011250
6 0.265000 0.684375 0.007500 0.013750
6 0.248750 0.666250 0.010000 0.012500
6 0.280000 0.695625 0.010000 0.006250
6 0.304375 0.684375 0.011250 0.006250
6 0.280000 0.680625 0.012500 0.006250
6 0.278750 0.673125 0.015000 0.006250
6 0.940000 0.863750 0.007500 0.012500
6 0.460000 0.876250 0.012500 0.010000
6 0.460000 0.884375 0.012500 0.011250
6 0.564375 0.794375 0.011250 0.011250
6 0.547500 0.835625 0.010000 0.006250
6 0.546875 0.848750 0.011250 0.007500
6 0.546875 0.859375 0.011250 0.006250
6 0.546250 0.865625 0.010000 0.003750
6 0.545625 0.871250 0.011250 0.007500
6 0.546250 0.876875 0.010000 0.003750
6 0.545625 0.883125 0.011250 0.006250
6 0.544375 0.889375 0.013750 0.006250
6 0.545625 0.896250 0.011250 0.007500
6 0.815000 0.718750 0.035000 0.010000
6 0.448750 0.851250 0.005000 0.010000
6 0.749375 0.741875 0.013750 0.008750
6 0.790000 0.661250 0.015000 0.007500
6 0.881250 0.742500 0.015000 0.007500
6 0.788125 0.759375 0.013750 0.008750
6 0.846250 0.760625 0.012500 0.006250
6 0.893750 0.759375 0.012500 0.006250
6 0.965000 0.753125 0.015000 0.006250
6 0.928750 0.713125 0.010000 0.006250
6 0.997500 0.650000 0.005000 0.007500
6 0.450625 0.863125 0.006250 0.013750
6 0.448125 0.837500 0.006250 0.012500
6 0.278750 0.665625 0.010000 0.006250
6 0.555625 0.739375 0.011250 0.006250
6 0.259375 0.629375 0.013750 0.008750
6 0.288750 0.626250 0.010000 0.005000
6 0.311875 0.625625 0.008750 0.006250
6 0.436250 0.763750 0.012500 0.007500
6 0.425000 0.752500 0.010000 0.007500
6 0.418750 0.723750 0.012500 0.007500
6 0.471875 0.670000 0.013750 0.005000
6 0.488125 0.670000 0.013750 0.007500
6 0.483750 0.728750 0.012500 0.007500
6 0.573125 0.710000 0.011250 0.007500
6 0.528125 0.749375 0.008750 0.006250
6 0.566875 0.746875 0.011250 0.006250
6 0.448750 0.826250 0.005000 0.010000
6 0.507500 0.756250 0.012500 0.007500
6 0.618125 0.756250 0.016250 0.007500
6 0.631875 0.725000 0.011250 0.007500
6 0.617500 0.710000 0.010000 0.007500
6 0.680625 0.754375 0.018750 0.008750
6 0.692500 0.718125 0.012500 0.006250
6 0.691250 0.738125 0.012500 0.006250
6 0.720000 0.705625 0.012500 0.006250
6 0.456875 0.838125 0.011250 0.008750
6 0.458125 0.850000 0.011250 0.010000
6 0.460000 0.858125 0.012500 0.011250
6 0.470625 0.856250 0.006250 0.010000
6 0.002500 0.773125 0.002500 0.006250
6 0.010000 0.786250 0.012500 0.007500
