6 0.082500 0.733125 0.030000 0.011250
6 0.800625 0.477500 0.013750 0.017500
6 0.240625 0.949375 0.026250 0.016250
0 0.278750 0.181250 0.070000 0.070000
6 0.275000 0.477500 0.032500 0.025000
6 0.270000 0.509375 0.030000 0.023750
6 0.264375 0.533125 0.031250 0.023750
6 0.239375 0.571875 0.028750 0.023750
6 0.719375 0.615625 0.026250 0.028750
6 0.683125 0.610000 0.031250 0.030000
6 0.480625 0.815625 0.038750 0.028750
6 0.168750 0.711250 0.032500 0.022500
6 0.162500 0.006875 0.007500 0.011250
6 0.599375 0.491875 0.008750 0.011250
6 0.596875 0.486875 0.008750 0.011250
6 0.588125 0.478125 0.008750 0.011250
6 0.582500 0.474375 0.007500 0.011250
6 0.579375 0.471250 0.008750 0.010000
6 0.575625 0.468750 0.008750 0.010000
6 0.571250 0.463750 0.007500 0.010000
6 0.566875 0.458125 0.008750 0.008750
6 0.556250 0.445625 0.010000 0.011250
6 0.550625 0.443125 0.008750 0.008750
6 0.662500 0.510000 0.010000 0.012500
6 0.643125 0.502500 0.008750 0.007500
6 0.638125 0.498125 0.008750 0.008750
6 0.623750 0.458750 0.007500 0.010000
6 0.619375 0.453750 0.008750 0.010000
6 0.586250 0.423750 0.010000 0.012500
6 0.512500 0.425000 0.010000 0.012500
6 0.521875 0.431250 0.008750 0.010000
6 0.518750 0.426875 0.007500 0.011250
6 0.504375 0.416250 0.008750 0.010000
6 0.496250 0.410625 0.010000 0.008750
6 0.501875 0.401250 0.008750 0.010000
6 0.513125 0.410625 0.008750 0.008750
6 0.525000 0.419375 0.012500 0.011250
6 0.533750 0.426875 0.007500 0.011250
6 0.538750 0.432500 0.007500 0.010000
6 0.542500 0.436250 0.010000 0.010000
6 0.602500 0.496875 0.010000 0.011250
6 0.592500 0.483750 0.010000 0.010000
6 0.608125 0.443125 0.008750 0.011250
6 0.530625 0.659375 0.008750 0.008750
6 0.489375 0.414375 0.008750 0.011250
6 0.631250 0.526875 0.010000 0.011250
6 0.626875 0.523125 0.008750 0.008750
6 0.440625 0.613750 0.011250 0.010000
6 0.615625 0.450625 0.011250 0.011250
6 0.518125 0.663125 0.011250 0.008750
6 0.515000 0.657500 0.010000 0.007500
6 0.511875 0.652500 0.008750 0.010000
6 0.501250 0.640625 0.010000 0.008750
6 0.524375 0.652500 0.011250 0.010000
6 0.521250 0.645625 0.010000 0.008750
6 0.516875 0.641250 0.011250 0.010000
6 0.563750 0.635625 0.010000 0.008750
6 0.586875 0.619375 0.011250 0.008750
6 0.560000 0.451875 0.007500 0.011250
6 0.614375 0.508125 0.011250 0.008750
6 0.643750 0.546875 0.010000 0.008750
6 0.546875 0.440000 0.008750 0.010000
6 0.634375 0.533125 0.008750 0.008750
6 0.636875 0.536875 0.011250 0.008750
6 0.610625 0.585000 0.008750 0.010000
6 0.627500 0.586875 0.010000 0.008750
6 0.622500 0.583125 0.007500 0.008750
6 0.619375 0.576875 0.008750 0.008750
6 0.613750 0.572500 0.012500 0.010000
6 0.610625 0.565000 0.008750 0.010000
6 0.606250 0.560625 0.007500 0.008750
6 0.602500 0.556875 0.010000 0.008750
6 0.598750 0.551250 0.010000 0.010000
6 0.595000 0.546250 0.010000 0.010000
6 0.591250 0.541250 0.007500 0.010000
6 0.617500 0.593750 0.010000 0.010000
6 0.614375 0.589375 0.008750 0.008750
6 0.606250 0.580000 0.010000 0.010000
6 0.528125 0.439375 0.008750 0.011250
6 0.600000 0.573125 0.012500 0.011250
6 0.595625 0.567500 0.011250 0.010000
6 0.592500 0.563750 0.010000 0.010000
6 0.588750 0.560000 0.012500 0.010000
6 0.586875 0.553750 0.008750 0.010000
6 0.581250 0.548125 0.010000 0.008750
6 0.595625 0.611250 0.011250 0.010000
6 0.591875 0.606875 0.011250 0.008750
6 0.590000 0.601875 0.010000 0.011250
6 0.584375 0.598125 0.011250 0.008750
6 0.581875 0.592500 0.008750 0.010000
6 0.576875 0.589375 0.008750 0.008750
6 0.524375 0.435625 0.011250 0.011250
6 0.533125 0.443750 0.008750 0.007500
6 0.640000 0.540625 0.010000 0.008750
6 0.595000 0.504375 0.010000 0.008750
6 0.650625 0.555000 0.008750 0.007500
6 0.648125 0.550625 0.008750 0.008750
6 0.645625 0.566250 0.008750 0.007500
6 0.641875 0.561875 0.008750 0.008750
6 0.635625 0.554375 0.008750 0.008750
6 0.631875 0.549375 0.008750 0.008750
6 0.626875 0.544375 0.011250 0.011250
6 0.623125 0.538750 0.008750 0.007500
6 0.620000 0.535625 0.010000 0.008750
6 0.615000 0.531250 0.012500 0.012500
6 0.611875 0.526250 0.011250 0.012500
6 0.608125 0.522500 0.011250 0.010000
6 0.591875 0.501250 0.008750 0.010000
6 0.537500 0.446875 0.010000 0.008750
6 0.588125 0.496250 0.008750 0.007500
6 0.584375 0.491250 0.008750 0.010000
6 0.579375 0.489375 0.008750 0.011250
6 0.574375 0.485000 0.008750 0.010000
6 0.571250 0.481250 0.007500 0.010000
6 0.566875 0.476875 0.008750 0.011250
6 0.562500 0.471250 0.010000 0.010000
6 0.558125 0.467500 0.008750 0.010000
6 0.555000 0.463750 0.007500 0.010000
6 0.550625 0.460000 0.008750 0.010000
6 0.546875 0.456250 0.008750 0.010000
6 0.541875 0.451250 0.008750 0.010000
6 0.450000 0.425625 0.007500 0.011250
6 0.496250 0.769375 0.032500 0.023750
6 0.203125 0.935000 0.016250 0.012500
6 0.163125 0.940000 0.016250 0.010000
6 0.111875 0.960000 0.011250 0.010000
6 0.330000 0.956875 0.005000 0.011250
6 0.323750 0.940625 0.007500 0.011250
6 0.322500 0.956250 0.007500 0.012500
6 0.313125 0.956875 0.006250 0.008750
6 0.303125 0.955625 0.008750 0.011250
6 0.325625 0.915625 0.013750 0.011250
6 0.328750 0.825000 0.010000 0.027500
6 0.329375 0.800000 0.006250 0.012500
6 0.266250 0.772500 0.012500 0.007500
6 0.439375 0.478750 0.008750 0.012500
6 0.436250 0.492500 0.007500 0.010000
6 0.433750 0.508750 0.007500 0.012500
6 0.431875 0.523125 0.006250 0.011250
6 0.428125 0.538750 0.006250 0.010000
6 0.426875 0.550625 0.008750 0.011250
6 0.418750 0.596250 0.005000 0.012500
6 0.415000 0.615000 0.007500 0.012500
6 0.414375 0.628750 0.006250 0.010000
6 0.410625 0.658750 0.006250 0.012500
6 0.408750 0.679375 0.007500 0.011250
6 0.247500 0.766250 0.010000 0.007500
6 0.283750 0.783750 0.010000 0.010000
6 0.331875 0.780625 0.006250 0.013750
6 0.295625 0.799375 0.008750 0.011250
6 0.302500 0.813750 0.007500 0.012500
6 0.312500 0.820000 0.007500 0.012500
6 0.319375 0.829375 0.006250 0.013750
6 0.310625 0.842500 0.006250 0.012500
6 0.368750 0.843125 0.012500 0.011250
6 0.363125 0.900000 0.011250 0.010000
6 0.373750 0.883125 0.012500 0.008750
6 0.403125 0.864375 0.008750 0.008750
6 0.430000 0.839375 0.010000 0.008750
6 0.581875 0.740625 0.011250 0.011250
6 0.667500 0.660000 0.012500 0.012500
6 0.576875 0.440625 0.011250 0.011250
6 0.455625 0.623750 0.008750 0.010000
6 0.450000 0.617500 0.010000 0.010000
6 0.651250 0.510625 0.012500 0.011250
6 0.671250 0.539375 0.010000 0.008750
6 0.666875 0.533125 0.011250 0.011250
6 0.498125 0.376250 0.008750 0.010000
6 0.501250 0.383125 0.007500 0.008750
6 0.523750 0.391875 0.007500 0.011250
6 0.571875 0.413125 0.008750 0.011250
6 0.641250 0.486875 0.010000 0.008750
6 0.605625 0.468750 0.008750 0.010000
6 0.596250 0.460000 0.010000 0.010000
6 0.569375 0.433125 0.008750 0.008750
6 0.464375 0.633750 0.011250 0.010000
6 0.656250 0.560000 0.007500 0.010000
6 0.649375 0.491250 0.006250 0.007500
6 0.628750 0.461875 0.007500 0.008750
6 0.629375 0.470625 0.008750 0.008750
6 0.460000 0.629375 0.010000 0.011250
6 0.470000 0.643750 0.010000 0.010000
6 0.498125 0.678125 0.008750 0.008750
6 0.433750 0.720625 0.007500 0.006250
6 0.430000 0.715000 0.010000 0.007500
6 0.423750 0.711250 0.010000 0.007500
6 0.416250 0.703125 0.010000 0.011250
6 0.463750 0.697500 0.012500 0.010000
6 0.446250 0.695000 0.010000 0.007500
6 0.453750 0.683125 0.010000 0.008750
6 0.436250 0.681875 0.012500 0.011250
6 0.426250 0.667500 0.010000 0.007500
6 0.431250 0.656250 0.012500 0.010000
6 0.485000 0.681875 0.012500 0.008750
6 0.494375 0.673750 0.008750 0.010000
6 0.476875 0.650625 0.008750 0.011250
6 0.489375 0.670000 0.008750 0.007500
6 0.475625 0.666875 0.011250 0.011250
6 0.467500 0.657500 0.010000 0.007500
6 0.443125 0.669375 0.011250 0.008750
6 0.438750 0.665000 0.010000 0.012500
6 0.450000 0.678125 0.012500 0.011250
6 0.460000 0.648750 0.010000 0.010000
6 0.457500 0.645000 0.010000 0.010000
6 0.453750 0.640625 0.010000 0.011250
6 0.448125 0.635000 0.011250 0.012500
6 0.440000 0.627500 0.010000 0.010000
6 0.483125 0.660625 0.008750 0.013750
6 0.574375 0.585000 0.011250 0.007500
6 0.569375 0.580000 0.008750 0.010000
6 0.563750 0.571250 0.012500 0.010000
6 0.560000 0.564375 0.010000 0.008750
6 0.602500 0.438125 0.010000 0.011250
6 0.598750 0.433750 0.007500 0.012500
6 0.594375 0.431250 0.008750 0.012500
6 0.590000 0.427500 0.010000 0.012500
6 0.581875 0.418750 0.011250 0.012500
6 0.576875 0.415625 0.008750 0.011250
6 0.565625 0.410625 0.008750 0.011250
6 0.451875 0.528750 0.008750 0.010000
6 0.445625 0.525000 0.008750 0.012500
6 0.488750 0.566875 0.010000 0.008750
6 0.498750 0.563125 0.010000 0.011250
6 0.488750 0.551250 0.010000 0.010000
6 0.661875 0.526250 0.008750 0.007500
6 0.203125 0.165000 0.011250 0.010000
6 0.560000 0.407500 0.010000 0.012500
6 0.551875 0.401875 0.008750 0.011250
6 0.546250 0.400000 0.010000 0.012500
6 0.658750 0.521250 0.010000 0.010000
6 0.483750 0.561875 0.010000 0.011250
6 0.479375 0.558750 0.008750 0.010000
6 0.471875 0.532500 0.011250 0.012500
6 0.476250 0.535625 0.010000 0.011250
6 0.466875 0.545000 0.008750 0.010000
6 0.463125 0.540000 0.008750 0.010000
6 0.458750 0.535625 0.010000 0.011250
6 0.455625 0.530625 0.011250 0.011250
6 0.629375 0.493750 0.011250 0.010000
6 0.620625 0.513750 0.011250 0.010000
6 0.625000 0.518750 0.012500 0.010000
6 0.653750 0.497500 0.010000 0.010000
6 0.666250 0.512500 0.010000 0.010000
6 0.496875 0.557500 0.008750 0.010000
6 0.671250 0.516875 0.007500 0.011250
6 0.501875 0.618125 0.011250 0.011250
6 0.496250 0.611875 0.012500 0.008750
6 0.512500 0.635000 0.010000 0.010000
6 0.505625 0.644375 0.011250 0.011250
6 0.313750 0.941250 0.005000 0.010000
6 0.492500 0.552500 0.007500 0.010000
6 0.504375 0.568750 0.008750 0.010000
6 0.540625 0.398125 0.008750 0.011250
6 0.512500 0.460000 0.010000 0.012500
6 0.535625 0.398125 0.008750 0.011250
6 0.530000 0.395000 0.010000 0.012500
6 0.507500 0.385625 0.010000 0.011250
6 0.513750 0.387500 0.005000 0.010000
6 0.519375 0.389375 0.008750 0.011250
6 0.473750 0.421875 0.007500 0.011250
6 0.468750 0.418750 0.010000 0.012500
6 0.487500 0.434375 0.007500 0.011250
6 0.492500 0.438750 0.010000 0.012500
6 0.496250 0.443125 0.010000 0.013750
6 0.500625 0.448125 0.008750 0.011250
6 0.506875 0.455000 0.011250 0.012500
6 0.517500 0.465000 0.010000 0.012500
6 0.508750 0.571250 0.010000 0.010000
6 0.488750 0.453125 0.010000 0.008750
6 0.484375 0.448750 0.008750 0.010000
6 0.470000 0.434375 0.010000 0.011250
6 0.472500 0.476875 0.010000 0.008750
6 0.476250 0.481250 0.010000 0.012500
6 0.480000 0.485000 0.010000 0.010000
6 0.487500 0.491875 0.007500 0.008750
6 0.492500 0.496250 0.010000 0.010000
6 0.496250 0.499375 0.010000 0.008750
6 0.500625 0.503750 0.008750 0.010000
6 0.507500 0.527500 0.010000 0.010000
6 0.511875 0.533125 0.008750 0.011250
6 0.433750 0.605000 0.007500 0.010000
6 0.466875 0.473125 0.008750 0.008750
6 0.462500 0.468125 0.007500 0.008750
6 0.553125 0.644375 0.008750 0.008750
6 0.524375 0.486875 0.008750 0.008750
6 0.519375 0.483125 0.008750 0.008750
6 0.518750 0.469375 0.010000 0.011250
6 0.512500 0.478125 0.010000 0.008750
6 0.503750 0.469375 0.007500 0.008750
6 0.495625 0.461250 0.008750 0.010000
6 0.491250 0.458125 0.007500 0.011250
6 0.480000 0.443125 0.010000 0.008750
6 0.476250 0.438750 0.007500 0.010000
6 0.483750 0.430625 0.007500 0.008750
6 0.478750 0.426875 0.007500 0.008750
6 0.559375 0.632500 0.008750 0.007500
6 0.550000 0.640625 0.010000 0.008750
6 0.531875 0.496250 0.008750 0.010000
6 0.555625 0.626875 0.008750 0.008750
6 0.546250 0.635000 0.007500 0.007500
6 0.551875 0.622500 0.008750 0.007500
6 0.542500 0.630000 0.007500 0.007500
6 0.548125 0.616875 0.008750 0.008750
6 0.539375 0.624375 0.008750 0.008750
6 0.545625 0.612500 0.008750 0.007500
6 0.535625 0.618750 0.008750 0.010000
6 0.540000 0.608125 0.010000 0.008750
6 0.530625 0.615000 0.008750 0.010000
6 0.536875 0.603750 0.008750 0.007500
6 0.533750 0.600625 0.010000 0.008750
6 0.527500 0.492500 0.010000 0.010000
6 0.535000 0.500000 0.007500 0.010000
6 0.531250 0.594375 0.010000 0.008750
6 0.560625 0.508750 0.008750 0.010000
6 0.582500 0.613125 0.007500 0.008750
6 0.577500 0.608750 0.010000 0.010000
6 0.573125 0.604375 0.011250 0.011250
6 0.567500 0.596250 0.010000 0.007500
6 0.562500 0.591875 0.010000 0.011250
6 0.560000 0.586250 0.010000 0.010000
6 0.553125 0.579375 0.011250 0.008750
6 0.549375 0.571875 0.008750 0.008750
6 0.577500 0.523125 0.010000 0.008750
6 0.572500 0.520625 0.010000 0.011250
6 0.568125 0.516250 0.008750 0.010000
6 0.563750 0.512500 0.010000 0.010000
6 0.556250 0.502500 0.007500 0.010000
6 0.540000 0.503750 0.007500 0.010000
6 0.552500 0.498125 0.007500 0.008750
6 0.548125 0.495000 0.008750 0.010000
6 0.544375 0.491250 0.008750 0.007500
6 0.538750 0.486250 0.010000 0.010000
6 0.531250 0.480000 0.010000 0.010000
6 0.526875 0.475000 0.008750 0.010000
6 0.566250 0.530000 0.010000 0.010000
6 0.561250 0.523750 0.007500 0.007500
6 0.556250 0.520625 0.010000 0.011250
6 0.551875 0.516875 0.008750 0.008750
6 0.548125 0.512500 0.006250 0.010000
6 0.544375 0.507500 0.008750 0.010000
6 0.523750 0.608750 0.012500 0.007500
6 0.520625 0.603125 0.011250 0.008750
6 0.483125 0.506250 0.008750 0.010000
6 0.496250 0.519375 0.010000 0.008750
6 0.440000 0.573750 0.007500 0.007500
6 0.436250 0.568125 0.007500 0.008750
6 0.520000 0.523750 0.010000 0.010000
6 0.512500 0.516250 0.010000 0.007500
6 0.504375 0.509375 0.008750 0.008750
6 0.523750 0.528750 0.010000 0.007500
6 0.534375 0.539375 0.008750 0.008750
6 0.528750 0.549375 0.012500 0.008750
6 0.525000 0.544375 0.010000 0.008750
6 0.521250 0.541250 0.010000 0.010000
6 0.516250 0.536250 0.010000 0.010000
6 0.499375 0.523125 0.011250 0.011250
6 0.491875 0.513750 0.006250 0.010000
6 0.448750 0.581250 0.007500 0.007500
6 0.488750 0.510000 0.007500 0.010000
6 0.468125 0.527500 0.008750 0.012500
6 0.463125 0.524375 0.008750 0.011250
6 0.458750 0.519375 0.010000 0.008750
6 0.453750 0.515625 0.007500 0.008750
6 0.450000 0.511250 0.007500 0.010000
6 0.480625 0.540625 0.006250 0.008750
6 0.471875 0.551250 0.008750 0.010000
6 0.476875 0.555000 0.008750 0.010000
6 0.496250 0.575625 0.007500 0.008750
6 0.466875 0.490000 0.011250 0.010000
6 0.471250 0.494375 0.007500 0.008750
6 0.445625 0.577500 0.008750 0.010000
6 0.453125 0.585000 0.008750 0.010000
6 0.526875 0.588750 0.011250 0.010000
6 0.478125 0.611875 0.011250 0.008750
6 0.516875 0.598125 0.008750 0.008750
6 0.512500 0.594375 0.010000 0.008750
6 0.518125 0.581875 0.008750 0.008750
6 0.509375 0.588750 0.011250 0.010000
6 0.513750 0.575625 0.007500 0.006250
6 0.504375 0.581875 0.008750 0.008750
6 0.544375 0.546250 0.011250 0.010000
6 0.506875 0.628125 0.008750 0.011250
6 0.503125 0.624375 0.008750 0.008750
6 0.492500 0.630000 0.010000 0.010000
6 0.486250 0.620625 0.010000 0.008750
6 0.482500 0.616250 0.010000 0.010000
6 0.468750 0.603125 0.007500 0.008750
6 0.457500 0.590000 0.007500 0.007500
6 0.465000 0.598750 0.007500 0.007500
6 0.481875 0.598750 0.011250 0.010000
6 0.488750 0.604375 0.010000 0.011250
6 0.475000 0.590000 0.010000 0.010000
6 0.470000 0.586875 0.010000 0.011250
6 0.465625 0.581875 0.008750 0.008750
6 0.461875 0.578125 0.008750 0.008750
6 0.457500 0.573125 0.007500 0.008750
6 0.453125 0.568750 0.006250 0.007500
6 0.448750 0.565000 0.007500 0.010000
6 0.444375 0.561250 0.008750 0.007500
6 0.460625 0.595000 0.008750 0.010000
6 0.446250 0.445000 0.007500 0.015000
6 0.451250 0.414375 0.007500 0.011250
6 0.454375 0.400625 0.006250 0.011250
6 0.743750 0.388750 0.012500 0.012500
6 0.737500 0.400625 0.010000 0.008750
6 0.736250 0.406875 0.010000 0.008750
6 0.733750 0.411875 0.010000 0.008750
6 0.740625 0.422500 0.011250 0.007500
6 0.736875 0.428125 0.011250 0.008750
6 0.733125 0.434375 0.011250 0.008750
6 0.731250 0.440000 0.012500 0.010000
6 0.725625 0.445000 0.008750 0.005000
6 0.723125 0.450000 0.008750 0.007500
6 0.721250 0.456875 0.010000 0.008750
6 0.717500 0.460625 0.010000 0.008750
6 0.712500 0.465000 0.010000 0.010000
6 0.710625 0.472500 0.011250 0.010000
6 0.705625 0.478125 0.008750 0.008750
6 0.702500 0.483125 0.010000 0.008750
6 0.698750 0.490000 0.010000 0.010000
6 0.693750 0.494375 0.010000 0.011250
6 0.729375 0.416250 0.008750 0.010000
6 0.726250 0.421875 0.010000 0.008750
6 0.723750 0.426875 0.010000 0.008750
6 0.719375 0.433125 0.008750 0.008750
6 0.716250 0.436875 0.010000 0.008750
6 0.711875 0.442500 0.011250 0.010000
6 0.709375 0.448750 0.008750 0.007500
6 0.706250 0.453125 0.010000 0.008750
6 0.700625 0.457500 0.011250 0.007500
6 0.630000 0.606250 0.010000 0.010000
6 0.645625 0.597500 0.011250 0.012500
6 0.654375 0.585625 0.011250 0.011250
6 0.770625 0.421250 0.016250 0.010000
6 0.737500 0.323125 0.012500 0.011250
6 0.745625 0.336875 0.011250 0.011250
6 0.742500 0.344375 0.010000 0.008750
6 0.760625 0.361875 0.013750 0.011250
6 0.783125 0.395000 0.011250 0.010000
6 0.778750 0.402500 0.012500 0.007500
6 0.898125 0.433125 0.011250 0.016250
6 0.862500 0.470625 0.010000 0.013750
6 0.776250 0.490625 0.012500 0.013750
6 0.752500 0.372500 0.012500 0.010000
6 0.750000 0.378750 0.012500 0.007500
6 0.775625 0.410625 0.008750 0.008750
6 0.761875 0.435625 0.013750 0.008750
6 0.664375 0.573750 0.008750 0.010000
6 0.751250 0.452500 0.010000 0.010000
6 0.745000 0.463750 0.012500 0.010000
6 0.736875 0.473750 0.008750 0.010000
6 0.735000 0.481875 0.012500 0.003750
6 0.727500 0.488125 0.010000 0.008750
6 0.723750 0.500000 0.010000 0.012500
6 0.716250 0.509375 0.007500 0.008750
6 0.705000 0.521250 0.010000 0.007500
6 0.697500 0.531875 0.007500 0.008750
6 0.690000 0.543750 0.010000 0.012500
6 0.680000 0.554375 0.012500 0.008750
6 0.671875 0.566250 0.008750 0.010000
6 0.698125 0.463125 0.013750 0.008750
6 0.695000 0.470625 0.010000 0.008750
6 0.691875 0.474375 0.008750 0.008750
6 0.673750 0.523125 0.010000 0.011250
6 0.696250 0.395000 0.010000 0.010000
6 0.691875 0.400625 0.011250 0.008750
6 0.691250 0.405000 0.010000 0.007500
6 0.687500 0.411250 0.010000 0.007500
6 0.680000 0.423125 0.010000 0.011250
6 0.671875 0.434375 0.011250 0.008750
6 0.680625 0.370625 0.011250 0.011250
6 0.674375 0.381250 0.011250 0.007500
6 0.670625 0.388125 0.011250 0.008750
6 0.666250 0.396875 0.012500 0.011250
6 0.653125 0.466875 0.008750 0.011250
6 0.683125 0.531875 0.011250 0.011250
6 0.612500 0.618750 0.012500 0.010000
6 0.701875 0.385000 0.008750 0.007500
6 0.595625 0.631250 0.013750 0.012500
6 0.583125 0.640000 0.011250 0.007500
6 0.570000 0.650625 0.012500 0.011250
6 0.556875 0.660000 0.011250 0.012500
6 0.542500 0.670625 0.010000 0.011250
6 0.528750 0.681875 0.012500 0.008750
6 0.483750 0.702500 0.012500 0.010000
6 0.298125 0.683750 0.011250 0.012500
6 0.209375 0.686875 0.013750 0.011250
6 0.383125 0.503125 0.006250 0.011250
6 0.402500 0.463750 0.007500 0.010000
6 0.410625 0.378125 0.006250 0.011250
6 0.699375 0.389375 0.008750 0.008750
6 0.706250 0.380000 0.012500 0.010000
6 0.686875 0.482500 0.011250 0.007500
6 0.685625 0.433750 0.011250 0.010000
6 0.680625 0.491250 0.011250 0.010000
6 0.731875 0.358125 0.013750 0.011250
6 0.724375 0.368750 0.011250 0.010000
6 0.719375 0.374375 0.008750 0.008750
6 0.718750 0.380625 0.010000 0.011250
6 0.717500 0.386250 0.010000 0.010000
6 0.712500 0.390625 0.012500 0.008750
6 0.706875 0.402500 0.011250 0.010000
6 0.703125 0.407500 0.011250 0.007500
6 0.701250 0.412500 0.010000 0.007500
6 0.698125 0.418750 0.011250 0.007500
6 0.688125 0.427500 0.011250 0.010000
6 0.678125 0.445000 0.011250 0.010000
6 0.709375 0.375000 0.011250 0.007500
6 0.676250 0.449375 0.010000 0.008750
6 0.671875 0.458125 0.011250 0.008750
6 0.668750 0.462500 0.012500 0.012500
6 0.664375 0.469375 0.011250 0.008750
6 0.659375 0.474375 0.011250 0.008750
6 0.730625 0.337500 0.011250 0.010000
6 0.727500 0.342500 0.012500 0.010000
6 0.724375 0.346250 0.011250 0.010000
6 0.719375 0.350625 0.011250 0.008750
6 0.716875 0.356250 0.011250 0.007500
6 0.714375 0.361875 0.011250 0.008750
6 0.711250 0.368125 0.010000 0.008750
6 0.717500 0.311875 0.010000 0.013750
6 0.737500 0.301875 0.010000 0.013750
6 0.758125 0.318125 0.011250 0.011250
6 0.780000 0.353750 0.012500 0.010000
6 0.905625 0.115625 0.011250 0.008750
6 0.394375 0.229375 0.008750 0.013750
6 0.375625 0.296875 0.006250 0.011250
6 0.270625 0.429375 0.013750 0.013750
6 0.861875 0.225000 0.008750 0.010000
6 0.880625 0.205625 0.011250 0.011250
6 0.896250 0.188750 0.012500 0.012500
6 0.914375 0.164375 0.016250 0.013750
6 0.899375 0.141250 0.011250 0.010000
6 0.904375 0.138125 0.011250 0.011250
6 0.898750 0.125000 0.012500 0.010000
6 0.910625 0.111875 0.011250 0.008750
6 0.903125 0.119375 0.011250 0.008750
6 0.875625 0.112500 0.011250 0.010000
6 0.418125 0.103125 0.013750 0.013750
6 0.857500 0.133125 0.007500 0.008750
6 0.852500 0.151250 0.005000 0.012500
6 0.854375 0.170625 0.006250 0.011250
6 0.855000 0.184375 0.005000 0.008750
6 0.855625 0.198125 0.006250 0.011250
6 0.877500 0.167500 0.012500 0.012500
6 0.802500 0.301250 0.012500 0.012500
6 0.825000 0.333125 0.010000 0.008750
6 0.479375 0.076875 0.028750 0.021250
6 0.770000 0.300000 0.015000 0.012500
6 0.798125 0.328125 0.011250 0.011250
6 0.775000 0.341250 0.012500 0.010000
6 0.444375 0.176875 0.006250 0.011250
6 0.423125 0.066250 0.008750 0.015000
6 0.446875 0.083750 0.013750 0.010000
6 0.895625 0.019375 0.008750 0.011250
6 0.900625 0.015625 0.008750 0.011250
6 0.188750 0.092500 0.005000 0.010000
6 0.501875 0.005000 0.008750 0.007500
