6 0.821250 0.998125 0.010000 0.003750
6 0.836250 0.882500 0.007500 0.012500
6 0.063125 0.310000 0.008750 0.012500
6 0.841875 0.879375 0.006250 0.011250
6 0.583125 0.628125 0.008750 0.011250
6 0.313125 0.051875 0.011250 0.008750
6 0.531875 0.259375 0.006250 0.011250
6 0.480000 0.259375 0.010000 0.006250
6 0.408125 0.240000 0.011250 0.007500
6 0.406250 0.246875 0.012500 0.008750
6 0.084375 0.317500 0.006250 0.010000
6 0.090625 0.318750 0.006250 0.010000
6 0.096250 0.320000 0.007500 0.010000
6 0.101875 0.322500 0.006250 0.010000
6 0.085625 0.351875 0.006250 0.008750
6 0.078125 0.349375 0.006250 0.011250
6 0.398750 0.541250 0.010000 0.010000
6 0.669375 0.155000 0.011250 0.012500
6 0.304375 0.089375 0.011250 0.006250
6 0.298125 0.105000 0.011250 0.007500
6 0.286875 0.156250 0.006250 0.010000
6 0.270625 0.204375 0.003750 0.008750
6 0.268125 0.215000 0.006250 0.010000
6 0.264375 0.228125 0.006250 0.011250
6 0.261250 0.238750 0.007500 0.010000
6 0.255625 0.253125 0.006250 0.011250
6 0.556875 0.071875 0.008750 0.011250
6 0.529375 0.233125 0.013750 0.008750
6 0.665625 0.283750 0.006250 0.010000
6 0.648125 0.348125 0.006250 0.011250
