6 0.970000 0.661250 0.012500 0.025000
6 0.985000 0.657500 0.012500 0.027500
6 0.947500 0.687500 0.012500 0.027500
6 0.960625 0.684375 0.011250 0.026250
6 0.972500 0.684375 0.015000 0.023750
6 0.978125 0.741875 0.013750 0.026250
6 0.965625 0.741250 0.011250 0.027500
6 0.954375 0.742500 0.013750 0.027500
6 0.956250 0.768125 0.012500 0.028750
6 0.968125 0.768750 0.016250 0.025000
6 0.980000 0.767500 0.012500 0.025000
6 0.992500 0.770000 0.012500 0.030000
6 0.972500 0.826250 0.017500 0.030000
6 0.958750 0.826875 0.017500 0.028750
6 0.962500 0.854375 0.015000 0.026250
6 0.975625 0.852500 0.016250 0.025000
6 0.988750 0.851250 0.012500 0.025000
6 0.985625 0.826250 0.016250 0.022500
6 0.945625 0.828125 0.016250 0.028750
6 0.948750 0.855000 0.015000 0.022500
6 0.990625 0.908750 0.016250 0.027500
6 0.980625 0.908750 0.013750 0.027500
6 0.968750 0.910000 0.015000 0.027500
6 0.954375 0.909375 0.016250 0.028750
6 0.946875 0.660000 0.011250 0.027500
6 0.935625 0.660000 0.016250 0.027500
6 0.990000 0.602500 0.012500 0.027500
6 0.927500 0.265625 0.025000 0.013750
6 0.889375 0.115625 0.016250 0.028750
6 0.749375 0.040000 0.016250 0.032500
6 0.895625 0.180000 0.023750 0.012500
6 0.983125 0.163125 0.013750 0.028750
6 0.982500 0.190000 0.015000 0.025000
6 0.987500 0.247500 0.017500 0.027500
6 0.990000 0.272500 0.015000 0.025000
6 0.922500 0.203125 0.025000 0.011250
6 0.895625 0.205625 0.021250 0.013750
6 0.924375 0.216250 0.023750 0.012500
6 0.898750 0.231875 0.025000 0.011250
6 0.925000 0.228750 0.027500 0.012500
6 0.925000 0.240625 0.025000 0.013750
6 0.930625 0.278125 0.026250 0.013750
6 0.976875 0.601875 0.013750 0.026250
6 0.900625 0.280625 0.026250 0.013750
6 0.901250 0.293125 0.025000 0.011250
6 0.931250 0.301875 0.022500 0.013750
6 0.903750 0.316875 0.025000 0.011250
6 0.964375 0.402500 0.013750 0.027500
6 0.953750 0.403750 0.012500 0.027500
6 0.941250 0.406250 0.012500 0.027500
6 0.928125 0.406875 0.016250 0.026250
6 0.913750 0.409375 0.015000 0.026250
6 0.953125 0.429375 0.013750 0.026250
6 0.992500 0.491875 0.012500 0.026250
6 0.981250 0.519375 0.015000 0.026250
6 0.969375 0.520000 0.011250 0.025000
6 0.860000 0.659375 0.025000 0.011250
6 0.876875 0.845000 0.021250 0.012500
6 0.871250 0.783125 0.025000 0.013750
6 0.870000 0.770000 0.025000 0.015000
6 0.868125 0.758125 0.021250 0.013750
6 0.862500 0.696875 0.025000 0.013750
6 0.860625 0.672500 0.023750 0.015000
6 0.855000 0.598125 0.027500 0.013750
6 0.853125 0.586875 0.026250 0.013750
6 0.890625 0.513125 0.016250 0.031250
6 0.838125 0.408750 0.023750 0.012500
6 0.830000 0.308750 0.020000 0.012500
6 0.828125 0.296250 0.028750 0.015000
6 0.821250 0.183750 0.022500 0.012500
6 0.821875 0.196875 0.028750 0.013750
6 0.811875 0.076250 0.023750 0.012500
6 0.806875 0.015625 0.023750 0.013750
6 0.849375 0.836250 0.013750 0.027500
6 0.903125 0.115000 0.011250 0.025000
6 0.915625 0.114375 0.013750 0.026250
6 0.925625 0.113750 0.011250 0.025000
6 0.938750 0.112500 0.015000 0.025000
6 0.876875 0.830625 0.023750 0.013750
6 0.874375 0.819375 0.026250 0.013750
6 0.874375 0.807500 0.023750 0.015000
6 0.871875 0.794375 0.023750 0.013750
6 0.943750 0.769375 0.012500 0.026250
6 0.941875 0.743750 0.016250 0.025000
6 0.864375 0.710000 0.023750 0.015000
6 0.966250 0.601875 0.015000 0.026250
6 0.943125 0.603125 0.013750 0.026250
6 0.928750 0.604375 0.012500 0.023750
6 0.927500 0.579375 0.012500 0.028750
6 0.990000 0.573750 0.015000 0.027500
6 0.975625 0.575625 0.013750 0.028750
6 0.963750 0.575625 0.012500 0.028750
6 0.951250 0.575625 0.012500 0.026250
6 0.857500 0.622500 0.025000 0.015000
6 0.852500 0.574375 0.022500 0.016250
6 0.850625 0.561250 0.023750 0.015000
6 0.849375 0.546875 0.021250 0.013750
6 0.917500 0.433125 0.015000 0.023750
6 0.936875 0.339375 0.026250 0.013750
6 0.901875 0.255625 0.023750 0.013750
6 0.986250 0.079375 0.015000 0.026250
6 0.973125 0.080625 0.013750 0.026250
6 0.977500 0.105625 0.012500 0.026250
6 0.963750 0.108125 0.012500 0.026250
6 0.818125 0.135625 0.023750 0.013750
6 0.815625 0.121875 0.023750 0.016250
6 0.814375 0.109375 0.026250 0.016250
6 0.878125 0.858125 0.021250 0.013750
6 0.878750 0.871250 0.025000 0.012500
6 0.881250 0.881875 0.022500 0.016250
6 0.930625 0.288750 0.023750 0.012500
6 0.920000 0.189375 0.027500 0.013750
6 0.920625 0.177500 0.028750 0.012500
6 0.918125 0.166250 0.031250 0.012500
6 0.900625 0.241875 0.023750 0.013750
6 0.910625 0.328125 0.023750 0.011250
6 0.933125 0.313750 0.023750 0.015000
6 0.990625 0.398125 0.013750 0.023750
6 0.935625 0.351250 0.026250 0.010000
6 0.911250 0.339375 0.025000 0.011250
6 0.828125 0.281250 0.023750 0.012500
6 0.820000 0.208125 0.022500 0.011250
6 0.816875 0.169375 0.023750 0.013750
6 0.815000 0.156250 0.022500 0.012500
6 0.813125 0.061875 0.023750 0.016250
6 0.810625 0.047500 0.021250 0.015000
6 0.959375 0.081250 0.016250 0.027500
6 0.948750 0.083125 0.012500 0.028750
6 0.936875 0.086875 0.016250 0.026250
6 0.911875 0.088750 0.013750 0.027500
6 0.926250 0.087500 0.012500 0.027500
6 0.899375 0.088750 0.013750 0.027500
6 0.988125 0.105625 0.016250 0.026250
6 0.950625 0.110000 0.016250 0.025000
