3 0.441875 0.318125 0.038750 0.016250
3 0.443125 0.331875 0.036250 0.011250
3 0.443125 0.342500 0.031250 0.012500
3 0.440000 0.355000 0.037500 0.015000
3 0.440000 0.366875 0.035000 0.013750
3 0.441875 0.378750 0.033750 0.012500
3 0.444375 0.393125 0.028750 0.011250
3 0.448750 0.426875 0.030000 0.016250
3 0.445000 0.440000 0.027500 0.015000
3 0.448750 0.458750 0.025000 0.012500
3 0.449375 0.468750 0.026250 0.010000
3 0.446875 0.479375 0.026250 0.011250
3 0.447500 0.490000 0.027500 0.010000
3 0.447500 0.507500 0.027500 0.012500
3 0.443750 0.518125 0.025000 0.011250
3 0.423750 0.520625 0.012500 0.021250
3 0.449375 0.528750 0.026250 0.010000
3 0.490000 0.431250 0.025000 0.012500
3 0.491250 0.328125 0.027500 0.013750
3 0.488125 0.497500 0.021250 0.007500
3 0.625625 0.600000 0.031250 0.012500
3 0.568125 0.440000 0.028750 0.012500
3 0.571875 0.476875 0.028750 0.011250
3 0.570625 0.502500 0.031250 0.015000
3 0.571250 0.575625 0.027500 0.011250
3 0.621250 0.428125 0.027500 0.011250
3 0.925000 0.246875 0.032500 0.013750
3 0.568750 0.451250 0.030000 0.010000
3 0.571875 0.487500 0.026250 0.010000
3 0.570625 0.513750 0.028750 0.010000
3 0.572500 0.525625 0.025000 0.011250
3 0.573125 0.538750 0.026250 0.012500
3 0.570625 0.551250 0.026250 0.012500
3 0.625625 0.621875 0.031250 0.011250
3 0.620625 0.328125 0.031250 0.013750
3 0.624375 0.343125 0.028750 0.013750
3 0.622500 0.355625 0.032500 0.013750
3 0.621250 0.377500 0.032500 0.015000
3 0.621875 0.391250 0.026250 0.012500
3 0.621875 0.403125 0.028750 0.011250
3 0.623750 0.415625 0.030000 0.016250
3 0.625000 0.440625 0.027500 0.011250
3 0.626875 0.452500 0.033750 0.010000
3 0.625000 0.464375 0.030000 0.013750
3 0.623125 0.486875 0.031250 0.011250
3 0.625000 0.499375 0.030000 0.011250
3 0.626250 0.511875 0.035000 0.016250
3 0.626250 0.536875 0.032500 0.016250
3 0.624375 0.550625 0.028750 0.011250
3 0.623750 0.563125 0.030000 0.011250
3 0.623750 0.576250 0.030000 0.012500
3 0.571875 0.464375 0.028750 0.013750
3 0.572500 0.428125 0.027500 0.011250
3 0.451250 0.538750 0.022500 0.010000
3 0.571875 0.415000 0.026250 0.010000
3 0.450000 0.551250 0.025000 0.010000
3 0.573750 0.587500 0.025000 0.012500
3 0.488750 0.393125 0.022500 0.011250
3 0.488125 0.403750 0.021250 0.010000
3 0.491875 0.441875 0.023750 0.011250
3 0.492500 0.451875 0.025000 0.008750
3 0.491250 0.460000 0.022500 0.007500
3 0.491875 0.468125 0.023750 0.008750
3 0.491250 0.479375 0.025000 0.011250
3 0.491250 0.488750 0.022500 0.010000
3 0.491250 0.505625 0.025000 0.008750
3 0.493125 0.514375 0.023750 0.011250
3 0.493125 0.526250 0.023750 0.010000
3 0.490000 0.535625 0.020000 0.008750
3 0.490625 0.543750 0.021250 0.010000
3 0.493125 0.553125 0.026250 0.011250
3 0.493125 0.563750 0.023750 0.012500
3 0.490625 0.366875 0.026250 0.013750
3 0.489375 0.355625 0.026250 0.013750
3 0.779375 0.377500 0.026250 0.012500
3 0.574375 0.564375 0.026250 0.011250
3 0.559375 0.318750 0.038750 0.012500
3 0.565625 0.330625 0.031250 0.013750
3 0.565625 0.342500 0.033750 0.012500
3 0.570625 0.355625 0.026250 0.011250
3 0.568750 0.368750 0.030000 0.012500
3 0.567500 0.381250 0.027500 0.012500
3 0.568125 0.391875 0.028750 0.011250
3 0.574375 0.403125 0.026250 0.011250
6 0.448125 0.654375 0.011250 0.023750
6 0.357500 0.615000 0.015000 0.025000
6 0.492500 0.676875 0.012500 0.023750
6 0.528125 0.686250 0.011250 0.025000
6 0.939375 0.872500 0.013750 0.030000
6 0.896875 0.854375 0.013750 0.026250
6 0.882500 0.850000 0.012500 0.027500
6 0.797500 0.811875 0.015000 0.026250
6 0.781875 0.802500 0.013750 0.027500
6 0.735625 0.784375 0.013750 0.031250
6 0.723750 0.778125 0.017500 0.026250
6 0.705000 0.774375 0.020000 0.026250
6 0.693125 0.767500 0.021250 0.027500
6 0.672500 0.755625 0.020000 0.026250
6 0.655000 0.748125 0.017500 0.031250
6 0.643750 0.740625 0.015000 0.028750
6 0.558750 0.703750 0.015000 0.027500
6 0.545000 0.700000 0.012500 0.025000
3 0.626250 0.587500 0.030000 0.010000
3 0.624375 0.611250 0.031250 0.010000
3 0.721250 0.319375 0.040000 0.016250
3 0.780625 0.438125 0.028750 0.011250
3 0.782500 0.463125 0.027500 0.011250
3 0.783750 0.475625 0.030000 0.011250
3 0.781250 0.487500 0.027500 0.012500
3 0.781250 0.500000 0.030000 0.012500
3 0.783750 0.511250 0.025000 0.012500
3 0.786250 0.523125 0.032500 0.013750
3 0.787500 0.535625 0.035000 0.013750
3 0.785625 0.548750 0.033750 0.012500
3 0.785000 0.561875 0.027500 0.011250
3 0.785625 0.573750 0.031250 0.012500
3 0.785000 0.586875 0.032500 0.013750
3 0.786250 0.610000 0.032500 0.015000
3 0.784375 0.624375 0.028750 0.013750
3 0.785625 0.646875 0.033750 0.016250
3 0.783125 0.660625 0.026250 0.011250
3 0.786250 0.673125 0.027500 0.013750
3 0.781250 0.685000 0.027500 0.012500
3 0.876250 0.313125 0.047500 0.018750
3 0.878750 0.330000 0.042500 0.017500
3 0.880625 0.346250 0.041250 0.015000
3 0.877500 0.361875 0.040000 0.016250
3 0.886875 0.402500 0.031250 0.012500
3 0.888125 0.416250 0.033750 0.012500
3 0.886250 0.429375 0.035000 0.013750
3 0.883125 0.456875 0.036250 0.013750
3 0.886250 0.468750 0.032500 0.012500
3 0.886250 0.482500 0.035000 0.012500
3 0.885000 0.496250 0.035000 0.012500
3 0.886875 0.508750 0.036250 0.012500
3 0.785625 0.450625 0.033750 0.018750
3 0.785625 0.426250 0.036250 0.012500
3 0.782500 0.402500 0.032500 0.015000
3 0.726250 0.333125 0.027500 0.011250
3 0.725625 0.356875 0.028750 0.013750
3 0.729375 0.368750 0.028750 0.012500
3 0.726250 0.383125 0.030000 0.013750
3 0.727500 0.404375 0.027500 0.011250
3 0.728750 0.418125 0.032500 0.011250
3 0.728125 0.430000 0.031250 0.012500
3 0.729375 0.443125 0.031250 0.013750
3 0.730000 0.456875 0.027500 0.011250
3 0.728750 0.468125 0.027500 0.011250
3 0.730625 0.492500 0.028750 0.010000
3 0.730000 0.505625 0.025000 0.013750
3 0.731875 0.518750 0.023750 0.012500
3 0.733750 0.530625 0.025000 0.011250
3 0.735625 0.543125 0.026250 0.013750
3 0.735000 0.554375 0.022500 0.011250
3 0.734375 0.565625 0.026250 0.011250
3 0.730000 0.578125 0.030000 0.011250
3 0.731875 0.589375 0.026250 0.011250
3 0.731250 0.606250 0.027500 0.012500
3 0.733125 0.616875 0.026250 0.011250
3 0.735000 0.630000 0.022500 0.010000
3 0.735000 0.641875 0.022500 0.011250
3 0.731875 0.653750 0.028750 0.012500
3 0.730625 0.665000 0.028750 0.010000
3 0.785625 0.327500 0.036250 0.015000
3 0.784375 0.353125 0.036250 0.013750
3 0.780000 0.365000 0.030000 0.012500
3 0.780625 0.390000 0.028750 0.012500
3 0.888125 0.521875 0.036250 0.011250
3 0.888125 0.535625 0.033750 0.013750
3 0.888750 0.547500 0.035000 0.012500
3 0.888125 0.560625 0.036250 0.013750
3 0.950000 0.630000 0.037500 0.015000
3 0.952500 0.645000 0.045000 0.015000
3 0.953125 0.660000 0.046250 0.015000
3 0.950000 0.675000 0.037500 0.015000
3 0.954375 0.690625 0.038750 0.013750
3 0.951250 0.706250 0.042500 0.015000
3 0.953125 0.737500 0.043750 0.015000
3 0.956250 0.753750 0.047500 0.015000
3 0.950625 0.600000 0.038750 0.015000
3 0.945625 0.585000 0.033750 0.012500
3 0.945625 0.571875 0.033750 0.013750
3 0.892500 0.743750 0.022500 0.010000
3 0.886875 0.573750 0.036250 0.012500
3 0.886875 0.586250 0.036250 0.012500
3 0.886875 0.598750 0.033750 0.015000
3 0.886250 0.613125 0.037500 0.013750
3 0.890625 0.626250 0.028750 0.012500
3 0.890000 0.639375 0.032500 0.013750
3 0.889375 0.652500 0.031250 0.012500
3 0.889375 0.665000 0.033750 0.012500
3 0.888125 0.678125 0.036250 0.013750
3 0.892500 0.690000 0.032500 0.012500
3 0.890000 0.703750 0.035000 0.015000
3 0.888750 0.717500 0.037500 0.012500
3 0.893750 0.730625 0.030000 0.011250
3 0.950000 0.312500 0.052500 0.017500
3 0.945000 0.559375 0.035000 0.011250
3 0.945000 0.328750 0.042500 0.017500
3 0.947500 0.344375 0.042500 0.018750
3 0.945000 0.363125 0.045000 0.018750
3 0.948125 0.395625 0.043750 0.016250
3 0.949375 0.410625 0.041250 0.016250
3 0.950000 0.426250 0.040000 0.015000
3 0.949375 0.440000 0.038750 0.015000
3 0.946250 0.454375 0.035000 0.013750
3 0.946875 0.470000 0.043750 0.017500
3 0.947500 0.501875 0.037500 0.018750
3 0.948125 0.518750 0.038750 0.015000
3 0.946875 0.533750 0.038750 0.015000
3 0.946875 0.546875 0.036250 0.013750
