6 0.076875 0.685000 0.028750 0.012500
6 0.237500 0.880625 0.020000 0.008750
6 0.236250 0.870625 0.022500 0.008750
6 0.239375 0.855625 0.021250 0.008750
6 0.265625 0.859375 0.028750 0.011250
6 0.268750 0.845625 0.025000 0.006250
6 0.265000 0.835000 0.025000 0.010000
6 0.263125 0.821875 0.021250 0.011250
6 0.156875 0.865000 0.021250 0.012500
6 0.186250 0.843125 0.027500 0.011250
6 0.098125 0.890625 0.021250 0.011250
6 0.098750 0.876875 0.022500 0.013750
6 0.098750 0.864375 0.027500 0.013750
6 0.100000 0.851250 0.027500 0.012500
6 0.069375 0.863125 0.021250 0.011250
6 0.071250 0.827500 0.025000 0.010000
6 0.259375 0.880625 0.021250 0.011250
6 0.238125 0.892500 0.023750 0.015000
6 0.261250 0.905625 0.025000 0.013750
6 0.015000 0.955625 0.027500 0.013750
6 0.020625 0.898750 0.023750 0.012500
6 0.014375 0.885625 0.026250 0.008750
6 0.011250 0.931875 0.022500 0.011250
6 0.013125 0.921250 0.026250 0.012500
6 0.102500 0.830000 0.030000 0.012500
6 0.101250 0.815000 0.027500 0.012500
6 0.019375 0.792500 0.028750 0.015000
6 0.184375 0.762500 0.023750 0.012500
6 0.245000 0.751875 0.022500 0.011250
6 0.159375 0.773750 0.021250 0.010000
6 0.158750 0.761250 0.022500 0.012500
6 0.096875 0.781250 0.021250 0.012500
6 0.101250 0.770000 0.025000 0.012500
6 0.017500 0.778125 0.022500 0.011250
6 0.184375 0.820000 0.026250 0.015000
6 0.326875 0.744375 0.026250 0.011250
6 0.327500 0.730625 0.025000 0.011250
6 0.270000 0.718125 0.022500 0.011250
6 0.268750 0.704375 0.025000 0.011250
6 0.245000 0.718750 0.022500 0.015000
6 0.183750 0.726250 0.027500 0.012500
6 0.156250 0.805625 0.027500 0.011250
6 0.266875 0.801875 0.023750 0.011250
6 0.319375 0.956875 0.026250 0.011250
6 0.253750 0.998125 0.027500 0.003750
6 0.256875 0.981875 0.023750 0.013750
6 0.257500 0.968750 0.025000 0.010000
6 0.258750 0.955000 0.027500 0.012500
6 0.319375 0.969375 0.026250 0.011250
6 0.321250 0.945625 0.025000 0.011250
6 0.325000 0.768750 0.022500 0.010000
6 0.320625 0.935625 0.023750 0.011250
6 0.320625 0.908125 0.026250 0.013750
6 0.321250 0.897500 0.027500 0.012500
6 0.326875 0.849375 0.028750 0.011250
6 0.325625 0.836875 0.026250 0.008750
6 0.324375 0.825625 0.026250 0.008750
6 0.078125 0.698125 0.028750 0.011250
6 0.082500 0.640625 0.027500 0.013750
6 0.306875 0.114375 0.021250 0.026250
6 0.161250 0.644375 0.027500 0.011250
6 0.110000 0.535000 0.022500 0.010000
6 0.545625 0.686250 0.023750 0.010000
6 0.546875 0.673750 0.023750 0.010000
6 0.563750 0.653750 0.022500 0.010000
6 0.548750 0.589375 0.027500 0.018750
6 0.550000 0.554375 0.025000 0.011250
6 0.015000 0.159375 0.025000 0.018750
6 0.018750 0.144375 0.025000 0.016250
6 0.030625 0.123750 0.026250 0.020000
6 0.039375 0.109375 0.026250 0.018750
6 0.052500 0.088750 0.025000 0.017500
6 0.058125 0.077500 0.026250 0.020000
6 0.065625 0.063125 0.021250 0.013750
6 0.826875 0.328750 0.028750 0.025000
6 0.831250 0.313750 0.025000 0.025000
6 0.111875 0.548750 0.021250 0.010000
6 0.109375 0.560000 0.026250 0.010000
6 0.106875 0.593750 0.021250 0.010000
6 0.333750 0.581875 0.020000 0.008750
6 0.252500 0.600000 0.025000 0.010000
6 0.273125 0.613750 0.023750 0.010000
6 0.274375 0.590625 0.021250 0.008750
6 0.272500 0.555000 0.022500 0.010000
6 0.277500 0.543125 0.020000 0.008750
6 0.333125 0.568750 0.023750 0.010000
6 0.335625 0.546250 0.023750 0.010000
6 0.105000 0.665000 0.027500 0.012500
6 0.335000 0.521250 0.022500 0.007500
6 0.276875 0.507500 0.026250 0.010000
6 0.166250 0.526250 0.030000 0.012500
6 0.192500 0.553125 0.022500 0.008750
6 0.190000 0.657500 0.027500 0.010000
6 0.184375 0.680625 0.023750 0.008750
6 0.831875 0.296250 0.028750 0.027500
6 0.834375 0.278125 0.026250 0.023750
6 0.836250 0.156250 0.027500 0.022500
6 0.834375 0.112500 0.038750 0.027500
6 0.978750 0.610000 0.025000 0.017500
6 0.250000 0.565000 0.025000 0.012500
6 0.250625 0.540625 0.018750 0.008750
6 0.170000 0.563750 0.020000 0.010000
6 0.261250 0.893750 0.020000 0.010000
6 0.326250 0.815625 0.022500 0.011250
6 0.321875 0.884375 0.023750 0.008750
6 0.323750 0.872500 0.025000 0.010000
6 0.322500 0.860625 0.027500 0.011250
6 0.321875 0.920625 0.028750 0.011250
6 0.236250 0.905625 0.022500 0.008750
6 0.261875 0.869375 0.026250 0.011250
6 0.322500 0.803750 0.030000 0.012500
6 0.240000 0.833125 0.022500 0.011250
6 0.240000 0.846875 0.027500 0.011250
6 0.239375 0.821875 0.021250 0.008750
6 0.239375 0.811250 0.021250 0.010000
6 0.157500 0.890625 0.022500 0.008750
6 0.156250 0.878750 0.022500 0.010000
6 0.321875 0.790000 0.031250 0.010000
6 0.248125 0.504375 0.023750 0.011250
6 0.179375 0.878125 0.023750 0.008750
6 0.162500 0.584375 0.027500 0.013750
6 0.160625 0.632500 0.023750 0.012500
6 0.270000 0.638125 0.025000 0.013750
6 0.328125 0.685625 0.021250 0.016250
6 0.327500 0.672500 0.025000 0.010000
6 0.250000 0.586875 0.022500 0.013750
6 0.188125 0.598125 0.018750 0.008750
6 0.110000 0.583750 0.022500 0.007500
6 0.249375 0.516875 0.026250 0.011250
6 0.110000 0.570625 0.025000 0.008750
6 0.083125 0.573125 0.026250 0.011250
6 0.248750 0.551875 0.022500 0.008750
6 0.334375 0.532500 0.026250 0.010000
6 0.246250 0.529375 0.030000 0.011250
6 0.274375 0.530000 0.023750 0.017500
6 0.179375 0.893125 0.021250 0.008750
6 0.181875 0.868125 0.028750 0.011250
6 0.190625 0.563750 0.018750 0.010000
6 0.327500 0.710000 0.027500 0.012500
6 0.080000 0.711250 0.025000 0.010000
6 0.323750 0.779375 0.027500 0.011250
6 0.326875 0.756875 0.021250 0.008750
6 0.269375 0.765000 0.023750 0.010000
6 0.268125 0.742500 0.021250 0.007500
6 0.267500 0.730625 0.022500 0.008750
6 0.245000 0.681875 0.022500 0.008750
6 0.181875 0.750000 0.021250 0.012500
6 0.270000 0.672500 0.020000 0.012500
6 0.241875 0.658125 0.023750 0.013750
6 0.163750 0.597500 0.022500 0.007500
6 0.191875 0.586875 0.021250 0.011250
6 0.166875 0.574375 0.023750 0.008750
6 0.167500 0.551250 0.022500 0.010000
6 0.075000 0.746875 0.025000 0.011250
6 0.244375 0.765000 0.023750 0.010000
6 0.179375 0.855625 0.021250 0.008750
6 0.185625 0.798125 0.028750 0.008750
6 0.072500 0.888125 0.022500 0.008750
6 0.181250 0.833125 0.022500 0.011250
6 0.157500 0.844375 0.022500 0.011250
6 0.158125 0.830625 0.021250 0.011250
6 0.102500 0.802500 0.030000 0.012500
6 0.182500 0.806875 0.022500 0.011250
6 0.183125 0.786250 0.023750 0.010000
6 0.238750 0.786250 0.020000 0.007500
6 0.156250 0.795000 0.025000 0.010000
6 0.157500 0.783750 0.020000 0.010000
6 0.184375 0.776250 0.023750 0.010000
6 0.241875 0.799375 0.023750 0.011250
6 0.263750 0.790000 0.025000 0.010000
6 0.265625 0.776875 0.023750 0.011250
