6 0.620625 0.015000 0.013750 0.027500
6 0.744375 0.025000 0.016250 0.027500
6 0.760000 0.089375 0.030000 0.031250
6 0.598125 0.069375 0.016250 0.023750
6 0.012500 0.991875 0.007500 0.016250
6 0.025625 0.991250 0.008750 0.017500
6 0.115625 0.994375 0.011250 0.011250
6 0.161875 0.991875 0.008750 0.016250
6 0.150625 0.993750 0.008750 0.012500
6 0.139375 0.993750 0.008750 0.012500
6 0.128125 0.994375 0.008750 0.011250
6 0.093125 0.992500 0.008750 0.015000
6 0.080000 0.991250 0.010000 0.017500
6 0.049375 0.095625 0.021250 0.011250
6 0.075000 0.058125 0.025000 0.008750
6 0.051250 0.058125 0.025000 0.011250
6 0.295625 0.230000 0.026250 0.010000
6 0.071875 0.131875 0.023750 0.011250
6 0.047500 0.129375 0.022500 0.008750
6 0.047500 0.118750 0.025000 0.010000
6 0.051250 0.084375 0.022500 0.011250
6 0.075625 0.072500 0.023750 0.010000
6 0.050625 0.070625 0.026250 0.011250
6 0.533125 0.121875 0.008750 0.021250
6 0.498125 0.125625 0.011250 0.023750
6 0.450625 0.125000 0.011250 0.022500
6 0.492500 0.183125 0.012500 0.028750
6 0.468125 0.183750 0.008750 0.020000
6 0.046875 0.106250 0.021250 0.012500
6 0.295000 0.241875 0.025000 0.011250
6 0.432500 0.181250 0.010000 0.020000
6 0.295000 0.290000 0.025000 0.010000
6 0.290000 0.386250 0.020000 0.010000
6 0.290625 0.361250 0.021250 0.010000
6 0.293125 0.336250 0.026250 0.015000
6 0.291875 0.326250 0.021250 0.010000
6 0.295625 0.314375 0.023750 0.008750
6 0.295000 0.301875 0.020000 0.011250
6 0.292500 0.278750 0.022500 0.007500
6 0.296250 0.255625 0.025000 0.008750
6 0.421250 0.185000 0.015000 0.027500
6 0.291250 0.348125 0.020000 0.011250
6 0.288125 0.371875 0.023750 0.008750
6 0.229375 0.323750 0.023750 0.010000
6 0.231250 0.300625 0.022500 0.013750
6 0.295000 0.268125 0.022500 0.008750
6 0.442500 0.182500 0.010000 0.020000
6 0.545000 0.125625 0.012500 0.021250
6 0.233125 0.336250 0.023750 0.010000
6 0.520625 0.123750 0.011250 0.022500
6 0.510625 0.120625 0.011250 0.023750
6 0.486250 0.120000 0.010000 0.022500
6 0.475000 0.118750 0.010000 0.030000
6 0.463125 0.121250 0.008750 0.022500
6 0.439375 0.121250 0.011250 0.020000
6 0.416250 0.118750 0.010000 0.020000
6 0.230000 0.313750 0.025000 0.012500
6 0.228750 0.348750 0.025000 0.010000
6 0.187500 0.994375 0.010000 0.011250
6 0.385625 0.653125 0.011250 0.023750
6 0.348125 0.828750 0.026250 0.012500
6 0.347500 0.796250 0.022500 0.010000
6 0.350000 0.731250 0.022500 0.007500
6 0.558750 0.658750 0.012500 0.025000
6 0.521875 0.657500 0.013750 0.022500
6 0.409375 0.651875 0.011250 0.023750
6 0.346875 0.865625 0.023750 0.011250
6 0.345625 0.851250 0.028750 0.010000
6 0.346875 0.889375 0.023750 0.013750
6 0.408750 0.883125 0.020000 0.011250
6 0.429375 0.986250 0.021250 0.027500
6 0.414375 0.986875 0.016250 0.021250
6 0.401875 0.984375 0.018750 0.028750
6 0.388750 0.986250 0.020000 0.027500
6 0.346250 0.840625 0.022500 0.008750
6 0.341250 0.900000 0.022500 0.015000
6 0.593750 0.869375 0.030000 0.013750
6 0.038125 0.991250 0.013750 0.017500
6 0.671875 0.951875 0.031250 0.013750
6 0.594375 0.855625 0.031250 0.013750
6 0.233750 0.360000 0.022500 0.010000
6 0.076875 0.691875 0.021250 0.016250
6 0.350000 0.695625 0.030000 0.011250
6 0.228125 0.759375 0.016250 0.023750
6 0.248750 0.721250 0.030000 0.012500
6 0.206875 0.720000 0.026250 0.010000
6 0.178125 0.718125 0.028750 0.011250
6 0.125000 0.706250 0.030000 0.022500
6 0.023750 0.706875 0.025000 0.011250
6 0.408125 0.808750 0.026250 0.010000
6 0.700000 0.486875 0.025000 0.011250
6 0.698750 0.471875 0.027500 0.013750
6 0.569375 0.467500 0.013750 0.032500
6 0.296250 0.414375 0.017500 0.018750
6 0.286875 0.398750 0.023750 0.010000
6 0.230000 0.371250 0.025000 0.012500
6 0.352500 0.708125 0.025000 0.013750
6 0.213750 0.943750 0.007500 0.027500
6 0.711875 0.809375 0.013750 0.031250
6 0.582500 0.660625 0.010000 0.026250
6 0.711250 0.855625 0.015000 0.026250
6 0.591250 0.720000 0.012500 0.025000
6 0.543125 0.717500 0.008750 0.020000
6 0.556875 0.719375 0.008750 0.026250
6 0.568750 0.721875 0.010000 0.026250
6 0.595000 0.663750 0.012500 0.022500
6 0.548125 0.657500 0.011250 0.025000
6 0.226875 0.942500 0.011250 0.022500
6 0.491250 0.658750 0.010000 0.022500
6 0.478750 0.656250 0.010000 0.027500
6 0.466250 0.654375 0.010000 0.023750
6 0.398750 0.649375 0.012500 0.023750
6 0.250625 0.947500 0.008750 0.027500
6 0.240000 0.943750 0.010000 0.022500
