6 0.583750 0.999375 0.015000 0.001250
6 0.459375 0.724375 0.026250 0.016250
6 0.380625 0.896875 0.023750 0.013750
6 0.451875 0.953125 0.028750 0.013750
6 0.443125 0.928125 0.028750 0.013750
6 0.398125 0.981250 0.026250 0.015000
6 0.393125 0.958125 0.028750 0.016250
6 0.389375 0.932500 0.028750 0.017500
6 0.385000 0.921875 0.022500 0.011250
6 0.382500 0.909375 0.025000 0.016250
6 0.380000 0.884375 0.025000 0.011250
6 0.388750 0.945000 0.027500 0.017500
6 0.437500 0.877500 0.030000 0.012500
6 0.379375 0.857500 0.026250 0.010000
6 0.440000 0.828750 0.025000 0.010000
6 0.385000 0.808750 0.025000 0.010000
6 0.385000 0.796875 0.022500 0.013750
6 0.391250 0.760625 0.022500 0.013750
6 0.396250 0.746875 0.022500 0.016250
6 0.456250 0.965625 0.030000 0.013750
6 0.440625 0.893750 0.031250 0.012500
6 0.435000 0.853125 0.027500 0.016250
6 0.466250 0.700625 0.025000 0.018750
6 0.465000 0.715625 0.027500 0.021250
6 0.452500 0.759375 0.025000 0.016250
6 0.389375 0.773750 0.028750 0.015000
6 0.385625 0.785625 0.026250 0.016250
6 0.379375 0.834375 0.026250 0.016250
6 0.380000 0.846875 0.025000 0.011250
6 0.448125 0.783125 0.023750 0.011250
6 0.473125 0.673750 0.026250 0.017500
6 0.476250 0.663750 0.030000 0.012500
6 0.218125 0.268125 0.011250 0.028750
6 0.130000 0.366875 0.012500 0.028750
6 0.178125 0.328125 0.008750 0.026250
6 0.166875 0.330625 0.011250 0.026250
6 0.155625 0.324375 0.011250 0.031250
6 0.248750 0.268750 0.007500 0.022500
6 0.238750 0.267500 0.010000 0.025000
6 0.228125 0.268125 0.008750 0.023750
6 0.192500 0.265000 0.010000 0.025000
6 0.383125 0.380000 0.013750 0.030000
6 0.160000 0.430000 0.012500 0.027500
6 0.368125 0.435625 0.013750 0.028750
6 0.394375 0.383125 0.013750 0.026250
6 0.369375 0.379375 0.013750 0.028750
6 0.333750 0.372500 0.012500 0.030000
6 0.320000 0.375625 0.015000 0.026250
6 0.294375 0.374375 0.013750 0.028750
6 0.165625 0.366250 0.011250 0.027500
6 0.408750 0.388125 0.015000 0.028750
6 0.210625 0.371250 0.013750 0.027500
6 0.485625 0.577500 0.026250 0.012500
6 0.409375 0.690625 0.028750 0.018750
6 0.415625 0.678750 0.026250 0.015000
6 0.478125 0.641250 0.026250 0.010000
6 0.477500 0.629375 0.027500 0.013750
6 0.482500 0.614375 0.027500 0.011250
6 0.483125 0.603125 0.026250 0.008750
6 0.483750 0.589375 0.022500 0.011250
6 0.483750 0.568125 0.027500 0.011250
6 0.556250 0.326250 0.025000 0.007500
6 0.481875 0.551250 0.026250 0.012500
6 0.420625 0.628125 0.026250 0.013750
6 0.355000 0.433750 0.010000 0.027500
6 0.331875 0.433750 0.011250 0.022500
6 0.318125 0.431875 0.011250 0.023750
6 0.304375 0.426875 0.008750 0.026250
6 0.290000 0.430000 0.010000 0.025000
6 0.226875 0.371250 0.011250 0.030000
6 0.153125 0.366250 0.011250 0.025000
6 0.468125 0.015625 0.008750 0.021250
6 0.488125 0.018750 0.008750 0.025000
6 0.510000 0.020625 0.012500 0.026250
6 0.226875 0.329375 0.008750 0.028750
6 0.159375 0.263750 0.011250 0.025000
6 0.214375 0.328125 0.008750 0.026250
6 0.201250 0.328125 0.010000 0.026250
6 0.189375 0.328750 0.008750 0.030000
6 0.141875 0.324375 0.011250 0.023750
6 0.260625 0.269375 0.011250 0.023750
6 0.205625 0.268125 0.008750 0.028750
6 0.170625 0.269375 0.011250 0.023750
6 0.145625 0.266875 0.011250 0.028750
6 0.611875 0.271875 0.011250 0.028750
6 0.458750 0.233125 0.010000 0.028750
6 0.434375 0.232500 0.011250 0.030000
6 0.418750 0.231875 0.010000 0.026250
