3 0.301875 0.631250 0.011250 0.020000
3 0.289375 0.615000 0.013750 0.022500
3 0.666875 0.893750 0.006250 0.020000
3 0.634375 0.865625 0.008750 0.023750
3 0.640625 0.867500 0.008750 0.025000
3 0.710000 0.916250 0.025000 0.020000
3 0.646250 0.880000 0.015000 0.022500
3 0.676250 0.896250 0.015000 0.025000
3 0.596875 0.843750 0.023750 0.017500
3 0.781250 0.781250 0.027500 0.017500
3 0.473750 0.747500 0.025000 0.030000
3 0.445625 0.710000 0.023750 0.020000
3 0.248125 0.570625 0.023750 0.026250
3 0.334375 0.651875 0.023750 0.021250
3 0.316875 0.637500 0.011250 0.022500
3 0.375625 0.668125 0.021250 0.023750
3 0.216875 0.545000 0.021250 0.020000
3 0.227500 0.553125 0.015000 0.026250
3 0.199375 0.537500 0.013750 0.027500
3 0.192500 0.535000 0.012500 0.022500
3 0.174375 0.529375 0.011250 0.021250
3 0.170625 0.516250 0.016250 0.035000
3 0.171250 0.273125 0.017500 0.013750
3 0.293125 0.373125 0.018750 0.016250
3 0.381250 0.345625 0.027500 0.018750
3 0.327500 0.084375 0.017500 0.011250
3 0.341875 0.058125 0.016250 0.013750
3 0.133750 0.084375 0.017500 0.016250
3 0.127500 0.081875 0.025000 0.023750
3 0.168125 0.166250 0.028750 0.015000
3 0.421875 0.603125 0.021250 0.013750
3 0.531250 0.781875 0.022500 0.013750
3 0.683125 0.850625 0.018750 0.018750
3 0.730000 0.737500 0.022500 0.015000
3 0.868125 0.899375 0.026250 0.021250
3 0.856875 0.901250 0.026250 0.017500
3 0.896250 0.853750 0.030000 0.020000
3 0.902500 0.836875 0.030000 0.006250
3 0.940000 0.766250 0.017500 0.012500
3 0.935625 0.771875 0.023750 0.011250
3 0.931250 0.792500 0.025000 0.012500
3 0.935000 0.783125 0.032500 0.011250
3 0.966875 0.732500 0.021250 0.020000
3 0.956250 0.740000 0.022500 0.015000
3 0.951875 0.745625 0.026250 0.018750
3 0.948125 0.753750 0.021250 0.017500
3 0.943750 0.759375 0.025000 0.016250
3 0.919375 0.800625 0.031250 0.013750
3 0.908125 0.815625 0.028750 0.011250
3 0.827500 0.941875 0.022500 0.023750
3 0.885625 0.885625 0.031250 0.021250
3 0.880625 0.890000 0.031250 0.022500
3 0.876875 0.895000 0.026250 0.015000
