6 0.849375 0.526250 0.018750 0.015000
6 0.991250 0.452500 0.017500 0.015000
6 0.888750 0.479375 0.020000 0.013750
6 0.890000 0.492500 0.025000 0.017500
6 0.899375 0.511250 0.018750 0.015000
6 0.903750 0.522500 0.017500 0.015000
6 0.851250 0.540000 0.022500 0.015000
6 0.906875 0.547500 0.018750 0.015000
6 0.856875 0.551250 0.018750 0.015000
6 0.830625 0.558125 0.021250 0.016250
6 0.841250 0.516250 0.020000 0.017500
6 0.971875 0.503125 0.018750 0.013750
6 0.262500 0.130625 0.042500 0.071250
6 0.920625 0.811875 0.023750 0.018750
6 0.996250 0.757500 0.007500 0.010000
6 0.994375 0.742500 0.011250 0.012500
6 0.923750 0.759375 0.025000 0.018750
6 0.933750 0.782500 0.022500 0.012500
6 0.912500 0.788125 0.020000 0.011250
6 0.940625 0.792500 0.021250 0.015000
6 0.943750 0.803750 0.020000 0.015000
6 0.945625 0.815000 0.021250 0.015000
6 0.949375 0.825625 0.018750 0.016250
6 0.916250 0.800625 0.022500 0.016250
6 0.931875 0.848125 0.018750 0.013750
6 0.988750 0.779375 0.020000 0.016250
6 0.831875 0.545000 0.023750 0.017500
6 0.201875 0.342500 0.016250 0.022500
6 0.243750 0.103125 0.015000 0.021250
6 0.068125 0.630625 0.018750 0.026250
6 0.018125 0.821250 0.011250 0.020000
6 0.108750 0.929375 0.010000 0.023750
6 0.146875 0.650000 0.018750 0.027500
6 0.856250 0.777500 0.020000 0.017500
6 0.753750 0.914375 0.022500 0.016250
6 0.993750 0.825000 0.012500 0.015000
6 0.954375 0.841250 0.021250 0.015000
6 0.590000 0.700000 0.035000 0.022500
