6 0.789375 0.246250 0.013750 0.027500
6 0.953125 0.285000 0.016250 0.027500
6 0.943125 0.279375 0.011250 0.028750
6 0.920625 0.277500 0.008750 0.022500
6 0.906250 0.275625 0.015000 0.026250
6 0.893750 0.271250 0.012500 0.022500
6 0.776875 0.246250 0.013750 0.020000
6 0.720000 0.234375 0.010000 0.021250
6 0.736250 0.276875 0.010000 0.021250
6 0.853750 0.301250 0.015000 0.027500
6 0.690625 0.126875 0.013750 0.021250
6 0.946875 0.215000 0.013750 0.022500
6 0.932500 0.212500 0.017500 0.025000
6 0.911875 0.207500 0.008750 0.025000
6 0.900625 0.206875 0.016250 0.021250
6 0.553750 0.040625 0.020000 0.021250
6 0.451875 0.021875 0.016250 0.023750
6 0.809375 0.153125 0.011250 0.021250
6 0.789375 0.146875 0.013750 0.023750
6 0.834375 0.156250 0.016250 0.020000
6 0.813125 0.087500 0.011250 0.020000
6 0.921875 0.110625 0.013750 0.021250
6 0.905625 0.109375 0.013750 0.018750
6 0.894375 0.103750 0.011250 0.017500
6 0.883125 0.101250 0.016250 0.025000
6 0.867500 0.098750 0.015000 0.022500
6 0.853125 0.101250 0.013750 0.027500
6 0.841250 0.095000 0.012500 0.020000
6 0.828125 0.091875 0.013750 0.021250
6 0.789375 0.086250 0.018750 0.025000
6 0.843125 0.159375 0.013750 0.018750
6 0.770625 0.081875 0.013750 0.021250
6 0.746875 0.074375 0.013750 0.023750
6 0.728750 0.068750 0.012500 0.025000
6 0.711875 0.070000 0.016250 0.025000
6 0.951875 0.183750 0.011250 0.020000
6 0.928125 0.173750 0.013750 0.020000
6 0.916250 0.170000 0.015000 0.025000
6 0.590625 0.048750 0.018750 0.030000
6 0.700000 0.108125 0.020000 0.011250
6 0.891875 0.166250 0.013750 0.022500
6 0.876250 0.162500 0.015000 0.025000
6 0.863125 0.163125 0.016250 0.021250
6 0.428125 0.555625 0.036250 0.033750
6 0.420625 0.570625 0.021250 0.016250
6 0.349375 0.440625 0.023750 0.026250
6 0.383750 0.407500 0.032500 0.027500
6 0.283125 0.591250 0.026250 0.020000
6 0.301875 0.437500 0.028750 0.025000
6 0.412500 0.024375 0.012500 0.023750
6 0.349375 0.121250 0.023750 0.020000
6 0.561250 0.102500 0.015000 0.025000
6 0.398125 0.338750 0.018750 0.020000
6 0.303750 0.498125 0.027500 0.026250
6 0.310625 0.485000 0.026250 0.025000
6 0.269375 0.541250 0.033750 0.035000
6 0.270625 0.650000 0.021250 0.020000
6 0.093125 0.673125 0.021250 0.018750
6 0.159375 0.738125 0.021250 0.021250
6 0.109375 0.705000 0.021250 0.020000
6 0.172500 0.718125 0.020000 0.018750
6 0.091875 0.528750 0.028750 0.022500
6 0.208125 0.596250 0.023750 0.022500
6 0.189375 0.697500 0.026250 0.022500
6 0.198750 0.688750 0.022500 0.015000
6 0.206250 0.677500 0.025000 0.022500
6 0.215000 0.667500 0.025000 0.025000
6 0.224375 0.660625 0.018750 0.021250
6 0.237500 0.648750 0.022500 0.020000
6 0.316250 0.583125 0.022500 0.021250
6 0.335625 0.572500 0.021250 0.022500
6 0.325625 0.673125 0.018750 0.023750
6 0.313750 0.693750 0.025000 0.022500
6 0.320625 0.715625 0.023750 0.023750
6 0.280625 0.725000 0.023750 0.022500
6 0.255625 0.751875 0.026250 0.026250
6 0.226875 0.780625 0.023750 0.021250
6 0.266250 0.779375 0.017500 0.021250
6 0.273750 0.768750 0.017500 0.015000
6 0.221250 0.889375 0.027500 0.026250
6 0.257500 0.934375 0.022500 0.021250
6 0.275000 0.994375 0.015000 0.011250
6 0.133125 0.060625 0.021250 0.018750
6 0.141250 0.051875 0.022500 0.013750
6 0.149375 0.041875 0.021250 0.016250
6 0.176250 0.051250 0.020000 0.020000
6 0.185625 0.041250 0.026250 0.027500
6 0.164375 0.023125 0.021250 0.023750
6 0.906875 0.468125 0.013750 0.023750
6 0.620625 0.425625 0.021250 0.013750
6 0.683750 0.421875 0.015000 0.021250
6 0.701875 0.441250 0.018750 0.012500
6 0.707500 0.424375 0.015000 0.026250
6 0.752500 0.436875 0.015000 0.023750
6 0.797500 0.444375 0.017500 0.028750
6 0.821250 0.451875 0.012500 0.023750
6 0.844375 0.454375 0.011250 0.021250
6 0.855000 0.458125 0.012500 0.023750
6 0.866250 0.459375 0.015000 0.023750
6 0.878125 0.465000 0.013750 0.022500
6 0.887500 0.468750 0.015000 0.025000
6 0.906250 0.489375 0.010000 0.018750
6 0.681250 0.371250 0.017500 0.027500
6 0.896250 0.490625 0.012500 0.021250
6 0.874375 0.485000 0.016250 0.022500
6 0.851250 0.482500 0.012500 0.025000
6 0.793125 0.471250 0.016250 0.022500
6 0.779375 0.465625 0.013750 0.023750
6 0.759375 0.461875 0.011250 0.021250
6 0.874375 0.536250 0.013750 0.022500
6 0.863125 0.535625 0.013750 0.021250
6 0.852500 0.533750 0.015000 0.022500
6 0.839375 0.529375 0.016250 0.026250
6 0.793750 0.519375 0.015000 0.023750
6 0.782500 0.517500 0.015000 0.027500
6 0.626250 0.405625 0.015000 0.026250
6 0.868125 0.388125 0.026250 0.016250
6 0.756875 0.536250 0.016250 0.025000
6 0.855625 0.363750 0.016250 0.025000
6 0.295625 0.738750 0.021250 0.022500
6 0.911250 0.138750 0.027500 0.025000
6 0.798125 0.286875 0.016250 0.026250
6 0.821875 0.295000 0.018750 0.025000
6 0.879375 0.302500 0.016250 0.025000
6 0.916875 0.310625 0.013750 0.026250
6 0.931250 0.315000 0.017500 0.027500
6 0.949375 0.320625 0.016250 0.026250
6 0.921875 0.373125 0.016250 0.028750
6 0.895625 0.370625 0.016250 0.026250
6 0.831250 0.356875 0.015000 0.023750
6 0.849375 0.407500 0.016250 0.027500
6 0.756875 0.238125 0.016250 0.023750
6 0.760625 0.339375 0.013750 0.023750
6 0.775625 0.341250 0.013750 0.025000
6 0.816250 0.355000 0.015000 0.020000
6 0.655625 0.318750 0.016250 0.022500
6 0.886250 0.200625 0.015000 0.026250
6 0.879375 0.368125 0.016250 0.018750
6 0.912500 0.415625 0.015000 0.028750
6 0.900000 0.412500 0.015000 0.027500
6 0.888125 0.411250 0.013750 0.030000
6 0.871875 0.410625 0.011250 0.023750
6 0.761250 0.513750 0.015000 0.022500
6 0.780000 0.540000 0.017500 0.025000
6 0.440000 0.706875 0.017500 0.026250
6 0.714375 0.681250 0.013750 0.027500
6 0.715000 0.656250 0.012500 0.022500
6 0.754375 0.663750 0.016250 0.022500
6 0.736875 0.685000 0.016250 0.022500
6 0.798750 0.673750 0.015000 0.025000
6 0.818125 0.700625 0.016250 0.023750
6 0.829375 0.702500 0.013750 0.025000
6 0.841875 0.706875 0.016250 0.026250
6 0.853750 0.708125 0.020000 0.028750
6 0.878750 0.713125 0.015000 0.028750
6 0.527500 0.643750 0.020000 0.027500
6 0.458750 0.681250 0.017500 0.025000
6 0.499375 0.716875 0.018750 0.026250
6 0.678125 0.672500 0.018750 0.032500
6 0.531875 0.722500 0.013750 0.025000
6 0.581250 0.730625 0.017500 0.021250
6 0.665625 0.725625 0.016250 0.028750
6 0.722500 0.761250 0.017500 0.027500
6 0.696875 0.756250 0.018750 0.025000
6 0.716250 0.734375 0.015000 0.028750
6 0.750625 0.740625 0.016250 0.028750
6 0.762500 0.743750 0.015000 0.027500
6 0.795625 0.748750 0.016250 0.025000
6 0.807500 0.750000 0.017500 0.027500
6 0.819375 0.754375 0.018750 0.028750
6 0.844375 0.758750 0.016250 0.025000
6 0.700625 0.678125 0.013750 0.023750
6 0.695625 0.651250 0.018750 0.025000
6 0.799375 0.550000 0.016250 0.025000
6 0.871875 0.613125 0.016250 0.031250
6 0.836875 0.555000 0.018750 0.027500
6 0.870000 0.559375 0.015000 0.028750
6 0.896875 0.563125 0.016250 0.021250
6 0.604375 0.559375 0.011250 0.021250
6 0.616250 0.562500 0.017500 0.027500
6 0.651875 0.567500 0.016250 0.027500
6 0.734375 0.586250 0.013750 0.025000
6 0.669375 0.600000 0.021250 0.027500
6 0.726875 0.611875 0.018750 0.023750
6 0.813125 0.604375 0.013750 0.023750
6 0.837500 0.607500 0.015000 0.022500
6 0.861875 0.610000 0.016250 0.027500
6 0.894375 0.617500 0.016250 0.027500
6 0.659375 0.644375 0.018750 0.023750
6 0.833125 0.631250 0.016250 0.022500
6 0.846875 0.630625 0.018750 0.023750
6 0.856875 0.633750 0.013750 0.022500
6 0.775000 0.619375 0.017500 0.023750
6 0.846875 0.681250 0.016250 0.025000
6 0.859375 0.684375 0.013750 0.026250
6 0.870625 0.686250 0.016250 0.025000
6 0.925625 0.719375 0.013750 0.021250
6 0.579375 0.628750 0.013750 0.022500
6 0.596250 0.657500 0.020000 0.025000
6 0.608125 0.661875 0.016250 0.021250
6 0.655000 0.668750 0.015000 0.025000
6 0.856250 0.761875 0.017500 0.026250
6 0.866875 0.763125 0.013750 0.018750
6 0.881250 0.764375 0.015000 0.026250
6 0.563125 0.932500 0.018750 0.027500
6 0.390625 0.896250 0.016250 0.025000
6 0.388125 0.924375 0.016250 0.028750
6 0.423750 0.903750 0.012500 0.022500
6 0.436250 0.906875 0.012500 0.023750
6 0.448125 0.909375 0.013750 0.023750
6 0.470625 0.918125 0.013750 0.026250
6 0.483750 0.918750 0.015000 0.025000
6 0.504375 0.921875 0.013750 0.021250
6 0.515625 0.924375 0.013750 0.021250
6 0.526875 0.926250 0.016250 0.022500
6 0.539375 0.928750 0.016250 0.025000
6 0.552500 0.930625 0.017500 0.028750
6 0.585625 0.939375 0.018750 0.026250
6 0.395625 0.876875 0.021250 0.013750
6 0.599375 0.938125 0.013750 0.023750
6 0.605000 0.910625 0.025000 0.016250
6 0.615625 0.925625 0.023750 0.013750
6 0.609375 0.941875 0.016250 0.026250
6 0.621250 0.945000 0.017500 0.025000
6 0.633125 0.946250 0.016250 0.022500
6 0.646250 0.950625 0.015000 0.021250
6 0.670000 0.952500 0.015000 0.025000
6 0.692500 0.956875 0.015000 0.023750
6 0.704375 0.958125 0.016250 0.026250
6 0.716875 0.959375 0.013750 0.023750
6 0.727500 0.963750 0.012500 0.022500
6 0.373750 0.921875 0.017500 0.028750
6 0.920000 0.951875 0.020000 0.023750
6 0.749375 0.966875 0.013750 0.026250
6 0.738750 0.915000 0.012500 0.022500
6 0.597500 0.888750 0.015000 0.027500
6 0.608125 0.891250 0.011250 0.025000
6 0.620000 0.894375 0.015000 0.021250
6 0.630625 0.895625 0.018750 0.023750
6 0.641875 0.895625 0.018750 0.023750
6 0.655625 0.901875 0.016250 0.026250
6 0.668750 0.899375 0.017500 0.021250
6 0.680000 0.902500 0.017500 0.022500
6 0.690625 0.906875 0.023750 0.028750
6 0.703750 0.909375 0.012500 0.023750
6 0.715000 0.910000 0.015000 0.025000
6 0.727500 0.913125 0.015000 0.023750
6 0.749375 0.918125 0.016250 0.026250
6 0.899375 0.949375 0.016250 0.028750
6 0.761250 0.920625 0.015000 0.026250
6 0.773750 0.924375 0.020000 0.028750
6 0.785625 0.926875 0.016250 0.028750
6 0.793750 0.928750 0.015000 0.022500
6 0.805625 0.929375 0.016250 0.028750
6 0.819375 0.933125 0.011250 0.026250
6 0.829375 0.935000 0.013750 0.027500
6 0.841250 0.935625 0.012500 0.028750
6 0.853125 0.938125 0.013750 0.028750
6 0.863750 0.942500 0.012500 0.027500
6 0.875625 0.941875 0.016250 0.026250
6 0.888125 0.948125 0.016250 0.026250
6 0.739375 0.966875 0.011250 0.023750
6 0.761250 0.969375 0.015000 0.026250
6 0.892500 0.766250 0.015000 0.025000
6 0.456250 0.987500 0.012500 0.025000
6 0.747500 0.990000 0.015000 0.020000
6 0.758125 0.991250 0.013750 0.017500
6 0.768750 0.992500 0.015000 0.015000
6 0.778125 0.993125 0.013750 0.013750
6 0.793125 0.995000 0.013750 0.010000
6 0.804375 0.995000 0.013750 0.010000
6 0.815000 0.997500 0.012500 0.005000
6 0.838750 0.998125 0.010000 0.003750
6 0.386875 0.975000 0.018750 0.027500
6 0.421875 0.982500 0.013750 0.027500
6 0.468750 0.989375 0.012500 0.021250
6 0.721875 0.987500 0.016250 0.025000
6 0.480000 0.991250 0.015000 0.017500
6 0.502500 0.993750 0.015000 0.012500
6 0.525625 0.995000 0.013750 0.010000
6 0.536875 0.996875 0.011250 0.006250
6 0.548125 0.997500 0.013750 0.005000
6 0.560625 0.998125 0.011250 0.003750
6 0.735625 0.988125 0.013750 0.023750
6 0.711875 0.984375 0.016250 0.026250
6 0.771875 0.970000 0.013750 0.025000
6 0.489375 0.944375 0.016250 0.028750
6 0.783125 0.975000 0.013750 0.022500
6 0.793750 0.975625 0.015000 0.026250
6 0.806875 0.978125 0.013750 0.028750
6 0.817500 0.981875 0.015000 0.026250
6 0.829375 0.984375 0.013750 0.026250
6 0.842500 0.986250 0.012500 0.025000
6 0.855625 0.988125 0.013750 0.023750
6 0.865625 0.988125 0.016250 0.023750
6 0.877500 0.990000 0.015000 0.020000
6 0.444375 0.933750 0.016250 0.027500
6 0.456250 0.938125 0.015000 0.028750
6 0.476875 0.941250 0.016250 0.025000
6 0.501875 0.945000 0.013750 0.027500
6 0.700000 0.983125 0.017500 0.021250
6 0.546250 0.955625 0.010000 0.021250
6 0.557500 0.956250 0.015000 0.022500
6 0.568750 0.960000 0.017500 0.027500
6 0.579375 0.961250 0.018750 0.027500
6 0.603125 0.965000 0.016250 0.025000
6 0.616250 0.968125 0.015000 0.023750
6 0.626875 0.971875 0.018750 0.026250
6 0.641875 0.974375 0.018750 0.026250
6 0.652500 0.973750 0.015000 0.022500
6 0.663125 0.975000 0.018750 0.022500
6 0.674375 0.978125 0.018750 0.023750
6 0.686875 0.980625 0.018750 0.026250
6 0.903125 0.925625 0.016250 0.028750
6 0.891250 0.921875 0.015000 0.023750
6 0.881250 0.918750 0.015000 0.025000
6 0.711875 0.806875 0.013750 0.021250
6 0.530625 0.798750 0.018750 0.030000
6 0.588125 0.809375 0.021250 0.028750
6 0.621250 0.816875 0.017500 0.023750
6 0.645000 0.821250 0.015000 0.025000
6 0.641875 0.796250 0.013750 0.025000
6 0.651250 0.798125 0.015000 0.026250
6 0.675000 0.801875 0.015000 0.023750
6 0.698750 0.805625 0.015000 0.026250
6 0.656875 0.823750 0.016250 0.032500
6 0.670625 0.827500 0.016250 0.030000
6 0.693750 0.830625 0.015000 0.023750
6 0.705625 0.831875 0.016250 0.026250
6 0.723750 0.809375 0.017500 0.023750
6 0.933750 0.799375 0.012500 0.023750
6 0.736250 0.810625 0.017500 0.021250
6 0.746250 0.813750 0.015000 0.020000
6 0.759375 0.815625 0.016250 0.021250
6 0.781875 0.821250 0.016250 0.027500
6 0.792500 0.824375 0.015000 0.028750
6 0.804375 0.825625 0.018750 0.023750
6 0.814375 0.829375 0.016250 0.026250
6 0.826875 0.830625 0.016250 0.028750
6 0.839375 0.833125 0.018750 0.023750
6 0.863125 0.838750 0.013750 0.025000
6 0.873750 0.840625 0.020000 0.028750
6 0.886875 0.842500 0.018750 0.025000
6 0.945000 0.799375 0.015000 0.023750
6 0.919375 0.796250 0.013750 0.022500
6 0.868125 0.916875 0.018750 0.023750
6 0.431250 0.755000 0.012500 0.025000
6 0.925625 0.775000 0.013750 0.022500
6 0.970625 0.716250 0.018750 0.020000
6 0.980625 0.740000 0.013750 0.020000
6 0.988125 0.791250 0.016250 0.022500
6 0.988750 0.815625 0.015000 0.021250
6 0.991250 0.839375 0.015000 0.021250
6 0.991250 0.861250 0.017500 0.022500
6 0.993750 0.886250 0.012500 0.022500
6 0.992500 0.913125 0.012500 0.023750
6 0.992500 0.940625 0.015000 0.026250
6 0.989375 0.966875 0.013750 0.023750
6 0.986250 0.990000 0.015000 0.020000
6 0.438125 0.776875 0.016250 0.021250
6 0.907500 0.794375 0.012500 0.026250
6 0.472500 0.787500 0.015000 0.022500
6 0.803125 0.774375 0.016250 0.023750
6 0.815000 0.777500 0.015000 0.022500
6 0.828125 0.780000 0.018750 0.025000
6 0.848125 0.783750 0.016250 0.027500
6 0.861250 0.788125 0.017500 0.023750
6 0.873125 0.790000 0.013750 0.027500
6 0.888750 0.793125 0.012500 0.021250
6 0.898125 0.846250 0.018750 0.025000
6 0.918750 0.848125 0.015000 0.026250
6 0.931250 0.851250 0.015000 0.030000
6 0.710000 0.883125 0.015000 0.023750
6 0.553125 0.856875 0.016250 0.023750
6 0.577500 0.861250 0.015000 0.022500
6 0.561250 0.881875 0.015000 0.023750
6 0.573750 0.888125 0.015000 0.026250
6 0.583125 0.890000 0.016250 0.025000
6 0.588750 0.865000 0.015000 0.022500
6 0.599375 0.865000 0.013750 0.025000
6 0.625000 0.866875 0.015000 0.028750
6 0.638125 0.871250 0.013750 0.025000
6 0.673125 0.878125 0.016250 0.026250
6 0.687500 0.875625 0.015000 0.026250
6 0.697500 0.881875 0.012500 0.023750
6 0.720625 0.884375 0.013750 0.023750
6 0.973750 0.855625 0.010000 0.026250
6 0.733125 0.887500 0.013750 0.027500
6 0.745000 0.890000 0.010000 0.025000
6 0.756250 0.892500 0.015000 0.025000
6 0.768125 0.895000 0.016250 0.025000
6 0.778750 0.895625 0.012500 0.023750
6 0.788125 0.899375 0.016250 0.026250
6 0.800625 0.900625 0.016250 0.023750
6 0.813750 0.905000 0.017500 0.030000
6 0.824375 0.908125 0.011250 0.023750
6 0.833750 0.908125 0.012500 0.023750
6 0.846250 0.909375 0.012500 0.026250
6 0.857500 0.912500 0.017500 0.027500
6 0.549375 0.880625 0.013750 0.021250
6 0.536875 0.878125 0.016250 0.026250
6 0.943125 0.958125 0.013750 0.026250
6 0.950625 0.882500 0.013750 0.025000
6 0.518125 0.850625 0.013750 0.023750
6 0.388750 0.844375 0.015000 0.026250
6 0.403125 0.848125 0.013750 0.026250
6 0.414375 0.851250 0.013750 0.025000
6 0.435000 0.854375 0.017500 0.023750
6 0.458750 0.861875 0.012500 0.026250
6 0.470625 0.864375 0.016250 0.028750
6 0.488750 0.870625 0.012500 0.023750
6 0.501875 0.871250 0.013750 0.022500
6 0.513750 0.875000 0.015000 0.025000
6 0.717500 0.834375 0.015000 0.028750
6 0.730625 0.836250 0.018750 0.025000
6 0.743125 0.837500 0.013750 0.027500
6 0.765000 0.844375 0.017500 0.028750
6 0.787500 0.850000 0.015000 0.025000
6 0.799375 0.852500 0.013750 0.027500
6 0.810625 0.854375 0.013750 0.026250
6 0.822500 0.856250 0.017500 0.027500
6 0.833750 0.856875 0.017500 0.026250
6 0.847500 0.858750 0.015000 0.027500
6 0.857500 0.861875 0.015000 0.026250
6 0.868750 0.864375 0.020000 0.026250
6 0.880625 0.866250 0.016250 0.022500
6 0.893125 0.870000 0.018750 0.022500
6 0.925625 0.880625 0.016250 0.026250
