6 0.321875 0.337500 0.016250 0.022500
6 0.256250 0.008125 0.025000 0.013750
6 0.226875 0.030625 0.023750 0.021250
6 0.266250 0.029375 0.017500 0.021250
6 0.273750 0.018750 0.017500 0.015000
6 0.221250 0.139375 0.027500 0.026250
6 0.257500 0.184375 0.022500 0.021250
6 0.277500 0.250000 0.020000 0.022500
6 0.155625 0.817500 0.018750 0.020000
6 0.123750 0.825000 0.025000 0.020000
6 0.128125 0.810000 0.036250 0.032500
6 0.325000 0.833750 0.025000 0.020000
6 0.254375 0.825625 0.028750 0.021250
6 0.236875 0.808125 0.028750 0.023750
6 0.106250 0.975000 0.027500 0.022500
6 0.112500 0.963750 0.025000 0.025000
6 0.145625 0.963125 0.023750 0.023750
6 0.038125 0.930000 0.023750 0.020000
6 0.053125 0.913125 0.021250 0.021250
6 0.087500 0.910625 0.020000 0.018750
6 0.083750 0.876250 0.022500 0.020000
6 0.196250 0.898125 0.025000 0.018750
6 0.202500 0.888125 0.027500 0.021250
6 0.201250 0.856250 0.025000 0.017500
6 0.208750 0.847500 0.022500 0.015000
6 0.213750 0.839375 0.025000 0.018750
6 0.220000 0.828125 0.025000 0.021250
6 0.640625 0.423125 0.013750 0.023750
6 0.650625 0.424375 0.013750 0.023750
6 0.661875 0.428125 0.016250 0.023750
6 0.671875 0.431250 0.013750 0.022500
6 0.684375 0.433125 0.016250 0.023750
6 0.471250 0.422500 0.012500 0.025000
6 0.483750 0.421875 0.012500 0.023750
6 0.496875 0.423750 0.016250 0.025000
6 0.507500 0.426875 0.015000 0.028750
6 0.517500 0.427500 0.017500 0.027500
6 0.529375 0.429375 0.016250 0.026250
6 0.540000 0.431250 0.015000 0.027500
6 0.605625 0.415625 0.016250 0.026250
6 0.628750 0.421250 0.015000 0.020000
6 0.594375 0.412500 0.013750 0.022500
6 0.688125 0.285000 0.018750 0.027500
6 0.905000 0.593750 0.025000 0.012500
6 0.812500 0.331250 0.015000 0.025000
6 0.822500 0.334375 0.015000 0.026250
6 0.834375 0.334375 0.013750 0.023750
6 0.846250 0.339375 0.015000 0.026250
6 0.869375 0.346875 0.016250 0.026250
6 0.416250 0.331250 0.017500 0.025000
6 0.438125 0.336875 0.016250 0.026250
6 0.450000 0.338125 0.020000 0.028750
6 0.361250 0.435625 0.030000 0.026250
6 0.842500 0.665000 0.027500 0.012500
6 0.895625 0.605000 0.023750 0.015000
6 0.788125 0.558125 0.023750 0.018750
6 0.788750 0.324375 0.017500 0.023750
6 0.806250 0.528125 0.022500 0.016250
6 0.676250 0.581875 0.022500 0.018750
6 0.502500 0.577500 0.025000 0.012500
6 0.350625 0.582500 0.026250 0.020000
6 0.463750 0.460000 0.025000 0.025000
6 0.472500 0.468750 0.020000 0.025000
6 0.483750 0.472500 0.020000 0.030000
6 0.492500 0.481875 0.022500 0.026250
6 0.511875 0.498125 0.023750 0.013750
6 0.558125 0.480625 0.016250 0.028750
6 0.578750 0.481875 0.015000 0.026250
6 0.591875 0.484375 0.013750 0.026250
6 0.801875 0.326875 0.013750 0.026250
6 0.778125 0.323750 0.016250 0.025000
6 0.615000 0.489375 0.015000 0.028750
6 0.851875 0.310625 0.016250 0.026250
6 0.711250 0.287500 0.012500 0.027500
6 0.723125 0.287500 0.016250 0.025000
6 0.735000 0.289375 0.015000 0.021250
6 0.745000 0.291875 0.012500 0.023750
6 0.758750 0.293125 0.015000 0.023750
6 0.769375 0.296250 0.016250 0.025000
6 0.782500 0.297500 0.017500 0.025000
6 0.793125 0.301250 0.013750 0.027500
6 0.806875 0.301875 0.018750 0.026250
6 0.816250 0.308125 0.015000 0.026250
6 0.829375 0.310000 0.016250 0.027500
6 0.840000 0.310000 0.012500 0.025000
6 0.863750 0.313125 0.015000 0.026250
6 0.766250 0.319375 0.017500 0.023750
6 0.671250 0.306250 0.015000 0.025000
6 0.684375 0.308125 0.013750 0.021250
6 0.886875 0.317500 0.011250 0.025000
6 0.944375 0.352500 0.021250 0.027500
6 0.953750 0.330000 0.020000 0.025000
6 0.943125 0.429375 0.026250 0.026250
6 0.695625 0.307500 0.016250 0.027500
6 0.707500 0.312500 0.015000 0.022500
6 0.721250 0.312500 0.017500 0.025000
6 0.729375 0.315000 0.016250 0.025000
6 0.742500 0.316250 0.017500 0.027500
6 0.754375 0.318750 0.016250 0.025000
6 0.602500 0.488750 0.012500 0.025000
6 0.638750 0.493125 0.020000 0.028750
6 0.582500 0.411250 0.020000 0.025000
6 0.600000 0.440625 0.020000 0.026250
6 0.601250 0.368125 0.015000 0.026250
6 0.569375 0.361875 0.016250 0.026250
6 0.557500 0.359375 0.015000 0.026250
6 0.541875 0.355625 0.016250 0.028750
6 0.530625 0.353125 0.013750 0.028750
6 0.519375 0.350625 0.016250 0.023750
6 0.508125 0.350000 0.013750 0.025000
6 0.656250 0.451875 0.017500 0.023750
6 0.646875 0.450000 0.013750 0.022500
6 0.634375 0.446250 0.013750 0.022500
6 0.623125 0.445000 0.013750 0.025000
6 0.611875 0.444375 0.016250 0.026250
6 0.588125 0.438750 0.016250 0.027500
6 0.674375 0.352500 0.018750 0.027500
6 0.576875 0.437500 0.016250 0.027500
6 0.563750 0.434375 0.015000 0.026250
6 0.552500 0.432500 0.012500 0.025000
6 0.443750 0.388750 0.010000 0.022500
6 0.453750 0.388750 0.012500 0.022500
6 0.465625 0.387500 0.013750 0.022500
6 0.486875 0.395000 0.011250 0.022500
6 0.522500 0.401250 0.020000 0.027500
6 0.535000 0.403750 0.017500 0.025000
6 0.546875 0.405625 0.013750 0.023750
6 0.558125 0.406875 0.016250 0.026250
6 0.569375 0.409375 0.016250 0.026250
6 0.588125 0.366250 0.016250 0.025000
6 0.671875 0.379375 0.016250 0.026250
6 0.655625 0.492500 0.018750 0.027500
6 0.791250 0.378750 0.017500 0.027500
6 0.668125 0.490000 0.016250 0.025000
6 0.684375 0.490625 0.011250 0.023750
6 0.686875 0.470000 0.023750 0.015000
6 0.753125 0.440625 0.016250 0.028750
6 0.765625 0.445625 0.016250 0.028750
6 0.820000 0.414375 0.017500 0.028750
6 0.796875 0.408750 0.018750 0.030000
6 0.763750 0.400625 0.012500 0.021250
6 0.862500 0.391875 0.010000 0.023750
6 0.851250 0.390000 0.015000 0.025000
6 0.825625 0.381875 0.013750 0.028750
6 0.804375 0.380000 0.013750 0.025000
6 0.778750 0.376875 0.017500 0.023750
6 0.683125 0.381875 0.016250 0.026250
6 0.767500 0.375625 0.015000 0.023750
6 0.756250 0.373750 0.015000 0.025000
6 0.746875 0.371250 0.013750 0.025000
6 0.732500 0.367500 0.020000 0.025000
6 0.723125 0.366250 0.016250 0.025000
6 0.711250 0.362500 0.015000 0.025000
6 0.698125 0.356875 0.016250 0.026250
6 0.687500 0.355000 0.017500 0.027500
6 0.473750 0.342500 0.012500 0.022500
6 0.485000 0.345000 0.015000 0.027500
6 0.496875 0.348125 0.016250 0.023750
6 0.704375 0.387500 0.013750 0.025000
6 0.919375 0.390625 0.021250 0.023750
6 0.700625 0.284375 0.013750 0.023750
6 0.675625 0.281875 0.016250 0.028750
6 0.722500 0.013125 0.017500 0.023750
6 0.695625 0.010000 0.016250 0.017500
6 0.748125 0.003125 0.011250 0.003750
6 0.760625 0.004375 0.011250 0.006250
6 0.794375 0.006250 0.013750 0.010000
6 0.805625 0.007500 0.013750 0.012500
6 0.818750 0.010000 0.017500 0.017500
6 0.843750 0.011250 0.015000 0.020000
6 0.663750 0.281250 0.017500 0.030000
6 0.596250 0.876875 0.032500 0.021250
6 0.856250 0.013125 0.017500 0.023750
6 0.866875 0.013125 0.013750 0.018750
6 0.881250 0.014375 0.015000 0.026250
6 0.563125 0.182500 0.018750 0.027500
6 0.390625 0.146250 0.016250 0.025000
6 0.388125 0.174375 0.016250 0.028750
6 0.423750 0.153750 0.012500 0.022500
6 0.436250 0.156875 0.012500 0.023750
6 0.448125 0.159375 0.013750 0.023750
6 0.470625 0.168125 0.013750 0.026250
6 0.483750 0.168750 0.015000 0.025000
6 0.504375 0.171875 0.013750 0.021250
6 0.515625 0.174375 0.013750 0.021250
6 0.526875 0.176250 0.016250 0.022500
6 0.539375 0.178750 0.016250 0.025000
6 0.552500 0.180625 0.017500 0.028750
6 0.585625 0.189375 0.018750 0.026250
6 0.395625 0.126875 0.021250 0.013750
6 0.599375 0.188125 0.013750 0.023750
6 0.605000 0.160625 0.025000 0.016250
6 0.615625 0.175625 0.023750 0.013750
6 0.609375 0.191875 0.016250 0.026250
6 0.621250 0.195000 0.017500 0.025000
6 0.633125 0.196250 0.016250 0.022500
6 0.646250 0.200625 0.015000 0.021250
6 0.670000 0.202500 0.015000 0.025000
6 0.692500 0.206875 0.015000 0.023750
6 0.704375 0.208125 0.016250 0.026250
6 0.716875 0.209375 0.013750 0.023750
6 0.727500 0.213750 0.012500 0.022500
6 0.373750 0.171875 0.017500 0.028750
6 0.920000 0.201875 0.020000 0.023750
6 0.749375 0.216875 0.013750 0.026250
6 0.738750 0.165000 0.012500 0.022500
6 0.597500 0.138750 0.015000 0.027500
6 0.608125 0.141250 0.011250 0.025000
6 0.620000 0.144375 0.015000 0.021250
6 0.630625 0.145625 0.018750 0.023750
6 0.641875 0.145625 0.018750 0.023750
6 0.655625 0.151875 0.016250 0.026250
6 0.668750 0.149375 0.017500 0.021250
6 0.680000 0.152500 0.017500 0.022500
6 0.690625 0.156875 0.023750 0.028750
6 0.703750 0.159375 0.012500 0.023750
6 0.715000 0.160000 0.015000 0.025000
6 0.727500 0.163125 0.015000 0.023750
6 0.749375 0.168125 0.016250 0.026250
6 0.899375 0.199375 0.016250 0.028750
6 0.761250 0.170625 0.015000 0.026250
6 0.773750 0.174375 0.020000 0.028750
6 0.785625 0.176875 0.016250 0.028750
6 0.793750 0.178750 0.015000 0.022500
6 0.805625 0.179375 0.016250 0.028750
6 0.819375 0.183125 0.011250 0.026250
6 0.829375 0.185000 0.013750 0.027500
6 0.841250 0.185625 0.012500 0.028750
6 0.853125 0.188125 0.013750 0.028750
6 0.863750 0.192500 0.012500 0.027500
6 0.875625 0.191875 0.016250 0.026250
6 0.888125 0.198125 0.016250 0.026250
6 0.739375 0.216875 0.011250 0.023750
6 0.761250 0.219375 0.015000 0.026250
6 0.892500 0.016250 0.015000 0.025000
6 0.456250 0.238750 0.012500 0.027500
6 0.747500 0.242500 0.015000 0.025000
6 0.758125 0.245625 0.013750 0.026250
6 0.768125 0.247500 0.016250 0.025000
6 0.776875 0.250000 0.016250 0.027500
6 0.792500 0.253750 0.015000 0.027500
6 0.803750 0.255000 0.015000 0.030000
6 0.813125 0.255625 0.016250 0.021250
6 0.836875 0.259375 0.013750 0.026250
6 0.848750 0.261875 0.012500 0.021250
6 0.861250 0.266250 0.017500 0.030000
6 0.386875 0.225000 0.018750 0.027500
6 0.421875 0.232500 0.013750 0.027500
6 0.468750 0.243125 0.012500 0.028750
6 0.721250 0.238750 0.017500 0.027500
6 0.480000 0.245000 0.015000 0.025000
6 0.501250 0.251250 0.017500 0.027500
6 0.525000 0.253750 0.015000 0.027500
6 0.535625 0.256250 0.013750 0.025000
6 0.547500 0.257500 0.015000 0.025000
6 0.558750 0.260000 0.015000 0.027500
6 0.573125 0.263750 0.018750 0.027500
6 0.593750 0.266250 0.017500 0.030000
6 0.606250 0.269375 0.012500 0.023750
6 0.618125 0.270000 0.013750 0.025000
6 0.630000 0.271875 0.015000 0.026250
6 0.643125 0.276875 0.016250 0.023750
6 0.735625 0.238750 0.013750 0.025000
6 0.711875 0.234375 0.016250 0.026250
6 0.771875 0.220000 0.013750 0.025000
6 0.489375 0.194375 0.016250 0.028750
6 0.783125 0.225000 0.013750 0.022500
6 0.793750 0.225625 0.015000 0.026250
6 0.806875 0.228125 0.013750 0.028750
6 0.817500 0.231875 0.015000 0.026250
6 0.829375 0.234375 0.013750 0.026250
6 0.842500 0.236250 0.012500 0.025000
6 0.855625 0.238125 0.013750 0.023750
6 0.865625 0.240000 0.016250 0.027500
6 0.877500 0.243125 0.015000 0.026250
6 0.444375 0.183750 0.016250 0.027500
6 0.456250 0.188125 0.015000 0.028750
6 0.476875 0.191250 0.016250 0.025000
6 0.501875 0.195000 0.013750 0.027500
6 0.700000 0.233125 0.017500 0.021250
6 0.546250 0.205625 0.010000 0.021250
6 0.557500 0.206250 0.015000 0.022500
6 0.568750 0.210000 0.017500 0.027500
6 0.579375 0.211250 0.018750 0.027500
6 0.603125 0.215000 0.016250 0.025000
6 0.616250 0.218125 0.015000 0.023750
6 0.626875 0.221875 0.018750 0.026250
6 0.641875 0.224375 0.018750 0.026250
6 0.652500 0.223750 0.015000 0.022500
6 0.663125 0.225000 0.018750 0.022500
6 0.674375 0.228125 0.018750 0.023750
6 0.686875 0.230625 0.018750 0.026250
6 0.903125 0.175625 0.016250 0.028750
6 0.891250 0.171875 0.015000 0.023750
6 0.881250 0.168750 0.015000 0.025000
6 0.711875 0.056875 0.013750 0.021250
6 0.530625 0.048750 0.018750 0.030000
6 0.588125 0.059375 0.021250 0.028750
6 0.621250 0.066875 0.017500 0.023750
6 0.645000 0.071250 0.015000 0.025000
6 0.641875 0.046250 0.013750 0.025000
6 0.651250 0.048125 0.015000 0.026250
6 0.675000 0.051875 0.015000 0.023750
6 0.698750 0.055625 0.015000 0.026250
6 0.656875 0.073750 0.016250 0.032500
6 0.670625 0.077500 0.016250 0.030000
6 0.693750 0.080625 0.015000 0.023750
6 0.705625 0.081875 0.016250 0.026250
6 0.723750 0.059375 0.017500 0.023750
6 0.933750 0.049375 0.012500 0.023750
6 0.736250 0.060625 0.017500 0.021250
6 0.746250 0.063750 0.015000 0.020000
6 0.759375 0.065625 0.016250 0.021250
6 0.781875 0.071250 0.016250 0.027500
6 0.792500 0.074375 0.015000 0.028750
6 0.804375 0.075625 0.018750 0.023750
6 0.814375 0.079375 0.016250 0.026250
6 0.826875 0.080625 0.016250 0.028750
6 0.839375 0.083125 0.018750 0.023750
6 0.863125 0.088750 0.013750 0.025000
6 0.873750 0.090625 0.020000 0.028750
6 0.886875 0.092500 0.018750 0.025000
6 0.945000 0.049375 0.015000 0.023750
6 0.919375 0.046250 0.013750 0.022500
6 0.868125 0.166875 0.018750 0.023750
6 0.430625 0.009375 0.011250 0.016250
6 0.925625 0.025000 0.013750 0.022500
6 0.988125 0.041250 0.016250 0.022500
6 0.988750 0.065625 0.015000 0.021250
6 0.991250 0.089375 0.015000 0.021250
6 0.991250 0.111250 0.017500 0.022500
6 0.993750 0.136250 0.012500 0.022500
6 0.992500 0.163125 0.012500 0.023750
6 0.992500 0.190625 0.015000 0.026250
6 0.989375 0.216875 0.013750 0.023750
6 0.986250 0.241250 0.015000 0.022500
6 0.438125 0.026875 0.016250 0.021250
6 0.907500 0.044375 0.012500 0.026250
6 0.472500 0.037500 0.015000 0.022500
6 0.803125 0.024375 0.016250 0.023750
6 0.815000 0.027500 0.015000 0.022500
6 0.828125 0.030000 0.018750 0.025000
6 0.848125 0.033750 0.016250 0.027500
6 0.861250 0.038125 0.017500 0.023750
6 0.873125 0.040000 0.013750 0.027500
6 0.888750 0.043125 0.012500 0.021250
6 0.898125 0.096250 0.018750 0.025000
6 0.918750 0.098125 0.015000 0.026250
6 0.931250 0.101250 0.015000 0.030000
6 0.710000 0.133125 0.015000 0.023750
6 0.553125 0.106875 0.016250 0.023750
6 0.577500 0.111250 0.015000 0.022500
6 0.561250 0.131875 0.015000 0.023750
6 0.573750 0.138125 0.015000 0.026250
6 0.583125 0.140000 0.016250 0.025000
6 0.588750 0.115000 0.015000 0.022500
6 0.599375 0.115000 0.013750 0.025000
6 0.625000 0.116875 0.015000 0.028750
6 0.638125 0.121250 0.013750 0.025000
6 0.673125 0.128125 0.016250 0.026250
6 0.687500 0.125625 0.015000 0.026250
6 0.697500 0.131875 0.012500 0.023750
6 0.720625 0.134375 0.013750 0.023750
6 0.973750 0.105625 0.010000 0.026250
6 0.733125 0.137500 0.013750 0.027500
6 0.745000 0.140000 0.010000 0.025000
6 0.756250 0.142500 0.015000 0.025000
6 0.768125 0.145000 0.016250 0.025000
6 0.778750 0.145625 0.012500 0.023750
6 0.788125 0.149375 0.016250 0.026250
6 0.800625 0.150625 0.016250 0.023750
6 0.813750 0.155000 0.017500 0.030000
6 0.824375 0.158125 0.011250 0.023750
6 0.833750 0.158125 0.012500 0.023750
6 0.846250 0.159375 0.012500 0.026250
6 0.857500 0.162500 0.017500 0.027500
6 0.549375 0.130625 0.013750 0.021250
6 0.536875 0.128125 0.016250 0.026250
6 0.943125 0.208125 0.013750 0.026250
6 0.950625 0.132500 0.013750 0.025000
6 0.518125 0.100625 0.013750 0.023750
6 0.388750 0.094375 0.015000 0.026250
6 0.403125 0.098125 0.013750 0.026250
6 0.414375 0.101250 0.013750 0.025000
6 0.435000 0.104375 0.017500 0.023750
6 0.458750 0.111875 0.012500 0.026250
6 0.470625 0.114375 0.016250 0.028750
6 0.488750 0.120625 0.012500 0.023750
6 0.501875 0.121250 0.013750 0.022500
6 0.513750 0.125000 0.015000 0.025000
6 0.717500 0.084375 0.015000 0.028750
6 0.730625 0.086250 0.018750 0.025000
6 0.743125 0.087500 0.013750 0.027500
6 0.765000 0.094375 0.017500 0.028750
6 0.787500 0.100000 0.015000 0.025000
6 0.799375 0.102500 0.013750 0.027500
6 0.810625 0.104375 0.013750 0.026250
6 0.822500 0.106250 0.017500 0.027500
6 0.833750 0.106875 0.017500 0.026250
6 0.847500 0.108750 0.015000 0.027500
6 0.857500 0.111875 0.015000 0.026250
6 0.868750 0.114375 0.020000 0.026250
6 0.880625 0.116250 0.016250 0.022500
6 0.893125 0.120000 0.018750 0.022500
6 0.925625 0.130625 0.016250 0.026250
