6 0.457500 0.876250 0.020000 0.022500
6 0.958125 0.179375 0.011250 0.021250
6 0.931250 0.246250 0.012500 0.027500
6 0.877500 0.373125 0.015000 0.028750
6 0.596875 0.665625 0.016250 0.023750
6 0.818750 0.529375 0.012500 0.026250
6 0.880000 0.542500 0.015000 0.032500
6 0.849375 0.569375 0.013750 0.023750
6 0.848125 0.643125 0.013750 0.023750
6 0.860000 0.701250 0.012500 0.025000
6 0.840625 0.727500 0.011250 0.022500
6 0.872500 0.876250 0.012500 0.025000
6 0.873125 0.771875 0.013750 0.028750
6 0.393125 0.963125 0.021250 0.023750
6 0.852500 0.966250 0.017500 0.037500
