6 0.650625 0.889375 0.018750 0.026250
6 0.673125 0.903750 0.021250 0.025000
6 0.681875 0.913750 0.021250 0.022500
6 0.688125 0.922500 0.021250 0.020000
6 0.695000 0.935625 0.022500 0.013750
6 0.696875 0.950625 0.021250 0.013750
6 0.699375 0.963750 0.021250 0.012500
6 0.697500 0.974375 0.022500 0.011250
6 0.695000 0.988125 0.020000 0.016250
6 0.693750 0.996875 0.022500 0.006250
6 0.843125 0.673125 0.021250 0.018750
6 0.909375 0.738125 0.021250 0.021250
6 0.859375 0.705000 0.021250 0.020000
6 0.922500 0.718125 0.020000 0.018750
6 0.841875 0.528750 0.028750 0.022500
6 0.958125 0.596250 0.023750 0.022500
6 0.939375 0.697500 0.026250 0.022500
6 0.948750 0.688750 0.022500 0.015000
6 0.956250 0.677500 0.025000 0.022500
6 0.965000 0.667500 0.025000 0.025000
6 0.974375 0.660625 0.018750 0.021250
6 0.987500 0.648750 0.022500 0.020000
6 0.976875 0.780625 0.023750 0.021250
6 0.971250 0.889375 0.027500 0.026250
6 0.565625 0.338125 0.013750 0.021250
6 0.573750 0.436875 0.015000 0.021250
6 0.714375 0.575000 0.023750 0.025000
6 0.185625 0.871875 0.018750 0.013750
6 0.163125 0.876875 0.026250 0.013750
6 0.213125 0.538125 0.018750 0.023750
6 0.335625 0.937500 0.018750 0.010000
6 0.309375 0.947500 0.016250 0.010000
6 0.410625 0.948750 0.016250 0.012500
6 0.616875 0.530625 0.016250 0.021250
6 0.409375 0.936875 0.018750 0.011250
6 0.104375 0.591250 0.023750 0.022500
6 0.045000 0.556250 0.015000 0.020000
6 0.258750 0.706875 0.027500 0.018750
6 0.171875 0.781250 0.021250 0.022500
6 0.423750 0.791250 0.022500 0.015000
6 0.500000 0.270000 0.015000 0.025000
6 0.883125 0.060625 0.021250 0.018750
6 0.891250 0.051875 0.022500 0.013750
6 0.899375 0.041875 0.021250 0.016250
6 0.926250 0.051250 0.020000 0.020000
6 0.935625 0.041250 0.026250 0.027500
6 0.914375 0.023125 0.021250 0.023750
6 0.486250 0.040000 0.020000 0.012500
6 0.473125 0.300625 0.021250 0.028750
6 0.433750 0.601250 0.025000 0.020000
6 0.273125 0.021250 0.021250 0.015000
6 0.133750 0.263125 0.030000 0.046250
6 0.289375 0.140000 0.066250 0.025000
6 0.376250 0.225625 0.060000 0.026250
6 0.381250 0.315000 0.025000 0.045000
6 0.571250 0.710000 0.022500 0.020000
6 0.628125 0.825625 0.021250 0.013750
6 0.093750 0.962500 0.020000 0.015000
6 0.633750 0.614375 0.020000 0.023750
6 0.665625 0.660000 0.018750 0.025000
6 0.611250 0.601875 0.020000 0.021250
6 0.606875 0.556250 0.021250 0.027500
6 0.662500 0.896250 0.017500 0.025000
6 0.641875 0.884375 0.016250 0.021250
6 0.163125 0.869375 0.021250 0.008750
6 0.236250 0.900625 0.017500 0.008750
6 0.257500 0.903750 0.020000 0.012500
6 0.311875 0.923125 0.018750 0.008750
6 0.308750 0.934375 0.020000 0.013750
6 0.330000 0.925000 0.017500 0.010000
6 0.333125 0.948125 0.018750 0.008750
6 0.330625 0.958125 0.018750 0.011250
6 0.328750 0.970000 0.017500 0.010000
6 0.327500 0.985000 0.022500 0.015000
6 0.510000 0.880000 0.010000 0.022500
6 0.485000 0.958750 0.022500 0.010000
6 0.484375 0.971250 0.021250 0.010000
6 0.483750 0.981875 0.017500 0.008750
6 0.481250 0.993125 0.017500 0.011250
6 0.406250 0.970625 0.022500 0.011250
6 0.465000 0.943125 0.017500 0.013750
6 0.460000 0.956875 0.020000 0.011250
6 0.464375 0.967500 0.018750 0.012500
6 0.461875 0.978750 0.021250 0.010000
6 0.460000 0.989375 0.022500 0.011250
6 0.458125 0.998750 0.018750 0.002500
6 0.486875 0.946875 0.021250 0.011250
6 0.406250 0.983750 0.020000 0.012500
6 0.404375 0.999375 0.018750 0.001250
6 0.383750 0.992500 0.020000 0.010000
6 0.385625 0.967500 0.021250 0.010000
6 0.385625 0.958750 0.023750 0.012500
6 0.387500 0.937500 0.027500 0.010000
6 0.158125 0.890000 0.018750 0.012500
6 0.485625 0.879375 0.013750 0.018750
6 0.630000 0.880625 0.017500 0.023750
6 0.476875 0.879375 0.008750 0.021250
6 0.248125 0.833125 0.018750 0.021250
6 0.282500 0.848125 0.020000 0.023750
6 0.311875 0.860625 0.018750 0.026250
6 0.336250 0.867500 0.015000 0.025000
6 0.360625 0.871250 0.013750 0.022500
6 0.371250 0.874375 0.015000 0.023750
6 0.384375 0.876250 0.013750 0.020000
6 0.397500 0.875000 0.012500 0.025000
6 0.406250 0.877500 0.012500 0.022500
6 0.429375 0.878125 0.011250 0.021250
6 0.442500 0.880625 0.015000 0.026250
6 0.454375 0.880625 0.008750 0.021250
6 0.466250 0.878125 0.015000 0.023750
6 0.009375 0.960625 0.016250 0.011250
6 0.009375 0.948750 0.016250 0.010000
6 0.010000 0.936875 0.017500 0.011250
6 0.007500 0.984375 0.012500 0.011250
6 0.005625 0.995625 0.008750 0.008750
6 0.621875 0.953750 0.018750 0.010000
6 0.624375 0.964375 0.021250 0.013750
6 0.617500 0.997500 0.017500 0.005000
6 0.564375 0.959375 0.021250 0.011250
6 0.559375 0.993750 0.021250 0.012500
6 0.618125 0.878750 0.013750 0.025000
6 0.638750 0.998125 0.020000 0.003750
6 0.640625 0.980000 0.021250 0.010000
6 0.640625 0.991250 0.021250 0.010000
6 0.620000 0.977500 0.022500 0.015000
6 0.616875 0.990000 0.021250 0.010000
6 0.540625 0.943750 0.023750 0.012500
6 0.561875 0.946250 0.018750 0.010000
6 0.540625 0.955000 0.021250 0.010000
6 0.541250 0.965625 0.017500 0.011250
6 0.538125 0.975625 0.021250 0.011250
6 0.536875 0.988125 0.018750 0.011250
6 0.537500 0.998125 0.020000 0.003750
