6 0.055625 0.204375 0.011250 0.028750
6 0.003125 0.203125 0.003750 0.028750
6 0.012500 0.200000 0.012500 0.025000
6 0.028125 0.199375 0.011250 0.023750
6 0.040000 0.203750 0.012500 0.027500
6 0.068750 0.203750 0.010000 0.025000
6 0.082500 0.200000 0.012500 0.025000
6 0.097500 0.203750 0.012500 0.025000
6 0.112500 0.202500 0.012500 0.025000
6 0.126875 0.205000 0.013750 0.030000
6 0.156250 0.203125 0.012500 0.026250
6 0.170000 0.202500 0.012500 0.025000
6 0.183125 0.202500 0.013750 0.027500
6 0.198125 0.202500 0.013750 0.025000
6 0.214375 0.202500 0.013750 0.022500
6 0.227500 0.203125 0.012500 0.026250
6 0.242500 0.199375 0.012500 0.023750
6 0.339375 0.423125 0.021250 0.056250
6 0.212500 0.416250 0.025000 0.045000
6 0.313750 0.419375 0.020000 0.046250
6 0.174375 0.244375 0.063750 0.028750
6 0.450625 0.227500 0.013750 0.027500
6 0.258750 0.201875 0.015000 0.023750
6 0.272500 0.203125 0.015000 0.026250
6 0.285000 0.206875 0.015000 0.028750
6 0.301875 0.204375 0.013750 0.023750
6 0.316250 0.202500 0.012500 0.025000
6 0.276875 0.257500 0.028750 0.017500
6 0.487500 0.228125 0.012500 0.028750
6 0.530625 0.235625 0.013750 0.026250
6 0.366250 0.410000 0.020000 0.035000
6 0.545625 0.238125 0.013750 0.023750
6 0.544375 0.296250 0.011250 0.020000
6 0.513125 0.294375 0.011250 0.026250
6 0.498125 0.292500 0.013750 0.022500
6 0.467500 0.291250 0.012500 0.030000
6 0.386875 0.428125 0.013750 0.026250
6 0.415000 0.286250 0.015000 0.030000
6 0.853750 0.801250 0.027500 0.012500
6 0.851250 0.833125 0.027500 0.011250
6 0.850000 0.848125 0.027500 0.011250
6 0.846250 0.863750 0.030000 0.012500
6 0.846250 0.916250 0.027500 0.012500
6 0.845000 0.976250 0.030000 0.015000
6 0.841875 0.992500 0.026250 0.015000
6 0.924375 0.838750 0.028750 0.012500
6 0.852500 0.768750 0.027500 0.012500
6 0.952500 0.841875 0.030000 0.013750
6 0.946875 0.857500 0.023750 0.012500
6 0.950625 0.875000 0.026250 0.012500
6 0.946875 0.891250 0.028750 0.012500
6 0.946250 0.908750 0.030000 0.015000
6 0.944375 0.921875 0.026250 0.013750
6 0.943125 0.939375 0.026250 0.013750
6 0.853125 0.782500 0.028750 0.012500
6 0.970625 0.972500 0.013750 0.032500
6 0.941875 0.956875 0.026250 0.011250
6 0.940000 0.971875 0.027500 0.013750
6 0.938750 0.988125 0.027500 0.011250
6 0.908750 0.967500 0.030000 0.015000
6 0.918750 0.855625 0.030000 0.013750
6 0.920625 0.872500 0.028750 0.012500
6 0.919375 0.888125 0.028750 0.011250
6 0.917500 0.902500 0.025000 0.015000
6 0.915000 0.918750 0.027500 0.012500
6 0.914375 0.935000 0.026250 0.012500
6 0.912500 0.953125 0.027500 0.013750
6 0.908125 0.985625 0.028750 0.016250
6 0.876250 0.185000 0.015000 0.027500
6 0.050000 0.236250 0.097500 0.037500
6 0.027500 0.313750 0.052500 0.077500
6 0.112500 0.370625 0.030000 0.116250
6 0.243750 0.378750 0.032500 0.120000
6 0.134375 0.374375 0.031250 0.113750
6 0.860000 0.187500 0.017500 0.027500
6 0.890000 0.185000 0.012500 0.025000
6 0.937500 0.480625 0.025000 0.013750
6 0.970000 0.316250 0.032500 0.012500
6 0.966875 0.344375 0.026250 0.013750
6 0.948125 0.408125 0.026250 0.013750
6 0.948750 0.440000 0.027500 0.015000
6 0.940000 0.466250 0.027500 0.015000
6 0.939375 0.495625 0.033750 0.018750
6 0.943125 0.515625 0.036250 0.013750
6 0.965625 0.286250 0.033750 0.012500
6 0.967500 0.263750 0.032500 0.010000
6 0.904375 0.182500 0.013750 0.027500
6 0.536250 0.671875 0.027500 0.013750
6 0.533125 0.689375 0.026250 0.016250
6 0.541875 0.708750 0.028750 0.012500
6 0.538125 0.728125 0.031250 0.016250
6 0.650625 0.716875 0.033750 0.013750
6 0.648750 0.694375 0.030000 0.016250
