6 0.016875 0.035000 0.031250 0.040000
6 0.655000 0.713750 0.012500 0.025000
6 0.617500 0.712500 0.012500 0.022500
6 0.605625 0.710000 0.013750 0.025000
6 0.556875 0.710625 0.013750 0.031250
6 0.543125 0.708750 0.011250 0.027500
6 0.643125 0.741875 0.011250 0.026250
6 0.530000 0.737500 0.012500 0.027500
6 0.499375 0.736875 0.011250 0.023750
6 0.376250 0.710000 0.012500 0.025000
6 0.304375 0.730625 0.013750 0.031250
6 0.127500 0.703125 0.010000 0.023750
6 0.643125 0.713125 0.011250 0.023750
6 0.735000 0.714375 0.015000 0.026250
6 0.733750 0.653750 0.012500 0.022500
6 0.621875 0.533125 0.013750 0.026250
6 0.148125 0.458750 0.013750 0.025000
6 0.160000 0.460625 0.012500 0.028750
6 0.171875 0.460000 0.013750 0.025000
6 0.195625 0.462500 0.008750 0.022500
6 0.210000 0.461250 0.012500 0.025000
6 0.221250 0.461875 0.010000 0.026250
6 0.234375 0.462500 0.011250 0.027500
6 0.256250 0.463750 0.012500 0.025000
6 0.357500 0.471250 0.010000 0.025000
6 0.383750 0.466875 0.012500 0.023750
6 0.660000 0.538750 0.012500 0.022500
6 0.648125 0.540625 0.011250 0.023750
6 0.633750 0.536875 0.012500 0.026250
6 0.608125 0.531250 0.011250 0.025000
6 0.584375 0.532500 0.013750 0.025000
6 0.571875 0.534375 0.011250 0.026250
6 0.560000 0.535000 0.012500 0.027500
6 0.546875 0.534375 0.013750 0.026250
6 0.535625 0.537500 0.013750 0.022500
6 0.481250 0.531250 0.012500 0.027500
6 0.468750 0.532500 0.012500 0.027500
6 0.456875 0.531250 0.011250 0.025000
6 0.430625 0.531875 0.011250 0.021250
6 0.420625 0.532500 0.013750 0.022500
6 0.406875 0.531250 0.013750 0.025000
6 0.393750 0.531250 0.012500 0.030000
6 0.343125 0.528750 0.011250 0.022500
6 0.134375 0.460000 0.013750 0.022500
6 0.121875 0.460625 0.011250 0.023750
6 0.109375 0.462500 0.013750 0.025000
6 0.108750 0.434375 0.012500 0.026250
6 0.756250 0.265000 0.012500 0.025000
6 0.745000 0.261250 0.010000 0.032500
6 0.782500 0.291250 0.010000 0.022500
6 0.769375 0.290000 0.011250 0.027500
6 0.758750 0.288750 0.012500 0.025000
6 0.744375 0.290000 0.013750 0.027500
6 0.443750 0.436250 0.010000 0.025000
6 0.535625 0.438750 0.011250 0.025000
6 0.552500 0.373750 0.012500 0.025000
6 0.598750 0.377500 0.012500 0.027500
6 0.664375 0.477500 0.011250 0.027500
6 0.663750 0.448125 0.012500 0.021250
6 0.396875 0.441250 0.011250 0.027500
6 0.382500 0.440625 0.012500 0.028750
6 0.357500 0.441875 0.010000 0.026250
6 0.345625 0.440000 0.011250 0.027500
6 0.283750 0.436875 0.010000 0.026250
6 0.271250 0.436250 0.012500 0.022500
6 0.246875 0.439375 0.013750 0.028750
6 0.233750 0.438125 0.010000 0.026250
6 0.221250 0.438125 0.010000 0.026250
6 0.208125 0.436250 0.011250 0.025000
6 0.174375 0.434375 0.013750 0.026250
6 0.160000 0.432500 0.012500 0.025000
6 0.147500 0.435000 0.012500 0.022500
6 0.134375 0.433125 0.011250 0.026250
6 0.123125 0.433125 0.011250 0.031250
6 0.319375 0.528750 0.011250 0.022500
6 0.305625 0.526875 0.011250 0.026250
6 0.284375 0.529375 0.011250 0.028750
6 0.646875 0.564375 0.011250 0.023750
6 0.093125 0.615625 0.011250 0.028750
6 0.129375 0.610625 0.013750 0.028750
6 0.143125 0.609375 0.011250 0.026250
6 0.180625 0.611875 0.011250 0.023750
6 0.193125 0.611875 0.011250 0.026250
6 0.243125 0.625625 0.011250 0.026250
6 0.306250 0.639375 0.015000 0.026250
6 0.418125 0.615000 0.011250 0.025000
6 0.465000 0.648750 0.012500 0.032500
6 0.478750 0.622500 0.012500 0.022500
6 0.490625 0.621250 0.011250 0.025000
6 0.508125 0.621250 0.013750 0.025000
6 0.533125 0.619375 0.011250 0.023750
6 0.559375 0.625625 0.011250 0.026250
6 0.582500 0.648750 0.010000 0.022500
6 0.505625 0.645625 0.011250 0.028750
6 0.531875 0.646875 0.013750 0.031250
6 0.656875 0.651875 0.011250 0.023750
6 0.631875 0.628750 0.008750 0.027500
6 0.621875 0.622500 0.013750 0.025000
6 0.608125 0.652500 0.011250 0.022500
6 0.735000 0.631250 0.012500 0.025000
6 0.748750 0.630625 0.012500 0.023750
6 0.761250 0.628750 0.010000 0.022500
6 0.811875 0.626875 0.016250 0.023750
6 0.786250 0.655000 0.010000 0.025000
6 0.761250 0.653125 0.010000 0.026250
6 0.660000 0.564375 0.012500 0.028750
6 0.635000 0.564375 0.012500 0.023750
6 0.256250 0.526250 0.010000 0.025000
6 0.620625 0.561875 0.008750 0.021250
6 0.243125 0.526250 0.011250 0.022500
6 0.231875 0.528750 0.011250 0.027500
6 0.220625 0.526875 0.013750 0.023750
6 0.208750 0.526250 0.012500 0.025000
6 0.196250 0.523750 0.012500 0.027500
6 0.183125 0.523750 0.011250 0.022500
6 0.146250 0.525625 0.010000 0.026250
6 0.133750 0.523750 0.015000 0.022500
6 0.119375 0.526875 0.011250 0.026250
6 0.107500 0.523750 0.012500 0.025000
6 0.095000 0.521250 0.012500 0.022500
6 0.093750 0.550625 0.012500 0.026250
6 0.119375 0.551875 0.011250 0.026250
6 0.145000 0.549375 0.015000 0.023750
6 0.156250 0.546250 0.010000 0.025000
6 0.168125 0.547500 0.011250 0.025000
6 0.182500 0.549375 0.010000 0.028750
6 0.205000 0.551875 0.012500 0.023750
6 0.355625 0.556875 0.013750 0.028750
6 0.455625 0.558125 0.011250 0.023750
6 0.468125 0.554375 0.011250 0.023750
6 0.492500 0.559375 0.012500 0.026250
6 0.506250 0.559375 0.012500 0.023750
6 0.544375 0.560000 0.011250 0.025000
6 0.581875 0.562500 0.013750 0.025000
6 0.596250 0.560625 0.012500 0.031250
6 0.608750 0.560625 0.012500 0.028750
6 0.770000 0.264375 0.010000 0.023750
6 0.783125 0.265000 0.011250 0.022500
6 0.745625 0.204375 0.008750 0.023750
6 0.926250 0.028125 0.010000 0.023750
6 0.851250 0.027500 0.012500 0.022500
6 0.816250 0.030625 0.010000 0.023750
6 0.805000 0.028750 0.012500 0.025000
6 0.784375 0.026875 0.011250 0.023750
6 0.770625 0.028125 0.011250 0.023750
6 0.748750 0.025625 0.012500 0.026250
6 0.913125 0.028125 0.013750 0.026250
6 0.950000 0.030000 0.012500 0.025000
6 0.989375 0.011875 0.011250 0.021250
6 0.758750 0.201250 0.012500 0.025000
6 0.106875 0.325000 0.023750 0.012500
6 0.107500 0.350625 0.025000 0.008750
6 0.956875 0.065625 0.021250 0.021250
6 0.910000 0.117500 0.010000 0.022500
6 0.912500 0.091875 0.010000 0.021250
6 0.899375 0.091250 0.008750 0.020000
6 0.886875 0.091250 0.008750 0.022500
6 0.873125 0.087500 0.011250 0.027500
6 0.798750 0.085625 0.012500 0.023750
6 0.758125 0.112500 0.011250 0.027500
6 0.773125 0.113750 0.011250 0.022500
6 0.785625 0.115625 0.011250 0.026250
6 0.798125 0.111875 0.011250 0.021250
6 0.810625 0.113750 0.011250 0.025000
6 0.823750 0.113750 0.010000 0.027500
6 0.836250 0.113125 0.012500 0.023750
6 0.848125 0.112500 0.011250 0.022500
6 0.860625 0.113125 0.011250 0.021250
6 0.873750 0.115625 0.010000 0.026250
6 0.885000 0.118750 0.012500 0.025000
6 0.896875 0.119375 0.011250 0.026250
6 0.746875 0.176250 0.011250 0.030000
6 0.760625 0.173125 0.011250 0.026250
6 0.771875 0.175000 0.011250 0.025000
6 0.784375 0.176250 0.011250 0.025000
6 0.796875 0.201250 0.011250 0.025000
6 0.783125 0.201875 0.011250 0.023750
6 0.771875 0.201250 0.011250 0.025000
6 0.108750 0.338125 0.025000 0.011250
6 0.108750 0.310625 0.020000 0.011250
6 0.151875 0.003125 0.011250 0.003750
6 0.109375 0.286875 0.021250 0.011250
6 0.125625 0.002500 0.008750 0.002500
6 0.110000 0.003750 0.012500 0.005000
6 0.253750 0.040000 0.032500 0.017500
6 0.227500 0.083750 0.030000 0.025000
6 0.463125 0.058125 0.011250 0.028750
6 0.372500 0.097500 0.027500 0.010000
6 0.373125 0.061250 0.028750 0.012500
6 0.374375 0.045000 0.026250 0.012500
6 0.176250 0.161875 0.027500 0.008750
6 0.176875 0.173750 0.026250 0.007500
6 0.176875 0.186875 0.023750 0.011250
6 0.175625 0.198750 0.023750 0.007500
6 0.176875 0.211875 0.026250 0.013750
6 0.170625 0.266250 0.023750 0.010000
6 0.173750 0.306875 0.027500 0.008750
6 0.173750 0.316875 0.027500 0.011250
6 0.173125 0.330625 0.023750 0.008750
6 0.173750 0.341250 0.025000 0.012500
6 0.111875 0.195625 0.026250 0.008750
6 0.111250 0.207500 0.022500 0.010000
6 0.110000 0.218750 0.022500 0.010000
6 0.110625 0.231875 0.023750 0.008750
6 0.110625 0.244375 0.021250 0.008750
6 0.109375 0.255625 0.018750 0.008750
6 0.110625 0.267500 0.021250 0.010000
