6 0.670000 0.568750 0.025000 0.012500
6 0.888125 0.921875 0.008750 0.023750
6 0.893125 0.848125 0.013750 0.026250
6 0.896875 0.743125 0.011250 0.028750
6 0.932500 0.758750 0.027500 0.012500
6 0.876875 0.005000 0.013750 0.007500
6 0.909375 0.051875 0.008750 0.023750
6 0.909375 0.292500 0.013750 0.025000
6 0.870625 0.320000 0.013750 0.027500
6 0.677500 0.791875 0.025000 0.011250
6 0.676875 0.816250 0.026250 0.010000
6 0.680000 0.830000 0.022500 0.010000
6 0.656250 0.851875 0.010000 0.021250
6 0.642500 0.851250 0.012500 0.027500
6 0.628750 0.850000 0.010000 0.025000
6 0.558750 0.847500 0.010000 0.025000
6 0.520625 0.848125 0.013750 0.026250
6 0.443750 0.848125 0.012500 0.028750
6 0.420000 0.846875 0.010000 0.028750
6 0.405625 0.846875 0.011250 0.028750
6 0.382500 0.846250 0.010000 0.030000
6 0.371250 0.844375 0.012500 0.031250
6 0.360000 0.844375 0.012500 0.031250
6 0.590000 0.751250 0.025000 0.012500
6 0.590000 0.738750 0.027500 0.012500
6 0.616250 0.764375 0.022500 0.013750
6 0.616875 0.790000 0.023750 0.010000
6 0.498750 0.777500 0.030000 0.010000
6 0.505625 0.737500 0.023750 0.012500
6 0.438750 0.696875 0.027500 0.013750
6 0.441250 0.723750 0.025000 0.010000
6 0.440000 0.737500 0.025000 0.012500
6 0.438125 0.760625 0.028750 0.011250
6 0.410625 0.775000 0.026250 0.010000
6 0.441875 0.787500 0.023750 0.010000
6 0.322500 0.759375 0.027500 0.011250
6 0.326875 0.732500 0.026250 0.012500
6 0.325000 0.707500 0.025000 0.010000
6 0.412500 0.723750 0.030000 0.015000
6 0.263750 0.760000 0.030000 0.012500
6 0.263750 0.662500 0.030000 0.010000
6 0.264375 0.626875 0.021250 0.008750
6 0.618750 0.691250 0.020000 0.062500
6 0.675000 0.721250 0.017500 0.062500
6 0.510000 0.760625 0.037500 0.013750
