6 0.965000 0.373125 0.022500 0.013750
6 0.533750 0.616250 0.025000 0.012500
6 0.811250 0.359375 0.025000 0.008750
6 0.901250 0.359375 0.022500 0.008750
6 0.900625 0.386250 0.023750 0.010000
6 0.898125 0.398125 0.023750 0.008750
6 0.965000 0.525625 0.020000 0.008750
6 0.960625 0.563125 0.023750 0.011250
6 0.961875 0.587500 0.026250 0.012500
6 0.936875 0.783750 0.028750 0.012500
6 0.096875 0.881250 0.026250 0.010000
6 0.010000 0.619375 0.017500 0.011250
6 0.096250 0.693750 0.025000 0.012500
6 0.095000 0.681875 0.027500 0.013750
6 0.068125 0.683125 0.026250 0.011250
6 0.066875 0.670000 0.026250 0.015000
6 0.094375 0.656875 0.023750 0.011250
6 0.097500 0.645000 0.030000 0.015000
6 0.067500 0.644375 0.030000 0.011250
6 0.069375 0.631875 0.026250 0.008750
6 0.008750 0.680625 0.015000 0.011250
6 0.009375 0.668125 0.016250 0.013750
6 0.009375 0.655625 0.016250 0.013750
6 0.009375 0.642500 0.016250 0.010000
6 0.009375 0.632500 0.016250 0.010000
6 0.097500 0.621250 0.022500 0.010000
6 0.068750 0.618750 0.025000 0.012500
6 0.068125 0.608125 0.028750 0.011250
6 0.096250 0.609375 0.022500 0.013750
6 0.096250 0.595000 0.022500 0.010000
6 0.069375 0.595000 0.026250 0.010000
6 0.069375 0.581250 0.023750 0.010000
6 0.070625 0.556875 0.026250 0.011250
6 0.010000 0.569375 0.017500 0.011250
6 0.008750 0.557500 0.015000 0.007500
6 0.010625 0.542500 0.018750 0.012500
6 0.009375 0.530625 0.016250 0.008750
6 0.010000 0.518125 0.017500 0.011250
6 0.010625 0.506875 0.018750 0.008750
6 0.065000 0.692500 0.025000 0.010000
6 0.066250 0.705625 0.027500 0.011250
6 0.095625 0.706875 0.026250 0.011250
6 0.066875 0.716875 0.028750 0.011250
6 0.153750 0.818750 0.027500 0.010000
6 0.156875 0.833125 0.033750 0.013750
6 0.151875 0.851250 0.033750 0.012500
6 0.190000 0.859375 0.030000 0.011250
6 0.357500 0.860625 0.030000 0.011250
6 0.359375 0.887500 0.031250 0.010000
6 0.419375 0.900000 0.028750 0.012500
6 0.358125 0.900625 0.023750 0.011250
6 0.361875 0.911875 0.026250 0.011250
6 0.333125 0.911875 0.031250 0.013750
6 0.358125 0.926250 0.023750 0.010000
6 0.356875 0.936875 0.026250 0.011250
6 0.356875 0.950000 0.026250 0.010000
6 0.357500 0.961875 0.022500 0.008750
6 0.355625 0.973750 0.026250 0.010000
6 0.155625 0.734375 0.028750 0.011250
6 0.182500 0.722500 0.032500 0.012500
6 0.181875 0.708750 0.033750 0.012500
6 0.155000 0.695000 0.025000 0.010000
6 0.186875 0.685625 0.028750 0.011250
6 0.186875 0.660000 0.031250 0.012500
6 0.157500 0.611250 0.030000 0.010000
6 0.093750 0.734375 0.027500 0.011250
6 0.096250 0.718750 0.027500 0.010000
6 0.066875 0.732500 0.026250 0.010000
6 0.008750 0.728125 0.015000 0.011250
6 0.011250 0.482500 0.020000 0.010000
6 0.101250 0.508125 0.030000 0.011250
6 0.100000 0.520625 0.027500 0.008750
6 0.071250 0.533750 0.025000 0.010000
6 0.096875 0.545625 0.028750 0.011250
6 0.453750 0.503125 0.025000 0.011250
6 0.182500 0.808125 0.022500 0.011250
6 0.092500 0.856875 0.027500 0.013750
6 0.096250 0.843750 0.027500 0.010000
6 0.960625 0.425000 0.028750 0.015000
6 0.959375 0.500000 0.031250 0.020000
6 0.008125 0.991250 0.013750 0.010000
6 0.007500 0.967500 0.012500 0.007500
6 0.007500 0.955000 0.012500 0.012500
6 0.006250 0.938750 0.010000 0.010000
6 0.006250 0.913125 0.010000 0.008750
6 0.005625 0.890000 0.008750 0.010000
6 0.006875 0.878750 0.011250 0.010000
6 0.007500 0.866250 0.012500 0.012500
6 0.005625 0.854375 0.008750 0.008750
6 0.008125 0.841875 0.013750 0.011250
6 0.006250 0.829375 0.010000 0.008750
6 0.009375 0.816250 0.016250 0.012500
6 0.010625 0.803125 0.018750 0.011250
6 0.090000 0.916875 0.032500 0.011250
6 0.063125 0.893750 0.028750 0.010000
6 0.063125 0.868125 0.028750 0.011250
6 0.064375 0.817500 0.023750 0.010000
6 0.069375 0.805000 0.021250 0.012500
6 0.096875 0.805000 0.023750 0.010000
6 0.094375 0.816250 0.026250 0.012500
6 0.094375 0.831250 0.026250 0.010000
6 0.065625 0.842500 0.026250 0.012500
6 0.782500 0.622500 0.015000 0.010000
