6 0.966250 0.228750 0.025000 0.025000
6 0.918750 0.268125 0.027500 0.026250
6 0.906875 0.284375 0.021250 0.026250
6 0.895625 0.297500 0.026250 0.025000
6 0.879375 0.336250 0.028750 0.012500
6 0.872500 0.377500 0.027500 0.012500
6 0.873750 0.348125 0.025000 0.013750
6 0.933125 0.388125 0.018750 0.013750
6 0.930000 0.405000 0.030000 0.010000
6 0.968125 0.390625 0.021250 0.011250
6 0.963125 0.403125 0.023750 0.011250
6 0.963125 0.426875 0.028750 0.016250
6 0.961250 0.465000 0.025000 0.012500
6 0.930625 0.450625 0.031250 0.013750
6 0.931875 0.429375 0.028750 0.011250
6 0.928125 0.416250 0.028750 0.012500
6 0.710000 0.741250 0.015000 0.025000
