6 0.270625 0.430000 0.021250 0.012500
6 0.321875 0.706250 0.023750 0.012500
6 0.323750 0.693750 0.025000 0.012500
6 0.325000 0.681875 0.027500 0.013750
6 0.325000 0.670000 0.025000 0.012500
6 0.323125 0.656875 0.026250 0.011250
6 0.324375 0.645000 0.026250 0.012500
6 0.325000 0.630625 0.027500 0.011250
6 0.322500 0.614375 0.027500 0.011250
6 0.321250 0.600625 0.025000 0.011250
6 0.323125 0.588125 0.023750 0.013750
6 0.326250 0.575000 0.022500 0.015000
6 0.325000 0.562500 0.022500 0.015000
6 0.265625 0.403125 0.028750 0.013750
6 0.267500 0.443125 0.025000 0.011250
6 0.350625 0.483750 0.021250 0.012500
6 0.269375 0.466250 0.023750 0.012500
6 0.244375 0.453750 0.021250 0.010000
6 0.243750 0.465625 0.022500 0.008750
6 0.241875 0.479375 0.021250 0.011250
6 0.269375 0.480000 0.021250 0.012500
6 0.267500 0.493125 0.025000 0.011250
6 0.266250 0.510625 0.025000 0.011250
6 0.238750 0.506250 0.022500 0.010000
6 0.266250 0.523125 0.025000 0.011250
6 0.269375 0.538125 0.023750 0.011250
6 0.241250 0.521875 0.022500 0.011250
6 0.243125 0.535000 0.026250 0.010000
6 0.239375 0.545625 0.028750 0.011250
6 0.321875 0.721250 0.023750 0.012500
6 0.348125 0.735625 0.023750 0.011250
6 0.348750 0.721875 0.027500 0.013750
6 0.347500 0.710625 0.022500 0.011250
6 0.328125 0.511875 0.026250 0.008750
6 0.352500 0.515000 0.025000 0.012500
6 0.353125 0.526875 0.023750 0.008750
6 0.328125 0.523125 0.026250 0.011250
6 0.325625 0.548125 0.023750 0.011250
6 0.352500 0.548750 0.025000 0.012500
6 0.414375 0.408125 0.023750 0.011250
6 0.411875 0.421875 0.026250 0.011250
6 0.411875 0.432500 0.023750 0.010000
6 0.411250 0.449375 0.022500 0.013750
6 0.413750 0.474375 0.022500 0.011250
6 0.412500 0.496875 0.022500 0.011250
6 0.410000 0.535625 0.022500 0.011250
6 0.410000 0.592500 0.025000 0.012500
6 0.408125 0.672500 0.026250 0.012500
6 0.409375 0.717500 0.023750 0.010000
6 0.408125 0.731875 0.021250 0.008750
6 0.348750 0.559375 0.020000 0.008750
6 0.350000 0.575000 0.025000 0.012500
6 0.350000 0.586875 0.020000 0.008750
6 0.350625 0.598750 0.023750 0.012500
6 0.348750 0.613125 0.022500 0.013750
6 0.351250 0.631875 0.022500 0.013750
6 0.352500 0.645000 0.020000 0.010000
6 0.351250 0.660000 0.022500 0.010000
6 0.352500 0.670000 0.022500 0.010000
6 0.348125 0.696250 0.026250 0.012500
6 0.242500 0.565000 0.022500 0.010000
6 0.243125 0.574375 0.021250 0.011250
6 0.268125 0.573750 0.018750 0.010000
6 0.267500 0.587500 0.020000 0.010000
6 0.243125 0.588125 0.021250 0.011250
6 0.241250 0.611875 0.022500 0.011250
6 0.270000 0.601250 0.027500 0.010000
6 0.265000 0.612500 0.022500 0.012500
6 0.241875 0.630625 0.021250 0.011250
6 0.264375 0.644375 0.023750 0.008750
6 0.241250 0.643750 0.020000 0.010000
6 0.238750 0.656875 0.022500 0.011250
6 0.265000 0.658750 0.020000 0.010000
6 0.236250 0.670000 0.022500 0.012500
6 0.263125 0.670625 0.021250 0.008750
6 0.263125 0.680625 0.026250 0.011250
6 0.261250 0.693750 0.027500 0.012500
6 0.234375 0.680625 0.021250 0.011250
6 0.234375 0.691875 0.021250 0.011250
6 0.235625 0.705625 0.028750 0.011250
6 0.261250 0.705000 0.022500 0.007500
6 0.236250 0.718125 0.022500 0.011250
6 0.264375 0.718125 0.023750 0.011250
6 0.131875 0.805625 0.023750 0.013750
6 0.145000 0.917500 0.025000 0.010000
6 0.146250 0.930625 0.025000 0.011250
6 0.146875 0.968125 0.028750 0.011250
6 0.143125 0.981875 0.023750 0.011250
6 0.325000 0.481250 0.022500 0.012500
6 0.351250 0.469375 0.022500 0.011250
6 0.327500 0.468125 0.022500 0.008750
6 0.303750 0.173125 0.012500 0.021250
6 0.766250 0.088125 0.012500 0.026250
6 0.435625 0.173125 0.011250 0.021250
6 0.212500 0.281875 0.015000 0.023750
6 0.238750 0.293125 0.015000 0.028750
6 0.254375 0.300000 0.013750 0.025000
6 0.266875 0.303750 0.013750 0.022500
6 0.280000 0.307500 0.015000 0.025000
6 0.291250 0.311875 0.017500 0.023750
6 0.303750 0.313750 0.015000 0.025000
6 0.453750 0.386875 0.012500 0.021250
6 0.443750 0.386875 0.012500 0.026250
6 0.466875 0.386875 0.011250 0.021250
6 0.481250 0.384375 0.012500 0.023750
6 0.504375 0.387500 0.013750 0.020000
6 0.528125 0.386875 0.011250 0.021250
6 0.329375 0.381250 0.021250 0.010000
6 0.355000 0.381875 0.022500 0.011250
6 0.352500 0.393750 0.020000 0.010000
6 0.326250 0.394375 0.020000 0.011250
6 0.327500 0.406250 0.022500 0.010000
6 0.327500 0.415000 0.017500 0.010000
6 0.348750 0.419375 0.022500 0.011250
6 0.352500 0.431875 0.025000 0.008750
6 0.325000 0.441875 0.022500 0.013750
6 0.353125 0.444375 0.023750 0.013750
6 0.350625 0.457500 0.018750 0.010000
6 0.326250 0.457500 0.025000 0.010000
6 0.602500 0.113750 0.020000 0.012500
6 0.245000 0.109375 0.017500 0.026250
6 0.255625 0.113125 0.016250 0.021250
6 0.390000 0.125000 0.025000 0.012500
6 0.909375 0.828750 0.031250 0.012500
6 0.909375 0.765625 0.026250 0.011250
6 0.911875 0.752500 0.026250 0.010000
6 0.219375 0.875625 0.021250 0.008750
