6 0.684375 0.536875 0.011250 0.018750
6 0.783125 0.697500 0.011250 0.020000
6 0.881875 0.698125 0.011250 0.021250
6 0.980000 0.700625 0.015000 0.021250
6 0.986250 0.611875 0.012500 0.018750
6 0.676875 0.612500 0.011250 0.017500
6 0.750625 0.538125 0.011250 0.018750
6 0.701250 0.538125 0.010000 0.021250
6 0.657500 0.536875 0.012500 0.018750
6 0.717500 0.611875 0.012500 0.018750
6 0.427500 0.796875 0.015000 0.028750
6 0.390625 0.820000 0.021250 0.027500
6 0.378125 0.790625 0.018750 0.023750
6 0.381250 0.729375 0.020000 0.028750
6 0.278750 0.045625 0.012500 0.026250
6 0.341250 0.156250 0.015000 0.022500
6 0.300000 0.138125 0.015000 0.021250
6 0.301875 0.160000 0.016250 0.022500
6 0.789375 0.611875 0.011250 0.018750
6 0.726875 0.536875 0.011250 0.023750
6 0.923750 0.723125 0.017500 0.023750
6 0.736875 0.611875 0.011250 0.018750
6 0.867500 0.611250 0.012500 0.022500
