6 0.408125 0.937500 0.006250 0.017500
6 0.401250 0.935000 0.007500 0.017500
6 0.240625 0.180625 0.013750 0.058750
6 0.248125 0.180000 0.011250 0.060000
6 0.142500 0.150000 0.007500 0.015000
6 0.259375 0.180000 0.013750 0.060000
6 0.267500 0.180000 0.012500 0.057500
6 0.277500 0.177500 0.012500 0.060000
6 0.076875 0.173125 0.013750 0.056250
6 0.095000 0.173125 0.012500 0.053750
6 0.112500 0.174375 0.012500 0.056250
6 0.121875 0.174375 0.011250 0.056250
6 0.224375 0.153750 0.008750 0.015000
6 0.637500 0.145625 0.012500 0.016250
6 0.007500 0.546250 0.012500 0.017500
6 0.138750 0.600000 0.020000 0.007500
6 0.133750 0.593750 0.015000 0.007500
6 0.005000 0.600000 0.007500 0.012500
6 0.013750 0.596250 0.007500 0.012500
6 0.138750 0.628750 0.017500 0.007500
6 0.136250 0.619375 0.017500 0.006250
6 0.135000 0.642500 0.012500 0.005000
6 0.134375 0.650625 0.016250 0.006250
6 0.125625 0.769375 0.013750 0.006250
6 0.133125 0.729375 0.016250 0.006250
6 0.135000 0.670625 0.015000 0.006250
6 0.135625 0.664375 0.016250 0.006250
6 0.133125 0.656875 0.013750 0.006250
6 0.361875 0.565625 0.013750 0.006250
6 0.358125 0.611875 0.016250 0.006250
6 0.358125 0.622500 0.016250 0.007500
6 0.350625 0.717500 0.016250 0.007500
6 0.358125 0.938750 0.008750 0.017500
6 0.351250 0.936875 0.007500 0.013750
6 0.341875 0.936250 0.008750 0.015000
6 0.305625 0.450000 0.006250 0.015000
6 0.313125 0.448750 0.006250 0.015000
6 0.320000 0.449375 0.005000 0.013750
6 0.330000 0.450000 0.007500 0.015000
6 0.347500 0.449375 0.007500 0.013750
6 0.498125 0.590625 0.013750 0.006250
6 0.465000 0.652500 0.017500 0.010000
6 0.446875 0.611875 0.013750 0.006250
6 0.448125 0.605000 0.013750 0.007500
6 0.448750 0.597500 0.015000 0.007500
6 0.468125 0.596250 0.013750 0.007500
6 0.466250 0.590000 0.015000 0.007500
6 0.468125 0.583750 0.013750 0.007500
6 0.498750 0.598125 0.015000 0.008750
6 0.512500 0.653125 0.012500 0.006250
6 0.498125 0.605625 0.013750 0.006250
6 0.496875 0.617500 0.016250 0.007500
6 0.513125 0.618750 0.011250 0.007500
6 0.513750 0.612500 0.015000 0.007500
6 0.511250 0.605000 0.012500 0.007500
6 0.513125 0.596875 0.013750 0.006250
6 0.511875 0.591250 0.013750 0.007500
6 0.499375 0.645625 0.016250 0.006250
6 0.543125 0.653125 0.013750 0.006250
6 0.536250 0.829375 0.015000 0.006250
6 0.496875 0.658750 0.013750 0.007500
6 0.499375 0.651875 0.013750 0.006250
6 0.510625 0.659375 0.013750 0.006250
6 0.536250 0.823125 0.012500 0.006250
6 0.542500 0.660625 0.015000 0.003750
6 0.536250 0.803750 0.015000 0.007500
6 0.537500 0.789375 0.015000 0.006250
6 0.538125 0.775625 0.013750 0.006250
6 0.540625 0.700625 0.013750 0.006250
6 0.540625 0.686875 0.013750 0.008750
6 0.541875 0.674375 0.013750 0.006250
6 0.542500 0.668125 0.012500 0.006250
6 0.543125 0.621250 0.013750 0.005000
6 0.544375 0.613125 0.013750 0.006250
6 0.543750 0.605625 0.012500 0.006250
6 0.580000 0.562500 0.007500 0.012500
6 0.590625 0.606250 0.016250 0.010000
6 0.450000 0.561250 0.007500 0.012500
6 0.442500 0.559375 0.010000 0.013750
6 0.363125 0.551875 0.016250 0.008750
6 0.467500 0.576875 0.017500 0.008750
6 0.553750 0.561250 0.007500 0.015000
6 0.560000 0.561875 0.007500 0.013750
6 0.591250 0.573125 0.017500 0.008750
6 0.542500 0.599375 0.017500 0.008750
6 0.586875 0.530625 0.016250 0.006250
6 0.853750 0.627500 0.012500 0.015000
6 0.836875 0.621875 0.011250 0.016250
6 0.831250 0.560000 0.007500 0.012500
6 0.823750 0.560000 0.007500 0.010000
6 0.816875 0.558125 0.008750 0.013750
6 0.795625 0.557500 0.008750 0.015000
6 0.588125 0.614375 0.016250 0.008750
6 0.590000 0.622500 0.015000 0.007500
6 0.590625 0.628125 0.016250 0.006250
6 0.590625 0.633750 0.016250 0.005000
6 0.541875 0.591250 0.018750 0.007500
6 0.552500 0.769375 0.015000 0.006250
6 0.556250 0.680625 0.015000 0.006250
6 0.554375 0.666875 0.013750 0.006250
6 0.558750 0.647500 0.015000 0.005000
6 0.560000 0.591875 0.015000 0.006250
6 0.583125 0.825625 0.016250 0.006250
6 0.586250 0.722500 0.017500 0.010000
6 0.586875 0.700625 0.016250 0.006250
6 0.587500 0.689375 0.017500 0.006250
6 0.588750 0.675625 0.015000 0.006250
6 0.589375 0.669375 0.013750 0.006250
6 0.590625 0.661875 0.013750 0.006250
6 0.590000 0.655000 0.017500 0.007500
6 0.592500 0.648125 0.012500 0.006250
6 0.832500 0.526875 0.007500 0.013750
6 0.125625 0.959375 0.026250 0.006250
6 0.463750 0.720000 0.017500 0.007500
6 0.460625 0.712500 0.011250 0.007500
6 0.462500 0.705000 0.015000 0.005000
6 0.463125 0.698750 0.011250 0.005000
6 0.463750 0.693125 0.012500 0.008750
6 0.464375 0.685625 0.013750 0.008750
6 0.467500 0.672500 0.020000 0.007500
6 0.125625 0.967500 0.023750 0.007500
6 0.127500 0.952500 0.022500 0.007500
6 0.393125 0.915625 0.008750 0.016250
6 0.393125 0.937500 0.006250 0.020000
6 0.386250 0.935000 0.007500 0.017500
6 0.502500 0.944375 0.025000 0.008750
6 0.452500 0.939375 0.007500 0.023750
6 0.424375 0.931250 0.013750 0.027500
6 0.408750 0.916250 0.007500 0.012500
6 0.400625 0.915000 0.008750 0.017500
6 0.384375 0.915000 0.008750 0.017500
6 0.125625 0.943750 0.023750 0.007500
6 0.200000 0.974375 0.022500 0.008750
6 0.311875 0.975000 0.031250 0.010000
6 0.126250 0.918750 0.027500 0.010000
6 0.126250 0.926250 0.025000 0.010000
6 0.126250 0.935000 0.025000 0.007500
6 0.495000 0.700000 0.012500 0.007500
6 0.493750 0.693750 0.012500 0.005000
6 0.495625 0.686250 0.013750 0.005000
6 0.495625 0.678750 0.013750 0.005000
6 0.510000 0.672500 0.012500 0.007500
6 0.510000 0.679375 0.015000 0.006250
6 0.508750 0.700000 0.012500 0.007500
6 0.495625 0.712500 0.011250 0.007500
6 0.493750 0.726875 0.012500 0.006250
6 0.508125 0.734375 0.013750 0.008750
6 0.493125 0.747500 0.013750 0.005000
6 0.461250 0.759375 0.017500 0.006250
6 0.462500 0.767500 0.017500 0.005000
6 0.491250 0.775000 0.012500 0.005000
6 0.491875 0.801875 0.016250 0.008750
6 0.507500 0.801875 0.012500 0.006250
6 0.458125 0.870000 0.011250 0.007500
6 0.505000 0.823750 0.017500 0.007500
6 0.534375 0.858125 0.013750 0.006250
6 0.838750 0.526250 0.007500 0.012500
6 0.824375 0.526875 0.008750 0.013750
6 0.996250 0.235625 0.007500 0.011250
6 0.991875 0.185625 0.008750 0.011250
6 0.989375 0.235625 0.013750 0.013750
6 0.991250 0.218750 0.007500 0.012500
6 0.996875 0.220000 0.006250 0.015000
6 0.373125 0.173125 0.016250 0.006250
6 0.661875 0.191875 0.013750 0.006250
6 0.662500 0.164375 0.012500 0.006250
6 0.663750 0.145625 0.012500 0.006250
6 0.374375 0.203750 0.013750 0.007500
6 0.375625 0.195000 0.013750 0.007500
6 0.372500 0.186250 0.017500 0.005000
6 0.373750 0.180000 0.012500 0.005000
6 0.375625 0.165000 0.013750 0.007500
6 0.377500 0.159375 0.012500 0.006250
6 0.376875 0.151875 0.013750 0.006250
6 0.376875 0.146250 0.011250 0.005000
6 0.376875 0.139375 0.013750 0.006250
6 0.375625 0.133125 0.018750 0.006250
6 0.379375 0.123125 0.016250 0.008750
6 0.571250 0.093125 0.015000 0.006250
6 0.728125 0.126250 0.006250 0.017500
6 0.781875 0.126875 0.008750 0.016250
6 0.816875 0.128750 0.008750 0.015000
6 0.828750 0.128750 0.007500 0.017500
6 0.998125 0.138125 0.003750 0.013750
6 0.993125 0.138750 0.006250 0.012500
6 0.959375 0.136875 0.006250 0.013750
6 0.953750 0.138125 0.007500 0.013750
6 0.947500 0.138125 0.005000 0.013750
6 0.938125 0.137500 0.006250 0.012500
6 0.925000 0.136875 0.007500 0.013750
6 0.898750 0.134375 0.007500 0.013750
6 0.883750 0.133125 0.007500 0.016250
6 0.858750 0.143125 0.017500 0.006250
6 0.836250 0.126875 0.007500 0.016250
6 0.997500 0.186875 0.005000 0.011250
6 0.790625 0.528125 0.008750 0.011250
6 0.806250 0.160625 0.007500 0.011250
6 0.750625 0.174375 0.006250 0.016250
6 0.762500 0.174375 0.007500 0.018750
6 0.777500 0.175625 0.007500 0.013750
6 0.797500 0.174375 0.007500 0.013750
6 0.811250 0.175000 0.007500 0.015000
6 0.826250 0.178750 0.007500 0.015000
6 0.825625 0.161250 0.008750 0.015000
6 0.784375 0.160625 0.008750 0.013750
6 0.786875 0.208750 0.006250 0.012500
6 0.791250 0.159375 0.007500 0.016250
6 0.763125 0.158750 0.008750 0.012500
6 0.873750 0.215000 0.007500 0.012500
6 0.882500 0.216250 0.005000 0.012500
6 0.889375 0.216875 0.008750 0.013750
6 0.895625 0.215625 0.006250 0.013750
6 0.901250 0.216875 0.007500 0.013750
6 0.728750 0.174375 0.007500 0.013750
6 0.801250 0.209375 0.007500 0.013750
6 0.680000 0.559375 0.007500 0.013750
6 0.815000 0.210000 0.007500 0.012500
6 0.921250 0.264375 0.007500 0.016250
6 0.913750 0.263125 0.010000 0.011250
6 0.908125 0.261875 0.008750 0.016250
6 0.900625 0.261250 0.008750 0.015000
6 0.893750 0.263125 0.005000 0.013750
6 0.883125 0.261875 0.008750 0.013750
6 0.908125 0.216250 0.006250 0.015000
6 0.916250 0.215625 0.007500 0.011250
6 0.923125 0.217500 0.006250 0.015000
6 0.896875 0.168750 0.006250 0.012500
6 0.890000 0.168750 0.007500 0.010000
6 0.882500 0.166875 0.007500 0.016250
6 0.872500 0.153125 0.012500 0.011250
6 0.873750 0.166250 0.005000 0.012500
6 0.996875 0.171875 0.006250 0.011250
6 0.918125 0.182500 0.006250 0.012500
6 0.958750 0.171875 0.007500 0.013750
6 0.957500 0.186875 0.007500 0.013750
6 0.909375 0.168750 0.006250 0.015000
6 0.916875 0.170000 0.006250 0.010000
6 0.911250 0.181875 0.007500 0.013750
6 0.889375 0.183125 0.006250 0.013750
6 0.896250 0.181875 0.007500 0.013750
6 0.903750 0.182500 0.007500 0.012500
6 0.882500 0.183125 0.007500 0.013750
6 0.874375 0.181875 0.006250 0.013750
6 0.925000 0.182500 0.007500 0.012500
6 0.931250 0.182500 0.007500 0.015000
6 0.938125 0.182500 0.006250 0.012500
6 0.944375 0.182500 0.006250 0.015000
6 0.951250 0.183750 0.005000 0.012500
6 0.950625 0.170625 0.006250 0.011250
6 0.944375 0.168750 0.006250 0.012500
6 0.930000 0.168750 0.007500 0.012500
6 0.923750 0.170000 0.005000 0.010000
6 0.009375 0.095625 0.006250 0.011250
