6 0.976875 0.409375 0.018750 0.008750
6 0.841250 0.417500 0.027500 0.047500
6 0.873750 0.353125 0.037500 0.011250
6 0.941875 0.456250 0.021250 0.052500
6 0.813125 0.292500 0.021250 0.020000
6 0.711250 0.185625 0.045000 0.033750
6 0.981875 0.311875 0.018750 0.018750
6 0.986250 0.290000 0.017500 0.007500
6 0.988125 0.280625 0.018750 0.008750
6 0.990625 0.271250 0.018750 0.012500
6 0.976250 0.238125 0.020000 0.011250
6 0.818750 0.187500 0.027500 0.025000
6 0.743750 0.127500 0.030000 0.012500
6 0.760000 0.223750 0.020000 0.022500
6 0.727500 0.146875 0.010000 0.016250
6 0.719375 0.055625 0.023750 0.008750
6 0.644375 0.118125 0.016250 0.011250
6 0.497500 0.168750 0.017500 0.010000
6 0.655625 0.175625 0.016250 0.008750
