6 0.280625 0.820000 0.011250 0.035000
6 0.261875 0.890000 0.008750 0.020000
6 0.340625 0.959375 0.013750 0.016250
6 0.353125 0.713750 0.008750 0.017500
6 0.264375 0.625000 0.008750 0.012500
6 0.255625 0.625000 0.006250 0.012500
6 0.248125 0.625000 0.008750 0.012500
6 0.240625 0.625625 0.006250 0.011250
6 0.149375 0.677500 0.006250 0.017500
6 0.139375 0.680000 0.006250 0.015000
6 0.200000 0.628750 0.007500 0.015000
6 0.321875 0.635000 0.008750 0.015000
6 0.340000 0.640000 0.007500 0.017500
6 0.306875 0.631250 0.016250 0.007500
6 0.306875 0.639375 0.018750 0.006250
6 0.003125 0.786875 0.003750 0.013750
6 0.436875 0.951875 0.016250 0.008750
6 0.285000 0.580625 0.007500 0.013750
6 0.268750 0.586875 0.007500 0.016250
6 0.253750 0.589375 0.005000 0.013750
6 0.245625 0.589375 0.008750 0.016250
6 0.250000 0.639375 0.007500 0.016250
6 0.327500 0.433750 0.015000 0.007500
6 0.322500 0.373125 0.012500 0.006250
6 0.487500 0.310000 0.007500 0.017500
6 0.486875 0.328125 0.008750 0.016250
6 0.471250 0.328750 0.007500 0.015000
6 0.448750 0.331250 0.007500 0.017500
6 0.330625 0.480000 0.018750 0.007500
6 0.242500 0.640625 0.005000 0.013750
6 0.221250 0.641875 0.007500 0.013750
6 0.208750 0.640625 0.007500 0.016250
6 0.170625 0.593750 0.006250 0.022500
6 0.203750 0.590000 0.007500 0.017500
6 0.222500 0.589375 0.010000 0.023750
6 0.230000 0.588750 0.007500 0.015000
6 0.236875 0.589375 0.006250 0.016250
6 0.351875 0.435625 0.008750 0.016250
6 0.288125 0.434375 0.013750 0.008750
6 0.333750 0.501250 0.012500 0.007500
6 0.246875 0.329375 0.008750 0.016250
4 0.047500 0.899375 0.015000 0.016250
6 0.231875 0.331875 0.006250 0.011250
6 0.240000 0.330000 0.005000 0.012500
6 0.182500 0.350000 0.005000 0.012500
6 0.194375 0.336875 0.006250 0.013750
6 0.200625 0.336250 0.006250 0.012500
6 0.133750 0.305000 0.007500 0.017500
6 0.130625 0.353125 0.008750 0.018750
6 0.116875 0.352500 0.008750 0.015000
6 0.221250 0.348750 0.007500 0.017500
6 0.227500 0.346875 0.007500 0.016250
6 0.233125 0.345625 0.006250 0.013750
6 0.248125 0.344375 0.006250 0.013750
6 0.351875 0.767500 0.011250 0.007500
6 0.358125 0.831250 0.013750 0.007500
6 0.362500 0.908125 0.015000 0.008750
6 0.360000 0.861250 0.012500 0.007500
6 0.360000 0.855625 0.012500 0.006250
6 0.360000 0.847500 0.012500 0.007500
6 0.358750 0.837500 0.012500 0.007500
6 0.359375 0.825625 0.013750 0.008750
6 0.353125 0.774375 0.013750 0.006250
6 0.358125 0.815000 0.013750 0.007500
6 0.357500 0.809375 0.012500 0.006250
6 0.356250 0.804375 0.012500 0.006250
6 0.354375 0.800000 0.011250 0.007500
6 0.353750 0.792500 0.015000 0.007500
6 0.353125 0.786875 0.013750 0.006250
6 0.353125 0.780625 0.013750 0.008750
4 0.254375 0.953125 0.026250 0.031250
4 0.169375 0.960000 0.048750 0.055000
4 0.060000 0.982500 0.065000 0.035000
4 0.184375 0.842500 0.048750 0.055000
4 0.182500 0.781875 0.050000 0.053750
4 0.052500 0.695000 0.055000 0.055000
4 0.010625 0.698125 0.018750 0.056250
4 0.031875 0.585000 0.061250 0.070000
4 0.028750 0.498125 0.055000 0.066250
