6 0.208125 0.997500 0.023750 0.005000
6 0.180625 0.997500 0.023750 0.005000
6 0.119375 0.998125 0.023750 0.003750
6 0.652500 0.700625 0.022500 0.021250
6 0.657500 0.737500 0.027500 0.015000
6 0.519375 0.622500 0.026250 0.010000
6 0.555000 0.598125 0.010000 0.026250
6 0.539375 0.600625 0.008750 0.026250
6 0.583750 0.595625 0.010000 0.026250
6 0.593750 0.598125 0.010000 0.026250
6 0.602500 0.600000 0.010000 0.027500
6 0.673750 0.750000 0.025000 0.012500
6 0.675625 0.758125 0.023750 0.011250
