6 0.387500 0.995000 0.010000 0.010000
6 0.382500 0.960000 0.010000 0.012500
6 0.397500 0.954375 0.010000 0.013750
6 0.409375 0.951875 0.008750 0.011250
6 0.483750 0.828125 0.010000 0.013750
6 0.578750 0.430000 0.010000 0.015000
6 0.570000 0.470625 0.010000 0.013750
6 0.553125 0.499375 0.011250 0.013750
6 0.513125 0.630000 0.008750 0.012500
6 0.547500 0.702500 0.007500 0.012500
6 0.535000 0.706875 0.007500 0.011250
6 0.476250 0.709375 0.010000 0.013750
6 0.467500 0.864375 0.010000 0.011250
6 0.408750 0.931250 0.012500 0.015000
6 0.428125 0.879375 0.008750 0.011250
6 0.471250 0.959375 0.010000 0.013750
6 0.458750 0.943125 0.007500 0.013750
6 0.648750 0.455625 0.010000 0.013750
6 0.539375 0.540625 0.008750 0.013750
6 0.543750 0.554375 0.007500 0.011250
6 0.673125 0.257500 0.011250 0.012500
5 0.936875 0.628750 0.033750 0.037500
6 0.694375 0.201875 0.008750 0.013750
6 0.686250 0.205625 0.010000 0.013750
6 0.436875 0.971875 0.011250 0.011250
