6 0.248125 0.532500 0.026250 0.022500
6 0.026875 0.022500 0.023750 0.020000
6 0.138125 0.438125 0.013750 0.023750
6 0.113750 0.500000 0.025000 0.012500
6 0.091250 0.526250 0.020000 0.022500
6 0.105000 0.523125 0.022500 0.026250
6 0.121250 0.520625 0.017500 0.026250
6 0.153750 0.528750 0.022500 0.012500
6 0.180625 0.530625 0.023750 0.011250
6 0.266875 0.527500 0.013750 0.025000
6 0.243750 0.547500 0.025000 0.025000
6 0.245000 0.563750 0.025000 0.025000
6 0.140000 0.566875 0.025000 0.013750
6 0.115000 0.568125 0.025000 0.013750
6 0.071250 0.550625 0.025000 0.011250
6 0.070625 0.573750 0.023750 0.012500
6 0.112500 0.579375 0.022500 0.011250
6 0.068750 0.587500 0.020000 0.012500
6 0.613750 0.052500 0.017500 0.095000
6 0.845000 0.005000 0.015000 0.007500
6 0.880625 0.005000 0.016250 0.007500
6 0.898750 0.004375 0.015000 0.006250
6 0.932500 0.005625 0.015000 0.008750
6 0.525000 0.054375 0.015000 0.093750
6 0.542500 0.056250 0.017500 0.092500
6 0.560000 0.053750 0.017500 0.092500
6 0.595625 0.055000 0.016250 0.092500
6 0.647500 0.057500 0.015000 0.092500
6 0.666250 0.053750 0.015000 0.095000
6 0.683750 0.055625 0.017500 0.093750
6 0.719375 0.058125 0.016250 0.093750
6 0.735625 0.060625 0.016250 0.091250
6 0.755625 0.059375 0.018750 0.091250
6 0.771875 0.059375 0.016250 0.091250
6 0.806875 0.060000 0.016250 0.095000
6 0.841875 0.062500 0.016250 0.092500
6 0.826875 0.005625 0.016250 0.008750
6 0.525000 0.001250 0.015000 0.000000
6 0.879375 0.060625 0.016250 0.093750
6 0.348125 0.048750 0.018750 0.090000
6 0.438750 0.002500 0.015000 0.002500
6 0.331875 0.051250 0.016250 0.090000
6 0.366250 0.049375 0.015000 0.088750
6 0.508125 0.001875 0.016250 0.001250
6 0.240000 0.063750 0.015000 0.065000
6 0.403125 0.051875 0.018750 0.093750
6 0.420000 0.050000 0.015000 0.092500
6 0.455000 0.051250 0.017500 0.092500
6 0.859375 0.062500 0.016250 0.092500
6 0.896875 0.061250 0.016250 0.092500
6 0.966250 0.067500 0.020000 0.092500
6 0.995625 0.069375 0.008750 0.091250
6 0.958750 0.239375 0.062500 0.018750
6 0.984375 0.006875 0.013750 0.011250
6 0.967500 0.005625 0.015000 0.008750
6 0.556250 0.583750 0.015000 0.060000
6 0.590000 0.584375 0.015000 0.061250
6 0.609375 0.585000 0.016250 0.060000
6 0.625625 0.585625 0.016250 0.061250
6 0.678125 0.586250 0.016250 0.062500
6 0.695625 0.587500 0.013750 0.060000
6 0.765000 0.588125 0.017500 0.061250
6 0.949375 0.005625 0.013750 0.008750
6 0.113125 0.590625 0.021250 0.011250
6 0.178750 0.587500 0.015000 0.022500
6 0.114375 0.604375 0.021250 0.011250
6 0.283750 0.567500 0.025000 0.020000
6 0.084375 0.436250 0.011250 0.020000
6 0.361875 0.736875 0.011250 0.023750
6 0.110000 0.706250 0.020000 0.010000
6 0.137500 0.707500 0.022500 0.010000
6 0.112500 0.718750 0.020000 0.010000
6 0.061250 0.726875 0.022500 0.011250
6 0.067500 0.881875 0.025000 0.013750
6 0.138125 0.612500 0.026250 0.010000
6 0.217500 0.705625 0.020000 0.011250
6 0.280625 0.670625 0.023750 0.021250
6 0.240625 0.681875 0.023750 0.013750
6 0.282500 0.683750 0.025000 0.020000
6 0.239375 0.697500 0.023750 0.012500
6 0.218125 0.679375 0.021250 0.011250
6 0.217500 0.669375 0.022500 0.011250
6 0.179375 0.692500 0.013750 0.027500
6 0.218750 0.693125 0.020000 0.013750
6 0.140000 0.668750 0.022500 0.012500
6 0.216875 0.656250 0.021250 0.012500
6 0.141875 0.680625 0.018750 0.011250
6 0.140625 0.691875 0.021250 0.011250
6 0.111875 0.681250 0.018750 0.010000
6 0.136875 0.721875 0.026250 0.011250
6 0.177500 0.719375 0.012500 0.028750
6 0.137500 0.735625 0.017500 0.011250
6 0.135625 0.748750 0.021250 0.012500
6 0.136875 0.763125 0.021250 0.013750
6 0.241875 0.665625 0.026250 0.016250
6 0.138125 0.656250 0.026250 0.015000
6 0.216250 0.730000 0.025000 0.015000
6 0.218750 0.632500 0.020000 0.010000
6 0.178750 0.611250 0.012500 0.025000
6 0.218750 0.608750 0.022500 0.012500
6 0.242500 0.595625 0.027500 0.021250
6 0.243750 0.581875 0.027500 0.021250
6 0.284375 0.582500 0.023750 0.017500
6 0.285000 0.595625 0.022500 0.018750
6 0.283750 0.609375 0.022500 0.016250
6 0.178750 0.639375 0.010000 0.021250
6 0.218125 0.619375 0.023750 0.011250
6 0.063750 0.652500 0.025000 0.015000
6 0.218750 0.643125 0.022500 0.011250
6 0.242500 0.649375 0.025000 0.016250
6 0.114375 0.615625 0.023750 0.011250
6 0.116250 0.626875 0.025000 0.013750
6 0.139375 0.632500 0.023750 0.012500
6 0.065625 0.615000 0.026250 0.012500
6 0.068750 0.627500 0.025000 0.012500
6 0.113125 0.638750 0.023750 0.015000
6 0.176875 0.746875 0.011250 0.023750
6 0.217500 0.716875 0.022500 0.011250
6 0.230625 0.868750 0.018750 0.012500
6 0.215625 0.802500 0.021250 0.010000
6 0.280625 0.798750 0.023750 0.020000
6 0.279375 0.812500 0.023750 0.020000
6 0.215625 0.779375 0.023750 0.013750
6 0.240625 0.781250 0.021250 0.012500
6 0.239375 0.791875 0.021250 0.011250
6 0.238750 0.803750 0.022500 0.010000
6 0.239375 0.815000 0.018750 0.012500
6 0.215625 0.814375 0.018750 0.011250
6 0.214375 0.790625 0.023750 0.011250
6 0.282500 0.770000 0.022500 0.020000
6 0.108750 0.810000 0.022500 0.012500
6 0.139375 0.808750 0.021250 0.010000
6 0.054375 0.821250 0.021250 0.012500
6 0.107500 0.838750 0.022500 0.010000
6 0.081875 0.866250 0.026250 0.012500
6 0.108125 0.865000 0.023750 0.012500
6 0.137500 0.865000 0.025000 0.015000
6 0.208125 0.867500 0.021250 0.012500
6 0.282500 0.784375 0.020000 0.018750
6 0.281875 0.756875 0.023750 0.021250
6 0.240625 0.727500 0.023750 0.012500
6 0.056875 0.753750 0.026250 0.012500
6 0.281250 0.728750 0.025000 0.020000
6 0.240625 0.741250 0.021250 0.010000
6 0.281250 0.743125 0.020000 0.018750
6 0.218750 0.743125 0.020000 0.011250
6 0.064375 0.712500 0.023750 0.015000
6 0.110625 0.731875 0.021250 0.011250
6 0.110000 0.744375 0.025000 0.011250
6 0.110625 0.757500 0.026250 0.015000
6 0.056250 0.768125 0.025000 0.013750
6 0.240000 0.755000 0.022500 0.012500
6 0.057500 0.781875 0.022500 0.011250
6 0.108750 0.783125 0.025000 0.013750
6 0.136875 0.773125 0.023750 0.011250
6 0.136250 0.785625 0.025000 0.013750
6 0.138125 0.798125 0.021250 0.011250
6 0.177500 0.802500 0.012500 0.022500
6 0.215000 0.767500 0.020000 0.010000
6 0.238750 0.768125 0.022500 0.011250
