6 0.986250 0.340625 0.025000 0.031250
6 0.857500 0.447500 0.047500 0.040000
6 0.916875 0.406250 0.023750 0.020000
6 0.932500 0.418750 0.030000 0.025000
6 0.476250 0.028125 0.012500 0.031250
6 0.158750 0.060625 0.012500 0.023750
6 0.128125 0.061875 0.008750 0.026250
6 0.116250 0.064375 0.015000 0.026250
6 0.151875 0.010625 0.011250 0.018750
6 0.139375 0.010625 0.013750 0.018750
6 0.123750 0.012500 0.012500 0.022500
3 0.205000 0.422500 0.050000 0.017500
3 0.186875 0.510625 0.041250 0.023750
3 0.105625 0.591250 0.046250 0.027500
6 0.995625 0.194375 0.008750 0.013750
3 0.980625 0.374375 0.038750 0.018750
