6 0.858750 0.570625 0.010000 0.018750
6 0.973750 0.547500 0.010000 0.020000
6 0.366250 0.301875 0.012500 0.008750
6 0.358750 0.304375 0.015000 0.008750
6 0.364375 0.312500 0.016250 0.010000
6 0.321250 0.261250 0.015000 0.007500
3 0.390000 0.462500 0.027500 0.060000
3 0.750625 0.852500 0.061250 0.030000
3 0.744375 0.886875 0.056250 0.031250
3 0.728750 0.938750 0.060000 0.032500
3 0.690000 0.966250 0.112500 0.042500
6 0.178125 0.288750 0.018750 0.010000
6 0.288125 0.286875 0.016250 0.011250
6 0.286250 0.295000 0.020000 0.010000
6 0.285625 0.303750 0.018750 0.010000
6 0.282500 0.320000 0.017500 0.010000
6 0.281875 0.325625 0.013750 0.008750
6 0.280000 0.331875 0.015000 0.008750
6 0.278125 0.337500 0.016250 0.010000
6 0.278125 0.342500 0.016250 0.010000
6 0.241875 0.343750 0.008750 0.015000
6 0.237500 0.342500 0.010000 0.015000
6 0.231875 0.339375 0.008750 0.013750
6 0.225625 0.338750 0.008750 0.015000
6 0.221250 0.336875 0.010000 0.013750
6 0.215625 0.336250 0.008750 0.015000
6 0.206875 0.335625 0.011250 0.013750
6 0.310625 0.294375 0.016250 0.006250
6 0.313750 0.288125 0.015000 0.008750
6 0.315625 0.283750 0.013750 0.010000
6 0.316250 0.277500 0.015000 0.007500
6 0.317500 0.272500 0.015000 0.007500
6 0.318750 0.266875 0.015000 0.008750
6 0.176875 0.296875 0.018750 0.008750
6 0.258750 0.256250 0.015000 0.020000
6 0.249375 0.253750 0.013750 0.017500
6 0.120625 0.192500 0.013750 0.010000
6 0.155000 0.268750 0.012500 0.010000
6 0.153750 0.275625 0.015000 0.008750
6 0.151250 0.283125 0.012500 0.008750
6 0.149375 0.290000 0.013750 0.007500
6 0.148125 0.297500 0.013750 0.007500
6 0.026250 0.236875 0.012500 0.008750
6 0.020625 0.229375 0.013750 0.006250
6 0.168750 0.274375 0.015000 0.008750
6 0.166875 0.280000 0.013750 0.007500
6 0.163125 0.286250 0.011250 0.007500
6 0.161875 0.293750 0.013750 0.007500
6 0.183750 0.270625 0.017500 0.018750
6 0.189375 0.265000 0.016250 0.017500
6 0.195000 0.261250 0.015000 0.017500
6 0.203750 0.261875 0.015000 0.018750
6 0.211875 0.262500 0.016250 0.017500
6 0.219375 0.261875 0.016250 0.018750
6 0.226250 0.258750 0.017500 0.020000
6 0.235000 0.256875 0.015000 0.018750
6 0.242500 0.256250 0.015000 0.017500
6 0.359375 0.371875 0.008750 0.016250
6 0.310000 0.358125 0.012500 0.018750
3 0.492500 0.430000 0.017500 0.012500
3 0.534375 0.440000 0.021250 0.012500
3 0.565625 0.448125 0.021250 0.008750
3 0.598750 0.423125 0.022500 0.013750
3 0.619375 0.461250 0.018750 0.010000
6 0.552500 0.427500 0.010000 0.015000
6 0.646875 0.453750 0.008750 0.017500
6 0.651250 0.434375 0.007500 0.016250
6 0.785000 0.465000 0.010000 0.015000
6 0.951875 0.543125 0.008750 0.016250
6 0.961875 0.545000 0.008750 0.017500
6 0.968125 0.599375 0.008750 0.013750
