6 0.452500 0.598750 0.012500 0.022500
6 0.348125 0.105000 0.021250 0.012500
6 0.230000 0.215000 0.025000 0.012500
6 0.233750 0.201875 0.027500 0.011250
6 0.233125 0.190000 0.023750 0.012500
6 0.173750 0.210625 0.025000 0.013750
6 0.172500 0.198125 0.025000 0.013750
6 0.174375 0.183750 0.023750 0.012500
6 0.176250 0.171250 0.025000 0.012500
6 0.258750 0.138750 0.022500 0.012500
6 0.179375 0.135000 0.023750 0.012500
6 0.349375 0.078750 0.021250 0.012500
6 0.342500 0.156250 0.022500 0.010000
6 0.235625 0.111875 0.021250 0.011250
6 0.265625 0.050000 0.023750 0.012500
6 0.255625 0.215000 0.021250 0.012500
6 0.341875 0.180625 0.023750 0.013750
6 0.455625 0.534375 0.013750 0.026250
6 0.400625 0.209375 0.021250 0.011250
6 0.462500 0.388125 0.012500 0.026250
6 0.575625 0.068750 0.018750 0.027500
6 0.559375 0.072500 0.018750 0.022500
6 0.526250 0.067500 0.022500 0.030000
6 0.465000 0.273750 0.012500 0.025000
6 0.469375 0.165625 0.011250 0.026250
6 0.403750 0.120000 0.025000 0.012500
6 0.345625 0.245625 0.023750 0.011250
6 0.317500 0.243750 0.022500 0.012500
6 0.173750 0.236875 0.022500 0.011250
6 0.345000 0.192500 0.022500 0.012500
6 0.231250 0.240625 0.022500 0.011250
6 0.256250 0.240000 0.022500 0.010000
6 0.257500 0.227500 0.025000 0.010000
6 0.341875 0.231875 0.023750 0.013750
6 0.399375 0.196250 0.023750 0.012500
6 0.314375 0.228750 0.026250 0.015000
6 0.342500 0.218125 0.017500 0.011250
6 0.316875 0.205000 0.021250 0.012500
6 0.318125 0.180625 0.023750 0.016250
