6 0.808750 0.172500 0.015000 0.027500
6 0.810625 0.088750 0.011250 0.020000
6 0.810000 0.043750 0.012500 0.025000
6 0.626250 0.268125 0.025000 0.023750
6 0.227500 0.990625 0.025000 0.013750
6 0.075000 0.987500 0.025000 0.015000
6 0.040000 0.987500 0.032500 0.015000
6 0.844375 0.150625 0.011250 0.028750
6 0.844375 0.113125 0.011250 0.023750
6 0.846250 0.074375 0.012500 0.026250
6 0.822500 0.615000 0.022500 0.022500
6 0.883750 0.493750 0.027500 0.012500
6 0.846875 0.044375 0.013750 0.031250
6 0.796250 0.661875 0.027500 0.031250
6 0.841250 0.286250 0.010000 0.025000
6 0.841250 0.255625 0.010000 0.031250
6 0.909375 0.346875 0.011250 0.023750
6 0.843125 0.226250 0.008750 0.025000
6 0.844375 0.188750 0.011250 0.027500
