6 0.205000 0.838750 0.022500 0.012500
6 0.341250 0.611875 0.030000 0.051250
6 0.678125 0.276250 0.023750 0.022500
6 0.699375 0.298125 0.021250 0.018750
6 0.766250 0.291250 0.012500 0.022500
6 0.560625 0.306250 0.021250 0.025000
6 0.355625 0.841250 0.023750 0.010000
6 0.451875 0.839375 0.023750 0.013750
6 0.628750 0.831250 0.025000 0.012500
6 0.705625 0.831875 0.021250 0.011250
6 0.173125 0.890000 0.023750 0.020000
6 0.188750 0.898750 0.022500 0.020000
6 0.198125 0.914375 0.023750 0.018750
6 0.573125 0.312500 0.018750 0.022500
6 0.021250 0.608125 0.015000 0.023750
6 0.094375 0.650625 0.016250 0.026250
6 0.186875 0.678750 0.011250 0.032500
