6 0.938750 0.720625 0.015000 0.016250
6 0.913125 0.607500 0.016250 0.007500
6 0.912500 0.623125 0.015000 0.006250
6 0.913125 0.628750 0.013750 0.007500
6 0.914375 0.635625 0.011250 0.006250
6 0.876875 0.617500 0.013750 0.007500
6 0.878125 0.610000 0.013750 0.007500
6 0.875625 0.576250 0.013750 0.007500
6 0.876250 0.583125 0.012500 0.006250
6 0.862500 0.591250 0.012500 0.007500
6 0.863750 0.598125 0.012500 0.006250
6 0.864375 0.604375 0.011250 0.006250
6 0.863750 0.611250 0.012500 0.007500
6 0.859375 0.636875 0.023750 0.018750
6 0.990000 0.754375 0.020000 0.016250
6 0.895625 0.710625 0.008750 0.013750
6 0.890000 0.713750 0.010000 0.012500
6 0.879375 0.722500 0.011250 0.012500
6 0.905625 0.703125 0.013750 0.016250
6 0.928125 0.691875 0.013750 0.016250
6 0.913125 0.595625 0.016250 0.006250
6 0.912500 0.587500 0.017500 0.007500
6 0.912500 0.580625 0.015000 0.006250
6 0.911250 0.567500 0.015000 0.005000
6 0.910625 0.553750 0.016250 0.007500
6 0.910000 0.561250 0.017500 0.007500
6 0.938125 0.701250 0.016250 0.015000
6 0.933125 0.725625 0.011250 0.013750
6 0.926875 0.727500 0.011250 0.015000
6 0.982500 0.983750 0.015000 0.007500
6 0.965625 0.986875 0.011250 0.006250
6 0.940625 0.986875 0.011250 0.006250
6 0.996875 0.984375 0.006250 0.011250
6 0.776250 0.781875 0.012500 0.016250
6 0.916875 0.733750 0.013750 0.015000
6 0.899375 0.743125 0.018750 0.021250
6 0.840625 0.745625 0.011250 0.013750
6 0.862500 0.731250 0.012500 0.015000
6 0.824375 0.755625 0.011250 0.013750
6 0.813750 0.762500 0.010000 0.012500
6 0.801875 0.767500 0.011250 0.012500
6 0.796250 0.772500 0.010000 0.012500
6 0.845625 0.778750 0.011250 0.012500
6 0.685625 0.841250 0.011250 0.012500
6 0.841250 0.783125 0.012500 0.013750
6 0.879375 0.756875 0.011250 0.013750
6 0.863750 0.770000 0.012500 0.015000
6 0.726250 0.816250 0.010000 0.015000
6 0.736250 0.810000 0.012500 0.015000
6 0.720625 0.818125 0.008750 0.013750
6 0.715000 0.823125 0.007500 0.013750
6 0.708125 0.828125 0.011250 0.013750
6 0.414375 0.996875 0.008750 0.006250
6 0.421250 0.993750 0.010000 0.012500
6 0.482500 0.956250 0.010000 0.012500
6 0.541875 0.919375 0.011250 0.013750
6 0.536875 0.923750 0.011250 0.012500
6 0.532500 0.928125 0.010000 0.013750
6 0.527500 0.931250 0.010000 0.012500
6 0.521250 0.935000 0.012500 0.015000
6 0.516250 0.936875 0.010000 0.011250
6 0.510625 0.940625 0.011250 0.013750
6 0.499375 0.948750 0.011250 0.012500
6 0.477500 0.961875 0.012500 0.013750
6 0.427500 0.991250 0.012500 0.012500
6 0.465625 0.968125 0.011250 0.013750
6 0.476250 0.855000 0.012500 0.012500
6 0.468125 0.861250 0.013750 0.010000
6 0.462500 0.868125 0.015000 0.011250
6 0.453125 0.875000 0.016250 0.010000
6 0.433750 0.886250 0.017500 0.010000
6 0.443125 0.981250 0.011250 0.015000
6 0.431875 0.986250 0.011250 0.012500
6 0.131250 0.988750 0.010000 0.012500
6 0.925625 0.464375 0.008750 0.038750
6 0.905000 0.480000 0.010000 0.045000
6 0.820625 0.531875 0.008750 0.038750
6 0.863750 0.391875 0.027500 0.036250
6 0.838750 0.407500 0.027500 0.037500
6 0.812500 0.424375 0.027500 0.036250
6 0.795625 0.433125 0.028750 0.036250
6 0.741875 0.463750 0.023750 0.032500
6 0.718125 0.482500 0.026250 0.035000
6 0.675000 0.507500 0.027500 0.037500
6 0.650000 0.524375 0.027500 0.036250
6 0.550000 0.586875 0.027500 0.036250
6 0.426250 0.812500 0.045000 0.015000
6 0.376250 0.838750 0.047500 0.020000
6 0.366875 0.846875 0.043750 0.016250
6 0.366875 0.865000 0.031250 0.010000
6 0.219375 0.811875 0.051250 0.021250
6 0.208750 0.819375 0.040000 0.018750
6 0.198750 0.826875 0.045000 0.021250
6 0.915000 0.360000 0.027500 0.037500
6 0.924375 0.353750 0.028750 0.037500
6 0.043125 0.833125 0.011250 0.016250
6 0.123125 0.990625 0.008750 0.011250
6 0.013750 0.879375 0.010000 0.013750
6 0.113750 0.920625 0.017500 0.023750
6 0.023125 0.899375 0.016250 0.023750
6 0.032500 0.898750 0.015000 0.022500
6 0.056250 0.889375 0.017500 0.023750
6 0.032500 0.867500 0.010000 0.015000
6 0.036875 0.836875 0.011250 0.013750
6 0.097500 0.820625 0.015000 0.021250
4 0.461875 0.267500 0.028750 0.030000
4 0.437500 0.283750 0.030000 0.030000
6 0.905625 0.992500 0.046250 0.015000
6 0.686250 0.145625 0.027500 0.036250
6 0.548750 0.917500 0.010000 0.012500
6 0.553750 0.913125 0.012500 0.013750
6 0.560625 0.911250 0.011250 0.012500
6 0.618125 0.900000 0.016250 0.012500
6 0.581875 0.984375 0.011250 0.013750
6 0.603125 0.971875 0.011250 0.016250
6 0.610625 0.968125 0.011250 0.016250
6 0.559375 0.995625 0.008750 0.008750
6 0.551250 0.997500 0.007500 0.005000
6 0.749375 0.840625 0.011250 0.013750
6 0.813125 0.796875 0.011250 0.013750
6 0.796875 0.810000 0.013750 0.012500
6 0.735625 0.849375 0.008750 0.016250
6 0.729375 0.851875 0.006250 0.013750
6 0.725625 0.853750 0.011250 0.012500
6 0.719375 0.858125 0.011250 0.011250
6 0.714375 0.860625 0.011250 0.013750
6 0.708750 0.865000 0.010000 0.015000
6 0.702500 0.868125 0.012500 0.016250
6 0.600000 0.939375 0.012500 0.013750
6 0.554375 0.950625 0.011250 0.016250
6 0.544375 0.971875 0.011250 0.013750
6 0.549375 0.968125 0.011250 0.013750
6 0.555625 0.965000 0.011250 0.015000
6 0.565000 0.956875 0.010000 0.013750
6 0.571875 0.956250 0.013750 0.015000
6 0.582500 0.947500 0.010000 0.012500
6 0.606875 0.935625 0.011250 0.016250
6 0.565625 0.944375 0.011250 0.013750
6 0.538125 0.961250 0.011250 0.015000
6 0.571250 0.940625 0.012500 0.013750
6 0.580625 0.933125 0.011250 0.013750
6 0.587500 0.928750 0.010000 0.012500
6 0.592500 0.926875 0.010000 0.013750
6 0.599375 0.922500 0.011250 0.015000
6 0.638125 0.928125 0.011250 0.011250
6 0.628125 0.918750 0.016250 0.012500
6 0.623125 0.905000 0.011250 0.010000
6 0.543750 0.958125 0.010000 0.013750
6 0.531875 0.965000 0.011250 0.015000
6 0.486875 0.990000 0.011250 0.015000
6 0.469375 0.996875 0.008750 0.006250
6 0.481250 0.993125 0.010000 0.013750
6 0.491250 0.985625 0.012500 0.016250
6 0.526875 0.968125 0.011250 0.013750
6 0.505000 0.993750 0.012500 0.012500
6 0.504375 0.980625 0.011250 0.013750
6 0.511250 0.991875 0.010000 0.013750
6 0.510000 0.977500 0.010000 0.015000
6 0.516875 0.988750 0.011250 0.012500
6 0.513750 0.973125 0.010000 0.013750
6 0.528125 0.983125 0.011250 0.013750
6 0.532500 0.978750 0.010000 0.012500
6 0.996875 0.636250 0.006250 0.010000
6 0.995000 0.641875 0.010000 0.013750
6 0.990000 0.644375 0.012500 0.013750
6 0.983750 0.648125 0.012500 0.013750
6 0.975625 0.653125 0.011250 0.013750
6 0.990625 0.659375 0.011250 0.013750
6 0.995625 0.656250 0.008750 0.012500
6 0.990000 0.608750 0.010000 0.012500
6 0.995000 0.605000 0.010000 0.012500
6 0.985625 0.612500 0.011250 0.012500
6 0.978125 0.615000 0.011250 0.015000
6 0.973125 0.618750 0.011250 0.015000
6 0.967500 0.623125 0.010000 0.016250
6 0.962500 0.626250 0.010000 0.015000
6 0.957500 0.641875 0.015000 0.011250
6 0.989375 0.539375 0.011250 0.013750
6 0.996250 0.536250 0.007500 0.012500
6 0.943125 0.535625 0.011250 0.013750
6 0.949375 0.530625 0.011250 0.013750
6 0.955000 0.526250 0.010000 0.012500
6 0.960000 0.523125 0.010000 0.011250
6 0.996250 0.500000 0.007500 0.012500
6 0.993125 0.503750 0.008750 0.012500
6 0.986875 0.506875 0.011250 0.013750
6 0.981250 0.511250 0.010000 0.012500
6 0.976250 0.514375 0.010000 0.011250
6 0.971250 0.516875 0.010000 0.011250
6 0.965625 0.521250 0.011250 0.015000
6 0.997500 0.585625 0.005000 0.011250
6 0.988125 0.593125 0.011250 0.013750
6 0.994375 0.590625 0.011250 0.013750
6 0.983125 0.596875 0.011250 0.013750
6 0.988125 0.556875 0.011250 0.013750
6 0.996875 0.549375 0.006250 0.013750
6 0.993125 0.553750 0.011250 0.015000
6 0.983125 0.560625 0.011250 0.013750
6 0.976875 0.600000 0.011250 0.015000
6 0.977500 0.563750 0.010000 0.012500
6 0.971875 0.568750 0.008750 0.015000
6 0.966250 0.570000 0.010000 0.012500
6 0.961875 0.575625 0.008750 0.013750
6 0.955625 0.576875 0.008750 0.013750
6 0.960625 0.611875 0.008750 0.013750
6 0.965625 0.606250 0.011250 0.012500
6 0.971875 0.603750 0.011250 0.012500
6 0.191875 0.837500 0.046250 0.020000
