6 0.714375 0.098750 0.016250 0.025000
6 0.234375 0.150000 0.011250 0.025000
6 0.349375 0.135000 0.016250 0.027500
6 0.311250 0.128125 0.012500 0.021250
6 0.285625 0.129375 0.011250 0.021250
6 0.236875 0.120000 0.013750 0.025000
6 0.210000 0.142500 0.012500 0.025000
6 0.184375 0.140625 0.016250 0.023750
6 0.158750 0.137500 0.012500 0.020000
6 0.200000 0.208125 0.015000 0.026250
6 0.250625 0.213125 0.011250 0.023750
6 0.238750 0.215625 0.012500 0.021250
6 0.226250 0.213125 0.010000 0.023750
6 0.214375 0.211250 0.013750 0.025000
6 0.353125 0.071875 0.013750 0.031250
6 0.272500 0.128125 0.012500 0.023750
6 0.222500 0.147500 0.012500 0.025000
6 0.320625 0.154375 0.013750 0.023750
6 0.197500 0.147500 0.012500 0.022500
6 0.143750 0.138750 0.015000 0.022500
6 0.295625 0.154375 0.013750 0.021250
6 0.333750 0.157500 0.012500 0.022500
6 0.355000 0.043125 0.015000 0.026250
6 0.275000 0.738125 0.010000 0.021250
6 0.336250 0.776875 0.012500 0.021250
6 0.322500 0.775625 0.012500 0.023750
6 0.308750 0.770625 0.012500 0.021250
6 0.296875 0.771250 0.011250 0.017500
6 0.274375 0.765625 0.011250 0.021250
6 0.261875 0.211250 0.013750 0.027500
6 0.716875 0.074375 0.013750 0.026250
6 0.710000 0.178125 0.015000 0.023750
6 0.681875 0.183125 0.013750 0.026250
6 0.701250 0.250625 0.012500 0.021250
6 0.688125 0.250000 0.011250 0.022500
6 0.675625 0.248750 0.013750 0.025000
6 0.651250 0.246250 0.015000 0.022500
6 0.625625 0.242500 0.013750 0.022500
6 0.420625 0.163125 0.011250 0.023750
6 0.407500 0.162500 0.012500 0.025000
6 0.395000 0.161875 0.012500 0.023750
6 0.382500 0.159375 0.012500 0.026250
6 0.369375 0.156250 0.018750 0.027500
6 0.286875 0.215625 0.013750 0.023750
