4 0.566875 0.340625 0.041250 0.041250
4 0.489375 0.305000 0.041250 0.045000
4 0.423125 0.258750 0.041250 0.042500
6 0.504375 0.853125 0.016250 0.016250
6 0.441875 0.602500 0.013750 0.012500
6 0.510000 0.655625 0.012500 0.013750
6 0.478750 0.631250 0.015000 0.012500
6 0.381250 0.639375 0.010000 0.011250
6 0.368750 0.631250 0.012500 0.010000
6 0.415625 0.671250 0.011250 0.012500
6 0.427500 0.680000 0.015000 0.015000
6 0.461875 0.698750 0.008750 0.012500
6 0.485000 0.721250 0.012500 0.017500
6 0.529375 0.670625 0.011250 0.011250
6 0.003125 0.815000 0.003750 0.007500
6 0.616875 0.747500 0.011250 0.012500
6 0.627500 0.846875 0.010000 0.013750
6 0.646250 0.860625 0.012500 0.016250
6 0.015000 0.750625 0.007500 0.013750
6 0.661875 0.881250 0.011250 0.015000
6 0.676250 0.896250 0.010000 0.015000
6 0.686875 0.904375 0.013750 0.013750
6 0.698125 0.912500 0.013750 0.017500
6 0.765625 0.965625 0.016250 0.016250
6 0.205625 0.712500 0.013750 0.012500
6 0.005625 0.755000 0.008750 0.015000
