6 0.637500 0.880625 0.015000 0.021250
6 0.967500 0.792500 0.007500 0.015000
6 0.953750 0.794375 0.007500 0.011250
6 0.890625 0.425000 0.013750 0.017500
6 0.784375 0.450000 0.011250 0.017500
6 0.644375 0.426250 0.016250 0.010000
6 0.648125 0.395000 0.016250 0.012500
6 0.600000 0.877500 0.007500 0.015000
6 0.710000 0.516875 0.015000 0.013750
6 0.903750 0.883750 0.010000 0.017500
6 0.948125 0.841250 0.006250 0.012500
6 0.960000 0.858750 0.007500 0.012500
6 0.614375 0.885625 0.013750 0.023750
6 0.930625 0.871250 0.008750 0.017500
6 0.880000 0.889375 0.010000 0.018750
