6 0.350000 0.021250 0.015000 0.007500
6 0.381250 0.013125 0.017500 0.006250
6 0.418750 0.941250 0.010000 0.012500
6 0.170625 0.555000 0.008750 0.012500
6 0.186250 0.418125 0.007500 0.013750
6 0.179375 0.418750 0.008750 0.012500
6 0.159375 0.418125 0.006250 0.011250
6 0.238750 0.472500 0.005000 0.010000
6 0.232500 0.473750 0.005000 0.012500
6 0.223125 0.473125 0.006250 0.013750
6 0.163750 0.472500 0.007500 0.012500
6 0.121875 0.496875 0.006250 0.016250
6 0.142500 0.498125 0.005000 0.013750
6 0.185625 0.500625 0.006250 0.011250
6 0.207500 0.500625 0.007500 0.013750
6 0.206250 0.551875 0.007500 0.011250
6 0.184375 0.553750 0.006250 0.012500
6 0.120625 0.552500 0.006250 0.012500
6 0.200000 0.420625 0.005000 0.011250
6 0.061875 0.391875 0.011250 0.003750
6 0.041875 0.439375 0.011250 0.006250
6 0.193125 0.419375 0.006250 0.013750
6 0.246875 0.421875 0.006250 0.011250
6 0.066875 0.015625 0.013750 0.008750
6 0.211250 0.015625 0.012500 0.006250
6 0.144375 0.018125 0.011250 0.006250
6 0.109375 0.026875 0.013750 0.006250
6 0.015625 0.020625 0.013750 0.006250
6 0.206875 0.418750 0.006250 0.015000
6 0.027500 0.030625 0.012500 0.006250
6 0.250000 0.694375 0.007500 0.016250
6 0.045625 0.317500 0.006250 0.015000
6 0.148125 0.388125 0.006250 0.013750
6 0.155625 0.388750 0.006250 0.012500
6 0.164375 0.391250 0.006250 0.012500
6 0.170625 0.390000 0.006250 0.010000
6 0.177500 0.390000 0.005000 0.010000
6 0.183750 0.391250 0.005000 0.010000
6 0.200625 0.391250 0.006250 0.012500
6 0.212500 0.391250 0.005000 0.012500
6 0.228750 0.392500 0.005000 0.010000
6 0.350625 0.012500 0.013750 0.005000
6 0.367500 0.021250 0.012500 0.005000
6 0.378125 0.030625 0.013750 0.006250
6 0.369375 0.900000 0.011250 0.015000
6 0.415625 0.925000 0.011250 0.010000
6 0.408750 0.926875 0.010000 0.011250
6 0.402500 0.929375 0.010000 0.011250
6 0.397500 0.933125 0.010000 0.011250
6 0.390625 0.936250 0.011250 0.012500
6 0.381875 0.907500 0.011250 0.012500
6 0.388125 0.905625 0.011250 0.013750
6 0.393125 0.901250 0.011250 0.012500
6 0.439375 0.875000 0.011250 0.012500
6 0.375625 0.912500 0.011250 0.012500
6 0.370625 0.916875 0.013750 0.013750
6 0.358750 0.908750 0.012500 0.015000
6 0.363750 0.905000 0.012500 0.012500
6 0.374375 0.896875 0.011250 0.013750
6 0.438125 0.910000 0.011250 0.012500
6 0.380625 0.893750 0.011250 0.015000
6 0.386875 0.890000 0.011250 0.012500
6 0.398750 0.898750 0.010000 0.012500
6 0.405625 0.896250 0.011250 0.012500
6 0.411875 0.892500 0.011250 0.012500
6 0.416875 0.888750 0.011250 0.012500
6 0.463125 0.860000 0.011250 0.015000
6 0.451875 0.866875 0.011250 0.011250
6 0.458125 0.863750 0.011250 0.012500
6 0.445000 0.871250 0.007500 0.012500
6 0.423125 0.885000 0.011250 0.012500
6 0.405000 0.880000 0.010000 0.012500
6 0.410625 0.876875 0.011250 0.013750
6 0.421875 0.920625 0.011250 0.013750
6 0.433750 0.915000 0.010000 0.012500
6 0.383750 0.021875 0.015000 0.006250
6 0.510000 0.886875 0.010000 0.013750
6 0.430000 0.933750 0.010000 0.012500
6 0.435625 0.930625 0.011250 0.013750
6 0.442500 0.926875 0.010000 0.013750
6 0.447500 0.924375 0.010000 0.013750
6 0.453125 0.920000 0.008750 0.012500
6 0.463750 0.913750 0.010000 0.012500
6 0.469375 0.909375 0.008750 0.011250
6 0.475000 0.908125 0.012500 0.013750
6 0.480625 0.903750 0.011250 0.012500
6 0.486875 0.900000 0.011250 0.012500
6 0.492500 0.896250 0.010000 0.012500
6 0.497500 0.891875 0.010000 0.011250
6 0.503750 0.890625 0.010000 0.011250
6 0.515000 0.881875 0.007500 0.011250
6 0.428750 0.917500 0.012500 0.012500
6 0.521250 0.878125 0.010000 0.011250
6 0.526250 0.876250 0.010000 0.012500
6 0.533125 0.872500 0.011250 0.012500
6 0.538750 0.868750 0.010000 0.012500
6 0.507500 0.868125 0.010000 0.011250
6 0.511875 0.864375 0.011250 0.011250
6 0.518750 0.861875 0.010000 0.013750
6 0.525000 0.858125 0.012500 0.013750
6 0.532500 0.855000 0.012500 0.012500
6 0.478125 0.885625 0.008750 0.011250
6 0.471875 0.890625 0.011250 0.013750
6 0.466875 0.893750 0.011250 0.012500
6 0.461250 0.898125 0.010000 0.011250
6 0.417500 0.873125 0.010000 0.013750
6 0.432500 0.863750 0.010000 0.012500
6 0.440000 0.860000 0.012500 0.012500
6 0.413750 0.737500 0.010000 0.007500
6 0.302500 0.945625 0.010000 0.011250
6 0.285625 0.861875 0.013750 0.016250
6 0.275625 0.847500 0.011250 0.012500
6 0.266875 0.832500 0.011250 0.015000
6 0.262500 0.814375 0.007500 0.013750
6 0.260625 0.798750 0.008750 0.012500
6 0.258750 0.784375 0.005000 0.011250
6 0.259375 0.762500 0.006250 0.015000
6 0.258750 0.747500 0.005000 0.012500
6 0.260625 0.731250 0.006250 0.012500
6 0.471875 0.769375 0.011250 0.011250
6 0.460625 0.761875 0.013750 0.011250
6 0.432500 0.745000 0.012500 0.010000
6 0.423125 0.676250 0.011250 0.007500
6 0.446875 0.855625 0.011250 0.011250
6 0.365000 0.720000 0.010000 0.007500
6 0.348125 0.715000 0.011250 0.007500
6 0.300625 0.706875 0.013750 0.006250
6 0.280625 0.706875 0.011250 0.006250
6 0.368750 0.556875 0.005000 0.011250
6 0.348125 0.558125 0.006250 0.013750
6 0.559375 0.520000 0.013750 0.015000
6 0.500000 0.325625 0.010000 0.011250
6 0.636875 0.137500 0.006250 0.012500
6 0.289375 0.075625 0.013750 0.013750
6 0.478750 0.091875 0.010000 0.013750
6 0.472500 0.075000 0.010000 0.012500
6 0.329375 0.011875 0.016250 0.006250
6 0.321875 0.965000 0.011250 0.012500
6 0.473125 0.806250 0.011250 0.012500
6 0.465625 0.809375 0.011250 0.011250
6 0.459375 0.811250 0.011250 0.012500
6 0.451250 0.851875 0.010000 0.011250
6 0.456250 0.848125 0.012500 0.013750
6 0.461875 0.845000 0.011250 0.012500
6 0.467500 0.841875 0.010000 0.011250
6 0.468125 0.857500 0.008750 0.012500
6 0.474375 0.853750 0.011250 0.012500
6 0.490625 0.841875 0.008750 0.011250
6 0.496250 0.838750 0.010000 0.012500
6 0.502500 0.836250 0.010000 0.015000
6 0.497500 0.826250 0.012500 0.012500
6 0.342500 0.881875 0.010000 0.013750
6 0.353750 0.874375 0.010000 0.011250
6 0.360000 0.870625 0.010000 0.011250
6 0.366875 0.868125 0.008750 0.011250
6 0.371875 0.865000 0.008750 0.012500
6 0.377500 0.860625 0.010000 0.011250
6 0.384375 0.858125 0.011250 0.013750
6 0.389375 0.854375 0.011250 0.013750
6 0.395625 0.851875 0.008750 0.013750
6 0.400000 0.847500 0.010000 0.012500
6 0.418125 0.835000 0.011250 0.010000
6 0.423750 0.832500 0.010000 0.012500
6 0.429375 0.828750 0.008750 0.012500
6 0.436250 0.826250 0.010000 0.012500
6 0.442500 0.823125 0.010000 0.011250
6 0.448125 0.820000 0.011250 0.012500
6 0.454375 0.815625 0.011250 0.013750
6 0.040000 0.119375 0.020000 0.048750
6 0.029375 0.651875 0.031250 0.011250
5 0.136875 0.430000 0.028750 0.027500
6 0.577500 0.438750 0.035000 0.050000
6 0.434375 0.330625 0.033750 0.046250
6 0.020000 0.364375 0.012500 0.006250
6 0.425000 0.937500 0.010000 0.012500
6 0.413125 0.945000 0.011250 0.012500
6 0.788125 0.480000 0.011250 0.017500
6 0.795000 0.412500 0.010000 0.005000
6 0.793750 0.406250 0.012500 0.007500
6 0.792500 0.398750 0.010000 0.005000
6 0.791250 0.385000 0.010000 0.005000
6 0.791875 0.378750 0.011250 0.007500
6 0.791250 0.373125 0.012500 0.006250
6 0.790000 0.365625 0.012500 0.006250
6 0.790000 0.359375 0.012500 0.006250
6 0.789375 0.352500 0.013750 0.005000
6 0.790625 0.345625 0.013750 0.006250
6 0.789375 0.338750 0.013750 0.005000
6 0.789375 0.333750 0.013750 0.005000
6 0.778125 0.460000 0.016250 0.010000
6 0.788125 0.490625 0.016250 0.008750
6 0.797500 0.425625 0.010000 0.006250
6 0.791250 0.500000 0.015000 0.010000
6 0.793750 0.509375 0.015000 0.008750
6 0.798125 0.517500 0.016250 0.007500
6 0.802500 0.526250 0.015000 0.010000
6 0.808125 0.536250 0.018750 0.012500
6 0.813125 0.546250 0.016250 0.012500
6 0.777500 0.450625 0.015000 0.011250
6 0.775625 0.442500 0.016250 0.012500
6 0.774375 0.433750 0.016250 0.012500
6 0.767500 0.406250 0.017500 0.015000
6 0.766875 0.396875 0.016250 0.013750
6 0.749375 0.366250 0.013750 0.007500
6 0.750625 0.381250 0.013750 0.007500
6 0.796250 0.420000 0.010000 0.005000
6 0.800625 0.433125 0.013750 0.006250
6 0.753125 0.401250 0.013750 0.005000
6 0.891250 0.585000 0.010000 0.015000
6 0.939375 0.580000 0.011250 0.007500
6 0.918750 0.579375 0.010000 0.016250
6 0.928125 0.600625 0.011250 0.013750
6 0.931250 0.608125 0.010000 0.011250
6 0.935625 0.615625 0.011250 0.011250
6 0.944375 0.630625 0.013750 0.008750
6 0.954375 0.644375 0.013750 0.008750
6 0.866875 0.592500 0.011250 0.010000
6 0.862500 0.585625 0.012500 0.011250
6 0.835625 0.538750 0.013750 0.010000
6 0.851875 0.568750 0.011250 0.010000
6 0.883750 0.623750 0.012500 0.015000
6 0.881250 0.617500 0.015000 0.012500
6 0.848750 0.562500 0.012500 0.010000
6 0.800000 0.440625 0.012500 0.006250
6 0.844375 0.555625 0.011250 0.008750
6 0.840625 0.550625 0.013750 0.011250
6 0.828750 0.524375 0.012500 0.011250
6 0.827500 0.518750 0.012500 0.010000
6 0.823750 0.511250 0.012500 0.007500
6 0.818125 0.500000 0.011250 0.007500
6 0.813750 0.486250 0.012500 0.007500
6 0.810625 0.480000 0.011250 0.007500
6 0.809375 0.472500 0.011250 0.007500
6 0.806875 0.466250 0.013750 0.007500
6 0.805000 0.460000 0.012500 0.007500
6 0.803125 0.453125 0.011250 0.006250
6 0.801250 0.446875 0.012500 0.006250
6 0.751250 0.394375 0.012500 0.006250
6 0.753125 0.408750 0.013750 0.007500
6 0.408125 0.948750 0.011250 0.012500
6 0.802500 0.618125 0.010000 0.008750
6 0.886250 0.676250 0.010000 0.012500
6 0.880625 0.679375 0.011250 0.013750
6 0.876250 0.683750 0.010000 0.012500
6 0.870000 0.686250 0.010000 0.012500
6 0.863750 0.688750 0.010000 0.012500
6 0.858125 0.692500 0.008750 0.010000
6 0.676875 0.635625 0.011250 0.013750
6 0.651875 0.582500 0.011250 0.012500
6 0.846250 0.691250 0.012500 0.010000
6 0.843125 0.683125 0.016250 0.011250
6 0.834375 0.673125 0.011250 0.011250
6 0.830625 0.668125 0.011250 0.008750
6 0.812500 0.638750 0.015000 0.012500
6 0.798125 0.613125 0.011250 0.008750
6 0.871250 0.646250 0.007500 0.015000
6 0.796250 0.606250 0.012500 0.010000
6 0.792500 0.595625 0.010000 0.008750
6 0.772500 0.569375 0.015000 0.011250
6 0.766250 0.555625 0.012500 0.011250
6 0.750625 0.527500 0.013750 0.007500
6 0.744375 0.495000 0.013750 0.007500
6 0.745000 0.485625 0.012500 0.008750
6 0.741875 0.476875 0.013750 0.008750
6 0.739375 0.469375 0.013750 0.008750
6 0.738125 0.464375 0.013750 0.008750
6 0.737500 0.457500 0.015000 0.007500
6 0.735625 0.450625 0.013750 0.008750
6 0.733750 0.443750 0.015000 0.007500
6 0.901875 0.669375 0.006250 0.016250
6 0.856250 0.657500 0.012500 0.007500
6 0.753750 0.418125 0.012500 0.006250
6 0.797500 0.555000 0.015000 0.012500
6 0.755625 0.429375 0.013750 0.008750
6 0.755625 0.435625 0.013750 0.008750
6 0.758750 0.442500 0.012500 0.007500
6 0.759375 0.448750 0.011250 0.005000
6 0.761250 0.455000 0.015000 0.007500
6 0.757500 0.478125 0.015000 0.008750
6 0.766250 0.483750 0.015000 0.012500
6 0.770000 0.490000 0.010000 0.007500
6 0.773125 0.495000 0.013750 0.010000
6 0.776875 0.501875 0.011250 0.008750
6 0.787500 0.531875 0.012500 0.008750
6 0.789375 0.540000 0.013750 0.010000
6 0.793125 0.546875 0.013750 0.011250
6 0.801875 0.564375 0.013750 0.011250
6 0.855000 0.650625 0.012500 0.011250
6 0.816875 0.556250 0.016250 0.010000
6 0.827500 0.573750 0.012500 0.015000
6 0.809375 0.579375 0.013750 0.011250
6 0.814375 0.586875 0.013750 0.011250
6 0.841250 0.596250 0.012500 0.015000
6 0.825625 0.601875 0.011250 0.011250
6 0.829375 0.615625 0.011250 0.008750
6 0.846250 0.608125 0.015000 0.011250
6 0.853125 0.618750 0.016250 0.010000
6 0.857500 0.629375 0.017500 0.011250
6 0.841875 0.632500 0.011250 0.010000
6 0.845625 0.639375 0.011250 0.011250
6 0.849375 0.645000 0.011250 0.010000
6 0.946875 0.591875 0.011250 0.008750
6 0.949375 0.596875 0.011250 0.008750
6 0.953125 0.603125 0.011250 0.011250
6 0.931875 0.376875 0.013750 0.006250
6 0.946875 0.461250 0.016250 0.007500
6 0.944375 0.456250 0.011250 0.007500
6 0.943125 0.448750 0.011250 0.005000
6 0.940000 0.436250 0.015000 0.010000
6 0.940000 0.443125 0.010000 0.006250
6 0.938750 0.428750 0.010000 0.007500
6 0.937500 0.422500 0.010000 0.005000
6 0.937500 0.416875 0.012500 0.006250
6 0.935000 0.408750 0.015000 0.005000
6 0.935000 0.402500 0.012500 0.005000
6 0.933750 0.395625 0.010000 0.006250
6 0.933125 0.388750 0.008750 0.007500
6 0.933125 0.381875 0.011250 0.006250
6 0.932500 0.369375 0.012500 0.006250
6 0.948750 0.474375 0.012500 0.008750
6 0.932500 0.364375 0.012500 0.006250
6 0.932500 0.356875 0.012500 0.006250
6 0.933125 0.350000 0.011250 0.005000
6 0.900625 0.334375 0.011250 0.006250
6 0.930625 0.343750 0.011250 0.005000
6 0.967500 0.315625 0.007500 0.011250
6 0.960625 0.317500 0.006250 0.012500
6 0.956875 0.548750 0.011250 0.010000
6 0.953750 0.541250 0.012500 0.010000
6 0.951875 0.535625 0.011250 0.008750
6 0.948750 0.530000 0.012500 0.010000
6 0.945625 0.522500 0.011250 0.010000
6 0.943125 0.516875 0.013750 0.008750
6 0.948750 0.467500 0.015000 0.007500
6 0.950625 0.481875 0.013750 0.011250
6 0.956875 0.608125 0.011250 0.011250
6 0.340000 0.504375 0.007500 0.016250
6 0.325625 0.503125 0.008750 0.013750
6 0.284375 0.414375 0.011250 0.016250
6 0.011250 0.130625 0.007500 0.016250
6 0.951875 0.488750 0.011250 0.007500
6 0.966250 0.435000 0.005000 0.012500
6 0.964375 0.422500 0.006250 0.012500
6 0.957500 0.411875 0.005000 0.013750
6 0.955625 0.396875 0.006250 0.011250
6 0.961875 0.370000 0.006250 0.012500
6 0.962500 0.386250 0.005000 0.012500
6 0.956250 0.383125 0.005000 0.016250
6 0.955625 0.366875 0.006250 0.011250
6 0.964375 0.406875 0.008750 0.021250
6 0.956875 0.506875 0.016250 0.008750
6 0.953750 0.494375 0.012500 0.006250
6 0.940000 0.508125 0.012500 0.008750
6 0.938125 0.502500 0.011250 0.007500
6 0.935000 0.495625 0.012500 0.006250
6 0.910625 0.508125 0.013750 0.008750
6 0.889375 0.412500 0.011250 0.007500
6 0.891250 0.418750 0.012500 0.005000
6 0.891250 0.425000 0.012500 0.007500
6 0.892500 0.433125 0.012500 0.008750
6 0.893750 0.439375 0.012500 0.006250
6 0.895625 0.446875 0.013750 0.006250
6 0.896250 0.453750 0.012500 0.007500
6 0.897500 0.461250 0.012500 0.007500
6 0.899375 0.468125 0.011250 0.008750
6 0.903125 0.481250 0.013750 0.007500
6 0.903750 0.488125 0.010000 0.008750
6 0.906875 0.495000 0.013750 0.010000
6 0.908125 0.500625 0.011250 0.008750
6 0.913750 0.515000 0.012500 0.010000
6 0.926250 0.494375 0.007500 0.011250
6 0.916250 0.520625 0.012500 0.008750
6 0.917500 0.527500 0.012500 0.010000
6 0.922500 0.540625 0.012500 0.008750
6 0.925000 0.546875 0.012500 0.008750
6 0.928750 0.553125 0.012500 0.008750
6 0.931250 0.561250 0.012500 0.010000
6 0.955000 0.566250 0.010000 0.012500
6 0.961875 0.578125 0.008750 0.013750
6 0.933125 0.566875 0.011250 0.006250
6 0.886875 0.570625 0.008750 0.011250
6 0.902500 0.600625 0.010000 0.011250
6 0.936875 0.571250 0.011250 0.007500
6 0.948125 0.612500 0.011250 0.015000
6 0.888750 0.404375 0.012500 0.006250
6 0.887500 0.396875 0.012500 0.006250
6 0.886875 0.390000 0.011250 0.005000
6 0.886875 0.384375 0.011250 0.006250
6 0.826875 0.414375 0.008750 0.023750
6 0.934375 0.489375 0.011250 0.008750
6 0.931875 0.481250 0.013750 0.007500
6 0.928750 0.476875 0.012500 0.008750
6 0.928125 0.468125 0.011250 0.006250
6 0.926250 0.461875 0.012500 0.008750
6 0.918125 0.468125 0.008750 0.011250
6 0.911250 0.440625 0.007500 0.011250
6 0.922500 0.440625 0.012500 0.006250
6 0.921250 0.433750 0.012500 0.007500
6 0.918750 0.426250 0.012500 0.007500
6 0.918750 0.420000 0.012500 0.007500
6 0.917500 0.413125 0.012500 0.006250
6 0.916250 0.406875 0.012500 0.006250
6 0.916875 0.399375 0.013750 0.006250
6 0.915625 0.392500 0.011250 0.007500
6 0.905000 0.395625 0.007500 0.013750
6 0.913750 0.383750 0.012500 0.005000
6 0.915000 0.378125 0.012500 0.006250
6 0.914375 0.369375 0.011250 0.006250
6 0.914375 0.356875 0.011250 0.006250
6 0.900000 0.343125 0.012500 0.006250
6 0.914375 0.350625 0.013750 0.006250
6 0.885625 0.356875 0.013750 0.006250
6 0.886875 0.363125 0.013750 0.006250
6 0.886250 0.370000 0.012500 0.007500
6 0.886250 0.376250 0.012500 0.007500
6 0.731875 0.437500 0.011250 0.005000
6 0.730625 0.431250 0.013750 0.007500
6 0.730625 0.425000 0.016250 0.010000
6 0.615000 0.980000 0.010000 0.010000
6 0.610625 0.982500 0.011250 0.010000
6 0.579375 0.984375 0.011250 0.011250
6 0.591250 0.977500 0.010000 0.012500
6 0.598125 0.975625 0.011250 0.011250
6 0.601875 0.970000 0.013750 0.015000
6 0.523750 0.981875 0.005000 0.011250
6 0.725000 0.281250 0.015000 0.005000
6 0.685000 0.140000 0.007500 0.015000
6 0.724375 0.262500 0.016250 0.007500
6 0.725000 0.253125 0.017500 0.006250
6 0.725000 0.243750 0.020000 0.007500
6 0.771875 0.163125 0.011250 0.006250
6 0.770000 0.155000 0.012500 0.005000
6 0.706250 0.140000 0.005000 0.012500
6 0.716875 0.140625 0.006250 0.016250
6 0.729375 0.141875 0.006250 0.013750
6 0.715000 0.094375 0.005000 0.013750
6 0.686250 0.100625 0.012500 0.006250
6 0.668750 0.112500 0.007500 0.017500
6 0.694375 0.112500 0.008750 0.015000
6 0.681875 0.111875 0.008750 0.016250
6 0.671250 0.141250 0.007500 0.015000
6 0.606250 0.503750 0.022500 0.025000
6 0.725000 0.796250 0.015000 0.015000
6 0.810625 0.843125 0.013750 0.013750
6 0.841875 0.908750 0.013750 0.015000
6 0.798125 0.035625 0.013750 0.006250
6 0.529375 0.977500 0.008750 0.010000
6 0.535625 0.974375 0.008750 0.011250
6 0.540625 0.972500 0.008750 0.010000
6 0.441250 0.979375 0.010000 0.013750
6 0.510000 0.936875 0.010000 0.013750
6 0.503750 0.939375 0.010000 0.011250
6 0.496875 0.929375 0.011250 0.011250
6 0.491250 0.931250 0.010000 0.010000
6 0.492500 0.948125 0.010000 0.011250
6 0.485625 0.936875 0.011250 0.013750
6 0.480000 0.940625 0.010000 0.011250
6 0.486250 0.951875 0.012500 0.011250
6 0.475000 0.958125 0.012500 0.013750
6 0.470000 0.962500 0.010000 0.012500
6 0.463750 0.965000 0.010000 0.012500
6 0.458125 0.968750 0.011250 0.015000
6 0.446875 0.975000 0.011250 0.012500
6 0.436250 0.981875 0.012500 0.013750
6 0.545625 0.967500 0.011250 0.012500
6 0.445000 0.960625 0.010000 0.011250
6 0.467500 0.946875 0.012500 0.011250
6 0.461875 0.950625 0.011250 0.011250
6 0.457500 0.954375 0.010000 0.011250
6 0.450625 0.957500 0.011250 0.012500
6 0.438750 0.964375 0.010000 0.011250
6 0.433125 0.967500 0.011250 0.012500
6 0.427500 0.971250 0.010000 0.010000
6 0.422500 0.973750 0.010000 0.010000
6 0.415625 0.976250 0.008750 0.010000
6 0.405625 0.983125 0.011250 0.011250
6 0.410625 0.980625 0.011250 0.011250
6 0.402500 0.952500 0.010000 0.012500
6 0.502500 0.926250 0.010000 0.012500
6 0.506875 0.921875 0.011250 0.013750
6 0.513750 0.919375 0.010000 0.013750
6 0.520625 0.916250 0.011250 0.012500
6 0.553125 0.966875 0.011250 0.008750
6 0.558750 0.963125 0.010000 0.011250
6 0.575625 0.953750 0.011250 0.012500
6 0.581250 0.948750 0.012500 0.012500
6 0.491875 0.985000 0.011250 0.015000
6 0.504375 0.977500 0.011250 0.012500
6 0.508125 0.973750 0.011250 0.012500
6 0.515625 0.968125 0.011250 0.013750
6 0.521875 0.965625 0.011250 0.011250
6 0.526875 0.960625 0.008750 0.011250
6 0.532500 0.958125 0.012500 0.013750
6 0.543750 0.951250 0.010000 0.012500
6 0.555625 0.944375 0.008750 0.011250
6 0.578125 0.930000 0.011250 0.010000
6 0.515000 0.933125 0.010000 0.013750
6 0.521250 0.930625 0.010000 0.011250
6 0.526250 0.925625 0.010000 0.011250
6 0.531875 0.922500 0.011250 0.015000
6 0.541875 0.915000 0.008750 0.012500
6 0.549375 0.912500 0.011250 0.012500
6 0.560000 0.904375 0.010000 0.011250
6 0.558750 0.891250 0.012500 0.012500
6 0.554375 0.895625 0.008750 0.011250
6 0.542500 0.901250 0.010000 0.012500
6 0.536875 0.903750 0.011250 0.012500
6 0.530625 0.908125 0.011250 0.013750
6 0.523750 0.911250 0.007500 0.010000
6 0.723750 0.271875 0.015000 0.006250
6 0.726875 0.293750 0.013750 0.005000
6 0.728750 0.417500 0.012500 0.007500
6 0.722500 0.341875 0.012500 0.008750
6 0.900625 0.221875 0.013750 0.006250
6 0.860625 0.231875 0.011250 0.013750
6 0.860625 0.246875 0.013750 0.013750
6 0.860000 0.261875 0.015000 0.013750
6 0.856875 0.276875 0.006250 0.013750
6 0.818125 0.412500 0.006250 0.010000
6 0.817500 0.365625 0.007500 0.016250
6 0.818125 0.327500 0.008750 0.027500
6 0.788750 0.309375 0.015000 0.013750
6 0.788125 0.321250 0.013750 0.010000
6 0.763125 0.323750 0.013750 0.007500
6 0.750000 0.324375 0.012500 0.006250
6 0.722500 0.358125 0.012500 0.006250
6 0.723125 0.334375 0.013750 0.011250
6 0.901875 0.235625 0.013750 0.008750
6 0.721250 0.317500 0.010000 0.005000
6 0.721250 0.309375 0.012500 0.006250
6 0.728125 0.302500 0.011250 0.005000
6 0.765000 0.307500 0.012500 0.005000
6 0.774375 0.318125 0.006250 0.016250
6 0.819375 0.285000 0.011250 0.015000
6 0.819375 0.266875 0.008750 0.013750
6 0.820000 0.246250 0.010000 0.015000
6 0.789375 0.295000 0.013750 0.005000
6 0.790625 0.288750 0.013750 0.005000
6 0.790000 0.281250 0.015000 0.005000
6 0.790625 0.275625 0.013750 0.006250
6 0.790625 0.268750 0.013750 0.005000
6 0.900625 0.228750 0.011250 0.005000
6 0.901875 0.244375 0.011250 0.006250
6 0.766875 0.259375 0.013750 0.003750
6 0.953750 0.278125 0.012500 0.006250
6 0.726875 0.411250 0.013750 0.007500
6 0.727500 0.404375 0.012500 0.006250
6 0.726250 0.398750 0.012500 0.007500
6 0.725000 0.378750 0.012500 0.007500
6 0.723750 0.371875 0.012500 0.006250
6 0.723125 0.366250 0.013750 0.005000
6 0.765625 0.386250 0.016250 0.012500
6 0.765000 0.376250 0.015000 0.010000
6 0.764375 0.367500 0.016250 0.012500
6 0.765625 0.359375 0.016250 0.013750
6 0.748750 0.353750 0.015000 0.007500
6 0.955625 0.255000 0.006250 0.012500
6 0.966250 0.292500 0.012500 0.010000
6 0.957500 0.240625 0.012500 0.011250
6 0.902500 0.253125 0.010000 0.006250
6 0.956875 0.233125 0.013750 0.011250
6 0.928750 0.238750 0.015000 0.007500
6 0.931875 0.227500 0.011250 0.005000
6 0.931875 0.219375 0.011250 0.006250
6 0.931250 0.213750 0.012500 0.007500
6 0.927500 0.280000 0.012500 0.007500
6 0.925625 0.286875 0.011250 0.006250
6 0.951875 0.317500 0.011250 0.012500
6 0.899375 0.289375 0.011250 0.006250
6 0.900000 0.280625 0.012500 0.006250
6 0.899375 0.273750 0.013750 0.005000
6 0.900000 0.265625 0.012500 0.006250
6 0.900000 0.259375 0.012500 0.006250
6 0.791250 0.261875 0.015000 0.006250
6 0.790625 0.255625 0.013750 0.006250
6 0.790625 0.248125 0.013750 0.006250
6 0.922500 0.115000 0.007500 0.015000
6 0.894375 0.131875 0.013750 0.006250
6 0.893750 0.125000 0.015000 0.007500
6 0.970625 0.075625 0.011250 0.011250
6 0.958125 0.075000 0.011250 0.010000
6 0.948125 0.074375 0.011250 0.011250
6 0.943125 0.101875 0.013750 0.011250
6 0.960625 0.104375 0.013750 0.013750
6 0.971250 0.116875 0.005000 0.013750
6 0.963125 0.116875 0.006250 0.013750
6 0.953125 0.116875 0.006250 0.013750
6 0.945625 0.115000 0.006250 0.015000
6 0.938125 0.115000 0.006250 0.015000
6 0.931250 0.115000 0.005000 0.015000
6 0.893125 0.106250 0.011250 0.012500
6 0.780000 0.222500 0.007500 0.012500
6 0.843750 0.141875 0.007500 0.011250
6 0.843125 0.158125 0.006250 0.016250
6 0.792500 0.241875 0.015000 0.006250
6 0.791875 0.232500 0.013750 0.010000
6 0.773125 0.221875 0.006250 0.013750
6 0.766250 0.219375 0.007500 0.016250
6 0.759375 0.219375 0.006250 0.013750
6 0.752500 0.219375 0.005000 0.013750
6 0.765000 0.300625 0.015000 0.006250
6 0.765625 0.293125 0.013750 0.006250
6 0.765625 0.286250 0.013750 0.005000
6 0.766875 0.272500 0.013750 0.005000
6 0.766875 0.266875 0.013750 0.006250
6 0.894375 0.138125 0.013750 0.006250
6 0.893750 0.145625 0.012500 0.006250
6 0.893125 0.152500 0.013750 0.007500
6 0.893125 0.158750 0.013750 0.007500
6 0.785625 0.221875 0.003750 0.011250
6 0.956250 0.225000 0.012500 0.012500
6 0.958125 0.217500 0.013750 0.015000
6 0.957500 0.203750 0.010000 0.010000
6 0.949375 0.183125 0.013750 0.013750
6 0.965000 0.136875 0.015000 0.006250
6 0.970000 0.147500 0.005000 0.015000
6 0.961875 0.147500 0.006250 0.015000
6 0.951875 0.146875 0.006250 0.013750
6 0.944375 0.146250 0.006250 0.015000
6 0.938750 0.135625 0.012500 0.006250
6 0.936875 0.146875 0.006250 0.013750
6 0.929375 0.146875 0.006250 0.013750
6 0.923750 0.135625 0.012500 0.006250
6 0.960000 0.173750 0.005000 0.010000
6 0.954375 0.173125 0.006250 0.008750
6 0.946875 0.173125 0.006250 0.011250
6 0.940000 0.171875 0.005000 0.011250
6 0.933125 0.172500 0.006250 0.010000
6 0.941250 0.183750 0.010000 0.012500
6 0.927500 0.183125 0.015000 0.011250
6 0.925000 0.171875 0.005000 0.011250
6 0.918125 0.171875 0.006250 0.011250
6 0.902500 0.183125 0.005000 0.011250
6 0.906250 0.171875 0.005000 0.011250
6 0.893125 0.171875 0.013750 0.006250
6 0.893125 0.165000 0.013750 0.005000
