6 0.516250 0.325000 0.007500 0.015000
6 0.508750 0.325625 0.007500 0.011250
6 0.501875 0.296250 0.006250 0.010000
6 0.488750 0.295625 0.007500 0.011250
6 0.480625 0.325000 0.006250 0.015000
6 0.473125 0.323750 0.006250 0.012500
6 0.466875 0.323750 0.006250 0.012500
6 0.458750 0.323750 0.007500 0.012500
6 0.450625 0.323750 0.006250 0.015000
6 0.441250 0.304375 0.010000 0.006250
6 0.441250 0.295625 0.010000 0.006250
6 0.441250 0.280625 0.010000 0.006250
6 0.442500 0.266875 0.010000 0.006250
6 0.486250 0.581875 0.012500 0.013750
6 0.381875 0.564375 0.013750 0.011250
6 0.455000 0.623125 0.015000 0.011250
6 0.209375 0.434375 0.016250 0.013750
6 0.201875 0.420000 0.013750 0.015000
6 0.192500 0.402500 0.015000 0.015000
6 0.106875 0.335000 0.013750 0.012500
6 0.033750 0.298125 0.012500 0.013750
6 0.306875 0.142500 0.006250 0.012500
6 0.295000 0.133750 0.007500 0.012500
6 0.318125 0.115000 0.008750 0.015000
6 0.326875 0.088125 0.006250 0.013750
6 0.287500 0.025625 0.010000 0.016250
5 0.445625 0.991875 0.011250 0.016250
6 0.481875 0.277500 0.006250 0.015000
6 0.496250 0.278750 0.007500 0.015000
6 0.503750 0.278125 0.007500 0.013750
6 0.563125 0.288125 0.016250 0.006250
6 0.263750 0.768125 0.007500 0.013750
6 0.034375 0.238125 0.011250 0.011250
6 0.569375 0.196875 0.011250 0.006250
6 0.564375 0.187500 0.011250 0.007500
6 0.489375 0.169375 0.011250 0.011250
6 0.497500 0.162500 0.015000 0.012500
6 0.476250 0.145625 0.010000 0.011250
6 0.436250 0.020000 0.005000 0.012500
6 0.562500 0.266875 0.015000 0.008750
6 0.562500 0.273750 0.015000 0.007500
6 0.563125 0.281250 0.013750 0.005000
6 0.563750 0.294375 0.012500 0.006250
6 0.511250 0.280000 0.007500 0.015000
6 0.562500 0.301250 0.015000 0.005000
6 0.528750 0.246875 0.007500 0.011250
6 0.521250 0.246875 0.007500 0.011250
6 0.507500 0.246875 0.007500 0.013750
6 0.499375 0.246875 0.006250 0.013750
6 0.491875 0.247500 0.006250 0.012500
6 0.478125 0.247500 0.006250 0.012500
6 0.468750 0.246250 0.007500 0.012500
6 0.461250 0.246875 0.005000 0.011250
6 0.455000 0.245000 0.005000 0.012500
6 0.518750 0.279375 0.007500 0.016250
6 0.396250 0.503750 0.045000 0.040000
