6 0.166250 0.326875 0.055000 0.021250
6 0.295625 0.431250 0.033750 0.015000
6 0.292500 0.338125 0.022500 0.046250
6 0.596250 0.860625 0.052500 0.036250
6 0.354375 0.380625 0.021250 0.051250
3 0.826875 0.716875 0.018750 0.008750
6 0.298125 0.600625 0.013750 0.013750
6 0.270000 0.570625 0.012500 0.011250
6 0.076875 0.430000 0.013750 0.012500
6 0.229375 0.650625 0.023750 0.018750
6 0.203125 0.635000 0.033750 0.022500
6 0.130625 0.581250 0.016250 0.012500
6 0.070000 0.542500 0.015000 0.012500
3 0.826875 0.727500 0.021250 0.007500
6 0.826250 0.990625 0.015000 0.011250
6 0.771875 0.989375 0.016250 0.013750
6 0.738750 0.962500 0.017500 0.015000
6 0.406250 0.656875 0.015000 0.013750
6 0.367500 0.320625 0.015000 0.013750
6 0.416250 0.117500 0.015000 0.012500
6 0.195000 0.117500 0.010000 0.007500
6 0.193750 0.097500 0.015000 0.010000
6 0.165000 0.107500 0.012500 0.010000
6 0.165625 0.060625 0.011250 0.011250
6 0.164375 0.040625 0.016250 0.013750
6 0.166875 0.025625 0.016250 0.013750
6 0.168750 0.012500 0.012500 0.012500
