0 0.501250 0.453125 0.052500 0.038750
6 0.190625 0.128750 0.013750 0.027500
6 0.165000 0.128125 0.017500 0.028750
6 0.178125 0.127500 0.013750 0.027500
6 0.228125 0.130000 0.013750 0.027500
6 0.243750 0.128750 0.012500 0.027500
6 0.306250 0.440000 0.012500 0.027500
6 0.861875 0.502500 0.031250 0.012500
6 0.923125 0.316250 0.016250 0.027500
6 0.936250 0.315000 0.012500 0.022500
6 0.861875 0.461875 0.028750 0.013750
6 0.861875 0.474375 0.028750 0.011250
6 0.270000 0.127500 0.012500 0.025000
6 0.277500 0.241250 0.015000 0.025000
6 0.333750 0.691875 0.015000 0.031250
6 0.320625 0.690625 0.013750 0.023750
6 0.304375 0.690625 0.013750 0.026250
6 0.274375 0.691250 0.013750 0.025000
6 0.261250 0.691875 0.012500 0.023750
6 0.250625 0.691875 0.016250 0.023750
6 0.233125 0.688750 0.013750 0.022500
6 0.166875 0.690000 0.013750 0.027500
6 0.153125 0.689375 0.013750 0.028750
6 0.095000 0.688125 0.015000 0.023750
6 0.110000 0.687500 0.015000 0.022500
6 0.860625 0.489375 0.031250 0.013750
6 0.639375 0.793750 0.028750 0.015000
6 0.630625 0.769375 0.023750 0.013750
6 0.973125 0.766250 0.011250 0.022500
6 0.955625 0.763750 0.016250 0.025000
6 0.942500 0.762500 0.015000 0.022500
6 0.913750 0.763750 0.015000 0.025000
6 0.914375 0.678125 0.013750 0.023750
6 0.861875 0.672500 0.013750 0.025000
