6 0.286875 0.828125 0.011250 0.023750
6 0.272500 0.829375 0.017500 0.023750
0 0.137500 0.525000 0.045000 0.060000
0 0.125625 0.613125 0.071250 0.078750
6 0.681250 0.896250 0.030000 0.012500
6 0.683125 0.882500 0.021250 0.010000
6 0.685000 0.871250 0.025000 0.012500
6 0.683125 0.836250 0.026250 0.012500
6 0.625000 0.669375 0.025000 0.013750
6 0.623750 0.603750 0.022500 0.012500
6 0.623125 0.615625 0.021250 0.013750
6 0.623750 0.627500 0.025000 0.012500
6 0.623750 0.657500 0.025000 0.012500
6 0.624375 0.681875 0.023750 0.013750
6 0.623750 0.693125 0.022500 0.011250
6 0.624375 0.706875 0.026250 0.011250
6 0.626875 0.786250 0.026250 0.012500
6 0.625000 0.798125 0.027500 0.011250
6 0.624375 0.812500 0.023750 0.012500
6 0.625625 0.823750 0.023750 0.010000
6 0.626250 0.846250 0.025000 0.012500
6 0.626875 0.859375 0.023750 0.013750
6 0.625625 0.870625 0.026250 0.011250
6 0.625625 0.883125 0.026250 0.011250
6 0.623750 0.896875 0.025000 0.013750
6 0.669375 0.849375 0.021250 0.011250
6 0.680000 0.813125 0.022500 0.011250
6 0.583750 0.001875 0.015000 0.001250
6 0.476875 0.128125 0.013750 0.026250
6 0.490625 0.131250 0.013750 0.022500
6 0.501875 0.130625 0.013750 0.023750
6 0.515625 0.131875 0.013750 0.026250
6 0.537500 0.132500 0.015000 0.030000
6 0.550000 0.131875 0.012500 0.023750
6 0.561875 0.132500 0.011250 0.027500
6 0.585000 0.130625 0.010000 0.021250
6 0.625625 0.103125 0.026250 0.013750
6 0.623125 0.114375 0.023750 0.013750
6 0.621250 0.078750 0.027500 0.012500
6 0.570625 0.002500 0.011250 0.002500
6 0.499375 0.187500 0.013750 0.022500
6 0.486250 0.187500 0.012500 0.022500
6 0.536250 0.186875 0.012500 0.031250
6 0.680625 0.800000 0.021250 0.010000
6 0.682500 0.645625 0.025000 0.013750
6 0.683125 0.789375 0.023750 0.013750
6 0.681250 0.776875 0.022500 0.011250
6 0.678125 0.766250 0.026250 0.012500
6 0.680000 0.751250 0.025000 0.012500
6 0.681250 0.739375 0.022500 0.011250
6 0.681875 0.728125 0.023750 0.011250
6 0.681875 0.714375 0.021250 0.011250
6 0.683125 0.703125 0.021250 0.011250
6 0.681875 0.693750 0.023750 0.012500
6 0.680000 0.681250 0.025000 0.015000
6 0.680625 0.656875 0.021250 0.011250
6 0.682500 0.631875 0.025000 0.011250
6 0.559375 0.190000 0.011250 0.022500
6 0.681250 0.620000 0.022500 0.010000
6 0.683125 0.608125 0.021250 0.013750
6 0.678750 0.580625 0.027500 0.016250
6 0.678750 0.547500 0.025000 0.012500
6 0.676875 0.535000 0.021250 0.010000
6 0.639375 0.543125 0.013750 0.028750
6 0.625000 0.487500 0.025000 0.012500
6 0.679375 0.511250 0.023750 0.012500
6 0.681875 0.487500 0.021250 0.012500
6 0.623750 0.465000 0.025000 0.012500
6 0.583750 0.189375 0.012500 0.021250
