6 0.830625 0.328125 0.013750 0.021250
6 0.818125 0.328125 0.011250 0.021250
6 0.791250 0.327500 0.012500 0.020000
6 0.767500 0.327500 0.012500 0.020000
6 0.780000 0.326875 0.010000 0.018750
6 0.709375 0.338125 0.011250 0.021250
6 0.526875 0.220625 0.033750 0.013750
6 0.453750 0.263125 0.022500 0.011250
6 0.460625 0.203125 0.028750 0.013750
6 0.843125 0.329375 0.011250 0.021250
6 0.813750 0.386250 0.012500 0.020000
6 0.830000 0.385000 0.012500 0.022500
6 0.870000 0.386875 0.010000 0.018750
6 0.746875 0.989375 0.026250 0.016250
6 0.743750 0.975625 0.022500 0.011250
6 0.745625 0.962500 0.023750 0.012500
6 0.746875 0.948125 0.023750 0.013750
6 0.746875 0.936875 0.023750 0.013750
6 0.747500 0.923125 0.025000 0.011250
6 0.748125 0.909375 0.023750 0.011250
6 0.746250 0.896250 0.025000 0.012500
6 0.889375 0.838125 0.011250 0.026250
6 0.768750 0.836250 0.012500 0.022500
6 0.766875 0.743750 0.013750 0.020000
6 0.796250 0.591875 0.012500 0.028750
6 0.704375 0.553750 0.013750 0.025000
6 0.703750 0.509375 0.015000 0.021250
6 0.701250 0.456875 0.012500 0.021250
6 0.920625 0.387500 0.013750 0.022500
6 0.933750 0.386250 0.012500 0.022500
6 0.893750 0.386875 0.012500 0.021250
6 0.880625 0.386250 0.011250 0.020000
6 0.968750 0.942500 0.025000 0.012500
6 0.462500 0.675000 0.015000 0.027500
6 0.328750 0.275000 0.022500 0.010000
6 0.742500 0.998125 0.022500 0.003750
6 0.856875 0.952500 0.021250 0.012500
6 0.859375 0.940000 0.028750 0.015000
6 0.858750 0.926250 0.022500 0.012500
6 0.858750 0.913750 0.022500 0.012500
6 0.912500 0.993750 0.022500 0.010000
6 0.912500 0.954375 0.022500 0.008750
6 0.914375 0.938125 0.023750 0.008750
6 0.971250 0.956250 0.027500 0.010000
6 0.971875 0.982500 0.023750 0.015000
6 0.842500 0.385625 0.012500 0.023750
6 0.962500 0.331250 0.010000 0.022500
6 0.882500 0.330625 0.010000 0.018750
6 0.968125 0.994375 0.021250 0.011250
6 0.918125 0.901875 0.021250 0.011250
6 0.916250 0.913125 0.020000 0.011250
6 0.913125 0.926875 0.021250 0.011250
6 0.801250 0.933750 0.022500 0.012500
6 0.856875 0.964375 0.026250 0.013750
6 0.854375 0.977500 0.023750 0.012500
6 0.801875 0.997500 0.023750 0.005000
6 0.802500 0.986250 0.022500 0.010000
6 0.856250 0.991250 0.025000 0.012500
6 0.802500 0.973750 0.022500 0.010000
6 0.803125 0.947500 0.021250 0.010000
