6 0.421250 0.751875 0.005000 0.013750
6 0.882500 0.031875 0.015000 0.016250
6 0.876250 0.021875 0.010000 0.008750
6 0.868750 0.006875 0.012500 0.008750
6 0.815625 0.003750 0.008750 0.005000
6 0.828125 0.023125 0.011250 0.008750
6 0.831875 0.028125 0.013750 0.011250
6 0.833750 0.034375 0.012500 0.011250
6 0.845625 0.027500 0.013750 0.010000
6 0.851250 0.038750 0.012500 0.010000
6 0.843750 0.048750 0.012500 0.010000
6 0.819375 0.066250 0.013750 0.010000
6 0.810000 0.051250 0.012500 0.010000
6 0.806250 0.046250 0.012500 0.010000
6 0.793750 0.026250 0.012500 0.010000
6 0.785625 0.008125 0.013750 0.011250
6 0.741875 0.700000 0.006250 0.015000
6 0.494375 0.789375 0.006250 0.013750
6 0.488125 0.788125 0.006250 0.011250
6 0.547500 0.765000 0.012500 0.005000
6 0.482500 0.786250 0.005000 0.012500
6 0.473750 0.784375 0.007500 0.016250
6 0.456250 0.785000 0.007500 0.012500
6 0.449375 0.783125 0.006250 0.011250
6 0.442500 0.782500 0.005000 0.010000
6 0.413125 0.778750 0.011250 0.005000
6 0.399375 0.785000 0.006250 0.010000
6 0.386875 0.786250 0.006250 0.012500
6 0.409375 0.754375 0.006250 0.011250
6 0.573125 0.016250 0.013750 0.017500
6 0.437500 0.045625 0.012500 0.013750
6 0.431875 0.049375 0.011250 0.013750
6 0.996250 0.966250 0.007500 0.012500
6 0.991250 0.971875 0.012500 0.011250
6 0.986875 0.976875 0.011250 0.013750
6 0.981250 0.980625 0.010000 0.011250
6 0.974375 0.982500 0.013750 0.012500
6 0.415625 0.751875 0.006250 0.011250
6 0.428125 0.750625 0.006250 0.016250
6 0.433125 0.750625 0.003750 0.011250
6 0.226875 0.345000 0.011250 0.005000
6 0.248750 0.308125 0.010000 0.006250
6 0.249375 0.301875 0.011250 0.006250
6 0.248750 0.296250 0.010000 0.005000
6 0.247500 0.290625 0.010000 0.006250
6 0.221250 0.290625 0.012500 0.006250
6 0.208750 0.298750 0.015000 0.005000
6 0.210000 0.304375 0.012500 0.006250
6 0.210625 0.311250 0.013750 0.005000
6 0.210000 0.317500 0.012500 0.005000
6 0.209375 0.323125 0.013750 0.006250
6 0.211875 0.329375 0.013750 0.006250
6 0.211875 0.335000 0.013750 0.005000
6 0.213125 0.340625 0.013750 0.006250
6 0.228750 0.361875 0.012500 0.006250
6 0.228125 0.368750 0.013750 0.005000
6 0.229375 0.373750 0.011250 0.005000
6 0.228750 0.397500 0.015000 0.005000
6 0.218125 0.392500 0.011250 0.005000
6 0.216875 0.380625 0.008750 0.006250
6 0.215625 0.375000 0.013750 0.005000
6 0.215000 0.370000 0.012500 0.005000
6 0.215000 0.363750 0.012500 0.005000
6 0.213750 0.358750 0.012500 0.005000
6 0.213750 0.353750 0.012500 0.007500
6 0.213750 0.345625 0.012500 0.006250
6 0.182500 0.318125 0.012500 0.006250
6 0.250000 0.315000 0.012500 0.007500
6 0.250625 0.321250 0.011250 0.007500
6 0.251875 0.325625 0.013750 0.006250
6 0.333125 0.339375 0.013750 0.006250
6 0.448125 0.229375 0.011250 0.006250
6 0.448750 0.223750 0.010000 0.005000
6 0.448750 0.218125 0.012500 0.006250
6 0.398125 0.407500 0.006250 0.010000
6 0.377500 0.389375 0.015000 0.006250
6 0.376250 0.376875 0.012500 0.006250
6 0.377500 0.365000 0.012500 0.007500
6 0.376875 0.357500 0.011250 0.005000
6 0.376875 0.353750 0.011250 0.005000
6 0.386875 0.331875 0.013750 0.006250
6 0.387500 0.326875 0.012500 0.006250
6 0.386875 0.319375 0.013750 0.006250
6 0.337500 0.385000 0.012500 0.005000
6 0.332500 0.331875 0.012500 0.006250
6 0.482500 0.214375 0.012500 0.006250
6 0.332500 0.325625 0.012500 0.006250
6 0.330625 0.295625 0.013750 0.006250
6 0.330000 0.290625 0.012500 0.003750
6 0.330625 0.284375 0.013750 0.006250
6 0.310000 0.392500 0.012500 0.007500
6 0.310000 0.386875 0.012500 0.003750
6 0.308125 0.381250 0.013750 0.005000
6 0.308125 0.370000 0.008750 0.005000
6 0.308125 0.363750 0.008750 0.005000
6 0.308125 0.356250 0.011250 0.005000
6 0.306875 0.350625 0.011250 0.003750
6 0.307500 0.345000 0.012500 0.005000
6 0.306875 0.340000 0.011250 0.005000
6 0.447500 0.235625 0.010000 0.006250
6 0.456875 0.230000 0.006250 0.012500
6 0.305000 0.328125 0.012500 0.006250
6 0.403750 0.434375 0.015000 0.006250
6 0.437500 0.748750 0.005000 0.015000
6 0.416875 0.737500 0.006250 0.012500
6 0.427500 0.726875 0.007500 0.013750
6 0.464375 0.721875 0.006250 0.013750
6 0.478125 0.721875 0.006250 0.016250
6 0.505625 0.720000 0.006250 0.015000
6 0.520625 0.795000 0.006250 0.012500
6 0.478750 0.561875 0.007500 0.016250
6 0.471250 0.553125 0.007500 0.016250
6 0.465000 0.555625 0.007500 0.016250
6 0.465625 0.539375 0.013750 0.003750
6 0.464375 0.531250 0.013750 0.007500
6 0.403125 0.438750 0.016250 0.005000
6 0.405625 0.420625 0.013750 0.003750
6 0.448750 0.242500 0.012500 0.005000
6 0.477500 0.363750 0.017500 0.005000
6 0.475625 0.358125 0.016250 0.006250
6 0.471875 0.347500 0.011250 0.005000
6 0.470625 0.340625 0.011250 0.006250
6 0.471875 0.335000 0.011250 0.005000
6 0.470625 0.328750 0.011250 0.007500
6 0.471250 0.322500 0.012500 0.005000
6 0.470000 0.317500 0.012500 0.005000
6 0.469375 0.312500 0.011250 0.005000
6 0.468125 0.306250 0.011250 0.005000
6 0.470625 0.299375 0.011250 0.003750
6 0.468125 0.293125 0.013750 0.006250
6 0.468125 0.286875 0.013750 0.006250
6 0.306250 0.334375 0.010000 0.006250
6 0.306250 0.321875 0.012500 0.006250
6 0.252500 0.331875 0.012500 0.006250
6 0.266875 0.360000 0.013750 0.005000
6 0.296875 0.394375 0.013750 0.006250
6 0.260000 0.289375 0.012500 0.006250
6 0.264375 0.294375 0.011250 0.006250
6 0.263125 0.301250 0.013750 0.007500
6 0.262500 0.307500 0.012500 0.005000
6 0.265000 0.312500 0.012500 0.005000
6 0.265000 0.319375 0.012500 0.006250
6 0.265625 0.325000 0.011250 0.005000
6 0.265625 0.331250 0.013750 0.005000
6 0.265625 0.336875 0.011250 0.006250
6 0.266250 0.342500 0.015000 0.005000
6 0.266250 0.350000 0.012500 0.005000
6 0.266250 0.355000 0.012500 0.005000
6 0.267500 0.366250 0.012500 0.005000
6 0.296875 0.381875 0.011250 0.003750
6 0.269375 0.372500 0.013750 0.005000
6 0.270000 0.378125 0.015000 0.006250
6 0.270625 0.383750 0.013750 0.005000
6 0.271250 0.390000 0.012500 0.005000
6 0.271875 0.396250 0.013750 0.005000
6 0.258125 0.391250 0.011250 0.005000
6 0.256875 0.384375 0.011250 0.006250
6 0.256875 0.378750 0.011250 0.005000
6 0.257500 0.373125 0.012500 0.006250
6 0.254375 0.361875 0.011250 0.006250
6 0.253750 0.350000 0.012500 0.005000
6 0.253750 0.344375 0.012500 0.006250
6 0.254375 0.338750 0.013750 0.005000
6 0.296875 0.386875 0.011250 0.006250
6 0.296250 0.376250 0.010000 0.005000
6 0.305625 0.315625 0.011250 0.006250
6 0.236875 0.261875 0.006250 0.013750
6 0.305625 0.310000 0.011250 0.005000
6 0.304375 0.305000 0.013750 0.005000
6 0.303750 0.297500 0.015000 0.005000
6 0.301875 0.292500 0.011250 0.005000
6 0.301250 0.286875 0.010000 0.006250
6 0.340000 0.253125 0.007500 0.011250
6 0.333125 0.255625 0.006250 0.011250
6 0.326250 0.256250 0.007500 0.012500
6 0.296250 0.258125 0.007500 0.011250
6 0.283750 0.258125 0.005000 0.011250
6 0.267500 0.260000 0.005000 0.012500
6 0.249375 0.260625 0.006250 0.013750
6 0.242500 0.260625 0.005000 0.013750
6 0.231250 0.263125 0.005000 0.013750
6 0.296250 0.370625 0.012500 0.006250
6 0.287500 0.286875 0.012500 0.006250
6 0.288750 0.294375 0.012500 0.006250
6 0.288750 0.299375 0.012500 0.006250
6 0.292500 0.305625 0.012500 0.006250
6 0.291875 0.311250 0.011250 0.005000
6 0.292500 0.316875 0.012500 0.006250
6 0.293750 0.321875 0.012500 0.003750
6 0.293125 0.326875 0.013750 0.006250
6 0.293125 0.340625 0.013750 0.003750
6 0.293750 0.346875 0.012500 0.006250
6 0.293750 0.352500 0.012500 0.005000
6 0.294375 0.357500 0.013750 0.005000
6 0.296875 0.365000 0.013750 0.005000
