6 0.140000 0.430000 0.022500 0.012500
6 0.653125 0.705625 0.011250 0.023750
6 0.175625 0.380000 0.021250 0.010000
6 0.246250 0.743125 0.010000 0.021250
6 0.210000 0.746250 0.017500 0.025000
6 0.197500 0.741875 0.012500 0.021250
6 0.183125 0.742500 0.011250 0.020000
6 0.156250 0.696250 0.020000 0.015000
6 0.161250 0.751250 0.010000 0.020000
6 0.124375 0.761875 0.018750 0.021250
6 0.246250 0.663125 0.020000 0.013750
6 0.230000 0.646875 0.017500 0.008750
6 0.213125 0.573125 0.011250 0.021250
6 0.144375 0.455000 0.026250 0.010000
6 0.135000 0.416875 0.020000 0.011250
6 0.144375 0.405000 0.023750 0.010000
6 0.213125 0.234375 0.016250 0.028750
6 0.235625 0.239375 0.008750 0.023750
3 0.711250 0.268750 0.052500 0.020000
3 0.714375 0.244375 0.053750 0.028750
3 0.331875 0.261250 0.063750 0.040000
3 0.345625 0.220000 0.078750 0.037500
3 0.330000 0.194375 0.042500 0.023750
3 0.330000 0.163750 0.067500 0.025000
3 0.528125 0.541875 0.026250 0.066250
3 0.565625 0.530000 0.036250 0.085000
3 0.600625 0.528125 0.033750 0.078750
3 0.635000 0.523125 0.030000 0.071250
3 0.458750 0.557500 0.027500 0.062500
3 0.421875 0.559375 0.023750 0.056250
3 0.375000 0.498125 0.077500 0.058750
3 0.363750 0.459375 0.062500 0.028750
3 0.366875 0.370000 0.078750 0.032500
3 0.357500 0.418750 0.057500 0.027500
6 0.300625 0.743125 0.008750 0.021250
6 0.664375 0.698750 0.006250 0.022500
6 0.679375 0.701250 0.008750 0.020000
6 0.151875 0.553750 0.023750 0.010000
6 0.963750 0.242500 0.022500 0.010000
6 0.961250 0.258125 0.020000 0.011250
6 0.844375 0.558125 0.018750 0.008750
6 0.838125 0.546250 0.018750 0.012500
6 0.837500 0.534375 0.020000 0.008750
6 0.835000 0.522500 0.020000 0.010000
6 0.835000 0.508125 0.020000 0.008750
6 0.831250 0.489375 0.022500 0.013750
6 0.829375 0.476875 0.021250 0.008750
6 0.839375 0.464375 0.021250 0.008750
6 0.909375 0.426875 0.016250 0.031250
6 0.875000 0.413125 0.007500 0.023750
6 0.853750 0.414375 0.015000 0.018750
6 0.874375 0.369375 0.011250 0.026250
6 0.915625 0.342500 0.018750 0.010000
6 0.916250 0.330000 0.017500 0.010000
6 0.913125 0.317500 0.016250 0.010000
6 0.910625 0.295625 0.021250 0.011250
6 0.820625 0.278125 0.008750 0.016250
6 0.856875 0.268125 0.021250 0.021250
6 0.630625 0.629375 0.016250 0.023750
6 0.649375 0.613125 0.011250 0.023750
6 0.658125 0.637500 0.011250 0.017500
6 0.915000 0.686250 0.007500 0.025000
6 0.900625 0.684375 0.008750 0.021250
6 0.883750 0.691875 0.010000 0.026250
6 0.758125 0.698125 0.011250 0.021250
6 0.741250 0.695625 0.012500 0.023750
6 0.730625 0.705000 0.008750 0.017500
6 0.715625 0.698750 0.008750 0.017500
6 0.701875 0.702500 0.008750 0.020000
6 0.917500 0.463750 0.020000 0.012500
6 0.933125 0.491875 0.008750 0.023750
6 0.896875 0.475000 0.021250 0.010000
6 0.950000 0.315000 0.010000 0.017500
6 0.896250 0.485625 0.017500 0.008750
6 0.992500 0.484375 0.015000 0.008750
6 0.995625 0.508125 0.008750 0.011250
6 0.993125 0.532500 0.013750 0.012500
6 0.997500 0.580000 0.005000 0.010000
6 0.739375 0.606250 0.023750 0.020000
6 0.906250 0.555000 0.025000 0.010000
6 0.905625 0.539375 0.021250 0.011250
6 0.906250 0.520625 0.020000 0.011250
6 0.902500 0.508125 0.020000 0.011250
6 0.900000 0.496250 0.020000 0.010000
