3 0.973125 0.036250 0.023750 0.040000
3 0.942500 0.042500 0.017500 0.032500
3 0.929375 0.053125 0.023750 0.036250
3 0.911875 0.051250 0.023750 0.042500
3 0.897500 0.058750 0.032500 0.050000
3 0.881250 0.062500 0.025000 0.037500
3 0.863750 0.062500 0.030000 0.045000
3 0.988125 0.029375 0.021250 0.038750
3 0.484375 0.066250 0.031250 0.015000
3 0.366875 0.223750 0.033750 0.017500
3 0.249375 0.071250 0.013750 0.032500
3 0.267500 0.035000 0.017500 0.035000
3 0.431875 0.003750 0.013750 0.005000
3 0.463125 0.007500 0.031250 0.015000
3 0.547500 0.062500 0.030000 0.017500
3 0.546875 0.085625 0.018750 0.026250
3 0.436250 0.778125 0.027500 0.033750
3 0.055000 0.815000 0.025000 0.050000
3 0.074375 0.817500 0.016250 0.042500
3 0.091250 0.816250 0.017500 0.050000
3 0.121250 0.821250 0.020000 0.037500
3 0.136250 0.824375 0.027500 0.051250
3 0.157500 0.827500 0.020000 0.045000
3 0.178125 0.826875 0.023750 0.051250
3 0.217500 0.831250 0.025000 0.055000
3 0.239375 0.840000 0.018750 0.042500
3 0.278125 0.840000 0.018750 0.050000
3 0.300000 0.845625 0.017500 0.043750
3 0.321250 0.843750 0.020000 0.052500
3 0.341875 0.848125 0.021250 0.051250
3 0.373750 0.821875 0.027500 0.046250
3 0.391875 0.818750 0.031250 0.032500
3 0.401875 0.812500 0.023750 0.027500
3 0.415000 0.805625 0.022500 0.026250
3 0.424375 0.789375 0.031250 0.031250
3 0.452500 0.776250 0.025000 0.030000
3 0.465000 0.763125 0.030000 0.036250
3 0.006875 0.320000 0.011250 0.035000
3 0.036875 0.395625 0.031250 0.051250
3 0.532500 0.541250 0.035000 0.017500
3 0.478125 0.748750 0.031250 0.035000
3 0.507500 0.728125 0.040000 0.023750
3 0.510000 0.703125 0.032500 0.016250
3 0.519375 0.692500 0.033750 0.020000
3 0.515625 0.673750 0.036250 0.017500
3 0.518750 0.661250 0.035000 0.017500
3 0.514375 0.635000 0.036250 0.015000
3 0.518125 0.618125 0.041250 0.026250
3 0.523125 0.605625 0.031250 0.021250
3 0.524375 0.593125 0.036250 0.016250
3 0.523750 0.579375 0.040000 0.021250
3 0.521875 0.566250 0.036250 0.017500
3 0.526875 0.553750 0.041250 0.020000
3 0.533750 0.518125 0.032500 0.016250
3 0.061250 0.398125 0.030000 0.051250
3 0.546250 0.451875 0.025000 0.036250
3 0.509375 0.463750 0.023750 0.065000
3 0.475000 0.454375 0.032500 0.058750
3 0.455625 0.447500 0.021250 0.045000
3 0.433750 0.448125 0.030000 0.053750
3 0.408125 0.441875 0.033750 0.051250
3 0.389375 0.436875 0.021250 0.038750
3 0.338125 0.428750 0.033750 0.047500
3 0.258750 0.444375 0.017500 0.033750
3 0.236250 0.422500 0.022500 0.037500
3 0.156250 0.435000 0.022500 0.050000
3 0.132500 0.405625 0.027500 0.053750
3 0.082500 0.405000 0.032500 0.062500
3 0.004375 0.624375 0.006250 0.043750
3 0.011875 0.633750 0.021250 0.047500
3 0.033125 0.631250 0.021250 0.045000
3 0.051250 0.628750 0.012500 0.040000
3 0.068125 0.634375 0.028750 0.051250
3 0.093125 0.636875 0.026250 0.043750
3 0.115625 0.638750 0.016250 0.037500
3 0.146250 0.648750 0.020000 0.047500
3 0.211875 0.646875 0.021250 0.043750
3 0.228750 0.650625 0.022500 0.033750
3 0.251875 0.663750 0.026250 0.052500
3 0.268750 0.656250 0.025000 0.040000
3 0.295000 0.658750 0.025000 0.040000
3 0.316875 0.660000 0.021250 0.040000
3 0.342500 0.666875 0.020000 0.041250
3 0.363125 0.670625 0.026250 0.043750
3 0.386875 0.670000 0.016250 0.040000
3 0.389375 0.616250 0.023750 0.040000
3 0.375000 0.610625 0.015000 0.041250
3 0.355625 0.605625 0.028750 0.053750
3 0.330625 0.608750 0.018750 0.037500
3 0.306875 0.606250 0.013750 0.032500
3 0.283125 0.598125 0.023750 0.043750
3 0.258750 0.596875 0.017500 0.041250
3 0.239375 0.595625 0.013750 0.036250
3 0.191250 0.590000 0.020000 0.037500
3 0.175000 0.584375 0.020000 0.036250
3 0.153125 0.587500 0.016250 0.037500
3 0.127500 0.586250 0.020000 0.037500
3 0.103750 0.578750 0.017500 0.045000
3 0.058125 0.566875 0.021250 0.051250
3 0.036875 0.565000 0.018750 0.045000
3 0.016875 0.566875 0.018750 0.046250
3 0.003125 0.562500 0.003750 0.042500
3 0.131250 0.729375 0.012500 0.036250
3 0.105000 0.728125 0.020000 0.038750
6 0.141875 0.236875 0.021250 0.011250
6 0.173750 0.236875 0.010000 0.023750
6 0.058750 0.190000 0.022500 0.012500
6 0.153125 0.150625 0.023750 0.013750
6 0.158125 0.133125 0.028750 0.013750
6 0.194375 0.142500 0.018750 0.010000
6 0.185000 0.165625 0.010000 0.021250
6 0.198750 0.169375 0.010000 0.021250
6 0.209375 0.172500 0.006250 0.020000
6 0.222500 0.173750 0.007500 0.020000
6 0.235000 0.171875 0.010000 0.023750
6 0.261250 0.106875 0.010000 0.028750
6 0.168750 0.051875 0.025000 0.013750
6 0.133750 0.003750 0.025000 0.005000
6 0.146875 0.251250 0.018750 0.010000
6 0.137500 0.261875 0.025000 0.013750
6 0.138750 0.277500 0.022500 0.010000
6 0.138125 0.289375 0.023750 0.011250
6 0.056250 0.208125 0.015000 0.008750
6 0.053750 0.221250 0.017500 0.007500
6 0.052500 0.231875 0.017500 0.008750
6 0.054375 0.243125 0.023750 0.013750
6 0.049375 0.256875 0.016250 0.008750
6 0.048750 0.271250 0.017500 0.010000
6 0.046875 0.283750 0.021250 0.010000
6 0.048750 0.295000 0.022500 0.010000
6 0.059375 0.328750 0.008750 0.020000
6 0.075000 0.324375 0.010000 0.023750
6 0.091250 0.322500 0.007500 0.017500
6 0.112500 0.300000 0.017500 0.007500
6 0.139375 0.303750 0.018750 0.007500
6 0.491875 0.012500 0.011250 0.022500
6 0.504375 0.013750 0.008750 0.020000
6 0.515625 0.011250 0.011250 0.020000
6 0.526250 0.011250 0.007500 0.017500
6 0.539375 0.009375 0.008750 0.018750
6 0.551875 0.012500 0.011250 0.022500
6 0.577500 0.016250 0.012500 0.020000
6 0.580000 0.063125 0.022500 0.011250
6 0.610625 0.019375 0.008750 0.021250
6 0.624375 0.020625 0.008750 0.016250
6 0.637500 0.023750 0.010000 0.017500
6 0.648750 0.022500 0.010000 0.022500
6 0.661875 0.068750 0.026250 0.017500
6 0.428125 0.024375 0.008750 0.023750
6 0.444375 0.095000 0.026250 0.022500
6 0.419375 0.132500 0.011250 0.020000
6 0.443750 0.133125 0.007500 0.021250
6 0.536250 0.206875 0.022500 0.008750
6 0.554375 0.191250 0.008750 0.017500
6 0.533750 0.219375 0.017500 0.008750
6 0.533750 0.231250 0.022500 0.012500
6 0.603750 0.200000 0.010000 0.017500
6 0.617500 0.200000 0.010000 0.020000
6 0.722500 0.213750 0.007500 0.017500
6 0.652500 0.202500 0.010000 0.017500
6 0.662500 0.206250 0.010000 0.020000
6 0.590000 0.258750 0.010000 0.015000
6 0.602500 0.259375 0.010000 0.016250
6 0.615000 0.260000 0.007500 0.017500
6 0.363750 0.274375 0.022500 0.006250
6 0.350625 0.358125 0.021250 0.011250
6 0.351875 0.345625 0.021250 0.008750
6 0.353125 0.335000 0.018750 0.010000
6 0.351875 0.321250 0.016250 0.007500
6 0.356875 0.286875 0.021250 0.011250
6 0.363125 0.259375 0.018750 0.011250
6 0.360625 0.246875 0.023750 0.013750
6 0.330000 0.226250 0.022500 0.015000
6 0.334375 0.207500 0.023750 0.015000
6 0.367500 0.203750 0.022500 0.010000
6 0.374375 0.195000 0.023750 0.012500
6 0.391875 0.003125 0.006250 0.003750
3 0.835000 0.068125 0.022500 0.028750
3 0.622500 0.068125 0.040000 0.018750
3 0.255625 0.337500 0.031250 0.027500
3 0.258750 0.843125 0.012500 0.033750
6 0.006875 0.278750 0.008750 0.025000
6 0.160000 0.078125 0.022500 0.008750
6 0.158125 0.097500 0.023750 0.010000
6 0.638750 0.263125 0.007500 0.021250
6 0.650000 0.261875 0.010000 0.018750
6 0.661875 0.265625 0.008750 0.018750
6 0.674375 0.266875 0.008750 0.021250
6 0.805000 0.484375 0.010000 0.023750
6 0.781250 0.483750 0.010000 0.022500
6 0.771250 0.484375 0.010000 0.023750
6 0.760625 0.464375 0.008750 0.018750
6 0.798125 0.458750 0.023750 0.022500
6 0.798750 0.333125 0.017500 0.023750
6 0.789375 0.338125 0.013750 0.023750
6 0.765625 0.348750 0.013750 0.020000
6 0.756250 0.355625 0.015000 0.021250
6 0.743125 0.358750 0.013750 0.022500
6 0.731875 0.364375 0.013750 0.018750
6 0.721250 0.371875 0.015000 0.021250
6 0.708125 0.377500 0.016250 0.022500
6 0.692500 0.382500 0.015000 0.022500
6 0.679375 0.387500 0.013750 0.020000
6 0.671250 0.393750 0.015000 0.022500
6 0.660625 0.398750 0.016250 0.020000
6 0.646875 0.406250 0.016250 0.022500
6 0.614375 0.446875 0.021250 0.011250
6 0.611875 0.460625 0.023750 0.011250
6 0.614375 0.471250 0.026250 0.012500
6 0.608750 0.485625 0.022500 0.011250
6 0.601250 0.498750 0.020000 0.007500
6 0.603125 0.510625 0.026250 0.011250
6 0.601875 0.535625 0.026250 0.008750
6 0.599375 0.551250 0.021250 0.010000
6 0.595625 0.562500 0.021250 0.010000
6 0.595625 0.575625 0.021250 0.008750
6 0.593125 0.587500 0.026250 0.010000
6 0.817500 0.489375 0.012500 0.021250
6 0.767500 0.510000 0.010000 0.022500
6 0.780000 0.509375 0.010000 0.021250
6 0.738125 0.322500 0.016250 0.020000
6 0.683750 0.268125 0.010000 0.018750
6 0.697500 0.269375 0.010000 0.018750
6 0.585625 0.280625 0.011250 0.018750
6 0.600000 0.283125 0.012500 0.026250
6 0.610625 0.285000 0.008750 0.020000
6 0.622500 0.285625 0.010000 0.021250
6 0.635000 0.287500 0.007500 0.020000
6 0.647500 0.288125 0.010000 0.016250
6 0.659375 0.290625 0.008750 0.018750
6 0.681875 0.293750 0.008750 0.020000
6 0.691250 0.346250 0.015000 0.020000
6 0.700625 0.339375 0.016250 0.023750
6 0.714375 0.336875 0.016250 0.023750
6 0.748750 0.319375 0.015000 0.021250
6 0.790625 0.511250 0.011250 0.022500
6 0.758125 0.313125 0.018750 0.023750
6 0.771875 0.307500 0.016250 0.025000
6 0.932500 0.181250 0.017500 0.027500
6 0.816250 0.151250 0.020000 0.015000
6 0.830625 0.196250 0.021250 0.015000
6 0.835625 0.207500 0.021250 0.012500
6 0.846250 0.214375 0.020000 0.013750
6 0.848750 0.239375 0.025000 0.016250
6 0.856875 0.254375 0.021250 0.016250
6 0.857500 0.268750 0.020000 0.012500
6 0.865625 0.288125 0.021250 0.013750
6 0.951875 0.436875 0.021250 0.011250
6 0.806250 0.512500 0.012500 0.022500
6 0.666875 0.535000 0.018750 0.012500
6 0.659375 0.605625 0.023750 0.011250
6 0.148125 0.971250 0.013750 0.027500
6 0.133750 0.963750 0.007500 0.017500
6 0.114375 0.963125 0.011250 0.021250
6 0.074375 0.960000 0.011250 0.025000
6 0.033125 0.917500 0.011250 0.025000
6 0.001250 0.988750 0.000000 0.007500
6 0.201250 0.970625 0.007500 0.018750
6 0.003750 0.946875 0.005000 0.011250
6 0.190625 0.966875 0.008750 0.018750
6 0.216250 0.970625 0.010000 0.018750
6 0.653125 0.630000 0.026250 0.012500
6 0.589375 0.656250 0.026250 0.015000
6 0.658125 0.731875 0.021250 0.018750
6 0.630625 0.780625 0.018750 0.018750
6 0.562500 0.828750 0.020000 0.017500
6 0.242500 0.984375 0.010000 0.018750
6 0.023125 0.888125 0.008750 0.018750
6 0.050625 0.888125 0.011250 0.023750
6 0.076250 0.890000 0.010000 0.022500
6 0.101250 0.891250 0.010000 0.017500
6 0.117500 0.892500 0.010000 0.025000
6 0.134375 0.891250 0.011250 0.022500
6 0.148125 0.894375 0.011250 0.023750
6 0.179375 0.902500 0.011250 0.022500
6 0.204375 0.902500 0.008750 0.017500
6 0.235000 0.905000 0.010000 0.022500
6 0.247500 0.906250 0.007500 0.020000
6 0.275625 0.913125 0.008750 0.021250
6 0.290000 0.914375 0.010000 0.018750
