6 0.768750 0.091875 0.010000 0.013750
6 0.190000 0.881250 0.012500 0.012500
6 0.103125 0.791250 0.011250 0.012500
6 0.075625 0.761875 0.011250 0.011250
6 0.740000 0.043125 0.007500 0.008750
6 0.263125 0.446250 0.013750 0.010000
6 0.573125 0.451875 0.008750 0.011250
6 0.580625 0.461875 0.008750 0.011250
6 0.433750 0.465000 0.010000 0.010000
6 0.082500 0.069375 0.010000 0.008750
6 0.090000 0.079375 0.010000 0.008750
6 0.096250 0.089375 0.010000 0.006250
6 0.151875 0.181875 0.011250 0.008750
6 0.110625 0.115000 0.011250 0.010000
6 0.077500 0.116250 0.010000 0.010000
6 0.123750 0.052500 0.012500 0.010000
6 0.466875 0.403750 0.008750 0.012500
6 0.372500 0.369375 0.010000 0.013750
6 0.263750 0.280000 0.010000 0.007500
6 0.258750 0.270625 0.010000 0.011250
6 0.206250 0.228125 0.010000 0.008750
6 0.210625 0.222500 0.008750 0.007500
6 0.577500 0.294375 0.010000 0.011250
6 0.572500 0.473750 0.010000 0.007500
6 0.576250 0.478750 0.007500 0.007500
6 0.073125 0.054375 0.013750 0.011250
6 0.190625 0.150000 0.011250 0.010000
6 0.166875 0.115625 0.013750 0.011250
6 0.159375 0.105000 0.011250 0.010000
6 0.153125 0.095000 0.013750 0.007500
6 0.150000 0.089375 0.010000 0.008750
6 0.141250 0.074375 0.012500 0.011250
6 0.136875 0.070000 0.011250 0.012500
6 0.100625 0.095000 0.013750 0.012500
6 0.118125 0.095625 0.008750 0.011250
6 0.125625 0.105625 0.008750 0.008750
6 0.092500 0.004375 0.012500 0.006250
6 0.608750 0.473125 0.010000 0.008750
6 0.038125 0.053750 0.011250 0.010000
6 0.047500 0.070625 0.010000 0.011250
6 0.146250 0.171875 0.010000 0.008750
6 0.060625 0.090625 0.011250 0.011250
6 0.251250 0.290625 0.010000 0.013750
6 0.245000 0.294375 0.010000 0.013750
6 0.238125 0.300000 0.011250 0.010000
6 0.201250 0.295000 0.012500 0.010000
6 0.324375 0.358125 0.013750 0.011250
6 0.258750 0.469375 0.010000 0.011250
6 0.605625 0.523125 0.008750 0.008750
6 0.599375 0.513750 0.008750 0.010000
6 0.581250 0.487500 0.010000 0.007500
