6 0.111875 0.819375 0.008750 0.021250
5 0.615000 0.936250 0.032500 0.020000
5 0.398750 0.917500 0.032500 0.040000
5 0.485625 0.918750 0.038750 0.037500
5 0.151875 0.944375 0.038750 0.018750
6 0.873750 0.063750 0.020000 0.010000
6 0.871875 0.087500 0.021250 0.010000
6 0.876250 0.105625 0.020000 0.011250
6 0.799375 0.062500 0.023750 0.010000
6 0.067500 0.321875 0.007500 0.021250
6 0.879375 0.026875 0.021250 0.008750
6 0.882500 0.797500 0.010000 0.020000
6 0.380625 0.813125 0.023750 0.016250
6 0.404375 0.809375 0.021250 0.021250
6 0.535625 0.803125 0.008750 0.021250
6 0.547500 0.800625 0.010000 0.026250
6 0.741250 0.795000 0.010000 0.020000
6 0.781250 0.826875 0.020000 0.011250
6 0.783750 0.938750 0.020000 0.012500
6 0.852500 0.893125 0.022500 0.011250
6 0.851250 0.881250 0.020000 0.007500
6 0.865625 0.487500 0.023750 0.012500
6 0.865000 0.471250 0.025000 0.012500
6 0.131875 0.603750 0.026250 0.010000
6 0.104375 0.420000 0.011250 0.017500
6 0.036875 0.321875 0.008750 0.016250
6 0.050625 0.323750 0.011250 0.022500
6 0.211250 0.351875 0.017500 0.018750
6 0.268125 0.226875 0.011250 0.023750
6 0.049375 0.020000 0.011250 0.025000
6 0.797500 0.301250 0.025000 0.010000
6 0.798750 0.261875 0.022500 0.011250
6 0.800625 0.076250 0.023750 0.012500
