6 0.833125 0.790625 0.011250 0.011250
6 0.798750 0.811875 0.010000 0.006250
6 0.788125 0.801250 0.011250 0.007500
6 0.773750 0.791875 0.012500 0.006250
6 0.767500 0.786250 0.012500 0.007500
6 0.773125 0.818125 0.003750 0.008750
6 0.761250 0.809375 0.005000 0.011250
6 0.752500 0.805625 0.005000 0.013750
6 0.973125 0.813750 0.008750 0.010000
6 0.968125 0.818750 0.008750 0.010000
6 0.979375 0.825625 0.008750 0.011250
6 0.974375 0.829375 0.008750 0.011250
6 0.968125 0.831875 0.008750 0.011250
6 0.955625 0.831250 0.008750 0.010000
6 0.936250 0.809375 0.007500 0.011250
6 0.827500 0.795625 0.012500 0.011250
6 0.835625 0.784375 0.011250 0.011250
6 0.840000 0.778125 0.012500 0.013750
6 0.348750 0.154375 0.010000 0.003750
6 0.348125 0.146250 0.011250 0.005000
6 0.309375 0.306875 0.003750 0.011250
6 0.305625 0.214375 0.003750 0.013750
6 0.329375 0.272500 0.011250 0.005000
6 0.328750 0.261875 0.010000 0.003750
6 0.330625 0.250000 0.011250 0.012500
6 0.508125 0.624375 0.011250 0.011250
6 0.550625 0.619375 0.011250 0.011250
6 0.555625 0.623750 0.011250 0.012500
6 0.563750 0.631250 0.010000 0.012500
6 0.568750 0.636250 0.010000 0.012500
6 0.575000 0.640000 0.010000 0.012500
6 0.595000 0.650625 0.010000 0.013750
6 0.600000 0.655625 0.010000 0.011250
6 0.616875 0.665625 0.008750 0.011250
6 0.567500 0.689375 0.010000 0.011250
6 0.562500 0.684375 0.010000 0.011250
6 0.553125 0.675000 0.011250 0.012500
6 0.543125 0.668125 0.011250 0.011250
6 0.729375 0.756875 0.011250 0.011250
6 0.740000 0.766250 0.012500 0.012500
6 0.745625 0.770000 0.008750 0.012500
6 0.730625 0.785000 0.013750 0.012500
6 0.350000 0.165625 0.010000 0.003750
6 0.349375 0.158750 0.011250 0.005000
6 0.338750 0.380625 0.012500 0.006250
6 0.402500 0.018125 0.007500 0.023750
6 0.347500 0.391250 0.012500 0.007500
6 0.552500 0.328750 0.010000 0.012500
6 0.538125 0.372500 0.008750 0.012500
6 0.519375 0.325000 0.011250 0.012500
6 0.469375 0.354375 0.008750 0.011250
6 0.394375 0.106250 0.006250 0.012500
6 0.406250 0.106875 0.005000 0.011250
6 0.412500 0.106250 0.005000 0.012500
6 0.417500 0.106875 0.005000 0.011250
6 0.423750 0.106875 0.005000 0.011250
6 0.428750 0.106875 0.005000 0.011250
6 0.433750 0.105625 0.005000 0.011250
6 0.440000 0.105625 0.005000 0.013750
6 0.446250 0.105625 0.005000 0.011250
6 0.566250 0.137500 0.010000 0.005000
6 0.566875 0.145000 0.011250 0.005000
6 0.566875 0.150000 0.008750 0.005000
6 0.566250 0.168750 0.010000 0.005000
6 0.564375 0.180000 0.011250 0.005000
6 0.564375 0.187500 0.011250 0.005000
6 0.564375 0.192500 0.011250 0.005000
6 0.564375 0.198750 0.013750 0.005000
6 0.563750 0.205000 0.012500 0.002500
6 0.563125 0.211250 0.011250 0.005000
6 0.563125 0.216875 0.011250 0.003750
6 0.562500 0.224375 0.012500 0.006250
6 0.561875 0.229375 0.011250 0.003750
6 0.563125 0.235625 0.011250 0.006250
6 0.564375 0.241250 0.011250 0.005000
6 0.380625 0.228750 0.013750 0.007500
6 0.380625 0.247500 0.011250 0.005000
6 0.399375 0.105625 0.003750 0.011250
6 0.387500 0.106250 0.005000 0.012500
6 0.504375 0.326250 0.008750 0.012500
6 0.381250 0.106250 0.005000 0.012500
6 0.500000 0.325625 0.007500 0.011250
6 0.470000 0.325000 0.010000 0.012500
6 0.460625 0.325000 0.008750 0.012500
6 0.454375 0.325625 0.008750 0.011250
6 0.446875 0.325000 0.008750 0.012500
6 0.440000 0.325625 0.010000 0.011250
6 0.433750 0.325000 0.010000 0.012500
6 0.793125 0.002500 0.011250 0.002500
6 0.546875 0.104375 0.003750 0.011250
6 0.536250 0.106250 0.005000 0.012500
6 0.530000 0.107500 0.005000 0.012500
6 0.517500 0.107500 0.005000 0.015000
6 0.506250 0.106875 0.005000 0.011250
6 0.500000 0.106875 0.005000 0.011250
6 0.487500 0.108125 0.005000 0.011250
6 0.481250 0.106875 0.005000 0.011250
6 0.475000 0.106250 0.005000 0.012500
6 0.470000 0.105000 0.005000 0.012500
6 0.464375 0.105625 0.006250 0.011250
6 0.456875 0.105625 0.003750 0.011250
6 0.368125 0.105625 0.003750 0.013750
6 0.373750 0.105625 0.005000 0.013750
