6 0.801250 0.655625 0.012500 0.008750
6 0.425000 0.935625 0.010000 0.011250
6 0.385000 0.935625 0.012500 0.008750
6 0.411250 0.944375 0.012500 0.011250
6 0.798750 0.630625 0.010000 0.006250
6 0.800625 0.618125 0.011250 0.008750
6 0.799375 0.611250 0.011250 0.007500
6 0.801250 0.597500 0.012500 0.007500
6 0.800000 0.591250 0.010000 0.007500
6 0.800000 0.583125 0.010000 0.008750
6 0.795000 0.550000 0.010000 0.010000
6 0.782500 0.538125 0.010000 0.011250
6 0.784375 0.551250 0.011250 0.012500
6 0.768125 0.543125 0.011250 0.011250
6 0.776875 0.556875 0.013750 0.008750
6 0.773750 0.561875 0.010000 0.006250
6 0.773125 0.569375 0.008750 0.003750
6 0.761875 0.566250 0.011250 0.007500
6 0.755625 0.574375 0.011250 0.006250
6 0.761250 0.583750 0.010000 0.005000
6 0.765625 0.590000 0.011250 0.005000
6 0.767500 0.602500 0.010000 0.007500
6 0.763750 0.614375 0.010000 0.006250
6 0.760000 0.621875 0.010000 0.006250
6 0.396875 0.833750 0.011250 0.010000
6 0.434375 0.847500 0.011250 0.010000
6 0.475625 0.958125 0.011250 0.011250
6 0.467500 0.966250 0.010000 0.010000
6 0.961250 0.575000 0.010000 0.012500
6 0.987500 0.575625 0.010000 0.011250
6 0.995000 0.574375 0.010000 0.011250
6 0.978750 0.540625 0.010000 0.011250
6 0.971250 0.540000 0.010000 0.010000
6 0.801250 0.637500 0.010000 0.010000
6 0.781250 0.675625 0.005000 0.011250
6 0.764375 0.676875 0.011250 0.008750
6 0.056875 0.314375 0.006250 0.011250
6 0.118750 0.315000 0.005000 0.012500
6 0.111250 0.338750 0.005000 0.010000
6 0.109375 0.354375 0.006250 0.011250
6 0.097500 0.361250 0.005000 0.010000
6 0.088750 0.357500 0.005000 0.010000
6 0.168750 0.368750 0.015000 0.010000
6 0.180000 0.387500 0.012500 0.005000
6 0.202500 0.389375 0.012500 0.006250
6 0.216250 0.343750 0.005000 0.010000
6 0.217500 0.547500 0.015000 0.010000
6 0.340625 0.644375 0.013750 0.013750
6 0.474375 0.584375 0.006250 0.011250
6 0.485625 0.585000 0.003750 0.010000
6 0.510000 0.586875 0.005000 0.013750
6 0.521250 0.583750 0.005000 0.012500
6 0.545625 0.585625 0.006250 0.011250
6 0.496250 0.616250 0.005000 0.012500
6 0.485000 0.615000 0.005000 0.012500
6 0.473125 0.618125 0.003750 0.011250
6 0.466250 0.618125 0.005000 0.011250
6 0.460625 0.615625 0.006250 0.011250
6 0.968125 0.655625 0.011250 0.006250
6 0.907500 0.655000 0.012500 0.005000
6 0.693750 0.686250 0.012500 0.007500
