6 0.476875 0.903125 0.011250 0.011250
6 0.468750 0.920000 0.012500 0.012500
6 0.407500 0.888125 0.012500 0.011250
6 0.401875 0.894375 0.011250 0.011250
6 0.398125 0.901875 0.011250 0.011250
6 0.392500 0.908125 0.012500 0.011250
6 0.352500 0.935000 0.010000 0.012500
6 0.358125 0.932500 0.008750 0.012500
6 0.364375 0.930625 0.011250 0.013750
6 0.370000 0.922500 0.012500 0.015000
6 0.375625 0.919375 0.008750 0.011250
6 0.381250 0.915625 0.010000 0.011250
6 0.385625 0.911875 0.011250 0.011250
6 0.193750 0.686875 0.010000 0.013750
6 0.318750 0.821250 0.012500 0.012500
6 0.327500 0.856250 0.010000 0.005000
6 0.333750 0.817500 0.007500 0.015000
6 0.338750 0.821250 0.007500 0.012500
6 0.345000 0.826250 0.010000 0.012500
6 0.351875 0.861250 0.011250 0.010000
