6 0.331250 0.390000 0.005000 0.012500
6 0.295625 0.336875 0.006250 0.011250
6 0.331250 0.358125 0.010000 0.003750
6 0.333125 0.363125 0.008750 0.006250
6 0.334375 0.381250 0.011250 0.005000
6 0.286250 0.389375 0.005000 0.011250
6 0.291875 0.387500 0.003750 0.010000
6 0.297500 0.386875 0.005000 0.011250
6 0.303125 0.387500 0.003750 0.010000
6 0.308750 0.388125 0.005000 0.011250
6 0.313750 0.389375 0.005000 0.011250
6 0.319375 0.389375 0.003750 0.008750
6 0.323750 0.388125 0.005000 0.013750
6 0.336875 0.389375 0.006250 0.011250
6 0.043750 0.497500 0.010000 0.005000
6 0.636875 0.296875 0.011250 0.011250
6 0.555000 0.298750 0.007500 0.012500
6 0.464375 0.338750 0.008750 0.012500
6 0.471250 0.339375 0.007500 0.011250
6 0.479375 0.421250 0.006250 0.012500
6 0.488750 0.422500 0.005000 0.012500
6 0.513750 0.415625 0.012500 0.006250
6 0.514375 0.424375 0.011250 0.003750
6 0.513750 0.430000 0.010000 0.005000
6 0.514375 0.450625 0.011250 0.006250
6 0.550000 0.520000 0.005000 0.010000
6 0.563125 0.519375 0.003750 0.011250
6 0.289375 0.336250 0.003750 0.010000
6 0.283750 0.336250 0.005000 0.010000
6 0.272500 0.375000 0.010000 0.005000
6 0.273125 0.369375 0.011250 0.003750
6 0.243125 0.334375 0.006250 0.011250
6 0.250625 0.346250 0.003750 0.012500
6 0.241250 0.390000 0.005000 0.010000
6 0.233750 0.405625 0.005000 0.011250
6 0.241250 0.441875 0.007500 0.013750
6 0.201875 0.408125 0.006250 0.013750
6 0.203125 0.451250 0.006250 0.012500
6 0.371875 0.170625 0.003750 0.013750
6 0.379375 0.169375 0.006250 0.013750
6 0.386250 0.169375 0.005000 0.013750
6 0.381875 0.216875 0.013750 0.006250
6 0.400000 0.229375 0.007500 0.011250
6 0.393125 0.228750 0.006250 0.012500
6 0.388125 0.228750 0.008750 0.012500
6 0.375000 0.235000 0.010000 0.007500
6 0.360000 0.232500 0.005000 0.012500
6 0.366250 0.246875 0.015000 0.006250
6 0.328750 0.247500 0.012500 0.005000
6 0.272500 0.334375 0.010000 0.003750
6 0.272500 0.340000 0.010000 0.002500
6 0.273125 0.344375 0.008750 0.003750
6 0.273125 0.350000 0.008750 0.005000
6 0.273125 0.354375 0.008750 0.003750
6 0.273125 0.359375 0.011250 0.003750
6 0.273125 0.365625 0.011250 0.003750
6 0.473750 0.521875 0.005000 0.008750
6 0.466250 0.521875 0.005000 0.011250
6 0.459375 0.521250 0.003750 0.012500
6 0.071250 0.387500 0.007500 0.012500
6 0.177500 0.508125 0.010000 0.006250
6 0.161250 0.520000 0.005000 0.010000
6 0.151875 0.520000 0.006250 0.012500
6 0.146250 0.519375 0.007500 0.011250
6 0.138750 0.519375 0.005000 0.011250
6 0.127500 0.520000 0.005000 0.012500
6 0.125625 0.505625 0.011250 0.008750
6 0.091250 0.520000 0.005000 0.010000
6 0.084375 0.518750 0.003750 0.010000
6 0.078125 0.518125 0.003750 0.011250
6 0.073125 0.520000 0.006250 0.012500
6 0.066250 0.518750 0.005000 0.012500
6 0.060000 0.518125 0.005000 0.011250
6 0.053750 0.518750 0.005000 0.012500
6 0.044375 0.411250 0.011250 0.005000
6 0.045625 0.421250 0.011250 0.005000
6 0.045625 0.434375 0.008750 0.006250
6 0.045625 0.441250 0.008750 0.005000
6 0.045625 0.448125 0.008750 0.003750
6 0.043750 0.453750 0.010000 0.005000
6 0.044375 0.459375 0.011250 0.003750
6 0.043125 0.465000 0.008750 0.002500
6 0.044375 0.470625 0.008750 0.003750
6 0.044375 0.476875 0.011250 0.003750
6 0.044375 0.482500 0.011250 0.005000
6 0.095625 0.401250 0.008750 0.010000
6 0.083750 0.385625 0.007500 0.011250
6 0.453750 0.520000 0.005000 0.010000
6 0.097500 0.386250 0.007500 0.010000
6 0.446875 0.520000 0.006250 0.010000
6 0.440000 0.521250 0.005000 0.010000
6 0.433750 0.522500 0.005000 0.010000
6 0.428750 0.522500 0.005000 0.010000
6 0.421250 0.521875 0.005000 0.011250
6 0.414375 0.521875 0.003750 0.011250
6 0.410000 0.521250 0.005000 0.010000
6 0.403125 0.520625 0.003750 0.008750
6 0.396250 0.521250 0.005000 0.010000
6 0.390000 0.523125 0.005000 0.011250
6 0.383125 0.522500 0.006250 0.012500
6 0.333125 0.510625 0.011250 0.003750
6 0.232500 0.491250 0.005000 0.012500
6 0.192500 0.503125 0.005000 0.011250
6 0.201250 0.522500 0.005000 0.012500
6 0.239375 0.578750 0.006250 0.012500
6 0.257500 0.569375 0.005000 0.013750
6 0.231250 0.602500 0.005000 0.012500
6 0.161875 0.386875 0.006250 0.011250
6 0.166250 0.405000 0.010000 0.010000
6 0.142500 0.386875 0.007500 0.011250
6 0.126875 0.403125 0.008750 0.011250
6 0.120000 0.401875 0.010000 0.011250
6 0.110000 0.401250 0.010000 0.010000
6 0.109375 0.388125 0.006250 0.008750
6 0.234375 0.328750 0.006250 0.012500
6 0.175000 0.297500 0.012500 0.005000
6 0.177500 0.283750 0.012500 0.005000
6 0.177500 0.276250 0.012500 0.005000
6 0.234375 0.017500 0.006250 0.015000
6 0.245625 0.028750 0.003750 0.010000
6 0.236875 0.066875 0.006250 0.011250
6 0.245000 0.080625 0.007500 0.011250
6 0.245625 0.118750 0.003750 0.010000
6 0.237500 0.115000 0.005000 0.010000
6 0.323125 0.086250 0.006250 0.012500
6 0.303125 0.121875 0.006250 0.011250
6 0.290625 0.125000 0.003750 0.012500
6 0.245000 0.173125 0.005000 0.011250
6 0.245000 0.200625 0.005000 0.008750
6 0.236250 0.180000 0.007500 0.012500
6 0.219375 0.150000 0.006250 0.010000
6 0.220625 0.163750 0.006250 0.010000
6 0.220625 0.179375 0.006250 0.011250
6 0.220000 0.195625 0.007500 0.011250
6 0.205000 0.196875 0.007500 0.011250
6 0.071875 0.201875 0.008750 0.011250
6 0.048125 0.190625 0.011250 0.006250
6 0.049375 0.213750 0.011250 0.007500
6 0.236250 0.228750 0.005000 0.012500
6 0.210000 0.263750 0.005000 0.012500
6 0.243750 0.270625 0.005000 0.013750
6 0.235625 0.282500 0.006250 0.012500
6 0.241875 0.298750 0.006250 0.012500
6 0.043750 0.490000 0.012500 0.005000
6 0.050625 0.668125 0.003750 0.011250
6 0.800000 0.244375 0.015000 0.008750
6 0.765625 0.203750 0.011250 0.007500
6 0.766875 0.109375 0.013750 0.008750
6 0.768125 0.115000 0.013750 0.010000
6 0.775625 0.126875 0.011250 0.008750
6 0.788125 0.123125 0.011250 0.006250
6 0.785000 0.118125 0.010000 0.008750
6 0.780000 0.143750 0.010000 0.007500
6 0.782500 0.150000 0.012500 0.010000
6 0.785000 0.156875 0.012500 0.008750
6 0.789375 0.173750 0.011250 0.007500
6 0.791250 0.139375 0.010000 0.006250
6 0.795000 0.146875 0.010000 0.006250
6 0.805625 0.216250 0.008750 0.012500
6 0.056875 0.669375 0.003750 0.008750
6 0.880625 0.228125 0.011250 0.008750
6 0.807500 0.198125 0.007500 0.011250
6 0.821875 0.196250 0.008750 0.012500
6 0.932500 0.190000 0.012500 0.010000
6 0.991875 0.113750 0.008750 0.010000
6 0.645625 0.256875 0.011250 0.006250
6 0.763750 0.310625 0.007500 0.013750
6 0.672500 0.340000 0.010000 0.012500
6 0.681250 0.340000 0.010000 0.012500
6 0.762500 0.198125 0.012500 0.008750
6 0.760625 0.189375 0.013750 0.008750
6 0.757500 0.178750 0.012500 0.007500
6 0.751875 0.163750 0.013750 0.010000
6 0.544375 0.151250 0.006250 0.010000
6 0.724375 0.068750 0.011250 0.007500
6 0.725625 0.075625 0.011250 0.008750
6 0.730000 0.088125 0.010000 0.008750
6 0.612500 0.134375 0.010000 0.008750
6 0.611875 0.145000 0.011250 0.007500
6 0.613125 0.152500 0.013750 0.010000
6 0.613125 0.157500 0.011250 0.007500
6 0.612500 0.163125 0.010000 0.008750
6 0.613750 0.170625 0.012500 0.008750
6 0.660000 0.234375 0.012500 0.008750
6 0.713750 0.248750 0.012500 0.005000
6 0.721250 0.205000 0.010000 0.007500
6 0.721250 0.197500 0.010000 0.007500
6 0.720000 0.161250 0.010000 0.007500
6 0.719375 0.150625 0.011250 0.011250
6 0.721875 0.116875 0.011250 0.006250
6 0.732500 0.094375 0.010000 0.006250
6 0.734375 0.105000 0.011250 0.007500
6 0.737500 0.110625 0.012500 0.008750
6 0.738750 0.118125 0.012500 0.006250
6 0.738750 0.122500 0.012500 0.007500
6 0.740625 0.129375 0.013750 0.008750
6 0.743125 0.133750 0.013750 0.010000
6 0.745625 0.139375 0.011250 0.008750
6 0.691875 0.342500 0.011250 0.012500
6 0.698750 0.339375 0.010000 0.013750
6 0.706875 0.340000 0.011250 0.010000
6 0.896875 0.643125 0.011250 0.008750
6 0.849375 0.491250 0.013750 0.010000
6 0.844375 0.478750 0.011250 0.007500
6 0.842500 0.472500 0.015000 0.007500
6 0.841250 0.465625 0.012500 0.008750
6 0.826250 0.422500 0.012500 0.010000
6 0.815000 0.395625 0.010000 0.013750
6 0.832500 0.368750 0.015000 0.007500
6 0.805625 0.369375 0.008750 0.013750
6 0.780625 0.278750 0.006250 0.012500
6 0.770625 0.280000 0.006250 0.012500
6 0.773125 0.293750 0.008750 0.010000
6 0.951250 0.303125 0.005000 0.013750
6 0.869375 0.468125 0.006250 0.011250
6 0.881875 0.467500 0.006250 0.012500
6 0.886875 0.466250 0.006250 0.012500
6 0.893750 0.467500 0.007500 0.012500
6 0.905000 0.465000 0.005000 0.010000
6 0.918750 0.465625 0.007500 0.013750
6 0.924375 0.466250 0.006250 0.012500
6 0.930625 0.464375 0.006250 0.013750
6 0.938125 0.466875 0.006250 0.011250
6 0.942500 0.466875 0.005000 0.011250
6 0.962500 0.466875 0.007500 0.013750
6 0.969375 0.466250 0.006250 0.012500
6 0.891250 0.496875 0.005000 0.011250
6 0.891875 0.635000 0.011250 0.007500
6 0.904375 0.653750 0.016250 0.007500
6 0.722500 0.341875 0.010000 0.011250
6 0.906250 0.663750 0.012500 0.007500
6 0.731250 0.344375 0.012500 0.013750
6 0.746875 0.352500 0.008750 0.010000
6 0.761875 0.366250 0.013750 0.010000
6 0.765625 0.373125 0.011250 0.006250
6 0.767500 0.380625 0.012500 0.008750
6 0.768750 0.395000 0.012500 0.007500
6 0.758125 0.390625 0.008750 0.013750
6 0.751250 0.392500 0.007500 0.012500
6 0.756250 0.414375 0.010000 0.013750
6 0.750625 0.414375 0.008750 0.011250
6 0.743750 0.415000 0.010000 0.015000
6 0.779375 0.415625 0.013750 0.008750
6 0.774375 0.444375 0.011250 0.006250
6 0.823750 0.481250 0.010000 0.015000
6 0.837500 0.525625 0.007500 0.011250
6 0.822500 0.535625 0.012500 0.008750
6 0.825625 0.551250 0.011250 0.010000
6 0.833125 0.573750 0.013750 0.010000
6 0.836875 0.583125 0.013750 0.008750
6 0.842500 0.601250 0.015000 0.010000
6 0.801875 0.478125 0.011250 0.008750
6 0.794375 0.456875 0.011250 0.008750
6 0.868125 0.679375 0.011250 0.008750
6 0.862500 0.670625 0.012500 0.008750
6 0.912500 0.685000 0.012500 0.007500
6 0.658125 0.865000 0.006250 0.012500
6 0.675000 0.821875 0.015000 0.008750
6 0.631875 0.855000 0.011250 0.005000
6 0.138125 0.833750 0.011250 0.010000
6 0.136250 0.854375 0.010000 0.008750
6 0.134375 0.880000 0.011250 0.010000
6 0.146875 0.885000 0.006250 0.015000
6 0.153125 0.883125 0.006250 0.011250
6 0.160000 0.881250 0.005000 0.010000
6 0.298750 0.780625 0.005000 0.011250
6 0.304375 0.780625 0.003750 0.011250
6 0.324375 0.781250 0.003750 0.012500
6 0.357500 0.570625 0.005000 0.013750
6 0.401875 0.706250 0.006250 0.012500
6 0.403125 0.756875 0.006250 0.011250
6 0.416875 0.759375 0.006250 0.011250
6 0.421250 0.686875 0.010000 0.006250
6 0.433125 0.686875 0.008750 0.003750
6 0.469375 0.770625 0.008750 0.003750
6 0.461250 0.806250 0.010000 0.007500
6 0.441250 0.790000 0.012500 0.005000
6 0.448750 0.796250 0.010000 0.005000
6 0.423125 0.793750 0.006250 0.012500
6 0.447500 0.764375 0.012500 0.003750
6 0.446250 0.691875 0.012500 0.006250
6 0.456875 0.691875 0.011250 0.003750
6 0.470000 0.693125 0.007500 0.006250
6 0.423125 0.698125 0.011250 0.006250
6 0.433125 0.698750 0.011250 0.005000
6 0.136250 0.840000 0.010000 0.007500
6 0.236250 0.714375 0.007500 0.011250
6 0.458750 0.698750 0.010000 0.005000
6 0.267500 0.776875 0.010000 0.008750
6 0.085000 0.670625 0.007500 0.013750
6 0.091875 0.670000 0.006250 0.012500
6 0.103125 0.683750 0.011250 0.012500
6 0.100625 0.698125 0.011250 0.011250
6 0.100000 0.716875 0.012500 0.011250
6 0.101250 0.723125 0.012500 0.011250
6 0.101875 0.729375 0.011250 0.008750
6 0.101250 0.740000 0.015000 0.012500
6 0.100000 0.754375 0.012500 0.011250
6 0.040000 0.717500 0.005000 0.015000
6 0.039375 0.733750 0.006250 0.010000
6 0.039375 0.752500 0.006250 0.012500
6 0.168125 0.726250 0.011250 0.005000
6 0.168125 0.731250 0.011250 0.005000
6 0.168125 0.736875 0.008750 0.003750
6 0.166250 0.750000 0.010000 0.005000
6 0.166875 0.756250 0.008750 0.005000
6 0.167500 0.773125 0.010000 0.006250
6 0.166250 0.786250 0.012500 0.007500
6 0.190000 0.766875 0.007500 0.011250
6 0.108750 0.801250 0.012500 0.007500
6 0.196875 0.856250 0.003750 0.012500
6 0.204375 0.877500 0.006250 0.012500
6 0.227500 0.886875 0.005000 0.013750
6 0.265000 0.791250 0.012500 0.005000
6 0.445625 0.698750 0.011250 0.005000
6 0.470000 0.698125 0.010000 0.003750
6 0.618125 0.848125 0.011250 0.006250
6 0.403125 0.852500 0.006250 0.012500
6 0.415000 0.851875 0.005000 0.011250
6 0.423750 0.851250 0.005000 0.010000
6 0.430625 0.851875 0.003750 0.011250
6 0.436250 0.851875 0.005000 0.011250
6 0.383125 0.873750 0.011250 0.005000
6 0.378125 0.889375 0.011250 0.003750
6 0.376875 0.900625 0.011250 0.003750
6 0.388125 0.889375 0.006250 0.013750
6 0.393750 0.876250 0.002500 0.012500
6 0.398750 0.876250 0.002500 0.012500
6 0.399375 0.890625 0.006250 0.011250
6 0.404375 0.876250 0.003750 0.010000
6 0.410000 0.878125 0.005000 0.008750
6 0.416250 0.879375 0.002500 0.008750
6 0.425625 0.892500 0.003750 0.012500
6 0.431250 0.891875 0.005000 0.011250
6 0.436875 0.891250 0.003750 0.010000
6 0.446875 0.892500 0.003750 0.012500
6 0.467500 0.873125 0.010000 0.006250
6 0.465625 0.889375 0.008750 0.006250
6 0.480625 0.886875 0.011250 0.003750
6 0.541875 0.890000 0.013750 0.005000
6 0.541250 0.895625 0.010000 0.003750
6 0.555000 0.896875 0.012500 0.006250
6 0.552500 0.904375 0.015000 0.006250
6 0.408125 0.851250 0.003750 0.010000
6 0.391250 0.850000 0.005000 0.010000
6 0.423125 0.720625 0.008750 0.003750
6 0.371250 0.851875 0.005000 0.011250
6 0.433750 0.721250 0.010000 0.005000
6 0.446875 0.721250 0.008750 0.005000
6 0.458125 0.721250 0.008750 0.005000
6 0.469375 0.721250 0.006250 0.002500
6 0.469375 0.715000 0.008750 0.005000
6 0.423750 0.728125 0.010000 0.003750
6 0.436250 0.728125 0.010000 0.003750
6 0.448750 0.727500 0.007500 0.002500
6 0.459375 0.726875 0.008750 0.003750
6 0.469375 0.728125 0.008750 0.003750
6 0.445000 0.733750 0.010000 0.005000
6 0.423125 0.739375 0.011250 0.006250
6 0.433750 0.745000 0.010000 0.005000
6 0.446250 0.744375 0.010000 0.006250
6 0.446250 0.751250 0.010000 0.002500
6 0.469375 0.756250 0.011250 0.005000
6 0.498750 0.479375 0.005000 0.011250
6 0.503125 0.607500 0.006250 0.012500
6 0.556250 0.629375 0.005000 0.013750
6 0.243750 0.808750 0.005000 0.010000
6 0.382500 0.836875 0.005000 0.011250
6 0.423125 0.834375 0.008750 0.011250
6 0.354375 0.861250 0.011250 0.005000
6 0.352500 0.873125 0.012500 0.006250
6 0.381250 0.851875 0.005000 0.011250
6 0.723750 0.578750 0.010000 0.047500
6 0.695625 0.583750 0.008750 0.042500
6 0.635625 0.629375 0.023750 0.006250
6 0.635625 0.635625 0.023750 0.006250
6 0.710625 0.668750 0.021250 0.012500
6 0.631875 0.665000 0.018750 0.007500
6 0.631250 0.673750 0.022500 0.007500
6 0.631250 0.681250 0.030000 0.010000
6 0.591875 0.743750 0.023750 0.010000
6 0.837500 0.382500 0.012500 0.022500
6 0.950000 0.351250 0.015000 0.025000
6 0.781875 0.478750 0.021250 0.010000
6 0.741250 0.468750 0.010000 0.022500
6 0.692500 0.476250 0.010000 0.027500
6 0.661875 0.455000 0.018750 0.007500
6 0.200625 0.626250 0.008750 0.042500
6 0.192500 0.593125 0.007500 0.046250
6 0.190000 0.700000 0.010000 0.042500
6 0.198125 0.739375 0.008750 0.043750
6 0.818750 0.288125 0.022500 0.008750
6 0.816250 0.295625 0.022500 0.008750
6 0.897500 0.498750 0.005000 0.012500
6 0.903750 0.496875 0.005000 0.011250
6 0.910000 0.497500 0.005000 0.012500
6 0.923125 0.497500 0.006250 0.012500
6 0.679375 0.861250 0.006250 0.015000
6 0.481250 0.895000 0.012500 0.005000
6 0.482500 0.904375 0.012500 0.003750
6 0.467500 0.906875 0.010000 0.006250
6 0.611875 0.865000 0.006250 0.010000
6 0.646875 0.864375 0.006250 0.011250
6 0.803750 0.875625 0.015000 0.006250
6 0.816250 0.894375 0.005000 0.011250
6 0.986875 0.850625 0.008750 0.011250
6 0.980000 0.846875 0.010000 0.008750
6 0.938125 0.788750 0.008750 0.012500
6 0.958750 0.781875 0.010000 0.011250
6 0.964375 0.796250 0.011250 0.010000
6 0.966875 0.801250 0.008750 0.010000
6 0.971250 0.816875 0.010000 0.011250
6 0.934375 0.496875 0.006250 0.013750
6 0.946875 0.496250 0.003750 0.012500
6 0.954375 0.496875 0.003750 0.011250
6 0.961875 0.496250 0.006250 0.012500
6 0.905000 0.511250 0.012500 0.005000
6 0.935000 0.528750 0.005000 0.012500
6 0.906250 0.531875 0.005000 0.013750
6 0.898125 0.533125 0.006250 0.013750
6 0.867500 0.545000 0.012500 0.007500
6 0.869375 0.555000 0.011250 0.007500
6 0.870625 0.561250 0.011250 0.007500
6 0.874375 0.568750 0.013750 0.010000
6 0.852500 0.578750 0.010000 0.017500
6 0.995625 0.414375 0.008750 0.013750
6 0.980000 0.465000 0.007500 0.010000
6 0.939375 0.594375 0.006250 0.011250
6 0.947500 0.593750 0.005000 0.012500
6 0.953750 0.593750 0.007500 0.012500
6 0.960000 0.593125 0.005000 0.011250
6 0.972500 0.593125 0.005000 0.011250
6 0.977500 0.595000 0.005000 0.012500
6 0.991250 0.593125 0.005000 0.011250
6 0.997500 0.593750 0.005000 0.012500
6 0.975000 0.823750 0.010000 0.010000
6 0.611250 0.213750 0.012500 0.010000
6 0.884375 0.186875 0.006250 0.011250
6 0.873125 0.185000 0.006250 0.012500
6 0.814375 0.108125 0.011250 0.003750
6 0.816875 0.113750 0.011250 0.007500
6 0.843125 0.140625 0.011250 0.006250
6 0.997500 0.081250 0.005000 0.007500
