6 0.083125 0.040625 0.011250 0.011250
6 0.048750 0.061875 0.010000 0.006250
6 0.038125 0.051250 0.011250 0.007500
6 0.023750 0.041875 0.012500 0.006250
6 0.017500 0.036250 0.012500 0.007500
6 0.023125 0.068125 0.003750 0.008750
6 0.011250 0.059375 0.005000 0.011250
6 0.002500 0.055625 0.005000 0.013750
6 0.281250 0.162500 0.010000 0.005000
6 0.223125 0.063750 0.008750 0.010000
6 0.218125 0.068750 0.008750 0.010000
6 0.229375 0.075625 0.008750 0.011250
6 0.224375 0.079375 0.008750 0.011250
6 0.218125 0.081875 0.008750 0.011250
6 0.205625 0.081250 0.008750 0.010000
6 0.186250 0.059375 0.007500 0.011250
6 0.260625 0.195625 0.011250 0.006250
6 0.262500 0.208750 0.010000 0.005000
6 0.279375 0.206875 0.011250 0.006250
6 0.270000 0.240000 0.010000 0.007500
6 0.268125 0.233125 0.008750 0.006250
6 0.285625 0.235000 0.011250 0.007500
6 0.293125 0.244375 0.011250 0.008750
6 0.301250 0.253750 0.012500 0.010000
6 0.476250 0.390000 0.010000 0.010000
6 0.469375 0.383750 0.008750 0.010000
6 0.077500 0.045625 0.012500 0.011250
6 0.085625 0.034375 0.011250 0.011250
6 0.430625 0.345625 0.013750 0.013750
6 0.090000 0.028125 0.012500 0.013750
6 0.466875 0.379375 0.008750 0.008750
6 0.427500 0.378125 0.012500 0.011250
6 0.418125 0.370625 0.011250 0.011250
6 0.350625 0.329375 0.011250 0.013750
6 0.350625 0.301875 0.011250 0.011250
6 0.383125 0.293750 0.011250 0.010000
6 0.335625 0.290625 0.013750 0.013750
