6 0.119375 0.380000 0.018750 0.017500
6 0.158750 0.415625 0.017500 0.016250
6 0.180625 0.433125 0.018750 0.018750
6 0.200000 0.450000 0.017500 0.015000
6 0.224375 0.428125 0.018750 0.021250
6 0.203750 0.410625 0.017500 0.018750
6 0.296875 0.618750 0.018750 0.020000
6 0.280000 0.640625 0.020000 0.018750
6 0.266875 0.660000 0.023750 0.020000
6 0.135000 0.394375 0.015000 0.016250
6 0.032500 0.266875 0.020000 0.016250
6 0.251875 0.717500 0.018750 0.020000
6 0.053125 0.284375 0.021250 0.021250
6 0.124375 0.340000 0.018750 0.017500
6 0.108750 0.326875 0.017500 0.013750
6 0.091875 0.313125 0.016250 0.016250
6 0.075625 0.298125 0.021250 0.018750
6 0.276250 0.673125 0.017500 0.018750
6 0.316250 0.639375 0.017500 0.021250
6 0.327500 0.621875 0.017500 0.021250
6 0.345625 0.601875 0.021250 0.018750
6 0.378125 0.512500 0.021250 0.022500
6 0.011875 0.250000 0.021250 0.020000
