6 0.204375 0.251875 0.011250 0.006250
6 0.215625 0.243125 0.011250 0.006250
6 0.148125 0.244375 0.011250 0.006250
6 0.121250 0.231250 0.010000 0.005000
6 0.109375 0.238125 0.011250 0.006250
6 0.086250 0.223125 0.010000 0.008750
6 0.061875 0.227500 0.013750 0.007500
6 0.018750 0.214375 0.010000 0.008750
6 0.267500 0.187500 0.007500 0.012500
6 0.315625 0.156250 0.006250 0.010000
6 0.321250 0.155000 0.005000 0.010000
6 0.333125 0.152500 0.006250 0.010000
6 0.328125 0.154375 0.006250 0.011250
6 0.350625 0.150625 0.006250 0.011250
6 0.332500 0.183125 0.005000 0.011250
6 0.343125 0.182500 0.006250 0.010000
6 0.348750 0.181250 0.007500 0.010000
6 0.021250 0.230625 0.037500 0.021250
6 0.365625 0.765000 0.013750 0.010000
6 0.003125 0.261875 0.003750 0.006250
6 0.210625 0.320000 0.011250 0.007500
6 0.178125 0.336250 0.018750 0.012500
6 0.151250 0.325000 0.012500 0.010000
6 0.180625 0.305625 0.011250 0.008750
6 0.113750 0.327500 0.012500 0.010000
6 0.108750 0.318750 0.012500 0.007500
6 0.132500 0.310000 0.012500 0.010000
6 0.097500 0.301250 0.012500 0.010000
6 0.067500 0.300000 0.010000 0.007500
6 0.366250 0.281875 0.010000 0.006250
6 0.330000 0.287500 0.010000 0.005000
6 0.300625 0.277500 0.011250 0.005000
6 0.215000 0.283750 0.012500 0.005000
6 0.176875 0.272500 0.011250 0.005000
6 0.165000 0.280000 0.010000 0.005000
6 0.133125 0.278125 0.008750 0.006250
6 0.153125 0.272500 0.008750 0.005000
6 0.102500 0.277500 0.010000 0.005000
6 0.101250 0.270000 0.010000 0.005000
6 0.057500 0.274375 0.010000 0.003750
6 0.006250 0.271250 0.010000 0.005000
6 0.202500 0.338750 0.012500 0.010000
6 0.195000 0.367500 0.012500 0.010000
6 0.225000 0.346250 0.010000 0.007500
6 0.298750 0.356875 0.010000 0.008750
6 0.354375 0.412500 0.011250 0.010000
6 0.277500 0.396250 0.015000 0.012500
6 0.299375 0.350000 0.013750 0.010000
6 0.337500 0.394375 0.012500 0.008750
6 0.343125 0.418750 0.011250 0.010000
6 0.261250 0.381250 0.012500 0.007500
6 0.298125 0.378125 0.011250 0.008750
6 0.255000 0.360625 0.010000 0.008750
6 0.862500 0.516250 0.027500 0.010000
6 0.886250 0.557500 0.030000 0.007500
6 0.833125 0.543125 0.028750 0.011250
6 0.750625 0.540625 0.023750 0.011250
6 0.626250 0.503125 0.027500 0.013750
6 0.521250 0.478125 0.037500 0.021250
6 0.573750 0.198125 0.037500 0.008750
6 0.531250 0.203125 0.017500 0.006250
6 0.692500 0.236250 0.030000 0.012500
6 0.838125 0.069375 0.008750 0.021250
6 0.238750 0.362500 0.032500 0.020000
6 0.299375 0.390000 0.033750 0.020000
6 0.160625 0.320000 0.026250 0.015000
6 0.180625 0.865625 0.023750 0.016250
6 0.998750 0.561250 0.002500 0.007500
6 0.745000 0.281250 0.025000 0.010000
6 0.392500 0.428125 0.025000 0.016250
6 0.985625 0.921250 0.006250 0.012500
6 0.971250 0.911250 0.005000 0.010000
6 0.971875 0.947500 0.006250 0.010000
6 0.984375 0.970625 0.006250 0.011250
6 0.971250 0.995000 0.005000 0.010000
6 0.915000 0.995000 0.007500 0.010000
6 0.948125 0.999375 0.003750 0.001250
6 0.717500 0.532500 0.012500 0.007500
6 0.708750 0.521250 0.012500 0.007500
6 0.665000 0.510000 0.012500 0.007500
6 0.533125 0.524375 0.011250 0.008750
6 0.555000 0.538125 0.012500 0.011250
6 0.596250 0.562500 0.010000 0.010000
6 0.592500 0.573125 0.012500 0.008750
6 0.639375 0.580000 0.011250 0.010000
6 0.644375 0.594375 0.011250 0.008750
6 0.765000 0.266250 0.012500 0.010000
6 0.518125 0.291250 0.011250 0.005000
6 0.680625 0.472500 0.011250 0.007500
6 0.783750 0.499375 0.010000 0.006250
6 0.747500 0.491250 0.012500 0.007500
6 0.743750 0.503750 0.012500 0.007500
6 0.836250 0.523125 0.012500 0.006250
6 0.796875 0.538750 0.011250 0.005000
6 0.767500 0.533125 0.012500 0.008750
6 0.783750 0.545000 0.012500 0.007500
6 0.650000 0.608750 0.012500 0.010000
6 0.694375 0.617500 0.011250 0.010000
6 0.732500 0.646250 0.010000 0.010000
6 0.733750 0.526250 0.012500 0.007500
6 0.681875 0.525625 0.008750 0.006250
6 0.799375 0.703750 0.011250 0.010000
6 0.655625 0.519375 0.013750 0.008750
6 0.573125 0.400625 0.008750 0.011250
6 0.610625 0.435000 0.011250 0.010000
6 0.418750 0.400625 0.012500 0.008750
6 0.473125 0.423125 0.011250 0.006250
6 0.425000 0.433125 0.012500 0.008750
6 0.427500 0.443125 0.010000 0.008750
6 0.396875 0.444375 0.013750 0.011250
6 0.413750 0.471875 0.010000 0.008750
6 0.439375 0.475000 0.011250 0.007500
6 0.476250 0.485000 0.010000 0.010000
6 0.456250 0.444375 0.010000 0.008750
6 0.487500 0.455625 0.012500 0.008750
6 0.484375 0.464375 0.013750 0.008750
6 0.457500 0.453750 0.012500 0.010000
6 0.560625 0.481875 0.011250 0.008750
6 0.544375 0.476875 0.011250 0.008750
6 0.525000 0.469375 0.012500 0.006250
6 0.579375 0.488750 0.011250 0.007500
6 0.585625 0.498750 0.011250 0.007500
6 0.609375 0.506250 0.011250 0.007500
6 0.627500 0.513125 0.010000 0.006250
6 0.726250 0.652500 0.010000 0.007500
6 0.744375 0.696875 0.008750 0.008750
6 0.971250 0.750625 0.005000 0.011250
6 0.972500 0.790625 0.007500 0.011250
6 0.970625 0.839375 0.006250 0.011250
6 0.972500 0.869375 0.005000 0.008750
6 0.986875 0.867500 0.003750 0.010000
6 0.998125 0.871875 0.003750 0.011250
6 0.808750 0.725625 0.010000 0.011250
6 0.841875 0.747500 0.008750 0.010000
6 0.779375 0.730000 0.008750 0.010000
6 0.896875 0.826875 0.008750 0.011250
6 0.906250 0.842500 0.007500 0.010000
6 0.884375 0.823125 0.008750 0.011250
6 0.905000 0.865000 0.007500 0.010000
6 0.912500 0.864375 0.007500 0.011250
6 0.925000 0.881875 0.007500 0.011250
6 0.935000 0.908125 0.007500 0.011250
6 0.920625 0.898125 0.008750 0.011250
6 0.929375 0.923750 0.006250 0.010000
6 0.940000 0.926250 0.007500 0.010000
6 0.944375 0.943750 0.006250 0.010000
6 0.951250 0.967500 0.007500 0.010000
6 0.944375 0.986875 0.008750 0.011250
6 0.996250 0.790625 0.005000 0.011250
6 0.974375 0.724375 0.006250 0.011250
6 0.685625 0.638125 0.026250 0.023750
6 0.973125 0.678125 0.006250 0.008750
6 0.876875 0.546250 0.011250 0.005000
6 0.930625 0.529375 0.013750 0.006250
6 0.905625 0.548125 0.011250 0.006250
6 0.934375 0.550625 0.011250 0.006250
6 0.923125 0.556875 0.011250 0.006250
6 0.945625 0.560000 0.011250 0.005000
6 0.957500 0.551250 0.012500 0.005000
6 0.974375 0.558750 0.011250 0.005000
6 0.979375 0.550000 0.011250 0.005000
6 0.994375 0.616250 0.006250 0.010000
6 0.996250 0.640625 0.005000 0.011250
6 0.991250 0.653125 0.005000 0.011250
6 0.986250 0.622500 0.005000 0.010000
6 0.998125 0.678125 0.003750 0.008750
6 0.990625 0.689375 0.006250 0.011250
6 0.991250 0.716250 0.005000 0.012500
6 0.995625 0.732500 0.006250 0.010000
6 0.990000 0.748125 0.005000 0.008750
6 0.983125 0.597500 0.006250 0.010000
6 0.965000 0.597500 0.005000 0.010000
6 0.972500 0.650000 0.005000 0.010000
6 0.550000 0.354375 0.007500 0.011250
6 0.962500 0.465000 0.007500 0.010000
6 0.908125 0.406250 0.008750 0.010000
6 0.432500 0.140000 0.010000 0.012500
6 0.407500 0.156250 0.007500 0.010000
6 0.381875 0.138125 0.008750 0.011250
6 0.812500 0.271875 0.012500 0.011250
6 0.793750 0.260625 0.012500 0.008750
6 0.790000 0.243750 0.012500 0.010000
6 0.761250 0.229375 0.010000 0.008750
6 0.725000 0.204375 0.012500 0.008750
6 0.766875 0.241875 0.013750 0.008750
6 0.740000 0.251250 0.010000 0.005000
6 0.718125 0.242500 0.011250 0.007500
6 0.638750 0.235625 0.012500 0.008750
6 0.736875 0.228750 0.013750 0.010000
6 0.815625 0.186250 0.011250 0.007500
6 0.825000 0.200625 0.010000 0.008750
6 0.960625 0.258125 0.011250 0.008750
6 0.995625 0.260000 0.008750 0.007500
6 0.699375 0.208750 0.011250 0.005000
6 0.701250 0.218125 0.010000 0.006250
6 0.736250 0.218750 0.010000 0.007500
6 0.685000 0.203125 0.010000 0.006250
6 0.663750 0.202500 0.010000 0.005000
6 0.416875 0.149375 0.008750 0.011250
6 0.440000 0.135625 0.007500 0.008750
6 0.920000 0.431250 0.007500 0.010000
6 0.454375 0.125000 0.008750 0.010000
6 0.538750 0.058750 0.005000 0.010000
6 0.526875 0.060000 0.003750 0.010000
6 0.495625 0.067500 0.008750 0.012500
6 0.444375 0.098750 0.011250 0.012500
6 0.415000 0.116875 0.010000 0.011250
6 0.401250 0.125625 0.010000 0.011250
6 0.396250 0.130625 0.010000 0.011250
6 0.388125 0.135625 0.008750 0.011250
6 0.445000 0.131250 0.007500 0.010000
6 0.648750 0.208750 0.010000 0.005000
6 0.648125 0.199375 0.011250 0.003750
6 0.632500 0.196250 0.010000 0.005000
6 0.621250 0.207500 0.010000 0.005000
6 0.551250 0.257500 0.010000 0.005000
6 0.524375 0.261250 0.011250 0.005000
6 0.521875 0.300000 0.011250 0.005000
6 0.586875 0.298125 0.013750 0.006250
6 0.274375 0.251250 0.011250 0.005000
6 0.868750 0.204375 0.005000 0.011250
6 0.290000 0.285625 0.010000 0.006250
6 0.456875 0.285625 0.008750 0.003750
6 0.687500 0.346250 0.012500 0.010000
6 0.713125 0.340000 0.013750 0.010000
6 0.916875 0.375000 0.008750 0.010000
6 0.933125 0.401250 0.008750 0.010000
6 0.926250 0.405625 0.010000 0.011250
6 0.940000 0.434375 0.007500 0.011250
6 0.950625 0.436875 0.006250 0.008750
6 0.948125 0.458125 0.008750 0.011250
6 0.957500 0.481250 0.007500 0.010000
6 0.961250 0.496250 0.007500 0.010000
6 0.942500 0.500625 0.007500 0.011250
6 0.938125 0.471250 0.006250 0.010000
6 0.926875 0.449375 0.008750 0.011250
6 0.556250 0.267500 0.010000 0.005000
6 0.586250 0.265625 0.012500 0.006250
6 0.626250 0.267500 0.010000 0.005000
6 0.491875 0.206875 0.011250 0.006250
6 0.601875 0.207500 0.011250 0.005000
6 0.573125 0.208750 0.011250 0.005000
6 0.540625 0.210000 0.011250 0.005000
6 0.518750 0.213125 0.010000 0.006250
6 0.506875 0.200000 0.011250 0.005000
6 0.611875 0.245625 0.011250 0.008750
6 0.412500 0.223750 0.012500 0.007500
6 0.431875 0.221250 0.011250 0.007500
6 0.441250 0.214375 0.010000 0.006250
6 0.411250 0.283750 0.010000 0.005000
6 0.603750 0.308750 0.012500 0.005000
6 0.888750 0.315625 0.012500 0.006250
6 0.927500 0.342500 0.012500 0.007500
6 0.871250 0.338125 0.015000 0.006250
6 0.861875 0.301250 0.011250 0.007500
6 0.842500 0.307500 0.012500 0.007500
6 0.796250 0.330625 0.010000 0.006250
6 0.771875 0.320000 0.008750 0.005000
6 0.708750 0.323125 0.012500 0.006250
6 0.676875 0.316250 0.013750 0.005000
6 0.952500 0.986875 0.007500 0.011250
6 0.935000 0.944375 0.007500 0.008750
6 0.938750 0.961875 0.005000 0.008750
6 0.890000 0.910625 0.007500 0.011250
6 0.486875 0.670625 0.011250 0.008750
6 0.476875 0.676875 0.011250 0.008750
6 0.468125 0.682500 0.011250 0.010000
6 0.457500 0.688750 0.012500 0.010000
6 0.510000 0.679375 0.010000 0.008750
6 0.500000 0.685625 0.010000 0.008750
6 0.484375 0.693750 0.011250 0.007500
6 0.464375 0.703750 0.011250 0.007500
6 0.492500 0.719375 0.012500 0.008750
6 0.444375 0.716875 0.008750 0.006250
6 0.450000 0.741875 0.012500 0.011250
6 0.432500 0.751250 0.012500 0.010000
6 0.422500 0.728125 0.010000 0.008750
6 0.433125 0.721875 0.008750 0.006250
6 0.391250 0.741875 0.010000 0.008750
6 0.648750 0.706875 0.010000 0.006250
6 0.481875 0.673125 0.011250 0.006250
6 0.504375 0.662500 0.008750 0.010000
6 0.511875 0.650625 0.008750 0.011250
6 0.871250 0.873125 0.007500 0.008750
6 0.866875 0.928125 0.008750 0.011250
6 0.861875 0.916875 0.008750 0.011250
6 0.857500 0.905625 0.007500 0.011250
6 0.846250 0.886250 0.010000 0.012500
6 0.834375 0.865625 0.008750 0.011250
6 0.801250 0.820625 0.010000 0.011250
6 0.785625 0.806250 0.008750 0.010000
6 0.769375 0.791250 0.008750 0.007500
6 0.743125 0.768125 0.008750 0.006250
6 0.733125 0.760625 0.008750 0.008750
6 0.716250 0.750000 0.010000 0.007500
6 0.637500 0.701875 0.007500 0.006250
6 0.554375 0.680625 0.011250 0.008750
6 0.565625 0.618125 0.006250 0.011250
6 0.540625 0.641875 0.008750 0.008750
6 0.533750 0.651250 0.010000 0.010000
6 0.526875 0.660000 0.008750 0.010000
6 0.519375 0.671250 0.008750 0.007500
6 0.525000 0.630625 0.007500 0.011250
6 0.518750 0.640625 0.007500 0.008750
6 0.868125 0.088750 0.006250 0.010000
6 0.654375 0.413750 0.016250 0.022500
6 0.385625 0.247500 0.008750 0.005000
6 0.458125 0.216250 0.011250 0.005000
6 0.474375 0.210000 0.008750 0.005000
6 0.601875 0.466250 0.008750 0.005000
6 0.655625 0.488750 0.008750 0.005000
6 0.969375 0.385625 0.028750 0.023750
