6 0.660625 0.252500 0.011250 0.005000
6 0.656250 0.207500 0.010000 0.005000
6 0.648125 0.214375 0.011250 0.006250
6 0.750625 0.196250 0.013750 0.005000
6 0.712500 0.211875 0.012500 0.006250
6 0.691875 0.218125 0.011250 0.006250
6 0.738750 0.221250 0.012500 0.007500
6 0.709375 0.248750 0.011250 0.005000
6 0.716875 0.256875 0.011250 0.003750
6 0.703750 0.256250 0.012500 0.005000
6 0.675625 0.253750 0.011250 0.005000
6 0.648750 0.245625 0.010000 0.006250
6 0.647500 0.251875 0.010000 0.003750
6 0.641875 0.258750 0.011250 0.005000
6 0.621250 0.250000 0.012500 0.005000
6 0.585000 0.249375 0.010000 0.006250
6 0.558125 0.248750 0.011250 0.005000
6 0.503125 0.243750 0.008750 0.005000
6 0.517500 0.245625 0.010000 0.003750
6 0.476875 0.245000 0.011250 0.005000
6 0.450625 0.243125 0.011250 0.003750
6 0.436875 0.243125 0.011250 0.003750
6 0.619375 0.187500 0.011250 0.005000
6 0.531875 0.210625 0.011250 0.003750
6 0.496250 0.199375 0.010000 0.003750
6 0.598125 0.205000 0.031250 0.007500
6 0.183750 0.993750 0.025000 0.012500
6 0.181875 0.987500 0.026250 0.015000
6 0.181250 0.980000 0.025000 0.015000
6 0.182500 0.973125 0.025000 0.013750
6 0.196250 0.949375 0.025000 0.013750
6 0.163750 0.958125 0.025000 0.013750
6 0.099375 0.193125 0.028750 0.006250
6 0.250000 0.166875 0.025000 0.006250
6 0.669375 0.181875 0.023750 0.008750
6 0.463125 0.206875 0.023750 0.006250
6 0.378750 0.240000 0.012500 0.005000
6 0.390000 0.197500 0.010000 0.005000
6 0.320625 0.203750 0.013750 0.005000
6 0.454375 0.170625 0.008750 0.003750
6 0.283750 0.175625 0.010000 0.003750
6 0.298125 0.194375 0.011250 0.003750
6 0.265000 0.200000 0.012500 0.005000
6 0.166250 0.203125 0.010000 0.003750
6 0.068125 0.194375 0.008750 0.003750
6 0.090000 0.203125 0.012500 0.003750
6 0.051250 0.205000 0.010000 0.005000
6 0.201875 0.137500 0.011250 0.005000
6 0.211250 0.128125 0.012500 0.003750
6 0.336250 0.130000 0.012500 0.005000
6 0.569375 0.117500 0.003750 0.010000
6 0.581875 0.117500 0.003750 0.010000
6 0.453750 0.053750 0.005000 0.010000
6 0.437500 0.054375 0.005000 0.011250
6 0.345625 0.168125 0.011250 0.003750
6 0.488125 0.180625 0.011250 0.003750
6 0.432500 0.248750 0.010000 0.002500
6 0.563125 0.181875 0.011250 0.003750
6 0.351250 0.246250 0.010000 0.005000
6 0.320000 0.244375 0.010000 0.003750
6 0.315625 0.237500 0.011250 0.005000
6 0.290625 0.244375 0.011250 0.006250
6 0.241250 0.241875 0.010000 0.003750
6 0.244375 0.236250 0.011250 0.005000
6 0.213750 0.235625 0.007500 0.003750
6 0.213750 0.243125 0.010000 0.003750
6 0.185000 0.227500 0.012500 0.005000
6 0.186250 0.243125 0.010000 0.006250
6 0.174375 0.243125 0.008750 0.003750
6 0.161250 0.242500 0.007500 0.005000
6 0.145000 0.243125 0.010000 0.003750
6 0.131875 0.243125 0.011250 0.003750
6 0.117500 0.243750 0.010000 0.005000
6 0.100625 0.243750 0.011250 0.005000
6 0.086250 0.243125 0.010000 0.003750
6 0.075000 0.243125 0.007500 0.003750
6 0.063125 0.243750 0.011250 0.005000
6 0.029375 0.244375 0.011250 0.003750
6 0.203750 0.202500 0.010000 0.005000
6 0.499375 0.993125 0.003750 0.008750
6 0.555625 0.896875 0.008750 0.006250
6 0.622500 0.141250 0.010000 0.005000
6 0.720625 0.148125 0.008750 0.003750
6 0.739375 0.258125 0.026250 0.006250
6 0.087500 0.358750 0.045000 0.010000
6 0.117500 0.297500 0.030000 0.012500
6 0.039375 0.355625 0.026250 0.006250
6 0.166250 0.370000 0.027500 0.012500
6 0.098750 0.989375 0.012500 0.021250
6 0.106250 0.987500 0.015000 0.025000
6 0.113125 0.986250 0.013750 0.027500
6 0.120625 0.985625 0.016250 0.026250
6 0.126875 0.982500 0.016250 0.027500
6 0.666250 0.145000 0.010000 0.005000
6 0.628125 0.156875 0.011250 0.006250
6 0.558125 0.878750 0.011250 0.005000
6 0.568750 0.288750 0.005000 0.010000
6 0.598125 0.575625 0.011250 0.006250
6 0.545625 0.648750 0.003750 0.010000
6 0.548750 0.630000 0.005000 0.010000
6 0.550625 0.616875 0.003750 0.011250
6 0.545000 0.557500 0.005000 0.010000
6 0.561875 0.538125 0.003750 0.008750
6 0.563125 0.525625 0.003750 0.008750
6 0.550000 0.518125 0.005000 0.011250
6 0.564375 0.513750 0.003750 0.010000
6 0.556250 0.437500 0.005000 0.010000
6 0.570625 0.435000 0.003750 0.007500
6 0.570625 0.423125 0.006250 0.008750
6 0.558125 0.365000 0.003750 0.007500
6 0.558750 0.352500 0.005000 0.010000
6 0.572500 0.376875 0.005000 0.011250
6 0.572500 0.351875 0.005000 0.008750
6 0.572500 0.339375 0.005000 0.008750
6 0.573125 0.312500 0.006250 0.010000
6 0.573750 0.299375 0.005000 0.008750
6 0.575000 0.287500 0.005000 0.010000
6 0.561875 0.297500 0.003750 0.010000
6 0.525625 0.722500 0.006250 0.010000
6 0.530000 0.700000 0.005000 0.010000
6 0.544375 0.661875 0.003750 0.008750
6 0.551250 0.502500 0.005000 0.010000
6 0.556875 0.389375 0.006250 0.013750
6 0.900625 0.228750 0.011250 0.005000
6 0.826250 0.249375 0.012500 0.003750
6 0.773125 0.260625 0.011250 0.003750
6 0.561250 0.312500 0.005000 0.012500
6 0.476875 0.608750 0.011250 0.027500
6 0.061875 0.340625 0.011250 0.006250
6 0.265625 0.384375 0.013750 0.008750
6 0.528125 0.711250 0.006250 0.010000
6 0.524375 0.733750 0.006250 0.010000
6 0.795625 0.263750 0.011250 0.005000
6 0.951875 0.241875 0.011250 0.003750
6 0.873125 0.233750 0.008750 0.005000
6 0.821875 0.229375 0.008750 0.003750
6 0.805000 0.218750 0.012500 0.005000
6 0.785625 0.151875 0.011250 0.003750
6 0.820000 0.154375 0.012500 0.003750
6 0.875000 0.175625 0.010000 0.003750
6 0.955000 0.213750 0.010000 0.005000
6 0.824375 0.260625 0.008750 0.003750
6 0.833750 0.268125 0.010000 0.006250
6 0.860000 0.271250 0.010000 0.005000
6 0.852500 0.263750 0.012500 0.005000
6 0.995000 0.280625 0.010000 0.003750
6 0.992500 0.286250 0.010000 0.005000
6 0.966250 0.283750 0.010000 0.005000
6 0.969375 0.278750 0.008750 0.005000
6 0.958125 0.276250 0.008750 0.005000
6 0.943750 0.273750 0.010000 0.005000
6 0.943125 0.281250 0.011250 0.005000
6 0.929375 0.279375 0.011250 0.006250
6 0.931250 0.272500 0.010000 0.005000
6 0.875000 0.271875 0.010000 0.003750
6 0.901875 0.276250 0.011250 0.007500
6 0.890000 0.268750 0.010000 0.005000
6 0.877500 0.266250 0.010000 0.005000
6 0.865625 0.265000 0.008750 0.005000
