6 0.694375 0.987500 0.018750 0.025000
6 0.687500 0.990000 0.015000 0.020000
6 0.670625 0.993125 0.011250 0.013750
6 0.662500 0.995625 0.010000 0.008750
6 0.655625 0.943750 0.021250 0.027500
6 0.649375 0.948125 0.018750 0.026250
6 0.642500 0.952500 0.020000 0.025000
6 0.636875 0.956250 0.016250 0.025000
6 0.622500 0.963125 0.017500 0.026250
6 0.581875 0.987500 0.018750 0.025000
6 0.559375 0.993125 0.013750 0.013750
6 0.749375 0.931875 0.023750 0.013750
6 0.745625 0.895625 0.026250 0.016250
6 0.683750 0.922500 0.025000 0.020000
6 0.680000 0.915625 0.025000 0.018750
6 0.670000 0.901250 0.017500 0.012500
6 0.668750 0.936250 0.020000 0.025000
6 0.658125 0.915625 0.011250 0.013750
6 0.645000 0.921875 0.010000 0.013750
6 0.641250 0.925000 0.010000 0.012500
6 0.634375 0.929375 0.011250 0.013750
6 0.628750 0.931250 0.010000 0.012500
6 0.623125 0.935000 0.011250 0.012500
6 0.617500 0.939375 0.010000 0.013750
6 0.612500 0.942500 0.010000 0.012500
6 0.722500 0.847500 0.010000 0.005000
6 0.723750 0.855000 0.010000 0.007500
6 0.746875 0.904375 0.026250 0.016250
6 0.751250 0.941250 0.025000 0.015000
6 0.753125 0.957500 0.026250 0.015000
6 0.756875 0.994375 0.026250 0.011250
6 0.753125 0.987500 0.016250 0.012500
6 0.757500 0.978750 0.020000 0.012500
6 0.756250 0.971875 0.022500 0.013750
6 0.695000 0.868125 0.007500 0.011250
6 0.689375 0.870625 0.006250 0.011250
6 0.685000 0.871875 0.005000 0.011250
6 0.562500 0.451875 0.012500 0.011250
6 0.648125 0.393750 0.013750 0.012500
6 0.639375 0.419375 0.013750 0.011250
6 0.538125 0.380000 0.011250 0.010000
6 0.452500 0.322500 0.012500 0.012500
6 0.403750 0.368750 0.010000 0.010000
6 0.410000 0.381875 0.015000 0.011250
6 0.350625 0.353750 0.013750 0.012500
6 0.318750 0.327500 0.015000 0.012500
6 0.385625 0.320625 0.013750 0.011250
6 0.377500 0.305625 0.012500 0.011250
6 0.370000 0.272500 0.012500 0.010000
6 0.354375 0.275625 0.011250 0.008750
6 0.316250 0.276875 0.012500 0.008750
6 0.764375 0.233125 0.008750 0.026250
6 0.766250 0.312500 0.005000 0.010000
6 0.491875 0.411250 0.013750 0.012500
6 0.577500 0.446250 0.012500 0.010000
6 0.804375 0.240000 0.003750 0.010000
6 0.651250 0.486875 0.012500 0.008750
6 0.256875 0.763125 0.011250 0.006250
6 0.284375 0.763750 0.008750 0.005000
6 0.315000 0.765625 0.010000 0.006250
6 0.353125 0.764375 0.008750 0.006250
6 0.748750 0.727500 0.010000 0.015000
6 0.736875 0.498125 0.006250 0.013750
6 0.723750 0.494375 0.007500 0.011250
6 0.714375 0.491875 0.006250 0.008750
6 0.715000 0.479375 0.005000 0.008750
6 0.773125 0.527500 0.011250 0.010000
6 0.755000 0.531250 0.012500 0.010000
6 0.727500 0.508125 0.012500 0.008750
6 0.158750 0.521875 0.007500 0.031250
6 0.603750 0.416875 0.025000 0.016250
6 0.659375 0.480625 0.011250 0.011250
6 0.768125 0.299375 0.006250 0.011250
6 0.800000 0.201250 0.005000 0.010000
6 0.679375 0.873750 0.006250 0.010000
6 0.275000 0.233125 0.015000 0.013750
6 0.228125 0.203125 0.013750 0.011250
6 0.223125 0.208750 0.013750 0.010000
6 0.194375 0.226250 0.013750 0.010000
6 0.127500 0.238750 0.010000 0.007500
6 0.110625 0.238750 0.013750 0.010000
6 0.062500 0.166875 0.012500 0.008750
6 0.124375 0.156250 0.011250 0.007500
6 0.031250 0.122500 0.012500 0.010000
6 0.176875 0.043750 0.008750 0.005000
6 0.177500 0.053125 0.010000 0.006250
6 0.156875 0.055625 0.008750 0.003750
6 0.158125 0.041250 0.008750 0.005000
6 0.157500 0.030000 0.010000 0.005000
6 0.254375 0.185000 0.016250 0.012500
6 0.292500 0.235000 0.015000 0.012500
6 0.795000 0.211250 0.005000 0.010000
6 0.489375 0.112500 0.008750 0.007500
6 0.809375 0.215000 0.006250 0.010000
6 0.806875 0.178750 0.003750 0.010000
6 0.741250 0.305000 0.007500 0.010000
6 0.746250 0.291875 0.007500 0.011250
6 0.749375 0.279375 0.006250 0.008750
6 0.751875 0.265625 0.006250 0.011250
6 0.773125 0.217500 0.006250 0.010000
6 0.766250 0.210625 0.005000 0.011250
6 0.620625 0.061875 0.008750 0.003750
6 0.618750 0.057500 0.010000 0.002500
6 0.566875 0.255000 0.011250 0.007500
6 0.490625 0.081875 0.008750 0.008750
6 0.490000 0.093750 0.007500 0.007500
6 0.490000 0.100625 0.010000 0.008750
6 0.489375 0.106875 0.008750 0.006250
6 0.245000 0.761250 0.010000 0.005000
6 0.208750 0.761250 0.010000 0.005000
6 0.179375 0.760625 0.008750 0.006250
6 0.518125 0.926250 0.008750 0.010000
6 0.528750 0.923125 0.007500 0.011250
6 0.530000 0.911250 0.007500 0.012500
6 0.535000 0.908750 0.007500 0.010000
6 0.539375 0.906250 0.006250 0.010000
6 0.544375 0.906250 0.006250 0.010000
6 0.523750 0.911250 0.007500 0.010000
6 0.518125 0.913125 0.006250 0.011250
6 0.513750 0.915000 0.007500 0.012500
6 0.503750 0.917500 0.007500 0.010000
6 0.498750 0.920000 0.007500 0.010000
6 0.699375 0.830000 0.006250 0.010000
6 0.688750 0.833125 0.007500 0.011250
6 0.680000 0.835625 0.007500 0.011250
6 0.673750 0.837500 0.007500 0.012500
6 0.663750 0.840000 0.007500 0.012500
6 0.523750 0.925625 0.007500 0.011250
6 0.513750 0.928125 0.007500 0.011250
6 0.158750 0.788750 0.005000 0.012500
6 0.506875 0.928750 0.006250 0.012500
6 0.675625 0.875000 0.006250 0.012500
6 0.670000 0.876875 0.007500 0.011250
6 0.691250 0.858750 0.010000 0.010000
6 0.686875 0.859375 0.006250 0.011250
6 0.680625 0.860625 0.006250 0.008750
6 0.676875 0.863125 0.006250 0.011250
6 0.670625 0.863750 0.006250 0.010000
6 0.665625 0.865625 0.008750 0.011250
6 0.523750 0.960000 0.005000 0.010000
6 0.650625 0.871250 0.006250 0.010000
6 0.639375 0.887500 0.006250 0.010000
6 0.609375 0.896875 0.008750 0.011250
6 0.605000 0.900625 0.007500 0.011250
6 0.564375 0.899375 0.006250 0.011250
6 0.501875 0.931250 0.006250 0.010000
6 0.658125 0.841250 0.006250 0.010000
6 0.648750 0.845625 0.007500 0.011250
6 0.643125 0.846875 0.006250 0.011250
6 0.637500 0.848750 0.007500 0.012500
6 0.588750 0.866875 0.007500 0.011250
6 0.578750 0.869375 0.005000 0.011250
6 0.557500 0.875000 0.007500 0.012500
6 0.532500 0.885000 0.007500 0.012500
6 0.523125 0.886875 0.006250 0.013750
6 0.516875 0.888125 0.006250 0.011250
6 0.512500 0.889375 0.007500 0.011250
6 0.506875 0.891250 0.006250 0.012500
6 0.495625 0.893750 0.008750 0.012500
6 0.477500 0.901875 0.007500 0.011250
6 0.260000 0.946250 0.010000 0.007500
6 0.244375 0.937500 0.011250 0.007500
6 0.155000 0.873750 0.005000 0.010000
6 0.155625 0.842500 0.006250 0.012500
6 0.156250 0.816250 0.005000 0.012500
6 0.470625 0.920000 0.008750 0.010000
6 0.473750 0.925000 0.010000 0.010000
6 0.477500 0.929375 0.010000 0.008750
6 0.522500 0.995000 0.010000 0.010000
6 0.628125 0.852500 0.008750 0.012500
6 0.603750 0.859375 0.007500 0.011250
6 0.525000 0.997500 0.010000 0.005000
6 0.519375 0.990625 0.008750 0.008750
6 0.483125 0.938125 0.008750 0.008750
6 0.513125 0.981875 0.008750 0.011250
6 0.503125 0.970625 0.008750 0.008750
6 0.501875 0.965625 0.008750 0.008750
6 0.498750 0.960000 0.010000 0.007500
6 0.495625 0.955000 0.008750 0.010000
6 0.485625 0.941875 0.008750 0.008750
6 0.925000 0.218750 0.010000 0.015000
6 0.929375 0.225625 0.008750 0.011250
6 0.938750 0.230625 0.010000 0.011250
6 0.944375 0.232500 0.008750 0.010000
6 0.954375 0.236875 0.008750 0.011250
6 0.961875 0.239375 0.008750 0.011250
6 0.968125 0.242500 0.008750 0.010000
6 0.939375 0.214375 0.008750 0.011250
6 0.945000 0.216875 0.007500 0.011250
6 0.958750 0.223750 0.010000 0.012500
6 0.978750 0.231250 0.007500 0.012500
6 0.860625 0.384375 0.008750 0.011250
6 0.838125 0.379375 0.008750 0.011250
6 0.818125 0.366250 0.011250 0.012500
6 0.837500 0.327500 0.007500 0.012500
6 0.969375 0.228125 0.008750 0.011250
6 0.965000 0.195000 0.007500 0.010000
6 0.970000 0.196875 0.007500 0.011250
6 0.990625 0.205625 0.008750 0.011250
6 0.994375 0.208125 0.006250 0.011250
6 0.998125 0.210000 0.003750 0.010000
6 0.943750 0.187500 0.007500 0.010000
6 0.939375 0.184375 0.006250 0.011250
6 0.976875 0.184375 0.006250 0.008750
6 0.967500 0.181250 0.007500 0.010000
6 0.963125 0.178750 0.006250 0.010000
6 0.958750 0.176250 0.007500 0.010000
6 0.953750 0.174375 0.007500 0.008750
6 0.986250 0.059375 0.012500 0.008750
6 0.815625 0.490000 0.011250 0.007500
6 0.950625 0.516250 0.011250 0.007500
6 0.598125 0.327500 0.011250 0.010000
6 0.834375 0.347500 0.008750 0.010000
6 0.948750 0.416250 0.010000 0.007500
6 0.935625 0.412500 0.011250 0.007500
6 0.992500 0.433125 0.015000 0.011250
6 0.970625 0.425000 0.026250 0.015000
6 0.895000 0.381875 0.010000 0.008750
6 0.871250 0.655625 0.010000 0.028750
6 0.858125 0.850000 0.008750 0.027500
6 0.862500 0.886875 0.007500 0.013750
6 0.853125 0.636250 0.006250 0.012500
6 0.858125 0.640000 0.006250 0.012500
6 0.930625 0.596250 0.013750 0.007500
