6 0.821250 0.013750 0.012500 0.015000
6 0.815625 0.010000 0.011250 0.015000
6 0.808125 0.010000 0.008750 0.012500
6 0.800625 0.008125 0.008750 0.013750
6 0.794375 0.007500 0.008750 0.012500
6 0.788125 0.006250 0.006250 0.010000
6 0.773750 0.003750 0.007500 0.005000
6 0.856875 0.006875 0.013750 0.013750
6 0.850625 0.010625 0.013750 0.013750
6 0.861250 0.005000 0.012500 0.007500
6 0.023750 0.121250 0.015000 0.010000
6 0.018125 0.130000 0.013750 0.010000
6 0.016250 0.137500 0.012500 0.010000
6 0.001875 0.189375 0.001250 0.006250
6 0.021250 0.218750 0.017500 0.010000
6 0.867500 0.003125 0.007500 0.003750
6 0.026875 0.208125 0.013750 0.008750
6 0.039375 0.170625 0.013750 0.011250
6 0.041250 0.162500 0.015000 0.010000
6 0.046875 0.146875 0.013750 0.008750
6 0.048125 0.139375 0.013750 0.008750
6 0.295000 0.878750 0.007500 0.015000
6 0.313125 0.953125 0.006250 0.013750
6 0.798125 0.900000 0.011250 0.015000
6 0.785000 0.344375 0.015000 0.011250
6 0.684375 0.295625 0.013750 0.011250
6 0.605625 0.253750 0.016250 0.010000
6 0.594375 0.006250 0.011250 0.010000
6 0.600625 0.004375 0.011250 0.006250
6 0.131875 0.007500 0.011250 0.010000
6 0.107500 0.803125 0.012500 0.006250
6 0.109375 0.793750 0.013750 0.007500
6 0.105625 0.783750 0.011250 0.007500
6 0.318125 0.488125 0.013750 0.006250
6 0.387500 0.404375 0.015000 0.011250
6 0.275625 0.128750 0.016250 0.012500
6 0.906250 0.132500 0.015000 0.010000
6 0.938750 0.076250 0.010000 0.012500
6 0.922500 0.093750 0.015000 0.010000
6 0.871250 0.112500 0.015000 0.012500
6 0.866875 0.121250 0.013750 0.012500
6 0.860000 0.158125 0.012500 0.006250
6 0.865000 0.181875 0.012500 0.006250
6 0.893750 0.178125 0.010000 0.013750
6 0.899375 0.174375 0.008750 0.013750
6 0.912500 0.170625 0.010000 0.013750
6 0.905625 0.171875 0.011250 0.013750
6 0.916875 0.156875 0.013750 0.008750
6 0.915000 0.150000 0.015000 0.010000
6 0.909375 0.138750 0.013750 0.010000
6 0.904375 0.127500 0.013750 0.010000
6 0.943125 0.140625 0.013750 0.011250
6 0.948125 0.150625 0.013750 0.008750
6 0.966875 0.145625 0.008750 0.013750
6 0.975000 0.166250 0.010000 0.015000
6 0.993750 0.154375 0.010000 0.013750
6 0.926875 0.050000 0.008750 0.012500
6 0.851250 0.071875 0.010000 0.013750
6 0.981250 0.121875 0.010000 0.013750
6 0.968125 0.091875 0.011250 0.013750
6 0.951875 0.053125 0.011250 0.013750
6 0.961250 0.076250 0.010000 0.012500
