6 0.331875 0.450625 0.013750 0.006250
6 0.193750 0.108125 0.012500 0.013750
6 0.210000 0.119375 0.012500 0.013750
6 0.217500 0.122500 0.012500 0.015000
6 0.353125 0.188750 0.006250 0.012500
6 0.075000 0.431250 0.012500 0.015000
6 0.332500 0.443750 0.015000 0.007500
6 0.349375 0.457500 0.013750 0.007500
6 0.210625 0.070625 0.011250 0.013750
6 0.331875 0.459375 0.013750 0.008750
6 0.348125 0.465000 0.013750 0.007500
6 0.332500 0.466875 0.012500 0.006250
6 0.328750 0.474375 0.015000 0.006250
6 0.345000 0.476875 0.012500 0.006250
6 0.329375 0.481250 0.011250 0.007500
6 0.139375 0.091250 0.013750 0.015000
6 0.203750 0.063750 0.010000 0.012500
6 0.193125 0.055625 0.011250 0.013750
6 0.091250 0.038750 0.015000 0.015000
6 0.112500 0.063750 0.015000 0.015000
6 0.172500 0.041250 0.012500 0.012500
6 0.180625 0.046250 0.013750 0.015000
6 0.187500 0.051250 0.012500 0.015000
6 0.327500 0.488125 0.012500 0.006250
6 0.328750 0.495000 0.012500 0.007500
6 0.325000 0.503125 0.012500 0.006250
6 0.241250 0.510000 0.012500 0.007500
6 0.228125 0.493750 0.013750 0.007500
6 0.228750 0.479375 0.015000 0.008750
6 0.246250 0.480625 0.015000 0.008750
6 0.245625 0.486250 0.013750 0.007500
6 0.246250 0.495625 0.015000 0.008750
6 0.242500 0.502500 0.012500 0.005000
6 0.240625 0.518750 0.013750 0.007500
6 0.297500 0.457500 0.012500 0.007500
6 0.194375 0.500000 0.013750 0.007500
6 0.225000 0.533750 0.012500 0.007500
6 0.291250 0.513125 0.012500 0.006250
6 0.275625 0.518125 0.016250 0.008750
6 0.275000 0.526250 0.012500 0.007500
6 0.290625 0.528750 0.013750 0.007500
6 0.228750 0.500625 0.012500 0.006250
6 0.194375 0.490000 0.013750 0.007500
6 0.192500 0.482500 0.015000 0.007500
6 0.193125 0.474375 0.016250 0.006250
6 0.276875 0.505625 0.011250 0.006250
6 0.278125 0.495625 0.013750 0.006250
6 0.279375 0.489375 0.013750 0.006250
6 0.279375 0.481250 0.013750 0.007500
6 0.295000 0.482500 0.012500 0.007500
6 0.293750 0.490625 0.012500 0.006250
6 0.293125 0.497500 0.013750 0.007500
6 0.291875 0.505000 0.013750 0.007500
6 0.324375 0.510625 0.013750 0.006250
6 0.281250 0.473750 0.012500 0.007500
6 0.296875 0.471875 0.013750 0.008750
6 0.281250 0.467500 0.012500 0.007500
6 0.298125 0.463750 0.013750 0.007500
6 0.291250 0.536250 0.015000 0.007500
6 0.288750 0.543750 0.017500 0.007500
6 0.270625 0.551250 0.013750 0.007500
6 0.628125 0.792500 0.043750 0.035000
6 0.271250 0.561875 0.012500 0.006250
6 0.315625 0.603750 0.013750 0.005000
6 0.371875 0.543750 0.013750 0.007500
6 0.322500 0.545625 0.015000 0.008750
6 0.338750 0.546875 0.012500 0.006250
6 0.338750 0.551875 0.012500 0.006250
6 0.322500 0.560625 0.015000 0.006250
6 0.313750 0.626250 0.015000 0.007500
6 0.369375 0.593750 0.013750 0.007500
6 0.200625 0.708125 0.008750 0.013750
6 0.398125 0.215625 0.033750 0.041250
6 0.413125 0.605625 0.026250 0.046250
6 0.372500 0.536875 0.012500 0.006250
6 0.373750 0.527500 0.015000 0.007500
6 0.375625 0.511250 0.016250 0.007500
6 0.375625 0.503750 0.013750 0.007500
6 0.378750 0.497500 0.015000 0.007500
6 0.380000 0.490625 0.015000 0.008750
6 0.380000 0.476875 0.015000 0.008750
6 0.338750 0.539375 0.015000 0.008750
6 0.324375 0.536250 0.011250 0.007500
6 0.340625 0.526875 0.013750 0.006250
6 0.341875 0.518750 0.013750 0.007500
6 0.342500 0.511250 0.015000 0.007500
6 0.342500 0.505000 0.015000 0.007500
6 0.344375 0.495625 0.013750 0.006250
6 0.346250 0.486875 0.015000 0.008750
6 0.234375 0.583125 0.013750 0.006250
6 0.237500 0.558750 0.015000 0.007500
6 0.048125 0.479375 0.013750 0.008750
6 0.045000 0.466875 0.012500 0.008750
6 0.053125 0.549375 0.016250 0.011250
6 0.004375 0.485625 0.006250 0.013750
6 0.006875 0.436875 0.013750 0.006250
6 0.005000 0.428750 0.007500 0.010000
6 0.001875 0.419375 0.001250 0.006250
6 0.052500 0.485000 0.015000 0.010000
6 0.057500 0.493125 0.012500 0.008750
6 0.087500 0.774375 0.010000 0.013750
6 0.095625 0.772500 0.011250 0.015000
6 0.104375 0.769375 0.013750 0.013750
6 0.113125 0.789375 0.016250 0.008750
6 0.112500 0.796875 0.015000 0.006250
6 0.105625 0.653750 0.021250 0.045000
6 0.054375 0.380000 0.031250 0.040000
