6 0.978750 0.207500 0.010000 0.012500
6 0.877500 0.233750 0.010000 0.012500
6 0.869375 0.246250 0.011250 0.015000
6 0.839375 0.246875 0.008750 0.013750
6 0.968750 0.186250 0.012500 0.015000
6 0.956875 0.177500 0.011250 0.015000
6 0.951875 0.174375 0.011250 0.013750
6 0.973125 0.204375 0.011250 0.013750
6 0.888125 0.242500 0.011250 0.012500
6 0.966875 0.201250 0.011250 0.012500
6 0.961250 0.196875 0.012500 0.013750
6 0.955000 0.194375 0.012500 0.013750
6 0.950000 0.189375 0.010000 0.013750
6 0.943750 0.188750 0.012500 0.015000
6 0.962500 0.215625 0.012500 0.011250
6 0.882500 0.236875 0.012500 0.013750
6 0.875000 0.250000 0.012500 0.015000
6 0.725000 0.426250 0.012500 0.015000
6 0.914375 0.273750 0.011250 0.015000
6 0.933125 0.269375 0.011250 0.013750
6 0.928125 0.266250 0.011250 0.015000
6 0.921875 0.261250 0.011250 0.015000
6 0.916875 0.257500 0.011250 0.015000
6 0.926875 0.281250 0.011250 0.015000
6 0.920625 0.276875 0.011250 0.016250
6 0.908125 0.270625 0.011250 0.013750
6 0.881875 0.253125 0.011250 0.013750
6 0.903125 0.266875 0.011250 0.013750
6 0.898125 0.261875 0.011250 0.013750
6 0.899375 0.248125 0.011250 0.013750
6 0.893125 0.245000 0.011250 0.012500
6 0.892500 0.258125 0.012500 0.013750
6 0.886875 0.255000 0.011250 0.012500
6 0.957500 0.231250 0.010000 0.015000
6 0.951875 0.226250 0.011250 0.012500
6 0.945625 0.220625 0.011250 0.013750
6 0.862500 0.089375 0.012500 0.013750
6 0.913125 0.120625 0.011250 0.013750
6 0.906875 0.115625 0.011250 0.013750
6 0.896875 0.110000 0.008750 0.012500
6 0.891250 0.106250 0.010000 0.012500
6 0.885625 0.101875 0.011250 0.013750
6 0.872500 0.096250 0.010000 0.012500
6 0.856250 0.086250 0.010000 0.012500
6 0.935000 0.217500 0.010000 0.015000
6 0.845625 0.080000 0.011250 0.015000
6 0.833750 0.071875 0.012500 0.013750
6 0.815625 0.076250 0.013750 0.012500
6 0.773125 0.051250 0.013750 0.012500
6 0.963750 0.004375 0.015000 0.006250
6 0.928750 0.162500 0.012500 0.015000
6 0.921250 0.173750 0.010000 0.012500
6 0.905000 0.201875 0.010000 0.013750
6 0.911250 0.203125 0.010000 0.013750
6 0.892500 0.209375 0.010000 0.013750
6 0.897500 0.211250 0.010000 0.012500
6 0.904375 0.213750 0.011250 0.012500
6 0.910625 0.218125 0.011250 0.013750
6 0.916875 0.222500 0.011250 0.012500
6 0.921250 0.226250 0.010000 0.012500
6 0.926875 0.230625 0.011250 0.013750
6 0.932500 0.233125 0.010000 0.013750
6 0.943750 0.238125 0.010000 0.013750
6 0.950625 0.243125 0.011250 0.016250
6 0.956250 0.246250 0.010000 0.012500
6 0.923125 0.210625 0.011250 0.013750
6 0.928750 0.215000 0.012500 0.015000
6 0.940000 0.271875 0.012500 0.016250
6 0.871250 0.281250 0.010000 0.012500
6 0.879375 0.287500 0.011250 0.015000
6 0.720000 0.366875 0.015000 0.013750
6 0.801250 0.395625 0.010000 0.013750
6 0.795625 0.391250 0.011250 0.015000
6 0.789375 0.388125 0.011250 0.013750
6 0.740000 0.388750 0.012500 0.015000
6 0.735000 0.382500 0.012500 0.015000
6 0.725625 0.372500 0.013750 0.015000
6 0.710000 0.359375 0.015000 0.011250
6 0.848125 0.371875 0.011250 0.013750
6 0.726875 0.326250 0.011250 0.012500
6 0.718125 0.322500 0.011250 0.015000
6 0.691875 0.309375 0.013750 0.013750
6 0.680000 0.300625 0.015000 0.011250
6 0.643125 0.284375 0.016250 0.016250
6 0.859375 0.379375 0.011250 0.013750
6 0.807500 0.398750 0.010000 0.015000
6 0.812500 0.402500 0.010000 0.015000
6 0.824375 0.408125 0.011250 0.013750
6 0.829375 0.414375 0.011250 0.013750
6 0.835625 0.417500 0.011250 0.015000
6 0.820625 0.425625 0.011250 0.013750
6 0.827500 0.430000 0.010000 0.012500
6 0.804375 0.415625 0.008750 0.013750
6 0.799375 0.411875 0.011250 0.013750
6 0.793750 0.407500 0.010000 0.012500
6 0.789375 0.405000 0.011250 0.015000
6 0.781250 0.400625 0.012500 0.013750
6 0.778125 0.436250 0.013750 0.015000
6 0.783125 0.439375 0.013750 0.016250
6 0.788750 0.442500 0.012500 0.015000
6 0.799375 0.449375 0.011250 0.013750
6 0.804375 0.452500 0.011250 0.015000
6 0.854375 0.375625 0.011250 0.013750
6 0.842500 0.369375 0.010000 0.013750
6 0.865000 0.293750 0.010000 0.015000
6 0.865625 0.331875 0.011250 0.013750
6 0.886250 0.360625 0.010000 0.013750
6 0.880625 0.355625 0.011250 0.013750
6 0.875625 0.352500 0.011250 0.015000
6 0.870000 0.350000 0.010000 0.012500
6 0.862500 0.348125 0.010000 0.013750
6 0.870625 0.336250 0.011250 0.012500
6 0.904375 0.342500 0.013750 0.012500
6 0.830000 0.361250 0.012500 0.015000
6 0.883750 0.328125 0.015000 0.008750
6 0.909375 0.306875 0.011250 0.016250
6 0.901875 0.318125 0.011250 0.013750
6 0.895000 0.298125 0.010000 0.013750
6 0.886250 0.310000 0.010000 0.012500
6 0.884375 0.295000 0.016250 0.020000
6 0.882500 0.340000 0.010000 0.012500
6 0.887500 0.344375 0.010000 0.013750
6 0.891875 0.348750 0.011250 0.012500
6 0.892500 0.380000 0.015000 0.015000
6 0.902500 0.380000 0.012500 0.015000
6 0.863750 0.398125 0.010000 0.013750
6 0.852500 0.389375 0.010000 0.013750
6 0.846250 0.386875 0.012500 0.013750
6 0.840000 0.385000 0.012500 0.015000
6 0.829375 0.376875 0.011250 0.013750
6 0.823750 0.373125 0.010000 0.013750
6 0.816875 0.371875 0.011250 0.013750
6 0.806250 0.363125 0.012500 0.013750
6 0.806250 0.347500 0.012500 0.015000
6 0.812500 0.350625 0.010000 0.013750
6 0.818750 0.354375 0.012500 0.016250
6 0.823750 0.356875 0.012500 0.016250
6 0.712500 0.411875 0.012500 0.013750
6 0.750625 0.468125 0.013750 0.016250
6 0.802500 0.509375 0.012500 0.011250
6 0.675000 0.545000 0.012500 0.007500
6 0.698750 0.550625 0.012500 0.013750
6 0.691875 0.556250 0.013750 0.012500
6 0.635000 0.481250 0.015000 0.012500
6 0.641875 0.495000 0.011250 0.012500
6 0.647500 0.515625 0.012500 0.013750
6 0.685625 0.566875 0.011250 0.011250
6 0.661250 0.564375 0.012500 0.013750
6 0.711250 0.542500 0.012500 0.015000
6 0.655000 0.558750 0.012500 0.012500
6 0.653750 0.536875 0.012500 0.013750
6 0.623750 0.528125 0.012500 0.013750
6 0.614375 0.516875 0.013750 0.013750
6 0.615000 0.502500 0.012500 0.012500
6 0.630000 0.486250 0.012500 0.012500
6 0.704375 0.545625 0.013750 0.013750
6 0.716250 0.536875 0.012500 0.013750
6 0.750625 0.454375 0.013750 0.013750
6 0.696875 0.509375 0.011250 0.013750
6 0.683750 0.480625 0.012500 0.013750
6 0.678125 0.486875 0.013750 0.013750
6 0.672500 0.491250 0.012500 0.012500
6 0.667500 0.497500 0.012500 0.012500
6 0.716250 0.490625 0.012500 0.013750
6 0.706875 0.500625 0.011250 0.013750
6 0.691250 0.513750 0.012500 0.012500
6 0.726250 0.526875 0.012500 0.013750
6 0.686250 0.517500 0.012500 0.012500
6 0.657500 0.505000 0.012500 0.012500
6 0.651250 0.509375 0.012500 0.013750
6 0.742500 0.510625 0.012500 0.013750
6 0.737500 0.516250 0.012500 0.012500
6 0.731875 0.521875 0.013750 0.013750
6 0.563750 0.518750 0.012500 0.012500
6 0.570625 0.513125 0.011250 0.011250
6 0.559375 0.495000 0.018750 0.015000
6 0.480625 0.546875 0.013750 0.011250
6 0.455000 0.546250 0.010000 0.012500
6 0.501875 0.520625 0.013750 0.011250
6 0.495000 0.529375 0.012500 0.011250
6 0.485625 0.536250 0.011250 0.010000
6 0.477500 0.543125 0.012500 0.011250
6 0.465000 0.550625 0.012500 0.013750
6 0.470625 0.554375 0.013750 0.011250
6 0.561250 0.456875 0.017500 0.016250
6 0.505000 0.505625 0.007500 0.011250
6 0.512500 0.523125 0.012500 0.013750
6 0.507500 0.528125 0.010000 0.011250
6 0.502500 0.534375 0.010000 0.013750
6 0.493125 0.540000 0.013750 0.012500
6 0.484375 0.551250 0.013750 0.010000
6 0.458750 0.531250 0.015000 0.012500
6 0.460625 0.546875 0.013750 0.013750
6 0.473125 0.539375 0.013750 0.011250
6 0.468125 0.534375 0.011250 0.011250
6 0.476250 0.528750 0.012500 0.012500
6 0.481250 0.531875 0.012500 0.013750
6 0.490000 0.524375 0.012500 0.011250
6 0.485625 0.519375 0.011250 0.011250
6 0.496875 0.516250 0.013750 0.012500
6 0.493750 0.511250 0.012500 0.012500
6 0.496875 0.493750 0.011250 0.012500
6 0.511250 0.485000 0.015000 0.015000
6 0.558125 0.511875 0.011250 0.011250
6 0.565625 0.475000 0.013750 0.015000
6 0.539375 0.473125 0.013750 0.013750
6 0.545000 0.469375 0.015000 0.016250
6 0.553750 0.459375 0.015000 0.016250
6 0.676875 0.532500 0.011250 0.012500
6 0.670000 0.526250 0.012500 0.012500
6 0.721875 0.486875 0.011250 0.013750
6 0.623125 0.420000 0.013750 0.012500
6 0.628125 0.445625 0.013750 0.013750
6 0.632500 0.442500 0.012500 0.012500
6 0.641250 0.437500 0.012500 0.012500
6 0.637500 0.432500 0.012500 0.012500
6 0.632500 0.428750 0.012500 0.012500
6 0.628750 0.423750 0.012500 0.012500
6 0.618125 0.413750 0.013750 0.012500
6 0.654375 0.415625 0.011250 0.011250
6 0.650000 0.428750 0.012500 0.012500
6 0.646250 0.423750 0.012500 0.012500
6 0.641875 0.420000 0.013750 0.012500
6 0.638125 0.416250 0.013750 0.012500
6 0.633125 0.411875 0.013750 0.013750
6 0.627500 0.406250 0.012500 0.012500
6 0.623125 0.432500 0.013750 0.012500
6 0.613750 0.423125 0.012500 0.013750
6 0.609375 0.428125 0.011250 0.013750
6 0.631250 0.458125 0.012500 0.011250
6 0.636250 0.454375 0.012500 0.011250
6 0.641250 0.450000 0.012500 0.012500
6 0.648125 0.443125 0.011250 0.011250
6 0.645625 0.446875 0.011250 0.011250
6 0.653750 0.440000 0.012500 0.012500
6 0.658125 0.435625 0.013750 0.013750
6 0.662500 0.430000 0.012500 0.012500
6 0.666875 0.426250 0.013750 0.012500
6 0.671875 0.416250 0.016250 0.015000
6 0.676875 0.421250 0.013750 0.015000
6 0.680625 0.440625 0.013750 0.016250
6 0.730625 0.443125 0.011250 0.013750
6 0.737500 0.440000 0.012500 0.012500
6 0.658750 0.421250 0.012500 0.015000
6 0.651875 0.411875 0.011250 0.011250
6 0.642500 0.474375 0.012500 0.013750
6 0.591250 0.433750 0.012500 0.012500
6 0.624375 0.448750 0.011250 0.012500
6 0.600000 0.426250 0.012500 0.012500
6 0.607500 0.450000 0.012500 0.012500
6 0.603125 0.446250 0.011250 0.012500
6 0.598750 0.441875 0.012500 0.013750
6 0.595000 0.437500 0.012500 0.012500
6 0.580000 0.438125 0.012500 0.013750
6 0.646875 0.408125 0.011250 0.011250
6 0.575000 0.442500 0.012500 0.012500
6 0.693125 0.423125 0.013750 0.013750
6 0.665625 0.455000 0.013750 0.015000
6 0.660000 0.460625 0.015000 0.013750
6 0.654375 0.463750 0.013750 0.012500
6 0.648750 0.468750 0.012500 0.012500
6 0.618125 0.436875 0.013750 0.013750
6 0.605625 0.411875 0.013750 0.013750
6 0.611250 0.406875 0.012500 0.013750
6 0.616250 0.403125 0.012500 0.013750
6 0.620000 0.398750 0.012500 0.012500
6 0.624375 0.394375 0.013750 0.013750
6 0.629375 0.391250 0.011250 0.015000
6 0.634375 0.388125 0.008750 0.013750
6 0.643750 0.386250 0.012500 0.012500
6 0.646250 0.391250 0.015000 0.015000
6 0.650000 0.395625 0.012500 0.013750
6 0.655000 0.399375 0.012500 0.013750
6 0.658750 0.404375 0.012500 0.013750
6 0.662500 0.408125 0.012500 0.011250
6 0.666875 0.411875 0.013750 0.013750
6 0.635625 0.398750 0.013750 0.012500
6 0.642500 0.403750 0.012500 0.012500
6 0.810625 0.456875 0.011250 0.013750
6 0.811875 0.525625 0.008750 0.013750
6 0.815625 0.589375 0.013750 0.013750
6 0.842500 0.618750 0.015000 0.015000
6 0.837500 0.614375 0.015000 0.013750
6 0.833125 0.609375 0.013750 0.013750
6 0.828125 0.604375 0.013750 0.013750
6 0.823125 0.599375 0.013750 0.013750
6 0.820625 0.593125 0.013750 0.013750
6 0.810000 0.584375 0.015000 0.013750
6 0.805625 0.578125 0.013750 0.013750
6 0.800000 0.573750 0.015000 0.015000
6 0.795625 0.568125 0.013750 0.013750
6 0.791250 0.563125 0.015000 0.013750
6 0.786875 0.558125 0.013750 0.013750
6 0.983750 0.719375 0.012500 0.013750
6 0.951250 0.685625 0.015000 0.013750
6 0.937500 0.685625 0.010000 0.013750
6 0.848125 0.624375 0.016250 0.016250
6 0.853750 0.630625 0.015000 0.013750
6 0.859375 0.635000 0.016250 0.015000
6 0.966250 0.755000 0.012500 0.012500
6 0.996875 0.839375 0.006250 0.008750
6 0.994375 0.833750 0.011250 0.012500
6 0.990625 0.828125 0.013750 0.013750
6 0.986875 0.823750 0.011250 0.012500
6 0.970625 0.760000 0.013750 0.012500
6 0.961875 0.749375 0.011250 0.011250
6 0.924375 0.710000 0.013750 0.012500
6 0.950000 0.751875 0.012500 0.011250
6 0.951875 0.741875 0.013750 0.011250
6 0.949375 0.733125 0.013750 0.013750
6 0.941875 0.731250 0.013750 0.012500
6 0.936875 0.726250 0.013750 0.012500
6 0.932500 0.720625 0.015000 0.013750
6 0.980000 0.859375 0.012500 0.011250
6 0.996250 0.866250 0.007500 0.015000
6 0.988750 0.879375 0.012500 0.013750
6 0.928125 0.715625 0.013750 0.013750
6 0.920625 0.704375 0.011250 0.011250
6 0.863750 0.640000 0.015000 0.015000
6 0.766250 0.586875 0.015000 0.013750
6 0.833750 0.658750 0.015000 0.015000
6 0.815625 0.640000 0.013750 0.012500
6 0.789375 0.609375 0.013750 0.013750
6 0.781250 0.603125 0.012500 0.013750
6 0.775625 0.596875 0.013750 0.011250
6 0.771875 0.591250 0.013750 0.012500
6 0.881875 0.711875 0.013750 0.013750
6 0.915625 0.699375 0.011250 0.011250
6 0.878125 0.707500 0.013750 0.015000
6 0.891250 0.694375 0.012500 0.013750
6 0.876875 0.681250 0.008750 0.015000
6 0.889375 0.662500 0.013750 0.012500
6 0.872500 0.652500 0.015000 0.015000
6 0.868750 0.645625 0.015000 0.013750
6 0.838125 0.663750 0.013750 0.015000
6 0.843125 0.667500 0.013750 0.015000
6 0.848125 0.672500 0.013750 0.015000
6 0.853750 0.680625 0.015000 0.013750
6 0.831250 0.734375 0.012500 0.011250
6 0.821250 0.745625 0.012500 0.013750
6 0.914375 0.745625 0.013750 0.013750
6 0.918750 0.751250 0.012500 0.012500
6 0.934375 0.765000 0.013750 0.012500
6 0.938750 0.771250 0.012500 0.012500
6 0.941875 0.777500 0.013750 0.015000
6 0.988125 0.805625 0.008750 0.013750
6 0.995625 0.788125 0.008750 0.013750
6 0.901250 0.684375 0.012500 0.011250
6 0.905000 0.688750 0.012500 0.012500
6 0.911875 0.694375 0.011250 0.011250
6 0.773125 0.541875 0.013750 0.013750
6 0.918750 0.416875 0.012500 0.013750
6 0.952500 0.401250 0.010000 0.015000
6 0.946250 0.395625 0.010000 0.013750
6 0.941875 0.392500 0.011250 0.015000
6 0.934375 0.390625 0.011250 0.013750
6 0.928125 0.387500 0.011250 0.012500
6 0.912500 0.413750 0.012500 0.015000
6 0.931250 0.421250 0.010000 0.015000
6 0.975000 0.399375 0.012500 0.013750
6 0.941875 0.429375 0.011250 0.013750
6 0.969375 0.447500 0.011250 0.012500
6 0.986250 0.459375 0.010000 0.013750
6 0.990625 0.478125 0.011250 0.016250
6 0.974375 0.466875 0.011250 0.013750
6 0.962500 0.405625 0.012500 0.013750
6 0.981875 0.403750 0.008750 0.012500
6 0.994375 0.358125 0.011250 0.016250
6 0.965625 0.341250 0.011250 0.012500
6 0.960000 0.336875 0.012500 0.013750
6 0.946250 0.346250 0.012500 0.015000
6 0.957500 0.353125 0.012500 0.013750
6 0.970625 0.360000 0.011250 0.015000
6 0.995000 0.409375 0.010000 0.013750
6 0.931250 0.370625 0.012500 0.013750
6 0.953750 0.385625 0.010000 0.013750
6 0.963125 0.459375 0.011250 0.013750
6 0.933750 0.443125 0.012500 0.013750
6 0.916250 0.432500 0.012500 0.015000
6 0.945625 0.616250 0.011250 0.012500
6 0.874375 0.491875 0.013750 0.016250
6 0.860625 0.500625 0.011250 0.013750
6 0.857500 0.453125 0.012500 0.013750
6 0.868750 0.431875 0.007500 0.013750
6 0.855000 0.441875 0.012500 0.016250
6 0.956250 0.603125 0.010000 0.013750
6 0.936875 0.629375 0.011250 0.013750
6 0.905625 0.425625 0.011250 0.013750
6 0.947500 0.590625 0.012500 0.013750
6 0.925625 0.638125 0.013750 0.013750
6 0.907500 0.636875 0.015000 0.016250
6 0.868125 0.595625 0.013750 0.013750
6 0.826250 0.485000 0.012500 0.012500
6 0.777500 0.551250 0.012500 0.012500
6 0.875625 0.509375 0.011250 0.013750
6 0.887500 0.499375 0.010000 0.013750
6 0.894375 0.523125 0.011250 0.013750
6 0.943125 0.536875 0.011250 0.013750
6 0.951250 0.542500 0.012500 0.015000
6 0.959375 0.545625 0.011250 0.013750
6 0.896875 0.455625 0.011250 0.013750
6 0.908125 0.460625 0.011250 0.013750
6 0.920000 0.467500 0.012500 0.012500
6 0.930000 0.476250 0.012500 0.015000
6 0.916875 0.485000 0.011250 0.015000
6 0.928750 0.491250 0.012500 0.015000
6 0.935000 0.494375 0.010000 0.013750
6 0.956875 0.508125 0.011250 0.013750
6 0.963750 0.496875 0.010000 0.013750
6 0.927500 0.457500 0.015000 0.012500
6 0.900625 0.421250 0.011250 0.012500
6 0.989375 0.603125 0.013750 0.011250
6 0.987500 0.623750 0.010000 0.012500
6 0.993125 0.586875 0.011250 0.013750
6 0.591875 0.455625 0.016250 0.016250
6 0.988125 0.317500 0.013750 0.015000
6 0.993750 0.270625 0.012500 0.016250
6 0.996875 0.309375 0.006250 0.011250
6 0.995625 0.304375 0.008750 0.013750
6 0.978125 0.293125 0.011250 0.013750
6 0.965000 0.304375 0.010000 0.013750
6 0.971250 0.306875 0.010000 0.013750
6 0.995000 0.254375 0.010000 0.013750
6 0.474375 0.560000 0.013750 0.012500
6 0.479375 0.562500 0.013750 0.012500
6 0.521250 0.533125 0.012500 0.013750
6 0.028125 0.065000 0.013750 0.012500
6 0.041250 0.056875 0.012500 0.016250
6 0.049375 0.050000 0.011250 0.015000
6 0.060000 0.078125 0.012500 0.013750
6 0.016250 0.078125 0.012500 0.013750
6 0.028125 0.100625 0.013750 0.013750
6 0.023125 0.109375 0.013750 0.013750
6 0.183125 0.007500 0.013750 0.012500
6 0.189375 0.005000 0.013750 0.007500
6 0.240625 0.062500 0.016250 0.017500
6 0.283750 0.042500 0.012500 0.012500
6 0.273125 0.032500 0.011250 0.010000
6 0.265000 0.022500 0.012500 0.012500
6 0.256250 0.062500 0.012500 0.015000
6 0.245000 0.051250 0.012500 0.015000
6 0.250625 0.045000 0.016250 0.015000
6 0.233125 0.072500 0.013750 0.012500
6 0.200625 0.091250 0.013750 0.015000
6 0.251250 0.078125 0.012500 0.013750
6 0.244375 0.081875 0.013750 0.013750
6 0.235625 0.095000 0.013750 0.015000
6 0.230625 0.101250 0.011250 0.012500
6 0.223750 0.091250 0.012500 0.012500
6 0.213750 0.083750 0.015000 0.015000
6 0.288750 0.046250 0.012500 0.012500
6 0.295000 0.050000 0.012500 0.012500
6 0.287500 0.058750 0.012500 0.012500
6 0.293125 0.063750 0.013750 0.012500
6 0.295625 0.068750 0.013750 0.012500
6 0.285000 0.104375 0.015000 0.013750
6 0.292500 0.100000 0.012500 0.012500
6 0.305000 0.092500 0.012500 0.012500
6 0.298750 0.095625 0.015000 0.016250
6 0.276875 0.013125 0.011250 0.013750
6 0.287500 0.026875 0.012500 0.013750
6 0.291250 0.020000 0.012500 0.012500
6 0.282500 0.008125 0.012500 0.013750
6 0.286875 0.004375 0.008750 0.006250
6 0.292500 0.006875 0.012500 0.011250
6 0.296250 0.010000 0.012500 0.012500
6 0.300625 0.015000 0.013750 0.012500
6 0.209375 0.087500 0.011250 0.012500
6 0.198750 0.098750 0.015000 0.015000
6 0.221875 0.103750 0.013750 0.012500
6 0.186250 0.113125 0.012500 0.011250
6 0.191875 0.105625 0.011250 0.011250
6 0.201250 0.117500 0.012500 0.012500
6 0.209375 0.113125 0.013750 0.013750
6 0.215000 0.107500 0.012500 0.015000
6 0.516250 0.537500 0.012500 0.015000
6 0.730625 0.014375 0.043750 0.026250
6 0.305000 0.018750 0.012500 0.012500
6 0.309375 0.025000 0.013750 0.012500
6 0.315625 0.030625 0.013750 0.013750
6 0.320000 0.035625 0.012500 0.013750
6 0.359375 0.736875 0.013750 0.016250
6 0.330000 0.703125 0.012500 0.013750
6 0.378750 0.759375 0.012500 0.013750
6 0.388125 0.771250 0.011250 0.012500
6 0.459375 0.859375 0.013750 0.013750
6 0.361875 0.903125 0.013750 0.013750
6 0.866875 0.949375 0.013750 0.013750
6 0.661875 0.733125 0.016250 0.006250
6 0.449375 0.557500 0.013750 0.012500
6 0.438125 0.563750 0.011250 0.012500
6 0.410000 0.576250 0.012500 0.012500
6 0.386250 0.599375 0.012500 0.011250
6 0.373125 0.612500 0.013750 0.012500
6 0.655000 0.722500 0.015000 0.007500
6 0.670625 0.740000 0.016250 0.007500
6 0.814375 0.830000 0.013750 0.012500
6 0.690625 0.763125 0.016250 0.008750
6 0.700625 0.773750 0.013750 0.007500
6 0.711875 0.786875 0.013750 0.006250
6 0.716875 0.791875 0.013750 0.006250
6 0.724375 0.799375 0.016250 0.008750
6 0.731875 0.806875 0.013750 0.006250
6 0.453125 0.572500 0.011250 0.012500
6 0.458125 0.570000 0.011250 0.012500
6 0.459375 0.587500 0.011250 0.010000
6 0.461875 0.582500 0.011250 0.012500
6 0.466250 0.578750 0.012500 0.012500
6 0.471250 0.573750 0.012500 0.012500
6 0.478125 0.583125 0.011250 0.011250
6 0.481875 0.595625 0.011250 0.011250
6 0.493125 0.571250 0.013750 0.012500
6 0.495000 0.583125 0.012500 0.013750
6 0.500000 0.579375 0.012500 0.013750
6 0.504375 0.575000 0.013750 0.012500
6 0.508125 0.570625 0.013750 0.013750
6 0.492500 0.560625 0.012500 0.011250
6 0.498750 0.551250 0.012500 0.012500
6 0.502500 0.544375 0.010000 0.013750
6 0.511250 0.542500 0.012500 0.012500
6 0.819375 0.835000 0.013750 0.012500
6 0.775625 0.845625 0.016250 0.016250
6 0.851250 0.953750 0.012500 0.012500
6 0.866250 0.996250 0.012500 0.007500
6 0.873125 0.998750 0.013750 0.002500
6 0.861875 0.991250 0.013750 0.007500
6 0.768750 0.852500 0.015000 0.017500
6 0.857500 0.985000 0.012500 0.007500
6 0.865000 0.962500 0.012500 0.012500
6 0.861250 0.969375 0.012500 0.013750
6 0.840000 0.970625 0.012500 0.011250
6 0.843750 0.965625 0.015000 0.013750
6 0.848125 0.959375 0.011250 0.011250
6 0.875000 0.987500 0.012500 0.012500
6 0.895000 0.993125 0.012500 0.013750
6 0.904375 0.998750 0.011250 0.002500
6 0.933125 0.972500 0.016250 0.015000
6 0.955000 0.996250 0.015000 0.007500
6 0.961250 0.992500 0.015000 0.010000
6 0.965625 0.985000 0.016250 0.007500
6 0.971250 0.978750 0.012500 0.007500
6 0.970625 0.970000 0.011250 0.007500
6 0.961250 0.960625 0.012500 0.006250
6 0.955000 0.953125 0.012500 0.006250
6 0.978750 0.941875 0.012500 0.013750
6 0.993125 0.938125 0.013750 0.008750
6 0.942500 0.894375 0.015000 0.013750
6 0.458750 0.308125 0.015000 0.013750
6 0.638750 0.361250 0.012500 0.015000
6 0.486250 0.409375 0.015000 0.016250
6 0.510000 0.320000 0.012500 0.012500
6 0.473750 0.320000 0.015000 0.015000
6 0.528750 0.271250 0.012500 0.012500
6 0.358125 0.128750 0.013750 0.012500
6 0.386875 0.227500 0.013750 0.012500
6 0.430625 0.133125 0.013750 0.013750
6 0.456875 0.091250 0.013750 0.015000
6 0.482500 0.058125 0.012500 0.011250
6 0.474375 0.062500 0.013750 0.012500
6 0.417500 0.006875 0.012500 0.013750
6 0.402500 0.002500 0.007500 0.002500
6 0.390000 0.006250 0.012500 0.012500
6 0.323125 0.042500 0.013750 0.012500
6 0.348125 0.612500 0.013750 0.012500
6 0.175625 0.743125 0.013750 0.016250
6 0.260625 0.702500 0.013750 0.012500
6 0.235625 0.693125 0.013750 0.013750
6 0.351250 0.631875 0.015000 0.013750
6 0.336250 0.645625 0.012500 0.013750
6 0.325625 0.655000 0.013750 0.012500
6 0.313750 0.641250 0.012500 0.012500
6 0.413750 0.468125 0.015000 0.013750
6 0.494375 0.471875 0.013750 0.011250
6 0.481250 0.458750 0.012500 0.012500
6 0.465625 0.443750 0.013750 0.015000
6 0.424375 0.527500 0.013750 0.012500
6 0.417500 0.521250 0.012500 0.012500
6 0.412500 0.515000 0.015000 0.015000
6 0.206875 0.735000 0.011250 0.012500
6 0.111250 0.870625 0.012500 0.013750
6 0.160000 0.931250 0.012500 0.012500
6 0.181250 0.956875 0.012500 0.013750
6 0.192500 0.968750 0.012500 0.015000
6 0.228125 0.991875 0.016250 0.013750
6 0.246250 0.988125 0.015000 0.013750
6 0.186875 0.995625 0.013750 0.008750
6 0.403750 0.500000 0.015000 0.012500
6 0.385625 0.486875 0.013750 0.013750
6 0.373750 0.472500 0.015000 0.015000
6 0.352500 0.446875 0.015000 0.013750
