6 0.268125 0.638125 0.016250 0.016250
6 0.291875 0.664375 0.016250 0.013750
6 0.357500 0.590625 0.017500 0.011250
6 0.371250 0.593750 0.015000 0.007500
6 0.393125 0.598750 0.018750 0.010000
6 0.423750 0.604375 0.017500 0.008750
6 0.446250 0.610000 0.015000 0.007500
6 0.468750 0.615000 0.020000 0.010000
6 0.496875 0.620000 0.016250 0.007500
6 0.446250 0.639375 0.007500 0.013750
6 0.421250 0.632500 0.010000 0.015000
6 0.343125 0.835625 0.013750 0.011250
6 0.551250 0.823125 0.017500 0.008750
6 0.809375 0.862500 0.008750 0.012500
6 0.641250 0.648750 0.015000 0.007500
6 0.668125 0.657500 0.013750 0.007500
6 0.657500 0.628125 0.010000 0.013750
6 0.664375 0.629375 0.008750 0.013750
6 0.670625 0.630625 0.008750 0.013750
6 0.678750 0.631875 0.010000 0.013750
6 0.720000 0.637500 0.017500 0.010000
6 0.493125 0.468750 0.013750 0.007500
6 0.494375 0.455000 0.013750 0.007500
6 0.500000 0.435625 0.015000 0.008750
6 0.501250 0.428125 0.015000 0.008750
6 0.073750 0.023125 0.012500 0.013750
6 0.005625 0.013125 0.008750 0.011250
6 0.008750 0.018125 0.010000 0.011250
6 0.016250 0.021250 0.010000 0.012500
6 0.022500 0.024375 0.010000 0.013750
6 0.027500 0.028750 0.010000 0.012500
6 0.129375 0.006875 0.011250 0.013750
6 0.136250 0.010000 0.012500 0.015000
6 0.141875 0.013750 0.011250 0.012500
6 0.093125 0.113750 0.016250 0.012500
6 0.110625 0.126875 0.016250 0.013750
6 0.128125 0.137500 0.016250 0.012500
6 0.144375 0.146250 0.013750 0.010000
6 0.156875 0.154375 0.013750 0.011250
6 0.181875 0.166250 0.013750 0.012500
6 0.205000 0.175625 0.015000 0.011250
6 0.241875 0.190000 0.011250 0.007500
6 0.069375 0.053750 0.011250 0.015000
6 0.098125 0.038750 0.013750 0.015000
6 0.111250 0.028750 0.012500 0.012500
6 0.085000 0.031875 0.012500 0.013750
6 0.118750 0.051875 0.012500 0.013750
6 0.129375 0.089375 0.008750 0.013750
6 0.121875 0.088125 0.006250 0.011250
6 0.101875 0.076250 0.008750 0.015000
6 0.091250 0.070000 0.007500 0.015000
6 0.114375 0.085000 0.006250 0.012500
6 0.073750 0.057500 0.012500 0.015000
6 0.062500 0.050625 0.012500 0.016250
6 0.056250 0.047500 0.012500 0.015000
6 0.051875 0.041875 0.011250 0.016250
6 0.069375 0.005625 0.008750 0.008750
6 0.082500 0.009375 0.015000 0.013750
6 0.038750 0.004375 0.007500 0.006250
6 0.032500 0.003125 0.007500 0.003750
6 0.835000 0.001875 0.007500 0.001250
6 0.841875 0.001875 0.006250 0.001250
6 0.849375 0.002500 0.006250 0.002500
6 0.856250 0.001875 0.007500 0.001250
6 0.863125 0.002500 0.008750 0.002500
6 0.872500 0.002500 0.007500 0.002500
6 0.879375 0.002500 0.006250 0.002500
6 0.891250 0.003125 0.007500 0.003750
6 0.899375 0.003125 0.006250 0.003750
6 0.906875 0.003750 0.006250 0.005000
6 0.914375 0.003750 0.006250 0.005000
6 0.921250 0.003750 0.007500 0.005000
6 0.934375 0.005000 0.008750 0.007500
6 0.942500 0.005000 0.007500 0.007500
6 0.948750 0.006250 0.007500 0.010000
6 0.956875 0.005625 0.006250 0.008750
6 0.976875 0.007500 0.006250 0.012500
6 0.965625 0.288125 0.008750 0.013750
6 0.918750 0.259375 0.015000 0.006250
