6 0.075625 0.076875 0.011250 0.006250
6 0.161875 0.065625 0.011250 0.006250
6 0.190625 0.220000 0.008750 0.007500
6 0.678750 0.289375 0.012500 0.006250
6 0.695625 0.289375 0.011250 0.006250
6 0.711250 0.288750 0.012500 0.005000
6 0.834375 0.321250 0.008750 0.012500
6 0.506875 0.466875 0.003750 0.013750
6 0.735625 0.579375 0.011250 0.006250
6 0.918125 0.358125 0.011250 0.011250
6 0.961250 0.411250 0.012500 0.010000
6 0.969375 0.422500 0.011250 0.010000
6 0.424375 0.763750 0.011250 0.015000
6 0.435000 0.761875 0.005000 0.011250
6 0.751875 0.286875 0.011250 0.006250
6 0.506875 0.448125 0.003750 0.021250
