6 0.318125 0.556875 0.013750 0.008750
6 0.576250 0.466875 0.010000 0.013750
6 0.216250 0.574375 0.012500 0.016250
6 0.315000 0.366250 0.015000 0.020000
6 0.436250 0.927500 0.017500 0.007500
6 0.185000 0.641250 0.015000 0.020000
6 0.624375 0.469375 0.013750 0.008750
5 0.507500 0.338125 0.020000 0.023750
5 0.472500 0.503125 0.017500 0.013750
6 0.931875 0.726250 0.011250 0.005000
6 0.973750 0.120625 0.005000 0.011250
6 0.465625 0.917500 0.013750 0.012500
6 0.615000 0.889375 0.012500 0.008750
6 0.583125 0.883750 0.013750 0.010000
6 0.566250 0.891250 0.015000 0.010000
5 0.519375 0.405625 0.016250 0.013750
