6 0.705000 0.650000 0.007500 0.015000
6 0.697500 0.873750 0.007500 0.012500
6 0.832500 0.996875 0.005000 0.006250
6 0.735000 0.178750 0.032500 0.007500
6 0.883750 0.785000 0.007500 0.012500
6 0.883125 0.758125 0.006250 0.011250
6 0.791250 0.630625 0.012500 0.011250
6 0.773125 0.011875 0.016250 0.021250
6 0.438125 0.284375 0.018750 0.013750
6 0.374375 0.262500 0.016250 0.012500
6 0.141250 0.565625 0.015000 0.011250
6 0.128125 0.916875 0.008750 0.013750
6 0.131875 0.871250 0.006250 0.012500
6 0.159375 0.767500 0.008750 0.012500
6 0.161875 0.753125 0.008750 0.013750
6 0.163125 0.737500 0.008750 0.015000
6 0.181875 0.610000 0.008750 0.015000
6 0.130625 0.883750 0.006250 0.010000
6 0.126875 0.936875 0.006250 0.013750
6 0.565000 0.168750 0.032500 0.010000
6 0.881250 0.743750 0.007500 0.010000
6 0.456875 0.721250 0.013750 0.007500
6 0.395625 0.710625 0.011250 0.006250
6 0.698125 0.726875 0.006250 0.011250
6 0.300625 0.852500 0.011250 0.015000
6 0.125625 0.972500 0.006250 0.017500
