6 0.917500 0.865625 0.015000 0.006250
6 0.332500 0.806250 0.007500 0.005000
6 0.317500 0.825625 0.007500 0.003750
6 0.316875 0.803125 0.006250 0.003750
6 0.309375 0.798125 0.006250 0.003750
6 0.295625 0.785625 0.008750 0.003750
6 0.029375 0.624375 0.006250 0.023750
6 0.415625 0.470625 0.008750 0.003750
6 0.156250 0.511875 0.005000 0.006250
6 0.197500 0.850000 0.007500 0.002500
6 0.343750 0.857500 0.007500 0.005000
6 0.171250 0.571875 0.007500 0.006250
6 0.165625 0.565625 0.006250 0.006250
6 0.162500 0.558125 0.005000 0.006250
6 0.159375 0.544375 0.003750 0.006250
6 0.157500 0.535625 0.002500 0.006250
6 0.156875 0.527500 0.003750 0.005000
6 0.157500 0.518750 0.005000 0.007500
6 0.156875 0.496875 0.003750 0.006250
6 0.156875 0.488125 0.003750 0.006250
6 0.156250 0.480000 0.005000 0.007500
6 0.156875 0.471875 0.003750 0.006250
6 0.156875 0.454375 0.003750 0.006250
6 0.156875 0.438750 0.003750 0.007500
6 0.156875 0.429375 0.003750 0.006250
6 0.181875 0.850625 0.006250 0.003750
6 0.340000 0.815625 0.005000 0.003750
6 0.331250 0.821875 0.007500 0.006250
6 0.316875 0.807500 0.006250 0.002500
6 0.316250 0.821250 0.007500 0.002500
6 0.315625 0.817500 0.006250 0.002500
6 0.316875 0.811875 0.006250 0.003750
