6 0.681250 0.650000 0.007500 0.015000
6 0.673750 0.873750 0.007500 0.012500
6 0.808750 0.996875 0.005000 0.006250
6 0.711250 0.178750 0.032500 0.007500
6 0.987500 0.193125 0.012500 0.006250
6 0.860000 0.785000 0.007500 0.012500
6 0.859375 0.758125 0.006250 0.011250
6 0.767500 0.630625 0.012500 0.011250
6 0.749375 0.011875 0.016250 0.021250
6 0.414375 0.284375 0.018750 0.013750
6 0.350625 0.262500 0.016250 0.012500
6 0.117500 0.565625 0.015000 0.011250
6 0.104375 0.916875 0.008750 0.013750
6 0.108125 0.871250 0.006250 0.012500
6 0.135625 0.767500 0.008750 0.012500
6 0.138125 0.753125 0.008750 0.013750
6 0.139375 0.737500 0.008750 0.015000
6 0.158125 0.610000 0.008750 0.015000
6 0.106875 0.883750 0.006250 0.010000
6 0.103125 0.936875 0.006250 0.013750
6 0.541250 0.168750 0.032500 0.010000
6 0.857500 0.743750 0.007500 0.010000
6 0.433125 0.721250 0.013750 0.007500
6 0.371875 0.710625 0.011250 0.006250
6 0.674375 0.726875 0.006250 0.011250
6 0.276875 0.852500 0.011250 0.015000
6 0.101875 0.972500 0.006250 0.017500
