6 0.674375 0.370000 0.011250 0.012500
6 0.291250 0.326250 0.010000 0.005000
6 0.741250 0.643125 0.010000 0.018750
6 0.717500 0.490625 0.012500 0.013750
6 0.883750 0.967500 0.010000 0.015000
6 0.402500 0.027500 0.020000 0.027500
6 0.532500 0.767500 0.017500 0.010000
6 0.084375 0.586250 0.008750 0.012500
6 0.168125 0.623125 0.011250 0.011250
6 0.211250 0.676250 0.012500 0.010000
6 0.219375 0.687500 0.011250 0.010000
6 0.256875 0.731875 0.008750 0.008750
6 0.004375 0.551250 0.006250 0.005000
6 0.516875 0.099375 0.011250 0.013750
6 0.546875 0.151250 0.011250 0.012500
6 0.571250 0.307500 0.010000 0.015000
6 0.660625 0.382500 0.011250 0.012500
6 0.748750 0.513750 0.010000 0.012500
6 0.749375 0.555000 0.011250 0.010000
6 0.750000 0.579375 0.010000 0.011250
