6 0.354375 0.470625 0.018750 0.011250
6 0.102500 0.266250 0.005000 0.007500
6 0.112500 0.227500 0.005000 0.007500
6 0.202500 0.407500 0.010000 0.007500
6 0.316875 0.456250 0.021250 0.012500
6 0.023125 0.653750 0.008750 0.022500
6 0.014375 0.538125 0.011250 0.023750
6 0.011875 0.330625 0.016250 0.008750
6 0.175000 0.151875 0.012500 0.018750
6 0.191250 0.403125 0.007500 0.006250
6 0.183125 0.400625 0.006250 0.006250
6 0.176250 0.396875 0.005000 0.003750
6 0.211875 0.411250 0.006250 0.005000
6 0.072500 0.354375 0.012500 0.006250
6 0.078750 0.448125 0.007500 0.008750
6 0.170625 0.390625 0.008750 0.006250
6 0.191875 0.398125 0.006250 0.006250
6 0.221250 0.408750 0.007500 0.005000
6 0.238125 0.415625 0.008750 0.006250
6 0.253750 0.422500 0.005000 0.005000
