6 0.492500 0.038750 0.020000 0.007500
6 0.828750 0.787500 0.005000 0.012500
6 0.058750 0.863750 0.025000 0.007500
6 0.379375 0.719375 0.006250 0.011250
6 0.211250 0.746875 0.005000 0.011250
6 0.232500 0.023125 0.012500 0.008750
6 0.540625 0.025625 0.011250 0.006250
6 0.559375 0.025625 0.013750 0.006250
6 0.216250 0.016875 0.015000 0.011250
6 0.300625 0.040625 0.011250 0.006250
6 0.085000 0.858750 0.027500 0.012500
6 0.414375 0.895000 0.013750 0.007500
6 0.264375 0.893125 0.016250 0.011250
6 0.281875 0.892500 0.013750 0.007500
6 0.284375 0.884375 0.013750 0.006250
