6 0.410000 0.337500 0.037500 0.040000
6 0.348125 0.775625 0.021250 0.021250
6 0.245625 0.513750 0.021250 0.022500
6 0.062500 0.430625 0.012500 0.006250
6 0.545625 0.894375 0.006250 0.011250
6 0.168125 0.985625 0.033750 0.028750
6 0.030625 0.430000 0.013750 0.012500
6 0.376250 0.609375 0.012500 0.013750
6 0.516875 0.281875 0.008750 0.023750
6 0.476875 0.329375 0.013750 0.046250
6 0.399375 0.730625 0.011250 0.013750
6 0.474375 0.696250 0.013750 0.012500
6 0.299375 0.836250 0.021250 0.022500
6 0.325625 0.596250 0.008750 0.040000
6 0.305000 0.610000 0.007500 0.042500
6 0.282500 0.532500 0.005000 0.020000
6 0.228750 0.532500 0.020000 0.020000
6 0.753125 0.279375 0.011250 0.013750
6 0.733750 0.287500 0.010000 0.012500
6 0.345625 0.640625 0.021250 0.021250
6 0.391250 0.430625 0.010000 0.043750
