6 0.095000 0.729375 0.015000 0.011250
6 0.236250 0.691875 0.015000 0.008750
6 0.413125 0.632500 0.021250 0.015000
6 0.872500 0.508750 0.015000 0.010000
6 0.861875 0.551250 0.013750 0.010000
6 0.240000 0.083125 0.007500 0.038750
6 0.295625 0.085000 0.008750 0.037500
6 0.197500 0.690625 0.012500 0.006250
6 0.263750 0.088125 0.012500 0.033750
6 0.115625 0.044375 0.018750 0.008750
6 0.316250 0.667500 0.012500 0.007500
6 0.073125 0.760000 0.013750 0.010000
6 0.015000 0.735625 0.015000 0.011250
6 0.753750 0.543125 0.015000 0.011250
6 0.028125 0.745625 0.016250 0.011250
