6 0.836875 0.891250 0.011250 0.012500
6 0.823125 0.897500 0.011250 0.012500
6 0.818125 0.902500 0.011250 0.012500
6 0.757500 0.895625 0.010000 0.006250
6 0.733750 0.913750 0.007500 0.012500
6 0.753125 0.878125 0.011250 0.008750
6 0.704375 0.931250 0.018750 0.010000
6 0.751875 0.972500 0.011250 0.010000
6 0.847500 0.883125 0.012500 0.013750
6 0.842500 0.887500 0.012500 0.015000
6 0.813750 0.883125 0.010000 0.008750
6 0.908125 0.841875 0.011250 0.011250
6 0.770625 0.630625 0.008750 0.013750
6 0.749375 0.656875 0.008750 0.013750
6 0.743750 0.799375 0.015000 0.008750
6 0.918125 0.786875 0.011250 0.011250
6 0.921875 0.813125 0.011250 0.008750
6 0.923750 0.818750 0.010000 0.005000
6 0.926250 0.823750 0.012500 0.007500
6 0.905000 0.845000 0.010000 0.012500
6 0.850625 0.856875 0.008750 0.011250
6 0.898750 0.846875 0.010000 0.011250
6 0.894375 0.850000 0.011250 0.012500
6 0.888750 0.853125 0.010000 0.013750
6 0.871250 0.868750 0.010000 0.010000
6 0.900000 0.856250 0.010000 0.010000
6 0.868125 0.864375 0.008750 0.008750
6 0.863125 0.854375 0.011250 0.008750
6 0.858750 0.850000 0.010000 0.007500
6 0.859375 0.845000 0.011250 0.010000
4 0.394375 0.034375 0.046250 0.048750
6 0.942500 0.403750 0.007500 0.015000
