6 0.265000 0.016875 0.017500 0.023750
6 0.618125 0.195625 0.016250 0.011250
6 0.911250 0.390625 0.015000 0.008750
6 0.848750 0.380625 0.012500 0.008750
6 0.763750 0.356875 0.015000 0.008750
6 0.720000 0.359375 0.012500 0.006250
6 0.598125 0.338750 0.016250 0.007500
6 0.586875 0.353750 0.013750 0.007500
6 0.392500 0.348750 0.015000 0.005000
6 0.435000 0.301250 0.012500 0.007500
6 0.346875 0.332500 0.013750 0.007500
6 0.225000 0.308125 0.012500 0.008750
6 0.182500 0.320000 0.010000 0.005000
6 0.178125 0.347500 0.016250 0.010000
6 0.046250 0.363125 0.015000 0.008750
6 0.028125 0.318125 0.011250 0.006250
