1 0.364375 0.014375 0.083750 0.026250
6 0.398125 0.174375 0.006250 0.011250
6 0.377500 0.520625 0.007500 0.013750
6 0.418750 0.489375 0.007500 0.013750
6 0.401875 0.363750 0.008750 0.015000
6 0.408750 0.307500 0.007500 0.015000
6 0.360000 0.282500 0.007500 0.017500
6 0.359375 0.264375 0.008750 0.016250
6 0.393750 0.265625 0.007500 0.013750
6 0.386250 0.163750 0.007500 0.012500
6 0.404375 0.042500 0.006250 0.012500
6 0.347500 0.078125 0.012500 0.038750
6 0.378125 0.043750 0.006250 0.012500
6 0.355625 0.054375 0.006250 0.016250
6 0.350000 0.001875 0.007500 0.001250
6 0.411250 0.528750 0.010000 0.012500
6 0.386250 0.635625 0.007500 0.016250
6 0.422500 0.657500 0.007500 0.012500
6 0.408750 0.788750 0.007500 0.015000
6 0.410625 0.953750 0.008750 0.017500
