6 0.960625 0.630000 0.031250 0.017500
6 0.558125 0.576250 0.028750 0.012500
6 0.558750 0.591250 0.022500 0.010000
6 0.560000 0.606875 0.022500 0.011250
6 0.556250 0.621250 0.027500 0.010000
6 0.555000 0.636250 0.030000 0.015000
6 0.548750 0.652500 0.027500 0.012500
6 0.422500 0.718125 0.022500 0.008750
6 0.278750 0.860000 0.025000 0.027500
6 0.251250 0.525000 0.012500 0.032500
6 0.251250 0.560625 0.012500 0.021250
6 0.987500 0.773125 0.025000 0.013750
6 0.957500 0.660625 0.022500 0.016250
6 0.965000 0.609375 0.025000 0.011250
6 0.981875 0.481875 0.023750 0.013750
6 0.970000 0.551250 0.025000 0.015000
