6 0.635000 0.270000 0.057500 0.032500
6 0.746250 0.280625 0.065000 0.033750
6 0.907500 0.463750 0.015000 0.005000
6 0.908750 0.456875 0.017500 0.006250
6 0.912500 0.433750 0.015000 0.005000
6 0.913125 0.428125 0.016250 0.006250
6 0.900000 0.492500 0.020000 0.007500
6 0.898750 0.501875 0.020000 0.008750
6 0.883125 0.414375 0.018750 0.008750
6 0.878125 0.423750 0.016250 0.005000
6 0.877500 0.435000 0.012500 0.005000
6 0.876875 0.443750 0.013750 0.007500
6 0.874375 0.453125 0.016250 0.006250
6 0.872500 0.460625 0.017500 0.006250
6 0.866250 0.426250 0.015000 0.005000
6 0.863125 0.432500 0.018750 0.005000
6 0.861250 0.440625 0.015000 0.006250
6 0.918750 0.411250 0.017500 0.007500
6 0.916250 0.420625 0.017500 0.008750
6 0.910625 0.443750 0.016250 0.007500
6 0.910000 0.448125 0.015000 0.003750
6 0.574375 0.146250 0.011250 0.020000
6 0.445000 0.083125 0.017500 0.013750
6 0.467500 0.011875 0.017500 0.008750
6 0.468750 0.019375 0.017500 0.008750
6 0.471250 0.026875 0.015000 0.008750
6 0.472500 0.033750 0.015000 0.010000
6 0.440625 0.065000 0.016250 0.010000
6 0.474375 0.048750 0.016250 0.010000
6 0.443125 0.074375 0.013750 0.008750
6 0.448125 0.090625 0.013750 0.008750
6 0.450625 0.100625 0.013750 0.003750
6 0.449375 0.110000 0.016250 0.012500
6 0.451875 0.116875 0.013750 0.006250
6 0.451250 0.125625 0.015000 0.006250
6 0.561250 0.113750 0.010000 0.015000
6 0.571875 0.108125 0.011250 0.016250
6 0.537500 0.156875 0.010000 0.013750
6 0.463750 0.003125 0.020000 0.003750
6 0.431875 0.025000 0.016250 0.007500
6 0.431250 0.018125 0.017500 0.008750
6 0.429375 0.006875 0.013750 0.008750
6 0.902500 0.479375 0.017500 0.008750
6 0.871875 0.473125 0.016250 0.008750
6 0.828750 0.456875 0.020000 0.006250
6 0.823750 0.646250 0.015000 0.010000
6 0.828125 0.628125 0.016250 0.008750
6 0.843750 0.630625 0.015000 0.008750
6 0.826875 0.635000 0.013750 0.005000
6 0.841875 0.638125 0.016250 0.006250
6 0.823750 0.639375 0.015000 0.006250
6 0.837500 0.644375 0.012500 0.006250
6 0.836875 0.653125 0.016250 0.006250
6 0.818750 0.656250 0.012500 0.007500
6 0.826875 0.469375 0.018750 0.006250
6 0.835625 0.661250 0.016250 0.007500
6 0.818125 0.663125 0.013750 0.006250
6 0.834375 0.667500 0.016250 0.007500
6 0.833125 0.674375 0.013750 0.008750
6 0.818125 0.671875 0.013750 0.006250
6 0.817500 0.680000 0.012500 0.005000
6 0.815625 0.685625 0.016250 0.006250
6 0.845625 0.623125 0.016250 0.008750
6 0.829375 0.619375 0.016250 0.006250
6 0.782500 0.712500 0.015000 0.007500
6 0.779375 0.719375 0.016250 0.008750
6 0.787500 0.666250 0.017500 0.007500
6 0.787500 0.673750 0.017500 0.007500
6 0.786875 0.681875 0.013750 0.006250
6 0.771875 0.678750 0.016250 0.010000
6 0.783750 0.690000 0.017500 0.007500
6 0.770000 0.694375 0.015000 0.006250
6 0.785625 0.698750 0.016250 0.010000
6 0.768125 0.701875 0.013750 0.006250
6 0.782500 0.705625 0.015000 0.006250
6 0.765000 0.707500 0.017500 0.007500
6 0.764375 0.715000 0.013750 0.007500
6 0.762500 0.722500 0.015000 0.007500
6 0.761875 0.731250 0.016250 0.010000
6 0.778125 0.735000 0.016250 0.007500
6 0.778750 0.726875 0.015000 0.006250
6 0.832500 0.683125 0.015000 0.008750
6 0.831875 0.691250 0.013750 0.007500
6 0.829375 0.696875 0.018750 0.008750
6 0.835000 0.581875 0.015000 0.008750
6 0.836875 0.575000 0.016250 0.010000
6 0.841250 0.566875 0.017500 0.006250
6 0.839375 0.558750 0.016250 0.005000
6 0.857500 0.563125 0.015000 0.008750
6 0.857500 0.556250 0.012500 0.007500
6 0.841875 0.552500 0.016250 0.010000
6 0.844375 0.536875 0.016250 0.006250
6 0.861875 0.531875 0.018750 0.008750
6 0.861875 0.541250 0.016250 0.007500
6 0.861250 0.550000 0.017500 0.007500
6 0.889375 0.552500 0.018750 0.005000
6 0.888125 0.559375 0.016250 0.006250
6 0.886875 0.566875 0.018750 0.008750
6 0.883750 0.574375 0.017500 0.006250
6 0.882500 0.581875 0.017500 0.006250
6 0.852500 0.576875 0.015000 0.008750
6 0.788125 0.575625 0.016250 0.008750
6 0.813750 0.693750 0.012500 0.007500
6 0.808750 0.578125 0.017500 0.006250
6 0.828750 0.705000 0.020000 0.010000
6 0.811875 0.709375 0.013750 0.006250
6 0.826875 0.713125 0.016250 0.006250
6 0.826250 0.721250 0.015000 0.005000
6 0.810625 0.715625 0.013750 0.006250
6 0.808750 0.723125 0.015000 0.006250
6 0.825000 0.726250 0.015000 0.005000
6 0.806875 0.730625 0.013750 0.006250
6 0.823750 0.733750 0.015000 0.010000
6 0.807500 0.740000 0.017500 0.007500
6 0.822500 0.743125 0.015000 0.006250
6 0.732500 0.561875 0.017500 0.006250
6 0.761250 0.568125 0.017500 0.006250
6 0.791250 0.566250 0.015000 0.005000
6 0.808750 0.569375 0.017500 0.006250
6 0.545625 0.155625 0.016250 0.018750
6 0.592500 0.138750 0.012500 0.015000
6 0.861250 0.710625 0.017500 0.006250
6 0.260000 0.135625 0.007500 0.013750
6 0.240625 0.470000 0.016250 0.007500
6 0.223750 0.476250 0.015000 0.010000
6 0.455625 0.805000 0.011250 0.020000
6 0.258125 0.463750 0.016250 0.010000
6 0.276250 0.444375 0.012500 0.016250
6 0.255000 0.419375 0.015000 0.013750
6 0.281875 0.427500 0.011250 0.015000
6 0.263750 0.155625 0.007500 0.016250
6 0.268125 0.177500 0.008750 0.017500
6 0.276250 0.219375 0.012500 0.016250
6 0.281250 0.239375 0.010000 0.016250
6 0.282500 0.256250 0.007500 0.012500
6 0.287500 0.275000 0.010000 0.015000
6 0.291875 0.292500 0.008750 0.015000
6 0.293750 0.305000 0.007500 0.012500
6 0.276875 0.298750 0.008750 0.020000
6 0.297500 0.321875 0.010000 0.016250
6 0.300625 0.338125 0.008750 0.016250
6 0.299375 0.355000 0.008750 0.015000
6 0.300000 0.375625 0.012500 0.016250
6 0.293750 0.399375 0.012500 0.016250
6 0.287500 0.413125 0.012500 0.016250
6 0.857500 0.725625 0.015000 0.006250
6 0.763125 0.763125 0.008750 0.016250
6 0.746875 0.760000 0.006250 0.012500
6 0.675625 0.716875 0.016250 0.008750
6 0.675000 0.725000 0.017500 0.005000
6 0.676250 0.708125 0.017500 0.008750
6 0.831250 0.611250 0.020000 0.010000
6 0.680625 0.692500 0.013750 0.005000
6 0.682500 0.685000 0.015000 0.007500
6 0.686875 0.671875 0.013750 0.006250
6 0.710000 0.607500 0.017500 0.010000
6 0.719375 0.590625 0.018750 0.008750
6 0.757500 0.599375 0.017500 0.008750
6 0.785000 0.604375 0.015000 0.006250
6 0.802500 0.607500 0.017500 0.007500
6 0.848125 0.615000 0.016250 0.010000
6 0.742500 0.681250 0.017500 0.005000
6 0.795625 0.621875 0.016250 0.006250
6 0.795000 0.630000 0.015000 0.007500
6 0.793125 0.636875 0.016250 0.006250
6 0.790000 0.643750 0.015000 0.007500
6 0.790000 0.652500 0.020000 0.007500
6 0.788125 0.658125 0.016250 0.006250
6 0.744375 0.675000 0.016250 0.007500
6 0.738750 0.686875 0.017500 0.011250
6 0.753750 0.622500 0.015000 0.007500
6 0.739375 0.695000 0.016250 0.007500
6 0.736250 0.702500 0.015000 0.005000
6 0.734375 0.711250 0.016250 0.007500
6 0.735625 0.718750 0.018750 0.007500
6 0.732500 0.727500 0.015000 0.007500
6 0.732500 0.758125 0.007500 0.013750
6 0.738750 0.758750 0.007500 0.015000
6 0.798750 0.615625 0.017500 0.008750
6 0.773750 0.640000 0.015000 0.007500
6 0.724375 0.756875 0.006250 0.011250
6 0.705000 0.752500 0.007500 0.015000
6 0.751250 0.636875 0.012500 0.008750
6 0.748125 0.645000 0.016250 0.007500
6 0.748750 0.651250 0.017500 0.005000
6 0.749375 0.659375 0.016250 0.006250
6 0.747500 0.666875 0.015000 0.008750
6 0.728750 0.670625 0.015000 0.008750
6 0.725625 0.677500 0.013750 0.005000
6 0.723125 0.685625 0.016250 0.008750
6 0.723125 0.693125 0.016250 0.008750
6 0.720000 0.701250 0.015000 0.007500
6 0.720000 0.708750 0.015000 0.007500
6 0.718125 0.714375 0.013750 0.006250
6 0.712500 0.721250 0.015000 0.007500
6 0.688125 0.750625 0.006250 0.013750
6 0.697500 0.750625 0.007500 0.013750
