6 0.042500 0.900000 0.027500 0.037500
6 0.068750 0.986250 0.025000 0.027500
6 0.064375 0.935000 0.031250 0.047500
6 0.088125 0.977500 0.031250 0.045000
6 0.053750 0.938750 0.032500 0.042500
6 0.026875 0.865625 0.023750 0.031250
6 0.237500 0.633750 0.037500 0.060000
6 0.006250 0.816875 0.010000 0.028750
6 0.020625 0.778750 0.023750 0.035000
6 0.033125 0.842500 0.028750 0.040000
6 0.175625 0.651250 0.036250 0.062500
6 0.078750 0.668750 0.032500 0.050000
6 0.190625 0.646875 0.033750 0.063750
6 0.203750 0.645000 0.035000 0.062500
6 0.005625 0.991875 0.008750 0.016250
6 0.218125 0.640000 0.036250 0.062500
6 0.255000 0.631250 0.037500 0.065000
6 0.269375 0.626250 0.036250 0.067500
6 0.281875 0.618750 0.033750 0.062500
6 0.295000 0.616250 0.035000 0.062500
6 0.309375 0.611875 0.033750 0.066250
6 0.324375 0.606250 0.033750 0.062500
6 0.173750 0.201875 0.015000 0.006250
6 0.148750 0.176250 0.017500 0.012500
6 0.166875 0.178750 0.016250 0.010000
6 0.152500 0.184375 0.020000 0.011250
6 0.153750 0.191250 0.017500 0.012500
6 0.156250 0.198750 0.015000 0.010000
6 0.170625 0.194375 0.016250 0.008750
6 0.176250 0.210000 0.015000 0.007500
6 0.158125 0.207500 0.016250 0.010000
6 0.018750 0.346875 0.012500 0.018750
6 0.065625 0.342500 0.018750 0.012500
6 0.059375 0.318125 0.018750 0.011250
6 0.054375 0.311250 0.016250 0.012500
6 0.047500 0.300625 0.012500 0.016250
6 0.161875 0.215000 0.018750 0.012500
6 0.162500 0.223750 0.017500 0.012500
6 0.166250 0.232500 0.017500 0.012500
6 0.170625 0.240625 0.016250 0.011250
6 0.176875 0.260000 0.018750 0.012500
6 0.178750 0.268125 0.015000 0.011250
6 0.005625 0.316875 0.008750 0.016250
6 0.012500 0.313750 0.010000 0.015000
6 0.020000 0.311250 0.010000 0.015000
6 0.028125 0.306875 0.011250 0.016250
