6 0.843125 0.225625 0.041250 0.048750
6 0.611250 0.476250 0.015000 0.005000
6 0.616875 0.743125 0.018750 0.031250
6 0.617500 0.445625 0.015000 0.006250
6 0.615625 0.455000 0.016250 0.007500
6 0.649375 0.451875 0.016250 0.008750
6 0.648125 0.458750 0.016250 0.005000
6 0.645625 0.474375 0.016250 0.006250
6 0.615625 0.463750 0.016250 0.007500
6 0.642500 0.490625 0.022500 0.011250
6 0.608750 0.500000 0.017500 0.010000
6 0.640000 0.511875 0.017500 0.006250
6 0.633750 0.533750 0.025000 0.010000
6 0.632500 0.566875 0.017500 0.006250
6 0.598125 0.575000 0.018750 0.010000
6 0.600000 0.545625 0.017500 0.008750
6 0.603750 0.538125 0.020000 0.011250
6 0.607500 0.515625 0.017500 0.008750
6 0.608125 0.508125 0.016250 0.008750
6 0.743125 0.356250 0.011250 0.017500
6 0.752500 0.356875 0.010000 0.016250
6 0.775625 0.357500 0.011250 0.015000
6 0.840000 0.343125 0.015000 0.008750
6 0.843750 0.336875 0.020000 0.008750
6 0.845000 0.311875 0.015000 0.006250
6 0.836250 0.363750 0.017500 0.010000
6 0.787500 0.310000 0.050000 0.032500
