6 0.093125 0.225625 0.041250 0.048750
6 0.335000 0.470000 0.020000 0.007500
6 0.338750 0.545000 0.010000 0.017500
6 0.372500 0.556250 0.010000 0.017500
6 0.004375 0.356875 0.006250 0.016250
6 0.025625 0.357500 0.011250 0.015000
6 0.090000 0.343125 0.015000 0.008750
6 0.093750 0.336875 0.020000 0.008750
6 0.095000 0.311875 0.015000 0.006250
6 0.086250 0.363750 0.017500 0.010000
6 0.037500 0.310000 0.050000 0.032500
6 0.990625 0.470000 0.016250 0.007500
6 0.973750 0.476250 0.015000 0.010000
