6 0.218125 0.128750 0.058750 0.032500
6 0.294375 0.113125 0.048750 0.028750
6 0.130000 0.144375 0.052500 0.028750
6 0.135625 0.155625 0.051250 0.026250
6 0.139375 0.166250 0.046250 0.022500
6 0.203125 0.068750 0.031250 0.020000
6 0.241875 0.091250 0.053750 0.027500
6 0.851875 0.234375 0.031250 0.051250
6 0.136875 0.675000 0.063750 0.035000
6 0.328125 0.953125 0.023750 0.043750
6 0.312500 0.955625 0.032500 0.048750
6 0.053750 0.965625 0.020000 0.013750
6 0.225000 0.080625 0.007500 0.018750
6 0.236875 0.078750 0.011250 0.017500
6 0.243750 0.075625 0.010000 0.018750
6 0.252500 0.073750 0.012500 0.017500
6 0.261250 0.070000 0.010000 0.017500
6 0.226875 0.047500 0.013750 0.017500
6 0.240625 0.044375 0.013750 0.016250
6 0.249375 0.040000 0.008750 0.017500
6 0.258125 0.036250 0.011250 0.017500
6 0.335000 0.896875 0.010000 0.011250
6 0.346250 0.930000 0.012500 0.020000
6 0.335625 0.931875 0.028750 0.051250
6 0.343750 0.991250 0.012500 0.017500
6 0.332500 0.996250 0.010000 0.007500
6 0.285000 0.883750 0.020000 0.012500
6 0.329375 0.879375 0.013750 0.018750
6 0.811875 0.757500 0.016250 0.012500
6 0.265000 0.035000 0.012500 0.017500
6 0.803750 0.746875 0.012500 0.011250
6 0.276250 0.031250 0.012500 0.020000
6 0.476875 0.003750 0.008750 0.005000
6 0.465625 0.005000 0.011250 0.007500
6 0.449375 0.007500 0.011250 0.012500
6 0.440000 0.008750 0.012500 0.017500
6 0.431875 0.010625 0.011250 0.016250
6 0.309375 0.836250 0.013750 0.012500
6 0.803750 0.737500 0.015000 0.010000
