4 0.320625 0.428125 0.041250 0.038750
4 0.320625 0.916875 0.028750 0.028750
4 0.360625 0.681250 0.038750 0.042500
4 0.305000 0.678750 0.035000 0.032500
4 0.401875 0.644375 0.036250 0.036250
4 0.364375 0.632500 0.018750 0.022500
4 0.417500 0.564375 0.027500 0.026250
4 0.419375 0.511875 0.026250 0.028750
4 0.316875 0.541875 0.038750 0.043750
6 0.903125 0.609375 0.043750 0.051250
4 0.376875 0.918750 0.028750 0.030000
4 0.417500 0.937500 0.020000 0.022500
4 0.335000 0.970000 0.020000 0.022500
4 0.376250 0.971875 0.022500 0.023750
4 0.415625 0.973125 0.021250 0.023750
6 0.908125 0.633750 0.028750 0.037500
6 0.921250 0.365625 0.027500 0.038750
6 0.315000 0.342500 0.035000 0.022500
6 0.906875 0.353125 0.023750 0.028750
6 0.708125 0.265625 0.021250 0.018750
6 0.906875 0.322500 0.023750 0.032500
6 0.909375 0.539375 0.041250 0.053750
6 0.915625 0.465000 0.028750 0.040000
6 0.916875 0.403750 0.031250 0.037500
6 0.911875 0.502500 0.028750 0.037500
6 0.856875 0.636875 0.011250 0.036250
6 0.902500 0.674375 0.045000 0.061250
6 0.901875 0.739375 0.046250 0.063750
6 0.871250 0.785000 0.012500 0.037500
6 0.724375 0.846875 0.008750 0.056250
6 0.899375 0.803750 0.028750 0.037500
6 0.899375 0.895000 0.026250 0.035000
6 0.690000 0.942500 0.010000 0.037500
4 0.450625 0.679375 0.048750 0.048750
4 0.600625 0.556875 0.033750 0.033750
4 0.607500 0.470625 0.020000 0.018750
4 0.586875 0.470000 0.018750 0.020000
4 0.607500 0.492500 0.020000 0.020000
4 0.586250 0.492500 0.020000 0.020000
4 0.590625 0.515625 0.026250 0.026250
4 0.562500 0.513750 0.025000 0.025000
4 0.533750 0.501250 0.025000 0.025000
4 0.550000 0.469375 0.017500 0.018750
4 0.526875 0.469375 0.018750 0.018750
4 0.551250 0.446875 0.017500 0.018750
4 0.528125 0.445000 0.018750 0.020000
4 0.455625 0.539375 0.026250 0.028750
4 0.640000 0.558750 0.032500 0.032500
4 0.528750 0.701875 0.022500 0.023750
4 0.453125 0.976875 0.021250 0.023750
4 0.512500 0.994375 0.015000 0.011250
4 0.555000 0.994375 0.025000 0.011250
4 0.556250 0.970000 0.025000 0.025000
4 0.495000 0.994375 0.015000 0.011250
4 0.513125 0.978125 0.013750 0.016250
4 0.496250 0.977500 0.015000 0.015000
4 0.558750 0.938125 0.025000 0.026250
4 0.516875 0.933125 0.036250 0.036250
4 0.472500 0.940000 0.022500 0.022500
4 0.480000 0.907500 0.022500 0.025000
4 0.443750 0.915625 0.030000 0.028750
6 0.746875 0.810625 0.011250 0.003750
6 0.830000 0.807500 0.015000 0.005000
6 0.828750 0.814375 0.015000 0.006250
6 0.828750 0.820000 0.012500 0.005000
6 0.748750 0.777500 0.017500 0.010000
6 0.748125 0.781875 0.013750 0.006250
6 0.746875 0.792500 0.013750 0.007500
6 0.746250 0.800000 0.015000 0.005000
6 0.746250 0.806250 0.012500 0.005000
6 0.746875 0.816875 0.013750 0.006250
6 0.792500 0.831875 0.005000 0.011250
6 0.745625 0.821250 0.011250 0.005000
6 0.746250 0.826875 0.012500 0.006250
6 0.745000 0.832500 0.012500 0.005000
6 0.745625 0.838750 0.013750 0.007500
6 0.743125 0.846250 0.016250 0.005000
6 0.770625 0.833125 0.006250 0.011250
6 0.776250 0.831875 0.005000 0.011250
6 0.783125 0.830625 0.008750 0.013750
6 0.830000 0.801250 0.012500 0.005000
6 0.828750 0.791875 0.012500 0.003750
6 0.830625 0.785000 0.013750 0.005000
6 0.809375 0.785000 0.013750 0.005000
6 0.751250 0.720625 0.015000 0.003750
6 0.751250 0.715000 0.012500 0.005000
6 0.751250 0.709375 0.012500 0.003750
6 0.753125 0.703750 0.013750 0.005000
6 0.783750 0.806250 0.005000 0.012500
6 0.789375 0.806875 0.006250 0.011250
6 0.796250 0.806250 0.007500 0.012500
6 0.801250 0.806875 0.005000 0.011250
6 0.806875 0.808125 0.006250 0.013750
6 0.806875 0.794375 0.006250 0.011250
6 0.800000 0.794375 0.007500 0.011250
6 0.790000 0.794375 0.005000 0.011250
6 0.783125 0.793125 0.006250 0.013750
6 0.777500 0.793750 0.005000 0.012500
6 0.771875 0.793750 0.006250 0.012500
6 0.771875 0.808750 0.006250 0.012500
6 0.791875 0.783750 0.011250 0.005000
6 0.787500 0.831875 0.005000 0.011250
6 0.798750 0.833125 0.007500 0.011250
6 0.821250 0.983125 0.012500 0.003750
6 0.774375 0.881875 0.003750 0.013750
6 0.743125 0.872500 0.013750 0.007500
6 0.743750 0.880000 0.012500 0.005000
6 0.825000 0.910625 0.012500 0.006250
6 0.826250 0.886875 0.012500 0.006250
6 0.825000 0.881250 0.015000 0.005000
6 0.797500 0.883750 0.005000 0.010000
6 0.785625 0.883125 0.006250 0.013750
6 0.780000 0.881875 0.005000 0.011250
6 0.766875 0.881250 0.006250 0.012500
6 0.806250 0.831875 0.005000 0.011250
6 0.745000 0.896250 0.012500 0.005000
6 0.801250 0.920625 0.007500 0.011250
6 0.783750 0.920625 0.007500 0.013750
6 0.795000 0.920000 0.005000 0.012500
6 0.766250 0.918750 0.007500 0.015000
6 0.822500 0.939375 0.012500 0.006250
6 0.823750 0.961250 0.010000 0.005000
6 0.821875 0.966250 0.011250 0.005000
6 0.744375 0.860625 0.013750 0.006250
6 0.745000 0.851875 0.015000 0.006250
6 0.775000 0.910625 0.007500 0.013750
6 0.767500 0.866250 0.005000 0.010000
6 0.828125 0.829375 0.013750 0.006250
6 0.828750 0.836250 0.012500 0.005000
6 0.826875 0.841875 0.013750 0.003750
6 0.828125 0.847500 0.016250 0.005000
6 0.803750 0.846250 0.005000 0.012500
6 0.798125 0.844375 0.003750 0.013750
6 0.793125 0.843125 0.006250 0.013750
6 0.786250 0.845000 0.005000 0.015000
6 0.770000 0.844375 0.007500 0.013750
6 0.825625 0.858750 0.013750 0.005000
6 0.826875 0.865000 0.016250 0.007500
6 0.825625 0.870625 0.013750 0.006250
6 0.798125 0.871250 0.006250 0.012500
6 0.790625 0.871250 0.003750 0.012500
6 0.785625 0.870000 0.006250 0.012500
6 0.780000 0.870000 0.005000 0.010000
6 0.773750 0.868125 0.005000 0.011250
6 0.751250 0.727500 0.015000 0.005000
6 0.750625 0.733750 0.013750 0.005000
6 0.750625 0.740625 0.013750 0.006250
6 0.803125 0.683750 0.011250 0.005000
6 0.838750 0.586875 0.015000 0.003750
6 0.838125 0.581250 0.013750 0.005000
6 0.838125 0.561250 0.016250 0.007500
6 0.836875 0.573750 0.013750 0.005000
6 0.807500 0.636250 0.012500 0.005000
6 0.806875 0.642500 0.013750 0.005000
6 0.803125 0.666250 0.011250 0.005000
6 0.801875 0.678750 0.013750 0.007500
6 0.811250 0.694375 0.005000 0.011250
6 0.750625 0.746250 0.011250 0.005000
6 0.804375 0.693750 0.006250 0.012500
6 0.798750 0.693750 0.005000 0.012500
6 0.793125 0.694375 0.006250 0.013750
6 0.788750 0.693125 0.007500 0.013750
6 0.783125 0.692500 0.006250 0.015000
6 0.777500 0.691250 0.005000 0.012500
6 0.771875 0.691875 0.006250 0.013750
6 0.763750 0.691875 0.005000 0.013750
6 0.838125 0.592500 0.013750 0.005000
6 0.836875 0.600625 0.011250 0.003750
6 0.836250 0.605000 0.012500 0.007500
6 0.836875 0.612500 0.011250 0.005000
6 0.820000 0.461875 0.010000 0.013750
6 0.823125 0.436875 0.013750 0.011250
6 0.824375 0.428750 0.013750 0.015000
6 0.827500 0.413125 0.012500 0.013750
6 0.756875 0.486875 0.006250 0.013750
6 0.738125 0.546250 0.006250 0.015000
6 0.810000 0.589375 0.010000 0.003750
6 0.809375 0.595000 0.013750 0.005000
6 0.807500 0.603750 0.015000 0.005000
6 0.808125 0.610000 0.013750 0.005000
6 0.808125 0.620625 0.013750 0.006250
6 0.806875 0.628750 0.011250 0.005000
6 0.775625 0.717500 0.006250 0.015000
6 0.780625 0.719375 0.006250 0.011250
6 0.792500 0.719375 0.005000 0.011250
6 0.808750 0.770625 0.005000 0.011250
6 0.791250 0.769375 0.005000 0.008750
6 0.785000 0.768750 0.005000 0.010000
6 0.780000 0.769375 0.005000 0.011250
6 0.773125 0.768125 0.006250 0.011250
6 0.834375 0.728125 0.013750 0.006250
6 0.834375 0.723750 0.013750 0.005000
6 0.833750 0.717500 0.012500 0.005000
6 0.833750 0.711250 0.012500 0.005000
6 0.835000 0.704375 0.015000 0.006250
6 0.835000 0.700625 0.012500 0.003750
6 0.835000 0.695000 0.012500 0.005000
6 0.835000 0.689375 0.012500 0.006250
6 0.835000 0.683750 0.012500 0.005000
6 0.835625 0.678125 0.011250 0.003750
6 0.834375 0.671875 0.013750 0.006250
6 0.835625 0.666875 0.016250 0.006250
6 0.750000 0.753125 0.012500 0.006250
6 0.797500 0.768750 0.005000 0.012500
6 0.833750 0.735000 0.012500 0.005000
6 0.797500 0.718750 0.007500 0.012500
6 0.832500 0.740000 0.012500 0.005000
6 0.803125 0.720625 0.006250 0.011250
6 0.811250 0.718125 0.005000 0.013750
6 0.810000 0.733750 0.005000 0.012500
6 0.803750 0.731875 0.005000 0.011250
6 0.798125 0.731250 0.006250 0.012500
6 0.791875 0.731250 0.003750 0.012500
6 0.786250 0.730625 0.005000 0.013750
6 0.781250 0.731250 0.005000 0.012500
6 0.774375 0.731250 0.006250 0.012500
6 0.804375 0.757500 0.006250 0.012500
6 0.808125 0.758750 0.006250 0.012500
6 0.790625 0.757500 0.006250 0.012500
6 0.786875 0.756875 0.003750 0.011250
6 0.780000 0.757500 0.005000 0.012500
6 0.773125 0.756875 0.006250 0.011250
6 0.831875 0.750625 0.011250 0.003750
6 0.831875 0.745625 0.011250 0.006250
6 0.821875 0.973125 0.011250 0.006250
6 0.820625 0.990625 0.013750 0.006250
6 0.496875 0.391875 0.013750 0.011250
6 0.749375 0.292500 0.016250 0.005000
6 0.673125 0.284375 0.018750 0.008750
6 0.564375 0.291250 0.016250 0.007500
6 0.489375 0.267500 0.013750 0.012500
6 0.409375 0.220625 0.013750 0.011250
6 0.409375 0.204375 0.011250 0.013750
6 0.400000 0.206250 0.010000 0.015000
6 0.393125 0.184375 0.006250 0.016250
6 0.450625 0.193125 0.006250 0.013750
6 0.433125 0.186875 0.008750 0.013750
6 0.425625 0.185000 0.008750 0.012500
6 0.398750 0.158750 0.007500 0.015000
6 0.390625 0.159375 0.006250 0.013750
6 0.337500 0.133750 0.007500 0.012500
6 0.333750 0.143750 0.010000 0.012500
6 0.797500 0.995000 0.007500 0.010000
6 0.503750 0.397500 0.010000 0.010000
6 0.510625 0.405000 0.013750 0.012500
6 0.515000 0.411250 0.012500 0.012500
6 0.740625 0.964375 0.011250 0.006250
6 0.740000 0.976875 0.012500 0.006250
6 0.739375 0.983750 0.013750 0.005000
6 0.740000 0.993125 0.012500 0.006250
6 0.740000 0.998750 0.015000 0.002500
6 0.687500 0.638125 0.005000 0.013750
6 0.740625 0.957500 0.013750 0.005000
6 0.740000 0.952500 0.015000 0.007500
6 0.741875 0.942500 0.013750 0.005000
6 0.770625 0.944375 0.006250 0.013750
6 0.790625 0.994375 0.006250 0.011250
6 0.785000 0.994375 0.005000 0.011250
6 0.780000 0.993750 0.005000 0.012500
6 0.775000 0.993125 0.005000 0.011250
6 0.768750 0.993125 0.005000 0.011250
6 0.763125 0.993750 0.006250 0.012500
6 0.798750 0.983125 0.007500 0.011250
6 0.792500 0.981250 0.005000 0.012500
6 0.785000 0.980625 0.005000 0.011250
6 0.780625 0.979375 0.003750 0.013750
6 0.763125 0.980000 0.008750 0.012500
6 0.794375 0.945000 0.008750 0.012500
6 0.800000 0.958125 0.005000 0.013750
6 0.789375 0.958125 0.006250 0.013750
6 0.771875 0.956250 0.006250 0.012500
6 0.765625 0.956875 0.006250 0.011250
6 0.776875 0.944375 0.006250 0.011250
6 0.672500 0.973750 0.005000 0.010000
6 0.673750 0.958750 0.007500 0.015000
6 0.671250 0.987500 0.007500 0.015000
6 0.675000 0.940625 0.010000 0.016250
6 0.678750 0.819375 0.007500 0.013750
6 0.643750 0.803125 0.015000 0.006250
6 0.643750 0.783125 0.015000 0.006250
6 0.645625 0.761250 0.013750 0.005000
6 0.646250 0.753750 0.012500 0.005000
6 0.724375 0.608750 0.006250 0.015000
6 0.701875 0.691250 0.008750 0.015000
6 0.686250 0.666250 0.007500 0.017500
