4 0.105000 0.988750 0.020000 0.020000
4 0.081875 0.986875 0.018750 0.021250
4 0.058125 0.998750 0.021250 0.002500
4 0.059375 0.986250 0.018750 0.020000
4 0.022500 0.986250 0.035000 0.027500
4 0.012500 0.933125 0.022500 0.023750
4 0.011250 0.887500 0.022500 0.025000
4 0.121250 0.894375 0.012500 0.013750
4 0.016250 0.842500 0.030000 0.037500
4 0.008125 0.793750 0.013750 0.032500
6 0.291875 0.830625 0.028750 0.036250
6 0.287500 0.778750 0.047500 0.062500
6 0.290000 0.746250 0.047500 0.060000
6 0.296250 0.706250 0.027500 0.035000
6 0.300000 0.644375 0.030000 0.038750
6 0.304375 0.579375 0.028750 0.036250
6 0.257500 0.588125 0.010000 0.031250
6 0.271875 0.515625 0.026250 0.038750
6 0.322500 0.468125 0.032500 0.041250
6 0.410000 0.011250 0.020000 0.020000
6 0.392500 0.035000 0.012500 0.037500
6 0.245625 0.096875 0.008750 0.056250
6 0.420625 0.053750 0.028750 0.037500
6 0.420625 0.145000 0.026250 0.035000
6 0.211250 0.192500 0.010000 0.037500
6 0.313125 0.428125 0.026250 0.033750
6 0.296875 0.561875 0.046250 0.061250
4 0.104375 0.470000 0.021250 0.022500
4 0.073750 0.530000 0.027500 0.027500
4 0.128125 0.502500 0.028750 0.027500
4 0.092500 0.499375 0.027500 0.028750
4 0.058125 0.499375 0.026250 0.026250
4 0.131875 0.470625 0.023750 0.023750
4 0.075625 0.468750 0.021250 0.022500
4 0.048750 0.467500 0.022500 0.025000
4 0.016875 0.465625 0.018750 0.021250
4 0.065625 0.405000 0.018750 0.022500
4 0.038750 0.403125 0.020000 0.021250
4 0.013750 0.402500 0.020000 0.020000
4 0.033750 0.367500 0.015000 0.017500
4 0.109375 0.533125 0.028750 0.028750
4 0.090625 0.561250 0.026250 0.027500
4 0.125625 0.563125 0.026250 0.028750
4 0.089375 0.596875 0.026250 0.026250
4 0.101875 0.742500 0.023750 0.025000
4 0.065625 0.750000 0.021250 0.022500
4 0.009375 0.748750 0.016250 0.030000
4 0.115000 0.707500 0.025000 0.027500
4 0.074375 0.712500 0.028750 0.030000
4 0.030625 0.710625 0.018750 0.021250
4 0.001875 0.710000 0.001250 0.022500
4 0.013125 0.637500 0.023750 0.027500
4 0.005625 0.594375 0.008750 0.026250
4 0.123125 0.633750 0.028750 0.027500
4 0.088750 0.631250 0.025000 0.027500
4 0.124375 0.598125 0.026250 0.028750
4 0.013750 0.365000 0.020000 0.020000
4 0.033125 0.345625 0.018750 0.018750
4 0.013125 0.340625 0.016250 0.018750
4 0.003125 0.311250 0.003750 0.022500
4 0.029375 0.288750 0.021250 0.022500
4 0.033750 0.246250 0.015000 0.015000
4 0.076250 0.251875 0.025000 0.026250
4 0.077500 0.220000 0.025000 0.025000
4 0.016250 0.246250 0.015000 0.015000
4 0.034375 0.228125 0.013750 0.016250
4 0.017500 0.227500 0.015000 0.015000
4 0.080000 0.188125 0.025000 0.026250
4 0.038125 0.183125 0.036250 0.036250
4 0.003125 0.190000 0.003750 0.022500
4 0.006875 0.157500 0.011250 0.025000
6 0.268125 0.060625 0.011250 0.003750
6 0.351250 0.057500 0.015000 0.005000
6 0.350000 0.064375 0.015000 0.006250
6 0.350000 0.070000 0.012500 0.005000
6 0.270000 0.027500 0.017500 0.010000
6 0.269375 0.031875 0.013750 0.006250
6 0.268125 0.042500 0.013750 0.007500
6 0.267500 0.050000 0.015000 0.005000
6 0.267500 0.056250 0.012500 0.005000
6 0.268125 0.066875 0.013750 0.006250
6 0.313750 0.081875 0.005000 0.011250
6 0.266875 0.071250 0.011250 0.005000
6 0.267500 0.076875 0.012500 0.006250
6 0.266250 0.082500 0.012500 0.005000
6 0.266875 0.088750 0.013750 0.007500
6 0.264375 0.096250 0.016250 0.005000
6 0.291875 0.083125 0.006250 0.011250
6 0.297500 0.081875 0.005000 0.011250
6 0.304375 0.080625 0.008750 0.013750
6 0.351250 0.051250 0.012500 0.005000
6 0.350000 0.041875 0.012500 0.003750
6 0.351875 0.035000 0.013750 0.005000
6 0.330625 0.035000 0.013750 0.005000
6 0.305000 0.056250 0.005000 0.012500
6 0.310625 0.056875 0.006250 0.011250
6 0.317500 0.056250 0.007500 0.012500
6 0.322500 0.056875 0.005000 0.011250
6 0.328125 0.058125 0.006250 0.013750
6 0.328125 0.044375 0.006250 0.011250
6 0.321250 0.044375 0.007500 0.011250
6 0.311250 0.044375 0.005000 0.011250
6 0.304375 0.043125 0.006250 0.013750
6 0.298750 0.043750 0.005000 0.012500
6 0.293125 0.043750 0.006250 0.012500
6 0.293125 0.058750 0.006250 0.012500
6 0.313125 0.033750 0.011250 0.005000
6 0.308750 0.081875 0.005000 0.011250
6 0.320000 0.083125 0.007500 0.011250
6 0.342500 0.233125 0.012500 0.003750
6 0.295625 0.131875 0.003750 0.013750
6 0.264375 0.122500 0.013750 0.007500
6 0.265000 0.130000 0.012500 0.005000
6 0.346250 0.160625 0.012500 0.006250
6 0.347500 0.136875 0.012500 0.006250
6 0.346250 0.131250 0.015000 0.005000
6 0.318750 0.133750 0.005000 0.010000
6 0.306875 0.133125 0.006250 0.013750
6 0.301250 0.131875 0.005000 0.011250
6 0.288125 0.131250 0.006250 0.012500
6 0.327500 0.081875 0.005000 0.011250
6 0.266250 0.146250 0.012500 0.005000
6 0.322500 0.170625 0.007500 0.011250
6 0.305000 0.170625 0.007500 0.013750
6 0.316250 0.170000 0.005000 0.012500
6 0.287500 0.168750 0.007500 0.015000
6 0.343750 0.189375 0.012500 0.006250
6 0.345000 0.211250 0.010000 0.005000
6 0.343125 0.216250 0.011250 0.005000
6 0.265625 0.110625 0.013750 0.006250
6 0.266250 0.101875 0.015000 0.006250
6 0.296250 0.160625 0.007500 0.013750
6 0.288750 0.116250 0.005000 0.010000
6 0.349375 0.079375 0.013750 0.006250
6 0.350000 0.086250 0.012500 0.005000
6 0.348125 0.091875 0.013750 0.003750
6 0.349375 0.097500 0.016250 0.005000
6 0.325000 0.096250 0.005000 0.012500
6 0.319375 0.094375 0.003750 0.013750
6 0.314375 0.093125 0.006250 0.013750
6 0.307500 0.095000 0.005000 0.015000
6 0.291250 0.094375 0.007500 0.013750
6 0.346875 0.108750 0.013750 0.005000
6 0.348125 0.115000 0.016250 0.007500
6 0.346875 0.120625 0.013750 0.006250
6 0.319375 0.121250 0.006250 0.012500
6 0.311875 0.121250 0.003750 0.012500
6 0.306875 0.120000 0.006250 0.012500
6 0.301250 0.120000 0.005000 0.010000
6 0.295000 0.118125 0.005000 0.011250
6 0.330000 0.020625 0.005000 0.011250
6 0.312500 0.019375 0.005000 0.008750
6 0.306250 0.018750 0.005000 0.010000
6 0.301250 0.019375 0.005000 0.011250
6 0.294375 0.018125 0.006250 0.011250
6 0.271250 0.003125 0.012500 0.006250
6 0.318750 0.018750 0.005000 0.012500
6 0.325625 0.007500 0.006250 0.012500
6 0.329375 0.008750 0.006250 0.012500
6 0.311875 0.007500 0.006250 0.012500
6 0.308125 0.006875 0.003750 0.011250
6 0.301250 0.007500 0.005000 0.012500
6 0.294375 0.006875 0.006250 0.011250
6 0.353125 0.001875 0.011250 0.001250
6 0.343125 0.223125 0.011250 0.006250
6 0.341875 0.240625 0.013750 0.006250
6 0.318750 0.245625 0.007500 0.011250
6 0.303750 0.273125 0.005000 0.011250
6 0.261875 0.214375 0.011250 0.006250
6 0.261250 0.226875 0.012500 0.006250
6 0.260625 0.233750 0.013750 0.005000
6 0.261250 0.243125 0.012500 0.006250
6 0.261250 0.250000 0.015000 0.005000
6 0.261250 0.258125 0.012500 0.006250
6 0.315625 0.272500 0.008750 0.015000
6 0.309375 0.272500 0.006250 0.012500
6 0.298750 0.273125 0.005000 0.011250
6 0.290625 0.273125 0.006250 0.011250
6 0.285000 0.271250 0.007500 0.012500
6 0.279375 0.271250 0.003750 0.010000
6 0.273125 0.272500 0.008750 0.015000
6 0.557500 0.310000 0.012500 0.007500
6 0.558750 0.301875 0.015000 0.006250
6 0.558750 0.295625 0.015000 0.008750
6 0.541875 0.301875 0.006250 0.016250
6 0.261875 0.207500 0.013750 0.005000
6 0.261250 0.202500 0.015000 0.007500
6 0.263125 0.192500 0.013750 0.005000
6 0.291875 0.194375 0.006250 0.013750
6 0.311875 0.244375 0.006250 0.011250
6 0.306250 0.245000 0.005000 0.012500
6 0.301250 0.244375 0.005000 0.013750
6 0.296250 0.243125 0.005000 0.011250
6 0.290000 0.243125 0.005000 0.011250
6 0.284375 0.244375 0.006250 0.013750
6 0.320000 0.233125 0.007500 0.011250
6 0.313750 0.231250 0.005000 0.012500
6 0.306250 0.230625 0.005000 0.011250
6 0.301875 0.229375 0.003750 0.013750
6 0.284375 0.230000 0.008750 0.012500
6 0.315625 0.195000 0.008750 0.012500
6 0.321250 0.208125 0.005000 0.013750
6 0.310625 0.208125 0.006250 0.013750
6 0.293125 0.206250 0.006250 0.012500
6 0.286875 0.206875 0.006250 0.011250
6 0.298125 0.194375 0.006250 0.011250
6 0.533125 0.369375 0.011250 0.013750
6 0.521875 0.358125 0.013750 0.013750
6 0.583750 0.415625 0.005000 0.013750
6 0.170625 0.723750 0.006250 0.012500
6 0.192500 0.270625 0.007500 0.013750
6 0.193750 0.223750 0.005000 0.010000
6 0.195000 0.208750 0.007500 0.015000
6 0.176875 0.540625 0.008750 0.013750
6 0.191875 0.255000 0.006250 0.012500
6 0.192500 0.237500 0.007500 0.015000
6 0.196250 0.190625 0.010000 0.016250
6 0.200000 0.069375 0.007500 0.013750
6 0.165000 0.053125 0.015000 0.006250
6 0.165000 0.033125 0.015000 0.006250
6 0.166875 0.011250 0.013750 0.005000
6 0.167500 0.003750 0.012500 0.005000
6 0.578125 0.415625 0.006250 0.013750
6 0.571250 0.413750 0.005000 0.012500
6 0.577500 0.455000 0.015000 0.005000
6 0.368125 0.333750 0.006250 0.015000
6 0.246875 0.788125 0.008750 0.016250
6 0.259375 0.848125 0.006250 0.013750
6 0.233750 0.878750 0.007500 0.015000
6 0.159375 0.978125 0.008750 0.018750
6 0.164375 0.858125 0.008750 0.013750
