6 0.013125 0.229375 0.013750 0.008750
6 0.010625 0.246875 0.016250 0.006250
6 0.003750 0.649375 0.005000 0.008750
6 0.015000 0.216875 0.015000 0.006250
6 0.016250 0.208750 0.012500 0.007500
6 0.029375 0.172500 0.013750 0.007500
6 0.028750 0.165000 0.015000 0.007500
6 0.036250 0.128125 0.015000 0.008750
6 0.034375 0.143750 0.013750 0.007500
6 0.032500 0.158750 0.015000 0.007500
6 0.213750 0.998125 0.005000 0.003750
6 0.200000 0.996250 0.005000 0.007500
6 0.190625 0.995625 0.003750 0.008750
6 0.321875 0.987500 0.016250 0.007500
6 0.341250 0.990625 0.015000 0.008750
6 0.366250 0.993750 0.015000 0.007500
6 0.529375 0.955000 0.006250 0.012500
6 0.556875 0.945000 0.006250 0.012500
6 0.532500 0.929375 0.007500 0.013750
6 0.536875 0.911250 0.006250 0.015000
6 0.510625 0.920000 0.013750 0.007500
6 0.539375 0.895000 0.006250 0.012500
6 0.565625 0.876250 0.006250 0.012500
6 0.248125 0.951875 0.013750 0.008750
6 0.207500 0.996875 0.005000 0.006250
6 0.222500 0.998125 0.005000 0.003750
6 0.230625 0.998750 0.003750 0.002500
6 0.188125 0.813125 0.008750 0.013750
6 0.178125 0.859375 0.006250 0.013750
6 0.171875 0.889375 0.008750 0.013750
6 0.168125 0.903750 0.008750 0.015000
6 0.155000 0.941875 0.012500 0.023750
6 0.173125 0.964375 0.018750 0.006250
6 0.245625 0.998750 0.006250 0.002500
6 0.237500 0.998750 0.005000 0.002500
6 0.789375 0.893750 0.013750 0.045000
6 0.780000 0.876875 0.012500 0.036250
6 0.770625 0.875000 0.011250 0.040000
6 0.759375 0.876875 0.013750 0.043750
6 0.722500 0.361875 0.042500 0.013750
6 0.866250 0.997500 0.037500 0.005000
4 0.900625 0.565000 0.008750 0.010000
4 0.912500 0.567500 0.010000 0.010000
6 0.069375 0.010000 0.006250 0.012500
6 0.055000 0.006875 0.007500 0.013750
6 0.040000 0.004375 0.005000 0.006250
6 0.032500 0.003750 0.005000 0.005000
6 0.026250 0.002500 0.005000 0.002500
6 0.008125 0.018750 0.006250 0.015000
6 0.015000 0.021250 0.007500 0.012500
6 0.023750 0.021250 0.007500 0.012500
6 0.033750 0.036250 0.007500 0.015000
6 0.041250 0.035625 0.010000 0.016250
6 0.047500 0.039375 0.010000 0.013750
6 0.053125 0.042500 0.008750 0.012500
6 0.061875 0.043125 0.008750 0.013750
6 0.060625 0.072500 0.008750 0.015000
6 0.027500 0.034375 0.005000 0.013750
6 0.249375 0.945000 0.013750 0.007500
6 0.290000 0.917500 0.015000 0.005000
6 0.291250 0.909375 0.012500 0.006250
6 0.259375 0.901875 0.011250 0.006250
6 0.499375 0.437500 0.008750 0.012500
6 0.491875 0.558750 0.013750 0.007500
6 0.589375 0.546250 0.006250 0.012500
6 0.609375 0.555000 0.006250 0.015000
6 0.595000 0.508125 0.007500 0.016250
6 0.252500 0.512500 0.007500 0.015000
6 0.260000 0.480000 0.010000 0.015000
6 0.250625 0.481875 0.006250 0.013750
6 0.498125 0.456875 0.006250 0.016250
6 0.314375 0.382500 0.011250 0.005000
6 0.469375 0.346250 0.013750 0.005000
6 0.467500 0.378750 0.012500 0.005000
6 0.475000 0.338750 0.015000 0.005000
6 0.507500 0.296250 0.007500 0.015000
6 0.511250 0.266875 0.007500 0.013750
6 0.526875 0.251875 0.006250 0.013750
6 0.517500 0.222500 0.005000 0.012500
6 0.312500 0.235625 0.005000 0.013750
6 0.318750 0.575625 0.010000 0.016250
6 0.337500 0.651875 0.015000 0.003750
6 0.335625 0.662500 0.013750 0.007500
6 0.333750 0.669375 0.015000 0.008750
6 0.261250 0.895625 0.012500 0.006250
6 0.261875 0.888125 0.013750 0.006250
6 0.261875 0.881875 0.013750 0.006250
6 0.266875 0.864375 0.013750 0.006250
6 0.268125 0.859375 0.016250 0.006250
6 0.297500 0.866250 0.015000 0.007500
6 0.313750 0.946250 0.005000 0.012500
6 0.480625 0.905625 0.013750 0.008750
6 0.304375 0.822500 0.016250 0.010000
6 0.490000 0.842500 0.015000 0.007500
6 0.490625 0.836875 0.013750 0.006250
6 0.497500 0.792500 0.012500 0.007500
6 0.472500 0.737500 0.007500 0.012500
6 0.325000 0.703750 0.015000 0.007500
6 0.329375 0.688125 0.013750 0.008750
6 0.330000 0.683750 0.012500 0.007500
6 0.333125 0.675625 0.013750 0.006250
6 0.315000 0.221875 0.007500 0.011250
6 0.320625 0.196250 0.006250 0.015000
6 0.325625 0.166875 0.006250 0.016250
6 0.586250 0.031250 0.005000 0.012500
6 0.526875 0.026875 0.013750 0.006250
6 0.529375 0.020000 0.013750 0.007500
6 0.528750 0.013125 0.012500 0.006250
6 0.527500 0.006875 0.012500 0.006250
6 0.530625 0.001875 0.011250 0.001250
6 0.391875 0.057500 0.011250 0.007500
6 0.407500 0.059375 0.015000 0.006250
6 0.395000 0.033125 0.012500 0.006250
6 0.412500 0.035625 0.012500 0.006250
6 0.427500 0.039375 0.012500 0.008750
6 0.456250 0.042500 0.015000 0.007500
6 0.481250 0.045625 0.012500 0.006250
6 0.580000 0.005000 0.015000 0.005000
6 0.577500 0.011875 0.010000 0.006250
6 0.577500 0.031250 0.005000 0.012500
6 0.294375 0.183750 0.006250 0.015000
6 0.569375 0.029375 0.006250 0.011250
6 0.301875 0.153750 0.003750 0.012500
6 0.537500 0.180000 0.005000 0.012500
6 0.538750 0.164375 0.005000 0.011250
6 0.531875 0.130000 0.006250 0.012500
6 0.533750 0.114375 0.007500 0.013750
6 0.306250 0.133125 0.007500 0.013750
6 0.309375 0.117500 0.006250 0.012500
6 0.312500 0.102500 0.007500 0.012500
6 0.316250 0.084375 0.007500 0.011250
6 0.318750 0.071875 0.007500 0.011250
6 0.321250 0.056250 0.007500 0.012500
6 0.336875 0.114375 0.006250 0.013750
6 0.340000 0.099375 0.007500 0.013750
6 0.465000 0.127500 0.015000 0.007500
6 0.464375 0.068125 0.013750 0.006250
6 0.588750 0.086250 0.010000 0.007500
6 0.595625 0.063750 0.013750 0.007500
6 0.743125 0.973125 0.006250 0.013750
6 0.773125 0.996875 0.013750 0.006250
6 0.808750 0.946250 0.015000 0.007500
6 0.981250 0.132500 0.012500 0.007500
6 0.994375 0.135625 0.011250 0.006250
6 0.662500 0.188750 0.007500 0.012500
6 0.635625 0.232500 0.006250 0.012500
6 0.633750 0.248125 0.007500 0.013750
6 0.653125 0.252500 0.006250 0.010000
6 0.651875 0.265625 0.006250 0.011250
6 0.628750 0.283125 0.007500 0.013750
6 0.648125 0.282500 0.006250 0.012500
6 0.646875 0.298125 0.006250 0.011250
6 0.966250 0.130625 0.012500 0.008750
6 0.951875 0.128750 0.011250 0.007500
6 0.938125 0.126875 0.013750 0.008750
6 0.922500 0.125625 0.012500 0.006250
6 0.785625 0.040000 0.006250 0.012500
6 0.983125 0.070625 0.008750 0.013750
6 0.980000 0.090000 0.007500 0.012500
6 0.934375 0.091875 0.006250 0.013750
6 0.668125 0.071875 0.011250 0.006250
6 0.646875 0.141875 0.008750 0.013750
6 0.665000 0.171875 0.005000 0.011250
6 0.642500 0.173750 0.005000 0.012500
6 0.640625 0.189375 0.006250 0.011250
6 0.708125 0.093125 0.011250 0.003750
6 0.723750 0.096875 0.012500 0.006250
6 0.778125 0.104375 0.011250 0.006250
6 0.792500 0.105000 0.012500 0.007500
6 0.821875 0.110000 0.016250 0.007500
6 0.837500 0.112500 0.012500 0.007500
6 0.864375 0.116875 0.013750 0.006250
6 0.876250 0.119375 0.012500 0.006250
6 0.788125 0.028125 0.008750 0.013750
6 0.772500 0.012500 0.012500 0.005000
6 0.776250 0.001875 0.010000 0.001250
