6 0.395000 0.945625 0.007500 0.013750
6 0.354375 0.883750 0.011250 0.010000
6 0.366250 0.888750 0.012500 0.005000
6 0.428750 0.898750 0.007500 0.015000
6 0.324375 0.888125 0.013750 0.006250
6 0.326250 0.895000 0.015000 0.005000
6 0.326875 0.902500 0.013750 0.005000
6 0.383750 0.943125 0.005000 0.016250
6 0.389375 0.945000 0.006250 0.015000
6 0.409375 0.949375 0.006250 0.016250
6 0.421875 0.705625 0.003750 0.013750
6 0.355000 0.956250 0.012500 0.012500
6 0.344375 0.953125 0.011250 0.013750
6 0.335000 0.953125 0.010000 0.013750
6 0.330000 0.951250 0.010000 0.012500
6 0.167500 0.993750 0.015000 0.007500
6 0.208750 0.998125 0.005000 0.003750
6 0.478125 0.919375 0.006250 0.011250
6 0.456875 0.907500 0.013750 0.007500
6 0.486875 0.883750 0.006250 0.012500
6 0.141250 0.953125 0.012500 0.006250
6 0.240625 0.676250 0.006250 0.010000
6 0.241875 0.687500 0.003750 0.010000
6 0.243750 0.704375 0.005000 0.011250
6 0.246875 0.732500 0.003750 0.012500
6 0.425625 0.740625 0.006250 0.013750
6 0.435000 0.751875 0.005000 0.016250
6 0.429375 0.778750 0.006250 0.012500
6 0.465625 0.792500 0.013750 0.005000
6 0.235000 0.849375 0.012500 0.008750
6 0.299375 0.836875 0.011250 0.003750
6 0.328125 0.821875 0.006250 0.011250
6 0.337500 0.865625 0.015000 0.006250
6 0.436875 0.871250 0.006250 0.012500
6 0.178125 0.904375 0.006250 0.013750
6 0.205625 0.935625 0.006250 0.013750
6 0.183125 0.970000 0.006250 0.015000
6 0.208750 0.968750 0.005000 0.012500
6 0.343125 0.963750 0.016250 0.007500
6 0.330000 0.972500 0.007500 0.015000
6 0.336250 0.975000 0.007500 0.012500
6 0.343125 0.977500 0.006250 0.012500
6 0.350000 0.977500 0.007500 0.012500
6 0.445625 0.940625 0.006250 0.013750
6 0.426250 0.966875 0.007500 0.013750
6 0.435625 0.967500 0.003750 0.012500
6 0.448125 0.979375 0.008750 0.016250
6 0.456875 0.973125 0.006250 0.011250
6 0.508750 0.981875 0.007500 0.013750
6 0.430000 0.998750 0.005000 0.002500
6 0.239375 0.661250 0.006250 0.012500
6 0.381250 0.703750 0.005000 0.015000
6 0.333125 0.005625 0.006250 0.008750
6 0.348750 0.019375 0.005000 0.013750
6 0.373125 0.705000 0.003750 0.012500
6 0.366250 0.080000 0.007500 0.015000
6 0.498125 0.053125 0.006250 0.013750
6 0.505000 0.045625 0.005000 0.013750
6 0.485000 0.086875 0.007500 0.013750
6 0.050625 0.116250 0.013750 0.007500
6 0.185625 0.125625 0.013750 0.006250
6 0.138125 0.145000 0.013750 0.007500
6 0.153750 0.148125 0.012500 0.006250
6 0.269375 0.138125 0.013750 0.006250
6 0.246875 0.136250 0.016250 0.007500
6 0.310625 0.170000 0.011250 0.005000
6 0.410625 0.536250 0.006250 0.012500
6 0.244375 0.578125 0.003750 0.011250
6 0.224375 0.587500 0.011250 0.005000
6 0.436875 0.558750 0.013750 0.005000
6 0.370000 0.565625 0.015000 0.006250
6 0.398750 0.581250 0.007500 0.012500
6 0.390000 0.591875 0.005000 0.011250
6 0.392500 0.621250 0.005000 0.012500
6 0.031250 0.525625 0.005000 0.011250
6 0.028750 0.540625 0.005000 0.011250
6 0.025625 0.556250 0.006250 0.012500
6 0.023125 0.570625 0.006250 0.013750
6 0.250000 0.635625 0.005000 0.016250
6 0.378750 0.635625 0.007500 0.013750
6 0.405000 0.666250 0.005000 0.010000
6 0.428125 0.668750 0.006250 0.012500
6 0.424375 0.636250 0.006250 0.012500
6 0.363125 0.703750 0.003750 0.012500
6 0.229375 0.548125 0.006250 0.013750
6 0.531250 0.458750 0.012500 0.010000
6 0.298750 0.166875 0.015000 0.006250
6 0.506875 0.460000 0.013750 0.012500
6 0.246875 0.160625 0.013750 0.006250
6 0.371250 0.142500 0.007500 0.012500
6 0.356875 0.153750 0.006250 0.017500
6 0.411875 0.155625 0.011250 0.006250
6 0.073750 0.231875 0.007500 0.013750
6 0.086250 0.242500 0.007500 0.015000
6 0.084375 0.258125 0.006250 0.011250
6 0.061250 0.322500 0.010000 0.012500
6 0.370625 0.293750 0.006250 0.012500
6 0.381875 0.275625 0.006250 0.013750
6 0.379375 0.246875 0.003750 0.013750
6 0.503125 0.266250 0.006250 0.017500
6 0.456250 0.305625 0.012500 0.006250
6 0.228125 0.390625 0.006250 0.016250
6 0.042500 0.445000 0.010000 0.012500
6 0.386875 0.473125 0.006250 0.013750
6 0.447500 0.486875 0.015000 0.006250
6 0.642500 0.673125 0.005000 0.013750
6 0.888125 0.684375 0.006250 0.013750
6 0.916250 0.674375 0.007500 0.011250
6 0.948125 0.662500 0.011250 0.005000
6 0.733125 0.631250 0.013750 0.007500
6 0.654375 0.568750 0.008750 0.012500
6 0.648750 0.596250 0.007500 0.012500
6 0.883125 0.638125 0.016250 0.006250
6 0.897500 0.446875 0.007500 0.011250
6 0.696250 0.436250 0.010000 0.015000
6 0.720000 0.553750 0.015000 0.005000
6 0.683750 0.515000 0.007500 0.012500
6 0.660000 0.696250 0.007500 0.015000
6 0.887500 0.879375 0.015000 0.006250
6 0.998750 0.895000 0.002500 0.005000
6 0.615625 0.975000 0.006250 0.012500
6 0.614375 0.990000 0.006250 0.012500
6 0.626250 0.825625 0.005000 0.013750
6 0.628750 0.795000 0.005000 0.012500
6 0.694375 0.831250 0.013750 0.005000
6 0.751875 0.840625 0.013750 0.006250
6 0.920625 0.864375 0.013750 0.006250
6 0.940625 0.867500 0.016250 0.007500
6 0.988125 0.873125 0.013750 0.003750
4 0.555000 0.101250 0.032500 0.032500
4 0.554375 0.133750 0.031250 0.032500
4 0.554375 0.166875 0.031250 0.031250
4 0.553750 0.197500 0.027500 0.032500
4 0.833750 0.347500 0.037500 0.040000
4 0.888125 0.360625 0.028750 0.033750
6 0.386875 0.851875 0.028750 0.013750
6 0.414375 0.618125 0.008750 0.031250
