4 0.028750 0.465000 0.030000 0.030000
4 0.047500 0.505625 0.027500 0.031250
4 0.015000 0.540625 0.027500 0.031250
4 0.056250 0.548750 0.030000 0.030000
4 0.447500 0.988750 0.010000 0.010000
4 0.445625 0.998125 0.008750 0.003750
4 0.471250 0.991250 0.025000 0.017500
4 0.497500 0.993125 0.027500 0.013750
6 0.134375 0.288750 0.013750 0.010000
6 0.098750 0.291875 0.007500 0.013750
6 0.140625 0.267500 0.016250 0.010000
6 0.137500 0.278125 0.012500 0.008750
6 0.158125 0.301875 0.013750 0.006250
6 0.156875 0.313125 0.013750 0.006250
6 0.154375 0.318750 0.016250 0.007500
6 0.163750 0.282500 0.012500 0.007500
6 0.181875 0.105000 0.006250 0.015000
6 0.195625 0.111875 0.016250 0.008750
6 0.199375 0.095625 0.013750 0.008750
6 0.201250 0.088750 0.015000 0.007500
6 0.203125 0.083125 0.018750 0.008750
6 0.202500 0.075000 0.017500 0.010000
6 0.036250 0.931875 0.005000 0.013750
6 0.073750 0.892500 0.005000 0.015000
6 0.032500 0.960000 0.015000 0.005000
6 0.035625 0.985000 0.011250 0.015000
6 0.191875 0.920625 0.013750 0.006250
6 0.216875 0.944375 0.013750 0.006250
6 0.216250 0.958125 0.015000 0.006250
6 0.212500 0.968125 0.012500 0.003750
6 0.212500 0.974375 0.012500 0.003750
