6 0.992500 0.446875 0.012500 0.018750
6 0.996875 0.460625 0.006250 0.016250
6 0.995000 0.415000 0.010000 0.017500
6 0.988750 0.418125 0.012500 0.018750
6 0.983750 0.418750 0.012500 0.020000
6 0.993125 0.511250 0.013750 0.022500
6 0.956875 0.415000 0.008750 0.015000
6 0.961250 0.431250 0.010000 0.017500
6 0.967500 0.445000 0.007500 0.015000
6 0.973750 0.460000 0.010000 0.017500
6 0.978125 0.475625 0.008750 0.016250
6 0.981875 0.492500 0.011250 0.020000
6 0.996875 0.530625 0.006250 0.021250
6 0.849375 0.723750 0.008750 0.022500
6 0.893750 0.696875 0.007500 0.018750
6 0.900000 0.699375 0.007500 0.021250
6 0.907500 0.700625 0.007500 0.023750
6 0.913750 0.700000 0.007500 0.022500
6 0.923125 0.699375 0.008750 0.021250
6 0.930625 0.700000 0.008750 0.017500
6 0.936875 0.699375 0.006250 0.018750
6 0.943125 0.699375 0.008750 0.023750
6 0.949375 0.703125 0.008750 0.021250
6 0.818750 0.723125 0.005000 0.021250
6 0.826250 0.725000 0.007500 0.020000
6 0.831875 0.723750 0.006250 0.022500
6 0.838750 0.726250 0.005000 0.022500
6 0.843750 0.725625 0.002500 0.021250
6 0.855625 0.726250 0.008750 0.017500
6 0.881875 0.698750 0.006250 0.022500
6 0.863125 0.725000 0.008750 0.017500
6 0.879375 0.726250 0.008750 0.020000
6 0.885625 0.725625 0.008750 0.021250
6 0.897500 0.726250 0.007500 0.020000
6 0.905625 0.725625 0.006250 0.018750
6 0.910625 0.726250 0.006250 0.017500
6 0.915625 0.725625 0.006250 0.021250
6 0.921250 0.725000 0.010000 0.022500
6 0.929375 0.723750 0.008750 0.020000
6 0.935000 0.724375 0.007500 0.021250
6 0.941875 0.724375 0.011250 0.021250
6 0.948125 0.118750 0.011250 0.022500
6 0.955625 0.116875 0.011250 0.023750
6 0.963750 0.113750 0.012500 0.022500
6 0.885625 0.697500 0.008750 0.022500
6 0.874375 0.696250 0.006250 0.017500
6 0.881250 0.679375 0.007500 0.021250
6 0.748125 0.722500 0.006250 0.020000
6 0.754375 0.722500 0.008750 0.020000
6 0.760625 0.721250 0.006250 0.022500
6 0.766250 0.723125 0.007500 0.021250
6 0.775625 0.725625 0.008750 0.023750
6 0.783125 0.725625 0.006250 0.023750
6 0.788750 0.725000 0.007500 0.022500
6 0.795625 0.723125 0.006250 0.021250
6 0.802500 0.722500 0.007500 0.022500
6 0.835000 0.678750 0.010000 0.015000
6 0.844375 0.681250 0.008750 0.017500
6 0.852500 0.681250 0.010000 0.012500
6 0.861250 0.680625 0.007500 0.016250
6 0.870625 0.679375 0.006250 0.018750
6 0.888750 0.677500 0.007500 0.022500
6 0.868125 0.695625 0.006250 0.016250
6 0.894375 0.678750 0.006250 0.022500
6 0.900625 0.678750 0.008750 0.022500
6 0.907500 0.678125 0.007500 0.021250
6 0.916875 0.680000 0.008750 0.020000
6 0.924375 0.680625 0.006250 0.021250
6 0.931250 0.678125 0.005000 0.021250
6 0.936875 0.679375 0.006250 0.023750
6 0.942500 0.681875 0.007500 0.018750
6 0.948750 0.685000 0.007500 0.015000
6 0.838125 0.696875 0.006250 0.021250
6 0.844375 0.696250 0.006250 0.020000
6 0.851250 0.696250 0.007500 0.020000
6 0.855625 0.696875 0.006250 0.021250
6 0.861250 0.696875 0.007500 0.018750
6 0.969375 0.111875 0.011250 0.021250
6 0.975000 0.108750 0.010000 0.022500
6 0.980625 0.107500 0.011250 0.022500
6 0.963750 0.140625 0.010000 0.018750
6 0.970625 0.138750 0.008750 0.020000
6 0.978125 0.135625 0.008750 0.023750
6 0.985000 0.134375 0.010000 0.021250
6 0.991250 0.131875 0.010000 0.021250
6 0.998125 0.130000 0.003750 0.020000
6 0.986250 0.106250 0.010000 0.022500
6 0.992500 0.105625 0.010000 0.023750
6 0.741875 0.723125 0.006250 0.021250
6 0.733750 0.720625 0.007500 0.018750
6 0.726875 0.721250 0.008750 0.020000
6 0.713750 0.651250 0.007500 0.015000
6 0.701250 0.633750 0.007500 0.015000
6 0.708125 0.635625 0.006250 0.018750
6 0.714375 0.635000 0.008750 0.020000
6 0.721250 0.632500 0.007500 0.017500
6 0.726875 0.633750 0.006250 0.017500
6 0.731875 0.633125 0.006250 0.018750
6 0.736875 0.633750 0.006250 0.020000
6 0.743750 0.631875 0.007500 0.016250
6 0.750000 0.631250 0.005000 0.017500
6 0.757500 0.630625 0.007500 0.018750
6 0.688750 0.650625 0.010000 0.018750
6 0.694375 0.650000 0.008750 0.017500
6 0.701875 0.648750 0.006250 0.017500
6 0.707500 0.651250 0.005000 0.015000
6 0.721875 0.650625 0.006250 0.018750
6 0.818125 0.635625 0.003750 0.018750
6 0.726875 0.650625 0.006250 0.021250
6 0.733750 0.652500 0.007500 0.020000
6 0.740000 0.652500 0.005000 0.017500
6 0.745000 0.652500 0.007500 0.022500
6 0.750625 0.651875 0.006250 0.023750
6 0.755625 0.651875 0.008750 0.026250
6 0.761250 0.644375 0.007500 0.031250
6 0.768125 0.636250 0.008750 0.015000
6 0.771875 0.649375 0.008750 0.018750
6 0.778125 0.650625 0.008750 0.016250
6 0.786250 0.650000 0.007500 0.017500
6 0.793125 0.651875 0.006250 0.018750
6 0.798125 0.653750 0.006250 0.020000
6 0.803750 0.653125 0.007500 0.016250
6 0.688750 0.633750 0.010000 0.017500
6 0.683125 0.648125 0.008750 0.018750
6 0.675000 0.648125 0.007500 0.016250
6 0.676250 0.633125 0.007500 0.016250
6 0.705000 0.608750 0.007500 0.017500
6 0.711875 0.609375 0.008750 0.016250
6 0.717500 0.610625 0.007500 0.016250
6 0.595625 0.642500 0.008750 0.017500
6 0.603750 0.642500 0.007500 0.015000
6 0.611250 0.638750 0.007500 0.015000
6 0.617500 0.639375 0.007500 0.018750
6 0.623750 0.638750 0.005000 0.020000
6 0.630000 0.640000 0.007500 0.017500
6 0.634375 0.639375 0.008750 0.018750
6 0.644375 0.636875 0.008750 0.016250
6 0.651250 0.638125 0.007500 0.021250
6 0.656250 0.639375 0.012500 0.018750
6 0.657500 0.656250 0.005000 0.017500
6 0.651250 0.656250 0.007500 0.017500
6 0.643125 0.655000 0.008750 0.020000
6 0.636875 0.656250 0.008750 0.015000
6 0.631875 0.656875 0.008750 0.016250
6 0.625000 0.657500 0.007500 0.017500
6 0.617500 0.658750 0.005000 0.017500
6 0.611250 0.658750 0.007500 0.017500
6 0.605000 0.657500 0.010000 0.020000
6 0.610625 0.687500 0.006250 0.020000
6 0.621875 0.686875 0.006250 0.018750
6 0.626875 0.687500 0.006250 0.017500
6 0.633750 0.685625 0.005000 0.018750
6 0.655625 0.693125 0.006250 0.018750
6 0.663750 0.675000 0.007500 0.012500
6 0.663125 0.689375 0.006250 0.016250
6 0.810625 0.653125 0.006250 0.018750
6 0.811250 0.638750 0.005000 0.012500
6 0.722500 0.721875 0.007500 0.021250
6 0.784375 0.694375 0.006250 0.018750
6 0.700625 0.691250 0.006250 0.017500
6 0.706250 0.691875 0.007500 0.018750
6 0.712500 0.693125 0.007500 0.018750
6 0.719375 0.691250 0.006250 0.020000
6 0.725000 0.691875 0.005000 0.016250
6 0.730000 0.693125 0.005000 0.016250
6 0.736250 0.694375 0.007500 0.016250
6 0.743125 0.693125 0.006250 0.016250
6 0.750625 0.692500 0.006250 0.017500
6 0.755000 0.691875 0.007500 0.021250
6 0.760625 0.693125 0.006250 0.018750
6 0.765625 0.693125 0.006250 0.018750
6 0.771250 0.695000 0.005000 0.017500
6 0.777500 0.694375 0.007500 0.016250
6 0.790625 0.694375 0.006250 0.018750
6 0.775000 0.631250 0.007500 0.015000
6 0.796250 0.695000 0.007500 0.022500
6 0.803125 0.693750 0.006250 0.017500
6 0.809375 0.694375 0.006250 0.021250
6 0.815000 0.694375 0.007500 0.021250
6 0.661875 0.722500 0.008750 0.017500
6 0.666875 0.722500 0.006250 0.017500
6 0.673750 0.723125 0.007500 0.021250
6 0.680625 0.718750 0.006250 0.022500
6 0.686875 0.721875 0.006250 0.018750
6 0.693125 0.721875 0.006250 0.018750
6 0.698750 0.721875 0.005000 0.018750
6 0.703125 0.721250 0.006250 0.020000
6 0.709375 0.723125 0.006250 0.021250
6 0.716875 0.723125 0.006250 0.021250
6 0.693750 0.690625 0.007500 0.016250
6 0.686875 0.690625 0.008750 0.018750
6 0.679375 0.690000 0.006250 0.020000
6 0.816250 0.675625 0.007500 0.021250
6 0.781250 0.631250 0.007500 0.015000
6 0.788750 0.631250 0.005000 0.020000
6 0.794375 0.632500 0.006250 0.025000
6 0.799375 0.629375 0.006250 0.023750
6 0.803750 0.635625 0.007500 0.021250
6 0.817500 0.655000 0.005000 0.020000
6 0.669375 0.673750 0.006250 0.015000
6 0.669375 0.691875 0.006250 0.016250
6 0.674375 0.690000 0.006250 0.017500
6 0.676250 0.671875 0.007500 0.016250
6 0.681875 0.673750 0.008750 0.020000
6 0.686875 0.674375 0.008750 0.018750
6 0.693750 0.674375 0.007500 0.018750
6 0.701250 0.670625 0.007500 0.023750
6 0.706250 0.673750 0.007500 0.017500
6 0.713125 0.673125 0.006250 0.021250
6 0.719375 0.675000 0.006250 0.017500
6 0.725625 0.675000 0.006250 0.017500
6 0.730625 0.675625 0.006250 0.018750
6 0.736250 0.676875 0.007500 0.021250
6 0.742500 0.676875 0.007500 0.018750
6 0.751250 0.675625 0.005000 0.016250
6 0.760000 0.676250 0.007500 0.017500
6 0.767500 0.676250 0.007500 0.020000
6 0.774375 0.676250 0.006250 0.017500
6 0.783750 0.675625 0.007500 0.018750
6 0.793125 0.675625 0.006250 0.016250
6 0.803750 0.674375 0.005000 0.018750
6 0.808750 0.676250 0.005000 0.022500
6 0.996250 0.326250 0.007500 0.020000
6 0.993125 0.327500 0.011250 0.020000
6 0.986250 0.329375 0.012500 0.021250
6 0.978125 0.330000 0.016250 0.020000
6 0.972500 0.334375 0.015000 0.023750
6 0.965000 0.335625 0.015000 0.021250
6 0.976250 0.361875 0.012500 0.018750
6 0.981875 0.358750 0.008750 0.020000
6 0.987500 0.355000 0.010000 0.020000
6 0.995625 0.350000 0.008750 0.020000
6 0.968125 0.319375 0.008750 0.016250
6 0.967500 0.290625 0.010000 0.021250
6 0.974375 0.288125 0.008750 0.018750
6 0.980000 0.286250 0.012500 0.020000
6 0.986250 0.284375 0.012500 0.018750
6 0.995000 0.281250 0.010000 0.020000
6 0.960000 0.321250 0.010000 0.017500
6 0.971875 0.317500 0.008750 0.015000
6 0.977500 0.313750 0.010000 0.015000
6 0.983125 0.313125 0.008750 0.016250
6 0.989375 0.311250 0.008750 0.015000
6 0.996875 0.306875 0.006250 0.016250
6 0.996875 0.365625 0.006250 0.013750
6 0.993125 0.372500 0.013750 0.027500
6 0.986875 0.375000 0.011250 0.020000
6 0.979375 0.378125 0.013750 0.018750
6 0.978125 0.402500 0.011250 0.017500
6 0.985000 0.401250 0.010000 0.017500
6 0.992500 0.400000 0.010000 0.017500
6 0.993750 0.194375 0.010000 0.018750
6 0.986875 0.196250 0.011250 0.020000
6 0.980000 0.196875 0.010000 0.021250
6 0.973750 0.198125 0.007500 0.018750
6 0.996875 0.148750 0.006250 0.020000
6 0.990000 0.151875 0.012500 0.021250
6 0.983125 0.155000 0.013750 0.022500
6 0.975625 0.155625 0.008750 0.018750
6 0.966250 0.158750 0.010000 0.020000
6 0.966875 0.185000 0.011250 0.020000
6 0.973750 0.181250 0.010000 0.022500
6 0.981250 0.180625 0.010000 0.018750
6 0.989375 0.178125 0.011250 0.018750
6 0.995000 0.175625 0.010000 0.018750
6 0.941875 0.288125 0.011250 0.023750
6 0.947500 0.308750 0.015000 0.015000
6 0.944375 0.330000 0.011250 0.020000
6 0.950625 0.325625 0.013750 0.023750
6 0.956875 0.276875 0.008750 0.018750
6 0.960625 0.293125 0.008750 0.016250
6 0.963125 0.276875 0.008750 0.018750
6 0.968750 0.273125 0.010000 0.016250
6 0.976875 0.271250 0.008750 0.017500
6 0.983125 0.267500 0.011250 0.020000
6 0.992500 0.265000 0.010000 0.020000
6 0.994375 0.216250 0.011250 0.022500
6 0.988750 0.221250 0.010000 0.020000
6 0.984375 0.221875 0.008750 0.018750
6 0.978750 0.224375 0.010000 0.018750
6 0.918125 0.261875 0.008750 0.018750
6 0.925000 0.258125 0.010000 0.021250
6 0.931875 0.253750 0.011250 0.020000
6 0.937500 0.251875 0.010000 0.021250
6 0.945000 0.248125 0.010000 0.018750
6 0.955000 0.247500 0.010000 0.020000
6 0.960000 0.246875 0.010000 0.021250
6 0.966250 0.243750 0.010000 0.022500
6 0.971875 0.243125 0.011250 0.023750
6 0.981875 0.239375 0.008750 0.021250
6 0.988125 0.237500 0.008750 0.017500
6 0.993125 0.236875 0.008750 0.021250
6 0.997500 0.233125 0.005000 0.016250
6 0.700000 0.611250 0.007500 0.015000
6 0.682500 0.610000 0.007500 0.017500
6 0.675625 0.611875 0.006250 0.018750
6 0.694375 0.922500 0.013750 0.007500
6 0.721250 0.895000 0.012500 0.007500
6 0.722500 0.907500 0.015000 0.007500
6 0.721875 0.914375 0.013750 0.006250
6 0.721250 0.919375 0.012500 0.006250
6 0.724375 0.925000 0.016250 0.010000
6 0.676875 0.861250 0.016250 0.007500
6 0.677500 0.868750 0.015000 0.007500
6 0.680000 0.876250 0.017500 0.007500
6 0.692500 0.883125 0.015000 0.008750
6 0.693125 0.898750 0.016250 0.007500
6 0.678125 0.903125 0.016250 0.006250
6 0.680625 0.911250 0.013750 0.010000
6 0.695625 0.911250 0.016250 0.007500
6 0.694375 0.916875 0.013750 0.006250
6 0.695000 0.930625 0.015000 0.008750
6 0.683125 0.960625 0.008750 0.023750
6 0.678750 0.933125 0.012500 0.008750
6 0.648750 0.913750 0.017500 0.007500
6 0.648750 0.921250 0.015000 0.007500
6 0.648750 0.931875 0.017500 0.006250
6 0.616875 0.939375 0.013750 0.011250
6 0.618125 0.945625 0.016250 0.013750
6 0.620625 0.953750 0.013750 0.015000
6 0.739375 0.958125 0.006250 0.016250
6 0.733125 0.954375 0.006250 0.016250
6 0.726250 0.956250 0.005000 0.020000
6 0.720000 0.956250 0.007500 0.020000
6 0.714375 0.958125 0.006250 0.021250
6 0.706875 0.958750 0.006250 0.020000
6 0.698750 0.959375 0.007500 0.021250
6 0.737500 0.925625 0.015000 0.006250
6 0.736250 0.918750 0.012500 0.007500
6 0.735625 0.910000 0.016250 0.007500
6 0.735625 0.902500 0.016250 0.007500
6 0.781250 0.963750 0.015000 0.005000
6 0.783125 0.951875 0.011250 0.006250
6 0.780000 0.942500 0.012500 0.005000
6 0.781250 0.934375 0.012500 0.003750
6 0.780625 0.928125 0.013750 0.008750
6 0.780000 0.916875 0.012500 0.006250
6 0.778750 0.909375 0.012500 0.006250
6 0.780000 0.900000 0.012500 0.007500
6 0.780000 0.891875 0.012500 0.008750
6 0.780000 0.879375 0.010000 0.006250
6 0.778125 0.866250 0.011250 0.005000
6 0.779375 0.856250 0.011250 0.007500
6 0.763750 0.866875 0.015000 0.006250
6 0.766250 0.877500 0.017500 0.007500
6 0.765000 0.885625 0.012500 0.006250
6 0.765625 0.892500 0.011250 0.007500
6 0.765000 0.902500 0.012500 0.007500
6 0.765625 0.910625 0.008750 0.006250
6 0.766875 0.920000 0.011250 0.007500
6 0.767500 0.928125 0.012500 0.008750
6 0.766250 0.938125 0.010000 0.008750
6 0.767500 0.945000 0.012500 0.005000
6 0.769375 0.951250 0.011250 0.007500
6 0.733125 0.845000 0.016250 0.005000
6 0.718125 0.858125 0.013750 0.008750
6 0.733750 0.867500 0.012500 0.007500
6 0.733750 0.881250 0.012500 0.007500
6 0.733750 0.886875 0.012500 0.006250
6 0.734375 0.893125 0.013750 0.006250
6 0.690625 0.958750 0.008750 0.027500
6 0.675000 0.961875 0.007500 0.021250
6 0.665000 0.962500 0.007500 0.022500
6 0.652500 0.963125 0.007500 0.026250
6 0.578125 0.823125 0.011250 0.021250
6 0.607500 0.785000 0.017500 0.020000
6 0.631875 0.765625 0.018750 0.013750
6 0.737500 0.994375 0.015000 0.011250
6 0.108125 0.575625 0.016250 0.008750
6 0.093750 0.651250 0.015000 0.007500
6 0.095625 0.639375 0.018750 0.011250
6 0.141250 0.458125 0.015000 0.011250
6 0.138125 0.464375 0.013750 0.011250
6 0.135625 0.477500 0.016250 0.012500
6 0.133750 0.485625 0.017500 0.011250
6 0.131875 0.498750 0.016250 0.010000
6 0.130000 0.505000 0.017500 0.010000
6 0.126250 0.515625 0.017500 0.016250
6 0.120000 0.536875 0.015000 0.008750
6 0.118125 0.543750 0.013750 0.007500
6 0.116250 0.551250 0.012500 0.007500
6 0.113750 0.560000 0.015000 0.007500
6 0.111875 0.566250 0.016250 0.010000
6 0.106875 0.583750 0.016250 0.007500
6 0.069375 0.620000 0.013750 0.010000
6 0.106250 0.590625 0.017500 0.006250
6 0.105000 0.598125 0.017500 0.003750
6 0.105625 0.606250 0.013750 0.012500
6 0.100625 0.614375 0.016250 0.011250
6 0.097500 0.623750 0.012500 0.010000
6 0.097500 0.633125 0.017500 0.011250
6 0.035000 0.676250 0.017500 0.012500
6 0.031875 0.681250 0.016250 0.015000
6 0.051875 0.680625 0.016250 0.008750
6 0.045625 0.687500 0.013750 0.012500
6 0.046875 0.668750 0.013750 0.007500
6 0.050000 0.660000 0.020000 0.012500
6 0.071875 0.706250 0.011250 0.010000
6 0.081250 0.713750 0.012500 0.017500
6 0.065625 0.626875 0.013750 0.008750
6 0.071250 0.611250 0.015000 0.010000
6 0.144375 0.451250 0.016250 0.012500
6 0.069375 0.561250 0.016250 0.010000
6 0.068125 0.569375 0.013750 0.011250
6 0.061875 0.575625 0.016250 0.011250
6 0.058750 0.586250 0.015000 0.012500
6 0.059375 0.591875 0.013750 0.011250
6 0.058125 0.600000 0.013750 0.007500
6 0.056875 0.606875 0.016250 0.006250
6 0.053750 0.613750 0.015000 0.007500
6 0.053125 0.620000 0.016250 0.010000
6 0.050625 0.626875 0.016250 0.011250
6 0.046875 0.634375 0.013750 0.011250
6 0.061875 0.638125 0.016250 0.011250
6 0.107500 0.463125 0.017500 0.013750
6 0.146250 0.445625 0.012500 0.011250
6 0.106875 0.471250 0.016250 0.010000
6 0.074375 0.600000 0.016250 0.012500
6 0.105625 0.478750 0.016250 0.012500
6 0.102500 0.485000 0.015000 0.010000
6 0.100625 0.492500 0.013750 0.010000
6 0.098125 0.500000 0.016250 0.010000
6 0.096875 0.508750 0.013750 0.012500
6 0.090625 0.529375 0.013750 0.008750
6 0.089375 0.538750 0.013750 0.012500
6 0.086875 0.546875 0.013750 0.008750
6 0.086250 0.554375 0.015000 0.011250
6 0.085000 0.560625 0.015000 0.011250
6 0.081250 0.570625 0.012500 0.008750
6 0.078125 0.578750 0.013750 0.010000
6 0.076875 0.584375 0.013750 0.008750
6 0.073750 0.591875 0.015000 0.013750
6 0.105000 0.750625 0.017500 0.018750
6 0.023125 0.730000 0.016250 0.010000
6 0.018750 0.736875 0.017500 0.008750
6 0.020625 0.743125 0.013750 0.013750
6 0.018750 0.750000 0.015000 0.010000
6 0.015000 0.781250 0.010000 0.017500
6 0.024375 0.788750 0.013750 0.010000
6 0.055000 0.785625 0.010000 0.016250
6 0.063750 0.764375 0.012500 0.018750
6 0.074375 0.730625 0.013750 0.021250
6 0.041250 0.798125 0.012500 0.016250
6 0.089375 0.774375 0.013750 0.008750
6 0.080000 0.805625 0.010000 0.016250
6 0.071875 0.810000 0.008750 0.017500
6 0.066250 0.810625 0.007500 0.018750
6 0.060000 0.810000 0.005000 0.017500
6 0.054375 0.812500 0.006250 0.017500
6 0.048750 0.815625 0.010000 0.018750
6 0.040625 0.818125 0.011250 0.021250
6 0.035000 0.821250 0.010000 0.017500
6 0.026250 0.826250 0.012500 0.017500
6 0.097500 0.768125 0.017500 0.018750
6 0.068750 0.553750 0.015000 0.012500
6 0.072500 0.547500 0.020000 0.015000
6 0.074375 0.536875 0.016250 0.008750
6 0.076250 0.532500 0.015000 0.010000
6 0.025625 0.533750 0.018750 0.010000
6 0.046875 0.467500 0.016250 0.012500
6 0.041875 0.483750 0.016250 0.012500
6 0.040000 0.490625 0.015000 0.008750
6 0.036875 0.495625 0.013750 0.008750
6 0.035625 0.503125 0.016250 0.011250
6 0.033750 0.511250 0.015000 0.012500
6 0.031250 0.519375 0.017500 0.011250
6 0.030000 0.525625 0.020000 0.013750
6 0.022500 0.541250 0.017500 0.012500
6 0.020000 0.545625 0.017500 0.013750
6 0.016875 0.552500 0.018750 0.012500
6 0.015625 0.560625 0.018750 0.011250
6 0.011875 0.568750 0.018750 0.015000
6 0.008750 0.575625 0.015000 0.011250
6 0.110000 0.456250 0.015000 0.012500
6 0.093125 0.467500 0.011250 0.012500
6 0.090000 0.475000 0.015000 0.012500
6 0.088125 0.480000 0.013750 0.010000
6 0.086250 0.486875 0.015000 0.011250
6 0.084375 0.495000 0.016250 0.010000
6 0.081875 0.502500 0.018750 0.012500
6 0.080625 0.513125 0.013750 0.011250
6 0.075625 0.525000 0.016250 0.010000
6 0.449375 0.951875 0.011250 0.016250
6 0.477500 0.950625 0.007500 0.016250
6 0.483125 0.951875 0.006250 0.018750
6 0.488750 0.954375 0.010000 0.018750
6 0.500000 0.958125 0.010000 0.018750
6 0.505000 0.960000 0.012500 0.017500
6 0.512500 0.963125 0.007500 0.016250
6 0.519375 0.965000 0.006250 0.015000
6 0.523125 0.966250 0.011250 0.017500
6 0.531250 0.968750 0.010000 0.017500
6 0.388750 0.940625 0.010000 0.018750
6 0.392500 0.943125 0.010000 0.018750
6 0.400625 0.944375 0.008750 0.011250
6 0.411250 0.948750 0.012500 0.017500
6 0.453750 0.960000 0.010000 0.020000
6 0.463750 0.948125 0.010000 0.016250
6 0.459375 0.960625 0.008750 0.016250
6 0.466250 0.962500 0.007500 0.017500
6 0.477500 0.966250 0.010000 0.017500
6 0.485000 0.969375 0.010000 0.018750
6 0.503125 0.973750 0.008750 0.017500
6 0.509375 0.976250 0.006250 0.015000
6 0.516250 0.979375 0.010000 0.016250
6 0.527500 0.983750 0.010000 0.017500
6 0.543125 0.983125 0.011250 0.021250
6 0.373750 0.970000 0.010000 0.020000
6 0.393125 0.971250 0.008750 0.020000
6 0.405000 0.971875 0.012500 0.018750
6 0.407500 0.991250 0.010000 0.017500
6 0.416250 0.980000 0.007500 0.020000
6 0.470625 0.949375 0.008750 0.018750
6 0.446250 0.943750 0.010000 0.017500
6 0.440000 0.942500 0.010000 0.020000
6 0.392500 0.925000 0.010000 0.017500
6 0.399375 0.926250 0.011250 0.017500
6 0.405625 0.929375 0.011250 0.018750
6 0.411875 0.932500 0.011250 0.020000
6 0.421875 0.934375 0.011250 0.018750
6 0.428750 0.938125 0.007500 0.016250
6 0.433750 0.941250 0.012500 0.020000
6 0.423125 0.980625 0.008750 0.018750
6 0.430000 0.984375 0.007500 0.018750
6 0.436875 0.985625 0.011250 0.016250
6 0.442500 0.996250 0.007500 0.007500
6 0.783750 0.995000 0.015000 0.007500
6 0.768125 0.996250 0.013750 0.005000
6 0.593750 0.987500 0.010000 0.022500
6 0.593125 0.961250 0.011250 0.020000
6 0.578125 0.916250 0.013750 0.022500
6 0.571250 0.888125 0.007500 0.021250
6 0.456250 0.998750 0.007500 0.002500
6 0.465000 0.992500 0.007500 0.015000
6 0.460000 0.986875 0.010000 0.016250
6 0.471250 0.994375 0.007500 0.011250
6 0.477500 0.994375 0.007500 0.011250
6 0.489375 0.995000 0.008750 0.010000
6 0.495625 0.995625 0.006250 0.008750
6 0.503125 0.996250 0.006250 0.007500
6 0.509375 0.998750 0.006250 0.002500
6 0.447500 0.988750 0.010000 0.017500
6 0.395000 0.164375 0.015000 0.018750
6 0.390625 0.026250 0.016250 0.012500
6 0.396875 0.046875 0.016250 0.013750
6 0.433125 0.037500 0.013750 0.007500
6 0.434375 0.044375 0.013750 0.008750
6 0.435000 0.052500 0.015000 0.010000
6 0.441875 0.067500 0.016250 0.012500
6 0.406875 0.126875 0.018750 0.011250
6 0.413750 0.141250 0.017500 0.012500
6 0.419375 0.161250 0.018750 0.010000
6 0.423125 0.173750 0.016250 0.010000
6 0.437500 0.211875 0.017500 0.008750
6 0.391875 0.148750 0.013750 0.020000
6 0.397500 0.168750 0.012500 0.017500
6 0.251875 0.903125 0.013750 0.008750
6 0.402500 0.175625 0.012500 0.016250
6 0.403750 0.182500 0.012500 0.015000
6 0.386875 0.125625 0.016250 0.023750
6 0.377500 0.106250 0.015000 0.020000
6 0.216250 0.808125 0.017500 0.018750
6 0.248750 0.858125 0.015000 0.013750
6 0.263750 0.866250 0.015000 0.012500
6 0.212500 0.879375 0.017500 0.008750
6 0.211250 0.886875 0.017500 0.008750
6 0.208750 0.893750 0.015000 0.010000
6 0.240625 0.885000 0.013750 0.010000
6 0.240000 0.890000 0.015000 0.010000
6 0.238750 0.898125 0.012500 0.011250
6 0.255000 0.888750 0.015000 0.010000
6 0.253125 0.895000 0.013750 0.012500
6 0.250000 0.907500 0.017500 0.010000
6 0.388125 0.892500 0.008750 0.017500
6 0.394375 0.895000 0.011250 0.017500
6 0.401250 0.897500 0.010000 0.017500
6 0.423750 0.901875 0.010000 0.018750
6 0.430625 0.908125 0.008750 0.018750
6 0.485000 0.921875 0.012500 0.018750
6 0.508125 0.928750 0.011250 0.020000
6 0.515625 0.928750 0.011250 0.017500
6 0.526875 0.933750 0.008750 0.017500
6 0.532500 0.935625 0.010000 0.016250
6 0.537500 0.938125 0.010000 0.016250
6 0.545625 0.940625 0.011250 0.018750
6 0.554375 0.954375 0.011250 0.018750
6 0.559375 0.973125 0.013750 0.011250
6 0.370000 0.906250 0.012500 0.010000
6 0.247500 0.914375 0.017500 0.011250
6 0.365000 0.911250 0.017500 0.010000
6 0.365625 0.918125 0.016250 0.008750
6 0.364375 0.925000 0.016250 0.007500
6 0.358750 0.935000 0.015000 0.012500
6 0.356875 0.942500 0.013750 0.010000
6 0.356250 0.948125 0.015000 0.008750
6 0.353750 0.955000 0.015000 0.010000
6 0.351250 0.963750 0.015000 0.010000
6 0.349375 0.973125 0.016250 0.008750
6 0.347500 0.978750 0.017500 0.010000
6 0.344375 0.987500 0.016250 0.012500
6 0.327500 0.908750 0.015000 0.010000
6 0.330000 0.903750 0.015000 0.007500
6 0.330000 0.896875 0.015000 0.008750
6 0.330625 0.890000 0.016250 0.012500
6 0.246875 0.921875 0.016250 0.008750
6 0.284375 0.896875 0.016250 0.011250
6 0.297500 0.902500 0.012500 0.010000
6 0.283750 0.903750 0.017500 0.010000
6 0.280625 0.910000 0.013750 0.012500
6 0.280000 0.916875 0.015000 0.011250
6 0.279375 0.923750 0.013750 0.010000
6 0.276875 0.926875 0.018750 0.011250
6 0.275000 0.934375 0.015000 0.008750
6 0.272500 0.938750 0.015000 0.007500
6 0.270625 0.945625 0.016250 0.008750
6 0.286875 0.944375 0.016250 0.013750
6 0.284375 0.950625 0.016250 0.013750
6 0.281875 0.956875 0.018750 0.013750
6 0.304375 0.990000 0.016250 0.010000
6 0.301250 0.995625 0.017500 0.008750
6 0.312500 0.961875 0.020000 0.013750
6 0.313750 0.951250 0.015000 0.012500
6 0.319375 0.941250 0.016250 0.012500
6 0.320000 0.931250 0.015000 0.007500
6 0.322500 0.927500 0.012500 0.007500
6 0.324375 0.921875 0.016250 0.011250
6 0.325625 0.915000 0.016250 0.010000
6 0.338125 0.870000 0.016250 0.012500
6 0.333125 0.883125 0.013750 0.011250
6 0.670000 0.610625 0.005000 0.018750
6 0.901250 0.282500 0.010000 0.012500
6 0.806250 0.481875 0.007500 0.018750
6 0.796250 0.485000 0.007500 0.022500
6 0.826250 0.271250 0.010000 0.020000
6 0.832500 0.268125 0.007500 0.018750
6 0.838750 0.266875 0.010000 0.018750
6 0.846250 0.263125 0.015000 0.021250
6 0.853125 0.258750 0.011250 0.020000
6 0.860625 0.258750 0.011250 0.020000
6 0.868125 0.255625 0.016250 0.023750
6 0.876875 0.248750 0.011250 0.017500
6 0.883125 0.248750 0.013750 0.022500
6 0.896875 0.265000 0.016250 0.010000
6 0.898750 0.271250 0.015000 0.012500
6 0.900625 0.276875 0.011250 0.011250
6 0.903750 0.290000 0.015000 0.012500
6 0.793750 0.441875 0.010000 0.018750
6 0.907500 0.298750 0.015000 0.010000
6 0.909375 0.307500 0.016250 0.010000
6 0.909375 0.313750 0.016250 0.010000
6 0.913125 0.322500 0.018750 0.010000
6 0.915625 0.331250 0.016250 0.007500
6 0.918750 0.340000 0.017500 0.007500
6 0.922500 0.348750 0.015000 0.010000
6 0.925625 0.355000 0.016250 0.010000
6 0.925625 0.360000 0.016250 0.010000
6 0.928750 0.366250 0.017500 0.010000
6 0.928750 0.373125 0.017500 0.011250
6 0.933125 0.380000 0.016250 0.012500
6 0.935000 0.387500 0.015000 0.010000
6 0.833750 0.293750 0.015000 0.007500
6 0.799375 0.465000 0.008750 0.017500
6 0.785000 0.426875 0.007500 0.018750
6 0.877500 0.391875 0.007500 0.018750
6 0.767500 0.310625 0.007500 0.021250
6 0.675625 0.383750 0.006250 0.017500
6 0.683750 0.383125 0.007500 0.016250
6 0.690000 0.380625 0.007500 0.018750
6 0.696250 0.381875 0.007500 0.016250
6 0.707500 0.382500 0.005000 0.017500
6 0.715000 0.380000 0.007500 0.022500
6 0.722500 0.381875 0.007500 0.016250
6 0.733125 0.383125 0.006250 0.011250
6 0.745625 0.383750 0.006250 0.015000
6 0.753750 0.382500 0.007500 0.017500
6 0.758750 0.384375 0.005000 0.013750
6 0.766875 0.382500 0.006250 0.015000
6 0.778750 0.380625 0.007500 0.021250
6 0.785625 0.380625 0.006250 0.018750
6 0.771250 0.339375 0.007500 0.016250
6 0.773750 0.356250 0.007500 0.015000
6 0.763750 0.337500 0.005000 0.015000
6 0.745625 0.339375 0.006250 0.016250
6 0.738750 0.340000 0.005000 0.017500
6 0.720000 0.339375 0.005000 0.016250
6 0.713750 0.338750 0.007500 0.015000
6 0.712500 0.353750 0.007500 0.015000
6 0.718750 0.357500 0.005000 0.015000
6 0.726250 0.354375 0.007500 0.016250
6 0.733750 0.356875 0.007500 0.018750
6 0.739375 0.356875 0.008750 0.016250
6 0.745625 0.355625 0.008750 0.016250
6 0.752500 0.356875 0.007500 0.016250
6 0.760000 0.355000 0.007500 0.020000
6 0.765625 0.357500 0.006250 0.017500
6 0.876250 0.308750 0.007500 0.017500
6 0.866250 0.310000 0.005000 0.017500
6 0.860000 0.307500 0.007500 0.022500
6 0.828750 0.381250 0.005000 0.017500
6 0.920000 0.295625 0.015000 0.006250
6 0.923750 0.301250 0.015000 0.007500
6 0.924375 0.308125 0.013750 0.008750
6 0.926875 0.316250 0.013750 0.010000
6 0.928750 0.326250 0.012500 0.007500
6 0.936250 0.340625 0.012500 0.011250
6 0.938750 0.351250 0.015000 0.010000
6 0.942500 0.358750 0.015000 0.010000
6 0.943750 0.366250 0.012500 0.010000
6 0.945625 0.371250 0.013750 0.010000
6 0.948750 0.378750 0.015000 0.010000
6 0.813125 0.383750 0.006250 0.017500
6 0.819375 0.383750 0.006250 0.017500
6 0.823125 0.381875 0.006250 0.021250
6 0.835000 0.380000 0.007500 0.017500
6 0.854375 0.306875 0.006250 0.021250
6 0.843125 0.379375 0.006250 0.016250
6 0.848750 0.381875 0.007500 0.013750
6 0.854375 0.380625 0.008750 0.016250
6 0.861250 0.378750 0.007500 0.012500
6 0.868125 0.376250 0.006250 0.015000
6 0.873750 0.376250 0.007500 0.017500
6 0.880000 0.376250 0.007500 0.015000
6 0.886875 0.377500 0.006250 0.015000
6 0.891875 0.376875 0.008750 0.018750
6 0.902500 0.376250 0.010000 0.015000
6 0.908125 0.390625 0.003750 0.013750
6 0.902500 0.390625 0.007500 0.016250
6 0.895625 0.393125 0.006250 0.018750
6 0.890625 0.393125 0.006250 0.013750
6 0.918125 0.288750 0.016250 0.010000
6 0.915625 0.283125 0.011250 0.008750
6 0.914375 0.277500 0.011250 0.007500
6 0.912500 0.271875 0.010000 0.011250
6 0.848125 0.308750 0.006250 0.022500
6 0.842500 0.310000 0.005000 0.020000
6 0.836250 0.308750 0.005000 0.022500
6 0.830625 0.306875 0.006250 0.023750
6 0.824375 0.307500 0.008750 0.025000
6 0.817500 0.310625 0.005000 0.021250
6 0.810625 0.310625 0.006250 0.021250
6 0.811875 0.336250 0.006250 0.015000
6 0.811250 0.352500 0.005000 0.020000
6 0.817500 0.353125 0.007500 0.018750
6 0.822500 0.351250 0.007500 0.017500
6 0.828750 0.351250 0.005000 0.017500
6 0.833750 0.350625 0.005000 0.016250
6 0.838750 0.351250 0.005000 0.020000
6 0.845000 0.352500 0.007500 0.020000
6 0.853750 0.353750 0.005000 0.020000
6 0.861875 0.354375 0.008750 0.016250
6 0.870000 0.351875 0.005000 0.018750
6 0.875000 0.352500 0.007500 0.022500
6 0.882500 0.352500 0.007500 0.020000
6 0.886875 0.352500 0.006250 0.020000
6 0.892500 0.354375 0.010000 0.018750
6 0.828125 0.331875 0.006250 0.016250
6 0.835000 0.333750 0.007500 0.010000
6 0.845000 0.332500 0.005000 0.015000
6 0.851875 0.334375 0.006250 0.013750
6 0.862500 0.332500 0.007500 0.015000
6 0.871250 0.332500 0.007500 0.017500
6 0.880625 0.330625 0.008750 0.021250
6 0.670000 0.386250 0.005000 0.017500
6 0.676250 0.354375 0.007500 0.021250
6 0.668750 0.353750 0.005000 0.022500
6 0.744375 0.306875 0.008750 0.021250
6 0.884375 0.391250 0.006250 0.015000
6 0.871875 0.392500 0.008750 0.017500
6 0.852500 0.568750 0.007500 0.017500
6 0.959375 0.562500 0.006250 0.017500
6 0.951250 0.563125 0.005000 0.018750
6 0.945000 0.562500 0.007500 0.017500
6 0.939375 0.563750 0.006250 0.017500
6 0.933750 0.565000 0.007500 0.020000
6 0.927500 0.563750 0.005000 0.020000
6 0.921250 0.563750 0.005000 0.020000
6 0.913750 0.564375 0.007500 0.021250
6 0.902500 0.565000 0.007500 0.020000
6 0.891875 0.565625 0.006250 0.018750
6 0.885625 0.565000 0.008750 0.020000
6 0.875625 0.568750 0.008750 0.020000
6 0.867500 0.569375 0.010000 0.018750
6 0.858750 0.566875 0.007500 0.016250
6 0.843750 0.568125 0.007500 0.021250
6 0.946250 0.546875 0.007500 0.018750
6 0.871875 0.593125 0.006250 0.016250
6 0.878750 0.592500 0.007500 0.017500
6 0.885625 0.590625 0.006250 0.016250
6 0.890000 0.591250 0.010000 0.020000
6 0.896875 0.591250 0.008750 0.020000
6 0.903125 0.592500 0.006250 0.020000
6 0.910000 0.591875 0.007500 0.021250
6 0.916875 0.590000 0.006250 0.017500
6 0.923750 0.589375 0.005000 0.018750
6 0.929375 0.590625 0.008750 0.018750
6 0.936250 0.591250 0.005000 0.015000
6 0.940625 0.590625 0.006250 0.018750
6 0.945625 0.590625 0.006250 0.018750
6 0.952500 0.591875 0.005000 0.018750
6 0.958750 0.546250 0.007500 0.015000
6 0.938125 0.547500 0.008750 0.015000
6 0.865625 0.393750 0.008750 0.017500
6 0.807500 0.605625 0.005000 0.013750
6 0.805625 0.568125 0.006250 0.018750
6 0.810625 0.567500 0.006250 0.020000
6 0.819375 0.568125 0.006250 0.018750
6 0.818750 0.548750 0.007500 0.012500
6 0.811250 0.548750 0.007500 0.017500
6 0.802500 0.546875 0.010000 0.016250
6 0.818750 0.595000 0.007500 0.015000
6 0.812500 0.591875 0.005000 0.016250
6 0.806250 0.590625 0.005000 0.018750
6 0.800625 0.590625 0.006250 0.016250
6 0.795625 0.591250 0.006250 0.017500
6 0.788125 0.607500 0.006250 0.015000
6 0.795000 0.607500 0.005000 0.020000
6 0.800625 0.608125 0.006250 0.018750
6 0.813750 0.608750 0.007500 0.017500
6 0.932500 0.547500 0.005000 0.020000
6 0.846250 0.551875 0.007500 0.016250
6 0.851875 0.553125 0.006250 0.016250
6 0.860000 0.551250 0.005000 0.015000
6 0.865625 0.551875 0.006250 0.018750
6 0.871875 0.550625 0.006250 0.016250
6 0.878750 0.550000 0.007500 0.017500
6 0.883750 0.548750 0.007500 0.017500
6 0.889375 0.548750 0.006250 0.017500
6 0.895000 0.550000 0.005000 0.017500
6 0.902500 0.549375 0.005000 0.013750
6 0.908750 0.548125 0.007500 0.013750
6 0.915000 0.545000 0.005000 0.015000
6 0.921250 0.546875 0.005000 0.016250
6 0.927500 0.546875 0.005000 0.016250
6 0.958750 0.591875 0.005000 0.021250
6 0.966875 0.589375 0.006250 0.021250
6 0.973125 0.610000 0.008750 0.017500
6 0.904375 0.650625 0.006250 0.018750
6 0.886875 0.636250 0.006250 0.015000
6 0.882500 0.634375 0.005000 0.018750
6 0.875625 0.635625 0.006250 0.018750
6 0.868125 0.633750 0.006250 0.020000
6 0.862500 0.634375 0.005000 0.016250
6 0.855625 0.635625 0.006250 0.016250
6 0.843125 0.648750 0.008750 0.022500
6 0.850000 0.648125 0.005000 0.018750
6 0.857500 0.649375 0.005000 0.016250
6 0.868125 0.650625 0.006250 0.018750
6 0.874375 0.650625 0.006250 0.018750
6 0.884375 0.650625 0.006250 0.018750
6 0.890000 0.652500 0.005000 0.015000
6 0.896875 0.652500 0.006250 0.017500
6 0.910000 0.650625 0.005000 0.018750
6 0.964375 0.609375 0.006250 0.021250
6 0.917500 0.651250 0.007500 0.022500
6 0.924375 0.651875 0.006250 0.018750
6 0.931875 0.651250 0.006250 0.017500
6 0.940000 0.653750 0.007500 0.020000
6 0.949375 0.649375 0.011250 0.021250
6 0.955000 0.653750 0.012500 0.022500
6 0.961250 0.655625 0.012500 0.018750
6 0.601250 0.613125 0.005000 0.016250
6 0.613750 0.613750 0.007500 0.017500
6 0.619375 0.613125 0.006250 0.016250
6 0.631875 0.613125 0.006250 0.016250
6 0.639375 0.611875 0.006250 0.018750
6 0.650000 0.611875 0.007500 0.016250
6 0.663750 0.610625 0.005000 0.016250
6 0.891250 0.636250 0.005000 0.017500
6 0.898750 0.635625 0.007500 0.016250
6 0.905625 0.633750 0.006250 0.020000
6 0.910625 0.634375 0.006250 0.011250
6 0.958750 0.611250 0.002500 0.020000
6 0.951875 0.610000 0.006250 0.017500
6 0.945000 0.610000 0.005000 0.017500
6 0.940000 0.609375 0.005000 0.018750
6 0.934375 0.608750 0.006250 0.020000
6 0.927500 0.610000 0.007500 0.020000
6 0.921250 0.608125 0.005000 0.021250
6 0.910000 0.611250 0.010000 0.020000
6 0.898125 0.605000 0.006250 0.015000
6 0.892500 0.607500 0.005000 0.015000
6 0.887500 0.610000 0.005000 0.015000
6 0.880000 0.610625 0.007500 0.018750
6 0.874375 0.609375 0.006250 0.016250
6 0.866250 0.606875 0.005000 0.016250
6 0.815625 0.623125 0.013750 0.011250
6 0.997500 0.637500 0.005000 0.017500
6 0.990625 0.634375 0.003750 0.018750
6 0.983750 0.639375 0.005000 0.016250
6 0.977500 0.636250 0.007500 0.017500
6 0.971875 0.637500 0.006250 0.015000
6 0.965625 0.635625 0.003750 0.018750
6 0.958750 0.635625 0.007500 0.016250
6 0.951875 0.633750 0.006250 0.017500
6 0.945625 0.635000 0.006250 0.015000
6 0.939375 0.633750 0.006250 0.020000
6 0.935000 0.632500 0.007500 0.017500
6 0.929375 0.634375 0.008750 0.018750
6 0.922500 0.633750 0.005000 0.017500
6 0.915625 0.634375 0.006250 0.016250
6 0.799375 0.568125 0.006250 0.021250
6 0.793125 0.566250 0.003750 0.017500
6 0.998125 0.614375 0.003750 0.006250
6 0.915625 0.463750 0.008750 0.017500
6 0.921875 0.438125 0.006250 0.018750
6 0.831250 0.466250 0.005000 0.022500
6 0.837500 0.467500 0.005000 0.017500
6 0.843125 0.466250 0.006250 0.017500
6 0.849375 0.466250 0.006250 0.015000
6 0.855625 0.464375 0.006250 0.016250
6 0.862500 0.466250 0.007500 0.015000
6 0.868750 0.463750 0.007500 0.015000
6 0.875000 0.463750 0.007500 0.017500
6 0.882500 0.465625 0.007500 0.013750
6 0.888125 0.462500 0.008750 0.017500
6 0.894375 0.463750 0.006250 0.017500
6 0.901875 0.463750 0.006250 0.012500
6 0.909375 0.463750 0.008750 0.017500
6 0.922500 0.461875 0.007500 0.018750
6 0.841875 0.483125 0.006250 0.018750
6 0.930625 0.461875 0.006250 0.018750
6 0.933125 0.478750 0.006250 0.017500
6 0.926250 0.481250 0.005000 0.020000
6 0.921250 0.478750 0.007500 0.020000
6 0.914375 0.479375 0.006250 0.018750
6 0.908125 0.480000 0.008750 0.020000
6 0.901875 0.479375 0.006250 0.021250
6 0.897500 0.478125 0.010000 0.021250
6 0.888750 0.480625 0.007500 0.021250
6 0.883125 0.479375 0.008750 0.021250
6 0.874375 0.480625 0.008750 0.023750
6 0.867500 0.482500 0.007500 0.020000
6 0.860625 0.481875 0.006250 0.023750
6 0.855625 0.480000 0.008750 0.020000
6 0.915000 0.437500 0.007500 0.017500
6 0.910000 0.436250 0.005000 0.020000
6 0.903125 0.439375 0.008750 0.013750
6 0.896875 0.437500 0.006250 0.015000
6 0.860000 0.395000 0.007500 0.020000
6 0.852500 0.395625 0.007500 0.018750
6 0.846875 0.396875 0.006250 0.018750
6 0.840625 0.396875 0.006250 0.021250
6 0.833750 0.397500 0.007500 0.020000
6 0.823750 0.398750 0.007500 0.020000
6 0.818750 0.400625 0.010000 0.018750
6 0.833125 0.422500 0.006250 0.015000
6 0.840000 0.420000 0.007500 0.012500
6 0.846250 0.420625 0.010000 0.013750
6 0.853125 0.421250 0.008750 0.012500
6 0.859375 0.421875 0.006250 0.013750
6 0.871250 0.421250 0.007500 0.012500
6 0.878125 0.420625 0.006250 0.013750
6 0.886250 0.420000 0.005000 0.015000
6 0.896875 0.421250 0.006250 0.015000
6 0.903750 0.421875 0.007500 0.016250
6 0.914375 0.420625 0.006250 0.018750
6 0.831250 0.435625 0.007500 0.018750
6 0.836250 0.438125 0.005000 0.018750
6 0.841875 0.436250 0.006250 0.020000
6 0.848750 0.436250 0.005000 0.017500
6 0.854375 0.437500 0.006250 0.020000
6 0.860625 0.435625 0.006250 0.018750
6 0.865625 0.435625 0.006250 0.016250
6 0.872500 0.438125 0.005000 0.018750
6 0.877500 0.436875 0.007500 0.018750
6 0.882500 0.436875 0.007500 0.016250
6 0.888125 0.436875 0.006250 0.013750
6 0.848750 0.483125 0.007500 0.023750
6 0.835625 0.482500 0.006250 0.022500
6 0.996250 0.606250 0.007500 0.005000
6 0.967500 0.494375 0.015000 0.011250
6 0.860625 0.527500 0.006250 0.020000
6 0.854375 0.527500 0.006250 0.017500
6 0.945000 0.418125 0.015000 0.011250
6 0.946250 0.424375 0.017500 0.011250
6 0.948125 0.430000 0.013750 0.010000
6 0.948125 0.436875 0.013750 0.013750
6 0.951250 0.441250 0.015000 0.010000
6 0.952500 0.448750 0.015000 0.010000
6 0.953750 0.453750 0.015000 0.012500
6 0.956250 0.460625 0.015000 0.011250
6 0.957500 0.464375 0.015000 0.011250
6 0.960625 0.471250 0.016250 0.012500
6 0.963125 0.479375 0.018750 0.013750
6 0.966250 0.488750 0.017500 0.012500
6 0.969375 0.501250 0.016250 0.010000
6 0.800000 0.506250 0.005000 0.017500
6 0.971875 0.508125 0.016250 0.008750
6 0.972500 0.518750 0.017500 0.012500
6 0.975625 0.524375 0.016250 0.008750
6 0.978750 0.531250 0.017500 0.007500
6 0.980000 0.540625 0.017500 0.011250
6 0.981875 0.546875 0.016250 0.008750
6 0.985000 0.552500 0.017500 0.012500
6 0.985625 0.559375 0.016250 0.008750
6 0.987500 0.566875 0.015000 0.011250
6 0.990625 0.571875 0.018750 0.008750
6 0.991875 0.579375 0.016250 0.011250
6 0.994375 0.587500 0.011250 0.007500
6 0.995625 0.595000 0.008750 0.007500
6 0.995625 0.600000 0.008750 0.007500
6 0.865625 0.524375 0.006250 0.021250
6 0.873125 0.524375 0.008750 0.018750
6 0.878750 0.521250 0.007500 0.017500
6 0.886250 0.524375 0.007500 0.021250
6 0.792500 0.506250 0.005000 0.017500
6 0.787500 0.508125 0.005000 0.016250
6 0.812500 0.508125 0.005000 0.016250
6 0.812500 0.523125 0.005000 0.016250
6 0.806250 0.521250 0.007500 0.020000
6 0.798125 0.523750 0.006250 0.017500
6 0.791875 0.522500 0.006250 0.020000
6 0.855000 0.510000 0.007500 0.015000
6 0.860625 0.509375 0.006250 0.016250
6 0.866875 0.506250 0.006250 0.017500
6 0.873125 0.507500 0.006250 0.015000
6 0.878125 0.506250 0.006250 0.015000
6 0.884375 0.506250 0.006250 0.017500
6 0.891250 0.505000 0.007500 0.017500
6 0.897500 0.504375 0.007500 0.016250
6 0.904375 0.503750 0.006250 0.017500
6 0.911250 0.503125 0.007500 0.016250
6 0.918125 0.503750 0.006250 0.015000
6 0.923750 0.502500 0.007500 0.017500
6 0.946875 0.517500 0.006250 0.015000
6 0.940000 0.516875 0.007500 0.018750
6 0.934375 0.519375 0.006250 0.018750
6 0.929375 0.520000 0.006250 0.022500
6 0.922500 0.520000 0.005000 0.022500
6 0.916250 0.520625 0.007500 0.023750
6 0.908750 0.520625 0.007500 0.021250
6 0.901875 0.521250 0.006250 0.020000
6 0.896250 0.520000 0.007500 0.020000
6 0.891875 0.522500 0.006250 0.022500
6 0.161250 0.462500 0.007500 0.015000
6 0.980625 0.945000 0.013750 0.007500
6 0.991875 0.884375 0.013750 0.006250
6 0.992500 0.896875 0.015000 0.006250
6 0.976875 0.884375 0.016250 0.008750
6 0.976875 0.896875 0.016250 0.008750
6 0.980000 0.905000 0.012500 0.010000
6 0.991875 0.908750 0.013750 0.007500
6 0.992500 0.919375 0.015000 0.008750
6 0.992500 0.926875 0.015000 0.008750
6 0.993125 0.938125 0.013750 0.008750
6 0.993125 0.949375 0.013750 0.006250
6 0.994375 0.958750 0.011250 0.007500
6 0.977500 0.917500 0.012500 0.007500
6 0.978750 0.926250 0.015000 0.007500
6 0.978750 0.935000 0.015000 0.007500
6 0.980625 0.955000 0.013750 0.010000
6 0.975625 0.872500 0.018750 0.007500
6 0.978125 0.880000 0.016250 0.005000
6 0.973750 0.863750 0.015000 0.007500
6 0.945625 0.863125 0.011250 0.008750
6 0.962500 0.810625 0.010000 0.016250
6 0.970000 0.810625 0.007500 0.018750
6 0.976250 0.810000 0.007500 0.017500
6 0.982500 0.808750 0.010000 0.020000
6 0.991250 0.808125 0.007500 0.016250
6 0.998125 0.808750 0.003750 0.017500
6 0.895000 0.858125 0.017500 0.011250
6 0.893750 0.866250 0.015000 0.007500
6 0.905000 0.883750 0.015000 0.007500
6 0.932500 0.846875 0.015000 0.008750
6 0.932500 0.856875 0.012500 0.006250
6 0.945625 0.848125 0.011250 0.008750
6 0.932500 0.869375 0.015000 0.011250
6 0.989375 0.855625 0.013750 0.008750
6 0.947500 0.873750 0.015000 0.007500
6 0.933125 0.878750 0.013750 0.007500
6 0.947500 0.888125 0.015000 0.008750
6 0.946875 0.896875 0.013750 0.008750
6 0.948750 0.905625 0.012500 0.006250
6 0.950625 0.913750 0.013750 0.007500
6 0.950000 0.924375 0.015000 0.006250
6 0.950625 0.933750 0.013750 0.010000
6 0.953125 0.943750 0.013750 0.005000
6 0.973125 0.837500 0.013750 0.010000
6 0.986875 0.837500 0.016250 0.010000
6 0.973750 0.846875 0.017500 0.008750
6 0.986875 0.846875 0.016250 0.011250
6 0.972500 0.856250 0.015000 0.007500
6 0.995000 0.997500 0.010000 0.005000
6 0.995000 0.988125 0.010000 0.008750
6 0.982500 0.988750 0.015000 0.010000
6 0.955625 0.810000 0.006250 0.017500
6 0.949375 0.810000 0.006250 0.017500
6 0.941875 0.811250 0.006250 0.015000
6 0.936875 0.810000 0.006250 0.017500
6 0.928750 0.808750 0.007500 0.020000
