4 0.691250 0.346250 0.030000 0.027500
4 0.597500 0.420625 0.012500 0.013750
4 0.615625 0.414375 0.013750 0.013750
4 0.633125 0.407500 0.013750 0.015000
4 0.608125 0.494375 0.021250 0.023750
4 0.632500 0.486250 0.022500 0.022500
4 0.656250 0.475625 0.022500 0.023750
4 0.681250 0.467500 0.022500 0.022500
4 0.631875 0.186250 0.031250 0.030000
4 0.646250 0.224375 0.032500 0.031250
4 0.658125 0.255625 0.023750 0.023750
4 0.671250 0.295625 0.022500 0.021250
4 0.682500 0.318750 0.027500 0.025000
4 0.701875 0.441250 0.016250 0.017500
4 0.740000 0.330000 0.010000 0.010000
4 0.711250 0.468125 0.017500 0.016250
4 0.720625 0.434375 0.018750 0.018750
4 0.730000 0.460000 0.017500 0.017500
4 0.660625 0.165000 0.011250 0.012500
4 0.663125 0.180625 0.016250 0.013750
4 0.669375 0.198750 0.016250 0.015000
4 0.678750 0.218750 0.017500 0.017500
4 0.687500 0.236250 0.010000 0.010000
4 0.693750 0.251875 0.010000 0.008750
4 0.718750 0.321250 0.010000 0.010000
4 0.722500 0.335625 0.010000 0.011250
4 0.728125 0.349375 0.011250 0.011250
4 0.582500 0.400000 0.015000 0.015000
4 0.575000 0.381875 0.015000 0.013750
4 0.568750 0.364375 0.015000 0.016250
4 0.563125 0.348750 0.011250 0.010000
4 0.482500 0.015625 0.025000 0.026250
4 0.549375 0.221875 0.031250 0.031250
4 0.561250 0.255000 0.030000 0.027500
4 0.571250 0.291250 0.030000 0.030000
4 0.581875 0.328125 0.031250 0.031250
4 0.596250 0.366250 0.030000 0.030000
4 0.556250 0.335000 0.010000 0.010000
4 0.734375 0.316250 0.008750 0.010000
4 0.745625 0.343125 0.011250 0.011250
4 0.753125 0.148125 0.008750 0.008750
4 0.735625 0.155625 0.008750 0.008750
4 0.750000 0.136250 0.010000 0.010000
4 0.740625 0.428750 0.016250 0.017500
4 0.758125 0.160625 0.008750 0.008750
4 0.739375 0.166875 0.008750 0.008750
4 0.763125 0.172500 0.008750 0.007500
4 0.744375 0.180000 0.008750 0.007500
4 0.750000 0.454375 0.015000 0.018750
4 0.768125 0.446875 0.016250 0.018750
4 0.759375 0.422500 0.016250 0.017500
4 0.801250 0.322500 0.010000 0.010000
4 0.816250 0.316250 0.010000 0.010000
4 0.833125 0.310000 0.011250 0.012500
4 0.794375 0.307500 0.008750 0.010000
4 0.810000 0.301250 0.010000 0.010000
4 0.826250 0.295000 0.010000 0.010000
4 0.788125 0.292500 0.008750 0.010000
4 0.805000 0.286875 0.007500 0.008750
4 0.821250 0.280625 0.010000 0.011250
4 0.816250 0.265625 0.010000 0.008750
4 0.800625 0.271250 0.008750 0.010000
4 0.783125 0.278750 0.008750 0.007500
4 0.778750 0.264375 0.007500 0.008750
4 0.793750 0.258750 0.010000 0.010000
4 0.810625 0.250625 0.011250 0.011250
4 0.763125 0.228125 0.008750 0.008750
4 0.780625 0.220000 0.008750 0.010000
4 0.759375 0.216250 0.008750 0.007500
4 0.776875 0.208125 0.008750 0.008750
4 0.754375 0.204375 0.008750 0.008750
4 0.771875 0.196875 0.008750 0.008750
4 0.768125 0.183750 0.008750 0.007500
