4 0.770625 0.336250 0.033750 0.032500
4 0.577500 0.582500 0.015000 0.012500
4 0.565000 0.595625 0.015000 0.016250
4 0.551875 0.611250 0.013750 0.015000
4 0.540000 0.626250 0.015000 0.015000
4 0.527500 0.641250 0.015000 0.015000
4 0.696875 0.425000 0.031250 0.032500
4 0.723125 0.395625 0.031250 0.033750
4 0.747500 0.366250 0.032500 0.032500
4 0.789375 0.306250 0.028750 0.027500
4 0.734375 0.453750 0.031250 0.030000
4 0.810000 0.282500 0.027500 0.027500
4 0.829375 0.258750 0.028750 0.027500
4 0.848125 0.235625 0.026250 0.026250
4 0.899375 0.242500 0.043750 0.042500
4 0.866875 0.285000 0.043750 0.042500
4 0.833125 0.325000 0.043750 0.042500
4 0.806250 0.365000 0.032500 0.032500
4 0.781875 0.395000 0.036250 0.030000
4 0.589375 0.566250 0.016250 0.015000
4 0.601875 0.551875 0.013750 0.016250
4 0.614375 0.536250 0.013750 0.012500
4 0.626875 0.520625 0.013750 0.016250
4 0.489375 0.605000 0.036250 0.037500
4 0.516250 0.570000 0.035000 0.032500
4 0.537500 0.535625 0.020000 0.021250
4 0.553750 0.514375 0.020000 0.021250
4 0.568125 0.495000 0.018750 0.020000
4 0.586250 0.476250 0.020000 0.020000
4 0.601875 0.456250 0.021250 0.022500
4 0.623125 0.475625 0.018750 0.021250
4 0.594375 0.511875 0.023750 0.023750
4 0.574375 0.536250 0.026250 0.025000
4 0.556250 0.560625 0.022500 0.023750
4 0.641875 0.496875 0.018750 0.018750
4 0.656875 0.475625 0.021250 0.021250
4 0.757500 0.425000 0.032500 0.030000
4 0.791875 0.475625 0.073750 0.063750
4 0.924375 0.101875 0.031250 0.031250
4 0.957500 0.416875 0.032500 0.028750
4 0.998750 0.480000 0.002500 0.037500
4 0.987500 0.440000 0.025000 0.030000
4 0.983125 0.385625 0.031250 0.031250
4 0.999375 0.411875 0.001250 0.028750
4 0.891875 0.078750 0.031250 0.032500
4 0.865000 0.113750 0.032500 0.030000
4 0.896250 0.136875 0.032500 0.028750
4 0.838750 0.416875 0.072500 0.066250
4 0.955625 0.124375 0.028750 0.028750
4 0.929375 0.158125 0.031250 0.028750
4 0.985625 0.147500 0.028750 0.030000
4 0.960625 0.181875 0.028750 0.031250
4 0.966875 0.470625 0.031250 0.028750
4 0.985000 0.513125 0.030000 0.038750
4 0.935000 0.443750 0.030000 0.032500
4 0.943125 0.497500 0.031250 0.032500
4 0.891250 0.355625 0.067500 0.066250
4 0.940000 0.295625 0.067500 0.066250
4 0.760000 0.263750 0.020000 0.020000
4 0.738750 0.248750 0.020000 0.022500
4 0.718125 0.231250 0.021250 0.022500
4 0.627500 0.157500 0.020000 0.022500
4 0.647500 0.173125 0.020000 0.021250
4 0.668750 0.189375 0.020000 0.021250
4 0.689375 0.205000 0.018750 0.022500
4 0.847500 0.551875 0.025000 0.026250
4 0.880000 0.577500 0.022500 0.025000
4 0.865625 0.528750 0.023750 0.025000
4 0.888125 0.503125 0.031250 0.031250
4 0.901875 0.548125 0.023750 0.023750
4 0.961875 0.550000 0.036250 0.037500
4 0.910625 0.472500 0.031250 0.030000
4 0.921875 0.525000 0.023750 0.025000
4 0.265625 0.184375 0.016250 0.016250
4 0.175625 0.150000 0.013750 0.015000
4 0.202500 0.136250 0.015000 0.017500
4 0.218125 0.150000 0.016250 0.015000
4 0.193125 0.161875 0.016250 0.016250
4 0.234375 0.161250 0.016250 0.015000
4 0.210625 0.176250 0.016250 0.017500
4 0.250000 0.172500 0.015000 0.015000
4 0.226250 0.186875 0.017500 0.018750
4 0.243750 0.201875 0.017500 0.016250
4 0.281875 0.193750 0.016250 0.017500
4 0.261875 0.215000 0.016250 0.020000
4 0.203125 0.015625 0.026250 0.026250
4 0.222500 0.002500 0.025000 0.002500
4 0.186250 0.125000 0.015000 0.015000
4 0.158750 0.136250 0.017500 0.017500
4 0.170625 0.113125 0.013750 0.016250
4 0.141875 0.122500 0.018750 0.017500
4 0.046250 0.070625 0.022500 0.018750
4 0.059375 0.027500 0.018750 0.020000
4 0.081250 0.016875 0.025000 0.023750
4 0.103125 0.036250 0.021250 0.025000
4 0.075625 0.045000 0.021250 0.020000
4 0.069375 0.068125 0.021250 0.018750
4 0.126875 0.055000 0.023750 0.025000
4 0.092500 0.061250 0.020000 0.017500
4 0.088750 0.080625 0.017500 0.013750
4 0.079375 0.098125 0.016250 0.013750
4 0.093750 0.111250 0.015000 0.015000
4 0.110625 0.075625 0.021250 0.018750
4 0.066875 0.087500 0.016250 0.015000
4 0.101875 0.092500 0.013750 0.015000
4 0.139375 0.084375 0.021250 0.021250
4 0.123125 0.106875 0.021250 0.018750
4 0.156250 0.101250 0.015000 0.015000
4 0.257500 0.002500 0.017500 0.002500
4 0.243125 0.010000 0.016250 0.017500
4 0.230000 0.028125 0.017500 0.018750
4 0.646875 0.130625 0.016250 0.016250
4 0.191875 0.086875 0.011250 0.011250
4 0.205625 0.096250 0.013750 0.012500
4 0.218750 0.106875 0.010000 0.011250
4 0.232500 0.116875 0.012500 0.013750
4 0.247500 0.124375 0.012500 0.011250
4 0.260625 0.132500 0.011250 0.012500
4 0.269375 0.143125 0.011250 0.011250
4 0.283125 0.154375 0.011250 0.013750
4 0.665625 0.143750 0.016250 0.015000
4 0.680625 0.156875 0.013750 0.013750
4 0.656250 0.112500 0.015000 0.012500
4 0.671875 0.125000 0.013750 0.015000
4 0.684375 0.136250 0.011250 0.012500
4 0.696875 0.146250 0.013750 0.012500
4 0.696250 0.169375 0.015000 0.013750
4 0.670000 0.099375 0.012500 0.013750
4 0.685000 0.109375 0.012500 0.011250
4 0.178125 0.075625 0.013750 0.013750
4 0.163125 0.064375 0.013750 0.013750
4 0.695000 0.120625 0.012500 0.011250
4 0.685625 0.086250 0.016250 0.015000
4 0.700000 0.098750 0.015000 0.012500
4 0.752500 0.165625 0.012500 0.013750
4 0.741875 0.180000 0.013750 0.015000
4 0.755625 0.190625 0.011250 0.011250
4 0.746250 0.206875 0.015000 0.013750
4 0.763125 0.221875 0.013750 0.013750
4 0.770000 0.202500 0.012500 0.015000
4 0.782500 0.185625 0.012500 0.013750
4 0.797500 0.174375 0.015000 0.013750
4 0.826875 0.170625 0.013750 0.013750
4 0.815000 0.185625 0.015000 0.013750
4 0.795625 0.196875 0.013750 0.013750
4 0.783750 0.213125 0.015000 0.013750
4 0.780000 0.232500 0.015000 0.017500
4 0.766875 0.175000 0.013750 0.012500
4 0.782500 0.163125 0.015000 0.013750
4 0.716250 0.111875 0.015000 0.013750
4 0.765000 0.151250 0.015000 0.015000
4 0.706875 0.131250 0.013750 0.012500
4 0.709375 0.157500 0.013750 0.012500
4 0.711250 0.182500 0.015000 0.015000
4 0.722500 0.142500 0.015000 0.015000
4 0.729375 0.125000 0.016250 0.012500
4 0.699375 0.068125 0.016250 0.016250
4 0.715625 0.081250 0.016250 0.015000
4 0.730000 0.092500 0.015000 0.015000
4 0.744375 0.106875 0.013750 0.013750
4 0.759375 0.118750 0.016250 0.015000
4 0.728750 0.195625 0.015000 0.013750
4 0.779375 0.133125 0.016250 0.016250
4 0.795625 0.146250 0.016250 0.015000
4 0.811875 0.157500 0.016250 0.015000
4 0.745625 0.136250 0.013750 0.015000
4 0.737500 0.152500 0.015000 0.015000
4 0.724375 0.167500 0.013750 0.012500
4 0.045000 0.045625 0.020000 0.018750
