4 0.138125 0.386250 0.016250 0.017500
4 0.116250 0.378750 0.017500 0.017500
4 0.058750 0.306875 0.015000 0.018750
4 0.080625 0.315000 0.016250 0.017500
4 0.101250 0.322500 0.017500 0.017500
4 0.071875 0.335625 0.016250 0.018750
4 0.063750 0.356250 0.017500 0.017500
4 0.093750 0.342500 0.015000 0.017500
4 0.084375 0.365000 0.016250 0.017500
4 0.133125 0.333750 0.016250 0.017500
4 0.155000 0.343125 0.015000 0.016250
4 0.123750 0.355625 0.017500 0.018750
4 0.146250 0.365000 0.015000 0.017500
