4 0.843125 0.386250 0.016250 0.017500
4 0.821250 0.378750 0.017500 0.017500
4 0.094375 0.488750 0.021250 0.022500
4 0.126875 0.483125 0.021250 0.021250
4 0.145625 0.426250 0.021250 0.020000
4 0.177500 0.411250 0.022500 0.020000
4 0.218125 0.391875 0.018750 0.018750
4 0.249375 0.376875 0.018750 0.021250
4 0.178125 0.467500 0.018750 0.022500
4 0.205625 0.452500 0.021250 0.022500
4 0.248750 0.434375 0.020000 0.021250
4 0.278750 0.420625 0.022500 0.021250
4 0.323125 0.400625 0.021250 0.023750
4 0.355000 0.383750 0.022500 0.022500
4 0.763750 0.306875 0.015000 0.018750
4 0.785625 0.315000 0.016250 0.017500
4 0.806250 0.322500 0.017500 0.017500
4 0.776875 0.335625 0.016250 0.018750
4 0.768750 0.356250 0.017500 0.017500
4 0.798750 0.342500 0.015000 0.017500
4 0.789375 0.365000 0.016250 0.017500
4 0.838125 0.333750 0.016250 0.017500
4 0.860000 0.343125 0.015000 0.016250
4 0.828750 0.355625 0.017500 0.018750
4 0.851250 0.365000 0.015000 0.017500
