4 0.096875 0.004375 0.028750 0.006250
4 0.030000 0.023750 0.017500 0.017500
4 0.011875 0.031250 0.018750 0.017500
4 0.002500 0.055625 0.002500 0.018750
4 0.136875 0.070625 0.028750 0.031250
4 0.173125 0.061250 0.028750 0.032500
4 0.115625 0.146250 0.016250 0.015000
4 0.118750 0.170000 0.015000 0.015000
4 0.121250 0.193750 0.015000 0.015000
4 0.890000 0.016875 0.060000 0.031250
4 0.986875 0.065625 0.026250 0.041250
4 0.010000 0.340625 0.017500 0.031250
4 0.011250 0.314375 0.017500 0.016250
4 0.013750 0.377500 0.025000 0.030000
