6 0.563125 0.665000 0.013750 0.022500
6 0.573125 0.690000 0.013750 0.022500
6 0.555625 0.767500 0.013750 0.020000
6 0.568125 0.714375 0.013750 0.021250
6 0.561875 0.736875 0.013750 0.021250
6 0.386250 0.962500 0.015000 0.022500
6 0.470000 0.551875 0.015000 0.021250
6 0.368750 0.993125 0.012500 0.013750
6 0.620625 0.798750 0.021250 0.012500
6 0.648750 0.772500 0.015000 0.025000
6 0.552500 0.663125 0.007500 0.023750
6 0.463750 0.572500 0.012500 0.020000
6 0.458750 0.600000 0.012500 0.022500
6 0.890000 0.900625 0.012500 0.023750
6 0.742500 0.340000 0.022500 0.010000
6 0.721250 0.441875 0.015000 0.021250
6 0.691875 0.581250 0.013750 0.022500
6 0.983125 0.364375 0.011250 0.026250
6 0.953125 0.751250 0.018750 0.012500
6 0.667500 0.699375 0.015000 0.023750
6 0.689375 0.686250 0.013750 0.020000
6 0.631875 0.851875 0.011250 0.021250
6 0.910000 0.873750 0.015000 0.025000
6 0.920625 0.893125 0.013750 0.021250
6 0.473750 0.943750 0.025000 0.012500
6 0.696250 0.332500 0.027500 0.015000
6 0.744375 0.328125 0.023750 0.008750
6 0.672500 0.328750 0.022500 0.015000
6 0.821250 0.275000 0.022500 0.025000
6 0.843125 0.151875 0.023750 0.013750
6 0.866875 0.166250 0.023750 0.012500
6 0.892500 0.170625 0.020000 0.011250
6 0.918750 0.173750 0.022500 0.010000
6 0.833750 0.193750 0.027500 0.012500
6 0.889375 0.206875 0.026250 0.013750
6 0.731875 0.206250 0.018750 0.015000
6 0.753750 0.207500 0.017500 0.010000
6 0.776250 0.211250 0.020000 0.012500
6 0.788125 0.253125 0.018750 0.021250
6 0.754375 0.283125 0.023750 0.018750
6 0.653125 0.323125 0.018750 0.011250
6 0.752500 0.308750 0.022500 0.010000
6 0.706250 0.311250 0.022500 0.015000
6 0.686875 0.318125 0.026250 0.016250
6 0.699375 0.268750 0.013750 0.022500
6 0.710000 0.272500 0.015000 0.025000
6 0.577500 0.296875 0.012500 0.018750
6 0.631250 0.321875 0.020000 0.011250
6 0.749375 0.394375 0.011250 0.023750
6 0.610000 0.319375 0.022500 0.016250
6 0.660000 0.308750 0.020000 0.015000
6 0.745000 0.150625 0.025000 0.013750
6 0.808125 0.142500 0.011250 0.022500
6 0.720000 0.147500 0.022500 0.015000
6 0.892500 0.005000 0.022500 0.007500
6 0.691250 0.141875 0.022500 0.013750
6 0.486250 0.116250 0.022500 0.015000
6 0.079375 0.059375 0.021250 0.008750
6 0.203750 0.076250 0.022500 0.012500
6 0.225000 0.101250 0.022500 0.015000
6 0.268125 0.083750 0.023750 0.015000
6 0.383750 0.101250 0.025000 0.015000
6 0.411875 0.104375 0.023750 0.013750
6 0.461875 0.111250 0.021250 0.015000
6 0.513750 0.118750 0.017500 0.012500
6 0.538750 0.121250 0.022500 0.012500
6 0.566875 0.124375 0.023750 0.011250
6 0.593125 0.130000 0.023750 0.015000
6 0.458750 0.145625 0.022500 0.011250
6 0.455625 0.168750 0.021250 0.010000
6 0.611250 0.188750 0.020000 0.012500
6 0.630000 0.192500 0.022500 0.012500
6 0.654375 0.193750 0.021250 0.012500
6 0.678750 0.198125 0.020000 0.013750
6 0.703750 0.203125 0.022500 0.013750
6 0.156250 0.032500 0.022500 0.022500
