4 0.349375 0.275625 0.016250 0.016250
4 0.647500 0.130625 0.017500 0.018750
4 0.633750 0.150625 0.017500 0.018750
4 0.621875 0.165000 0.018750 0.020000
4 0.643750 0.163750 0.010000 0.010000
4 0.315625 0.277500 0.016250 0.015000
4 0.171875 0.201875 0.011250 0.011250
4 0.163125 0.212500 0.011250 0.012500
4 0.187500 0.193125 0.012500 0.011250
4 0.197500 0.183125 0.010000 0.011250
4 0.328750 0.259375 0.015000 0.016250
4 0.336875 0.293750 0.016250 0.015000
4 0.637500 0.171250 0.007500 0.010000
4 0.405625 0.413125 0.023750 0.026250
4 0.632500 0.178750 0.007500 0.007500
4 0.368750 0.290000 0.015000 0.015000
4 0.356875 0.308125 0.016250 0.016250
4 0.333750 0.338750 0.015000 0.015000
4 0.321875 0.358750 0.016250 0.015000
4 0.418750 0.333125 0.025000 0.026250
4 0.397500 0.363750 0.025000 0.025000
4 0.378125 0.391875 0.023750 0.026250
4 0.426250 0.384375 0.025000 0.023750
4 0.447500 0.355625 0.025000 0.026250
4 0.507500 0.400000 0.025000 0.027500
4 0.536875 0.420625 0.023750 0.023750
4 0.487500 0.428125 0.025000 0.026250
4 0.465625 0.457500 0.023750 0.025000
4 0.495000 0.479375 0.025000 0.026250
4 0.516250 0.450625 0.025000 0.023750
4 0.160625 0.194375 0.011250 0.013750
4 0.151875 0.205000 0.011250 0.012500
4 0.301875 0.343125 0.016250 0.018750
4 0.280625 0.329375 0.016250 0.018750
4 0.044375 0.199375 0.021250 0.021250
4 0.001250 0.229375 0.000000 0.018750
4 0.007500 0.244375 0.012500 0.016250
4 0.061250 0.218125 0.020000 0.021250
4 0.152500 0.430000 0.032500 0.032500
4 0.199375 0.259375 0.023750 0.026250
4 0.220000 0.230625 0.025000 0.026250
4 0.240625 0.203125 0.023750 0.023750
4 0.268750 0.224375 0.022500 0.023750
4 0.249375 0.251875 0.023750 0.023750
4 0.226250 0.281250 0.025000 0.027500
4 0.295000 0.309375 0.015000 0.016250
4 0.316875 0.323750 0.013750 0.015000
4 0.123125 0.454375 0.031250 0.031250
4 0.126875 0.399375 0.031250 0.031250
