6 0.762500 0.584375 0.020000 0.018750
6 0.721875 0.395625 0.021250 0.018750
6 0.742500 0.366250 0.027500 0.022500
6 0.781250 0.311250 0.022500 0.020000
6 0.630625 0.411250 0.021250 0.017500
6 0.625000 0.421875 0.022500 0.018750
6 0.649375 0.384375 0.023750 0.021250
6 0.665000 0.503125 0.022500 0.016250
6 0.671875 0.356250 0.021250 0.017500
6 0.926875 0.633125 0.021250 0.013750
6 0.956875 0.642500 0.016250 0.012500
6 0.659375 0.361875 0.018750 0.016250
6 0.656250 0.373125 0.022500 0.021250
6 0.645000 0.495625 0.022500 0.013750
6 0.807500 0.596875 0.020000 0.013750
6 0.981875 0.649375 0.023750 0.013750
6 0.510000 0.453750 0.020000 0.012500
6 0.560000 0.471250 0.022500 0.015000
6 0.584375 0.478125 0.023750 0.016250
6 0.487500 0.503750 0.022500 0.017500
6 0.688125 0.509375 0.018750 0.016250
6 0.729375 0.384375 0.023750 0.018750
6 0.711875 0.516875 0.021250 0.016250
6 0.752500 0.528750 0.025000 0.017500
6 0.777500 0.535000 0.020000 0.015000
6 0.827500 0.554375 0.025000 0.016250
6 0.855625 0.559375 0.023750 0.016250
6 0.880625 0.566250 0.023750 0.015000
6 0.799375 0.545000 0.026250 0.015000
6 0.680625 0.461875 0.016250 0.021250
6 0.697500 0.464375 0.017500 0.023750
6 0.727500 0.470625 0.017500 0.026250
6 0.781250 0.591250 0.025000 0.015000
6 0.740625 0.576875 0.018750 0.016250
6 0.714375 0.569375 0.026250 0.018750
6 0.316250 0.699375 0.017500 0.028750
6 0.198125 0.809375 0.018750 0.031250
6 0.531875 0.516875 0.051250 0.023750
6 0.848750 0.605000 0.045000 0.025000
6 0.910625 0.579375 0.033750 0.018750
6 0.833750 0.506875 0.027500 0.016250
6 0.463125 0.453750 0.033750 0.020000
6 0.413750 0.009375 0.012500 0.016250
6 0.439375 0.005625 0.011250 0.008750
6 0.451250 0.008750 0.012500 0.015000
6 0.516250 0.002500 0.010000 0.002500
6 0.511875 0.015000 0.016250 0.022500
6 0.503125 0.041875 0.016250 0.023750
6 0.403125 0.051250 0.013750 0.022500
6 0.495625 0.064375 0.013750 0.018750
6 0.488750 0.092500 0.017500 0.022500
6 0.388125 0.103750 0.013750 0.022500
6 0.435000 0.066875 0.015000 0.026250
6 0.481250 0.119375 0.015000 0.023750
6 0.475000 0.144375 0.015000 0.021250
6 0.467500 0.166250 0.015000 0.022500
6 0.438125 0.268750 0.016250 0.022500
6 0.451250 0.218750 0.017500 0.025000
6 0.431250 0.293125 0.015000 0.023750
6 0.308750 0.725000 0.017500 0.022500
6 0.054375 0.981250 0.018750 0.017500
6 0.046250 0.918750 0.015000 0.020000
6 0.153750 0.923125 0.015000 0.023750
6 0.236875 0.975625 0.013750 0.021250
6 0.251250 0.921250 0.017500 0.022500
6 0.260000 0.897500 0.015000 0.020000
6 0.266875 0.871875 0.016250 0.023750
6 0.271875 0.843750 0.016250 0.022500
6 0.301250 0.747500 0.012500 0.020000
6 0.322500 0.671250 0.017500 0.027500
6 0.329375 0.645625 0.016250 0.021250
6 0.345000 0.594375 0.017500 0.023750
6 0.350000 0.571875 0.015000 0.021250
6 0.356250 0.550000 0.017500 0.022500
6 0.293750 0.553750 0.017500 0.022500
6 0.336875 0.615625 0.013750 0.021250
6 0.593750 0.533750 0.025000 0.017500
6 0.624375 0.541875 0.026250 0.018750
6 0.645625 0.550000 0.023750 0.020000
6 0.670625 0.553750 0.026250 0.015000
6 0.422500 0.317500 0.015000 0.020000
6 0.358750 0.205000 0.015000 0.020000
6 0.408750 0.366875 0.015000 0.021250
6 0.333125 0.300625 0.013750 0.021250
6 0.338750 0.275000 0.015000 0.022500
6 0.346875 0.249375 0.018750 0.023750
6 0.381875 0.128125 0.013750 0.023750
6 0.461875 0.190000 0.016250 0.025000
6 0.376250 0.157500 0.017500 0.022500
6 0.394375 0.076875 0.011250 0.021250
6 0.446875 0.245000 0.016250 0.022500
6 0.366250 0.178125 0.015000 0.021250
6 0.378125 0.256875 0.013750 0.021250
6 0.323750 0.328750 0.012500 0.022500
6 0.355000 0.339375 0.017500 0.026250
6 0.418125 0.341875 0.016250 0.021250
6 0.316875 0.481875 0.013750 0.021250
6 0.430000 0.486875 0.022500 0.018750
