6 0.228125 0.073750 0.008750 0.020000
6 0.224375 0.781250 0.008750 0.020000
6 0.276250 0.783125 0.017500 0.018750
6 0.309375 0.796250 0.018750 0.010000
6 0.054375 0.285625 0.021250 0.011250
6 0.677500 0.618750 0.010000 0.025000
6 0.676875 0.643750 0.011250 0.022500
6 0.459375 0.616875 0.011250 0.023750
6 0.458750 0.558125 0.012500 0.026250
6 0.458125 0.487500 0.011250 0.025000
6 0.682500 0.191250 0.020000 0.012500
6 0.618750 0.203125 0.022500 0.011250
6 0.797500 0.182500 0.020000 0.015000
6 0.671875 0.256875 0.008750 0.021250
6 0.671875 0.301875 0.008750 0.018750
6 0.668125 0.386875 0.008750 0.018750
6 0.667500 0.427500 0.007500 0.020000
6 0.731250 0.070625 0.010000 0.023750
6 0.731250 0.100625 0.007500 0.021250
6 0.731250 0.125000 0.010000 0.020000
6 0.807500 0.866250 0.022500 0.015000
6 0.829375 0.705000 0.021250 0.012500
6 0.852500 0.708125 0.020000 0.011250
6 0.746875 0.698750 0.021250 0.012500
6 0.400625 0.809375 0.021250 0.008750
6 0.525000 0.826250 0.022500 0.012500
6 0.546250 0.851250 0.022500 0.015000
6 0.589375 0.833750 0.023750 0.015000
6 0.705000 0.851250 0.025000 0.015000
6 0.733125 0.854375 0.023750 0.013750
6 0.783125 0.861250 0.021250 0.015000
6 0.835000 0.868750 0.017500 0.012500
6 0.908750 0.634375 0.010000 0.021250
6 0.860000 0.871250 0.022500 0.012500
6 0.888125 0.874375 0.023750 0.011250
6 0.914375 0.880000 0.023750 0.015000
6 0.780000 0.895625 0.022500 0.011250
6 0.776875 0.918750 0.021250 0.010000
6 0.932500 0.938750 0.020000 0.012500
6 0.951250 0.942500 0.022500 0.012500
6 0.975625 0.943750 0.021250 0.012500
6 0.995000 0.946875 0.010000 0.011250
6 0.907500 0.680000 0.010000 0.022500
6 0.944375 0.714375 0.018750 0.011250
6 0.807500 0.703750 0.020000 0.010000
6 0.988750 0.719375 0.022500 0.013750
6 0.993125 0.693750 0.013750 0.010000
6 0.885625 0.433125 0.011250 0.021250
6 0.588125 0.682500 0.021250 0.012500
6 0.609375 0.684375 0.018750 0.011250
6 0.634375 0.685625 0.021250 0.011250
6 0.766250 0.701250 0.020000 0.012500
6 0.787500 0.703125 0.020000 0.011250
6 0.907500 0.610625 0.012500 0.018750
6 0.928750 0.698750 0.020000 0.010000
6 0.926875 0.619375 0.023750 0.011250
6 0.988125 0.616875 0.023750 0.011250
6 0.993125 0.661875 0.013750 0.006250
6 0.993750 0.671875 0.012500 0.008750
6 0.993750 0.683125 0.012500 0.008750
6 0.926250 0.633750 0.020000 0.010000
6 0.926875 0.645625 0.023750 0.013750
6 0.926250 0.664375 0.022500 0.013750
6 0.925000 0.678750 0.025000 0.010000
6 0.928750 0.689375 0.022500 0.011250
6 0.180000 0.413125 0.007500 0.018750
6 0.178750 0.441250 0.010000 0.022500
6 0.298750 0.415625 0.010000 0.021250
6 0.328125 0.416250 0.008750 0.022500
6 0.328750 0.461875 0.010000 0.018750
6 0.251250 0.341875 0.010000 0.021250
6 0.251875 0.273125 0.011250 0.021250
6 0.477500 0.782500 0.022500 0.022500
6 0.275625 0.458125 0.018750 0.011250
6 0.250000 0.412500 0.010000 0.020000
6 0.251250 0.385000 0.010000 0.022500
6 0.178750 0.388125 0.010000 0.018750
6 0.250000 0.560000 0.010000 0.020000
6 0.348125 0.419375 0.008750 0.021250
6 0.308125 0.413750 0.008750 0.020000
6 0.249375 0.316250 0.008750 0.020000
6 0.252500 0.124375 0.012500 0.021250
6 0.253125 0.157500 0.011250 0.020000
6 0.178750 0.081250 0.012500 0.022500
6 0.178125 0.110625 0.011250 0.018750
6 0.179375 0.134375 0.008750 0.016250
6 0.180000 0.155625 0.010000 0.018750
6 0.150000 0.157500 0.010000 0.022500
6 0.251250 0.505000 0.010000 0.022500
6 0.177500 0.623125 0.010000 0.021250
6 0.007500 0.810625 0.012500 0.011250
6 0.029375 0.815625 0.023750 0.013750
6 0.090000 0.765625 0.022500 0.011250
6 0.151250 0.807500 0.022500 0.012500
6 0.023750 0.759375 0.027500 0.016250
6 0.251250 0.668750 0.007500 0.020000
6 0.115000 0.803750 0.025000 0.012500
6 0.119375 0.991875 0.013750 0.016250
6 0.176875 0.745000 0.011250 0.020000
6 0.200000 0.730625 0.007500 0.021250
6 0.251250 0.596250 0.010000 0.017500
6 0.195625 0.773750 0.011250 0.022500
6 0.227500 0.728125 0.010000 0.018750
6 0.251250 0.704375 0.012500 0.023750
6 0.253750 0.182500 0.010000 0.017500
6 0.006250 0.282500 0.010000 0.007500
6 0.028125 0.281875 0.026250 0.011250
6 0.218750 0.849375 0.012500 0.021250
6 0.189375 0.840000 0.013750 0.020000
6 0.129375 0.961250 0.011250 0.017500
6 0.135625 0.943125 0.011250 0.018750
6 0.176250 0.884375 0.015000 0.023750
