3 0.964375 0.923125 0.068750 0.038750
3 0.876875 0.910625 0.061250 0.038750
3 0.878125 0.890000 0.053750 0.032500
3 0.950000 0.940000 0.065000 0.042500
6 0.800625 0.976250 0.011250 0.022500
6 0.826250 0.985625 0.012500 0.023750
6 0.841875 0.988750 0.016250 0.022500
6 0.178125 0.934375 0.016250 0.026250
6 0.188750 0.911250 0.012500 0.020000
6 0.211250 0.854375 0.015000 0.021250
6 0.220625 0.830000 0.016250 0.027500
6 0.814375 0.982500 0.013750 0.027500
6 0.785625 0.968125 0.013750 0.028750
6 0.208125 0.990000 0.021250 0.010000
6 0.763750 0.992500 0.025000 0.015000
6 0.322500 0.809375 0.022500 0.021250
6 0.415000 0.846875 0.025000 0.018750
6 0.409375 0.803750 0.013750 0.022500
6 0.432500 0.810625 0.012500 0.021250
6 0.444375 0.836875 0.023750 0.018750
6 0.500000 0.863125 0.027500 0.018750
6 0.495625 0.883750 0.026250 0.020000
6 0.445625 0.816875 0.013750 0.021250
6 0.477500 0.834375 0.010000 0.023750
6 0.491875 0.836250 0.011250 0.022500
6 0.505625 0.841250 0.013750 0.022500
6 0.518125 0.848750 0.008750 0.025000
6 0.529375 0.853750 0.011250 0.025000
6 0.551250 0.863750 0.012500 0.027500
6 0.563750 0.866875 0.010000 0.021250
6 0.575000 0.871875 0.010000 0.023750
6 0.587500 0.874375 0.010000 0.021250
6 0.598750 0.880625 0.012500 0.021250
6 0.611250 0.888750 0.012500 0.022500
6 0.626875 0.892500 0.011250 0.022500
6 0.635625 0.898125 0.011250 0.021250
6 0.648125 0.905625 0.011250 0.021250
6 0.695000 0.949375 0.022500 0.018750
