6 0.066250 0.146875 0.022500 0.021250
6 0.008125 0.346250 0.013750 0.022500
6 0.010000 0.326875 0.017500 0.021250
6 0.011250 0.314375 0.020000 0.026250
6 0.020000 0.292500 0.020000 0.025000
6 0.076875 0.130000 0.021250 0.025000
6 0.056250 0.190625 0.025000 0.023750
6 0.043750 0.612500 0.015000 0.022500
6 0.094375 0.631250 0.016250 0.022500
6 0.115000 0.640625 0.020000 0.023750
6 0.008750 0.942500 0.015000 0.017500
6 0.055625 0.965000 0.021250 0.017500
6 0.078125 0.975625 0.023750 0.016250
6 0.072500 0.136875 0.022500 0.021250
6 0.059375 0.180000 0.018750 0.020000
6 0.062500 0.168750 0.022500 0.020000
6 0.052500 0.203750 0.025000 0.025000
6 0.043125 0.237500 0.021250 0.022500
6 0.026250 0.280625 0.015000 0.021250
6 0.016875 0.306250 0.018750 0.020000
6 0.005000 0.370625 0.007500 0.016250
6 0.901250 0.993125 0.022500 0.013750
6 0.681875 0.318125 0.013750 0.018750
6 0.998750 0.997500 0.002500 0.005000
6 0.821875 0.265000 0.023750 0.015000
6 0.924375 0.201250 0.013750 0.022500
6 0.841875 0.271250 0.018750 0.015000
6 0.909375 0.241875 0.013750 0.021250
6 0.775625 0.253125 0.023750 0.013750
6 0.985000 0.311250 0.022500 0.015000
6 0.998750 0.317500 0.002500 0.007500
6 0.797500 0.257500 0.020000 0.012500
6 0.833750 0.241875 0.020000 0.013750
6 0.866250 0.277500 0.022500 0.017500
6 0.890000 0.283750 0.020000 0.017500
6 0.911875 0.291250 0.021250 0.015000
6 0.935000 0.297500 0.020000 0.017500
6 0.958750 0.305000 0.025000 0.015000
6 0.985000 0.285625 0.025000 0.013750
6 0.515625 0.081250 0.011250 0.020000
6 0.749375 0.658125 0.023750 0.013750
6 0.646250 0.899375 0.022500 0.016250
6 0.651875 0.866250 0.021250 0.015000
6 0.513125 0.908125 0.011250 0.021250
6 0.576250 0.740000 0.012500 0.022500
6 0.586250 0.650000 0.012500 0.020000
6 0.387500 0.539375 0.012500 0.021250
6 0.400625 0.490000 0.013750 0.020000
6 0.616875 0.528125 0.013750 0.021250
6 0.683750 0.616250 0.022500 0.012500
6 0.775625 0.664375 0.021250 0.011250
6 0.487500 0.181875 0.012500 0.021250
6 0.946250 0.718750 0.025000 0.017500
6 0.907500 0.709375 0.022500 0.013750
6 0.538750 0.573125 0.025000 0.016250
6 0.394375 0.511875 0.013750 0.018750
6 0.411250 0.501250 0.012500 0.025000
6 0.409375 0.465625 0.011250 0.023750
6 0.427500 0.401250 0.012500 0.025000
6 0.699375 0.351250 0.013750 0.022500
6 0.720000 0.275625 0.017500 0.023750
6 0.715000 0.296875 0.012500 0.021250
6 0.982500 0.096250 0.025000 0.015000
