4 0.660000 0.298750 0.012500 0.015000
4 0.645625 0.302500 0.011250 0.012500
4 0.588750 0.076250 0.012500 0.012500
4 0.470000 0.112500 0.015000 0.015000
4 0.467500 0.095000 0.012500 0.012500
4 0.462500 0.080000 0.012500 0.012500
4 0.488125 0.001875 0.021250 0.001250
4 0.445000 0.076875 0.010000 0.011250
4 0.604375 0.072500 0.013750 0.015000
4 0.448750 0.088750 0.007500 0.010000
4 0.617500 0.310625 0.015000 0.016250
4 0.676875 0.310000 0.011250 0.012500
4 0.663125 0.313750 0.011250 0.012500
4 0.650625 0.317500 0.011250 0.012500
4 0.638125 0.321250 0.011250 0.012500
4 0.622500 0.323750 0.015000 0.015000
4 0.606875 0.331875 0.013750 0.013750
4 0.633125 0.308125 0.013750 0.013750
4 0.605000 0.316875 0.015000 0.016250
4 0.451875 0.100625 0.008750 0.011250
4 0.628125 0.293125 0.013750 0.013750
4 0.611875 0.298750 0.013750 0.015000
4 0.598750 0.300000 0.017500 0.017500
4 0.595625 0.350000 0.013750 0.015000
4 0.591875 0.334375 0.016250 0.016250
4 0.587500 0.319375 0.015000 0.016250
4 0.581875 0.305000 0.016250 0.017500
