6 0.295625 0.463125 0.021250 0.016250
6 0.325625 0.690625 0.021250 0.018750
6 0.551250 0.954375 0.025000 0.021250
6 0.571875 0.966250 0.021250 0.017500
6 0.608125 0.800000 0.023750 0.015000
6 0.668750 0.733750 0.020000 0.012500
6 0.530000 0.798125 0.010000 0.021250
6 0.794375 0.685625 0.026250 0.018750
6 0.616250 0.755000 0.015000 0.022500
6 0.592500 0.755625 0.015000 0.021250
6 0.580000 0.065625 0.010000 0.021250
6 0.583125 0.012500 0.013750 0.025000
6 0.599375 0.006875 0.008750 0.011250
6 0.635000 0.078750 0.012500 0.022500
6 0.564375 0.778125 0.023750 0.018750
6 0.637500 0.100000 0.010000 0.022500
6 0.343750 0.398750 0.017500 0.022500
6 0.700625 0.232500 0.023750 0.022500
6 0.720000 0.252500 0.022500 0.020000
6 0.749375 0.277500 0.021250 0.020000
6 0.783125 0.305625 0.023750 0.023750
6 0.845000 0.406875 0.025000 0.018750
6 0.924375 0.338125 0.013750 0.021250
6 0.937500 0.366250 0.015000 0.020000
6 0.517500 0.741875 0.020000 0.021250
6 0.928750 0.967500 0.025000 0.017500
6 0.116875 0.943125 0.016250 0.021250
6 0.319375 0.883125 0.023750 0.018750
6 0.471875 0.937500 0.023750 0.020000
6 0.483750 0.918750 0.025000 0.020000
6 0.448125 0.906250 0.023750 0.017500
6 0.230000 0.652500 0.012500 0.020000
6 0.264375 0.665000 0.023750 0.020000
6 0.229375 0.995625 0.011250 0.008750
6 0.236250 0.984375 0.015000 0.018750
6 0.040000 0.803750 0.020000 0.017500
6 0.326250 0.845625 0.022500 0.018750
6 0.063750 0.815625 0.025000 0.018750
6 0.088125 0.826250 0.021250 0.015000
6 0.113125 0.837500 0.023750 0.020000
6 0.151875 0.765000 0.026250 0.020000
6 0.228750 0.804375 0.020000 0.016250
6 0.018125 0.728125 0.023750 0.021250
6 0.329375 0.421875 0.016250 0.021250
6 0.399375 0.298750 0.011250 0.022500
6 0.407500 0.238750 0.012500 0.020000
6 0.410625 0.216875 0.013750 0.021250
6 0.373125 0.894375 0.023750 0.018750
6 0.296875 0.840000 0.023750 0.017500
6 0.341250 0.146875 0.017500 0.008750
6 0.125000 0.761875 0.025000 0.016250
6 0.100000 0.930625 0.015000 0.023750
6 0.178125 0.869375 0.021250 0.018750
6 0.015000 0.740000 0.022500 0.020000
6 0.128750 0.752500 0.022500 0.017500
6 0.243125 0.143125 0.023750 0.013750
6 0.364375 0.146250 0.016250 0.007500
6 0.385000 0.147500 0.017500 0.010000
6 0.940000 0.390625 0.012500 0.018750
6 0.911875 0.445625 0.021250 0.016250
6 0.968750 0.463750 0.022500 0.015000
6 0.969375 0.172500 0.013750 0.020000
6 0.979375 0.091875 0.016250 0.021250
6 0.964375 0.197500 0.013750 0.025000
6 0.958125 0.220625 0.016250 0.023750
6 0.607500 0.206875 0.020000 0.021250
6 0.434375 0.188750 0.023750 0.015000
6 0.523750 0.153125 0.025000 0.013750
6 0.635625 0.528750 0.021250 0.010000
6 0.528125 0.743750 0.016250 0.020000
6 0.536250 0.750625 0.015000 0.021250
6 0.631875 0.739375 0.018750 0.008750
6 0.608750 0.739375 0.020000 0.011250
6 0.630625 0.756875 0.013750 0.023750
6 0.916250 0.017500 0.012500 0.017500
6 0.974375 0.479375 0.023750 0.016250
6 0.953750 0.316875 0.017500 0.023750
6 0.963125 0.318750 0.013750 0.022500
6 0.975625 0.319375 0.013750 0.023750
6 0.985000 0.321875 0.015000 0.023750
6 0.994375 0.306250 0.011250 0.012500
6 0.065625 0.474375 0.013750 0.018750
6 0.120000 0.315625 0.015000 0.021250
6 0.158125 0.231250 0.013750 0.025000
