6 0.141875 0.020000 0.021250 0.010000
6 0.146250 0.030625 0.017500 0.013750
6 0.125625 0.037500 0.021250 0.012500
6 0.046250 0.084375 0.012500 0.023750
6 0.297500 0.165000 0.022500 0.012500
6 0.300000 0.175000 0.025000 0.012500
6 0.302500 0.185625 0.020000 0.013750
6 0.303750 0.196875 0.022500 0.011250
6 0.309375 0.218750 0.021250 0.012500
6 0.314375 0.240625 0.018750 0.011250
6 0.499375 0.273750 0.026250 0.012500
6 0.209375 0.178750 0.023750 0.010000
6 0.206250 0.150625 0.022500 0.008750
6 0.096875 0.036875 0.023750 0.016250
6 0.206875 0.161875 0.026250 0.016250
6 0.203125 0.139375 0.018750 0.011250
6 0.202500 0.128750 0.020000 0.010000
6 0.201250 0.115000 0.020000 0.012500
6 0.199375 0.104375 0.023750 0.013750
6 0.348125 0.058750 0.008750 0.020000
6 0.361875 0.060000 0.006250 0.022500
6 0.370625 0.058125 0.006250 0.018750
6 0.380625 0.058125 0.008750 0.018750
6 0.408125 0.057500 0.011250 0.022500
6 0.391875 0.058750 0.008750 0.020000
6 0.421875 0.058125 0.008750 0.021250
6 0.438750 0.061875 0.010000 0.023750
6 0.450625 0.059375 0.008750 0.026250
6 0.631875 0.088750 0.018750 0.010000
6 0.502500 0.303125 0.025000 0.013750
6 0.760625 0.228750 0.023750 0.010000
6 0.865000 0.185625 0.012500 0.028750
6 0.896250 0.195000 0.012500 0.022500
6 0.980625 0.132500 0.021250 0.012500
6 0.878750 0.069375 0.015000 0.023750
6 0.855000 0.095625 0.022500 0.011250
6 0.708750 0.092500 0.020000 0.012500
6 0.760625 0.238750 0.018750 0.010000
6 0.848750 0.113125 0.020000 0.008750
6 0.760625 0.251250 0.018750 0.010000
6 0.892500 0.071250 0.012500 0.025000
