6 0.821250 0.382500 0.052500 0.022500
6 0.325625 0.852500 0.051250 0.017500
6 0.151250 0.993125 0.022500 0.013750
6 0.884375 0.704375 0.008750 0.021250
6 0.884375 0.876250 0.008750 0.022500
6 0.885000 0.848750 0.010000 0.015000
6 0.887500 0.683750 0.010000 0.020000
6 0.336875 0.458750 0.013750 0.022500
6 0.325625 0.412500 0.016250 0.022500
6 0.305000 0.472500 0.015000 0.022500
6 0.313125 0.446875 0.013750 0.021250
6 0.350625 0.413750 0.011250 0.020000
6 0.343125 0.436250 0.013750 0.020000
6 0.286250 0.608750 0.015000 0.025000
6 0.318125 0.517500 0.011250 0.017500
6 0.309375 0.543750 0.016250 0.025000
6 0.297500 0.575000 0.015000 0.020000
6 0.356875 0.393125 0.016250 0.021250
6 0.268750 0.663750 0.020000 0.027500
6 0.346875 0.981250 0.016250 0.022500
6 0.357500 0.985625 0.015000 0.021250
6 0.376875 0.986875 0.013750 0.021250
6 0.425625 0.922500 0.013750 0.022500
6 0.476250 0.922500 0.017500 0.022500
6 0.495000 0.938750 0.015000 0.020000
6 0.332500 0.384375 0.012500 0.021250
6 0.071875 0.265000 0.023750 0.015000
6 0.385625 0.966250 0.016250 0.025000
6 0.468750 0.156250 0.020000 0.012500
6 0.540625 0.140625 0.016250 0.013750
6 0.524375 0.136250 0.018750 0.015000
6 0.174375 0.201250 0.013750 0.022500
6 0.091875 0.271250 0.018750 0.015000
6 0.159375 0.241875 0.013750 0.021250
6 0.025625 0.253125 0.023750 0.013750
6 0.235000 0.311250 0.022500 0.015000
6 0.258750 0.321250 0.022500 0.015000
6 0.260625 0.293125 0.023750 0.013750
6 0.320000 0.340000 0.022500 0.015000
6 0.495000 0.161250 0.022500 0.015000
6 0.047500 0.257500 0.020000 0.012500
6 0.083750 0.241875 0.020000 0.013750
6 0.116250 0.277500 0.022500 0.017500
6 0.140000 0.283750 0.020000 0.017500
6 0.161875 0.291250 0.021250 0.015000
6 0.185000 0.297500 0.020000 0.017500
6 0.208750 0.305000 0.025000 0.015000
6 0.279375 0.327500 0.021250 0.012500
6 0.299375 0.333125 0.021250 0.016250
6 0.235000 0.285625 0.025000 0.013750
6 0.285000 0.301250 0.017500 0.015000
6 0.363750 0.963125 0.012500 0.021250
6 0.512500 0.883125 0.020000 0.023750
6 0.592500 0.185000 0.027500 0.020000
6 0.563125 0.146875 0.021250 0.011250
6 0.560000 0.177500 0.022500 0.015000
6 0.006250 0.658750 0.010000 0.012500
6 0.025625 0.664375 0.021250 0.011250
6 0.196250 0.718750 0.025000 0.017500
6 0.157500 0.709375 0.022500 0.013750
6 0.537500 0.170625 0.020000 0.011250
6 0.232500 0.096250 0.025000 0.015000
6 0.295625 0.110625 0.021250 0.013750
6 0.317500 0.115625 0.022500 0.016250
6 0.345625 0.115000 0.021250 0.015000
6 0.830000 0.421875 0.012500 0.023750
6 0.682500 0.490625 0.022500 0.016250
6 0.685000 0.479375 0.020000 0.011250
6 0.691250 0.453750 0.022500 0.015000
6 0.693750 0.425625 0.017500 0.011250
6 0.718750 0.411250 0.010000 0.020000
6 0.730000 0.408750 0.007500 0.017500
6 0.739375 0.406875 0.011250 0.021250
6 0.763125 0.416875 0.008750 0.021250
6 0.774375 0.428750 0.011250 0.027500
6 0.806875 0.416250 0.011250 0.022500
6 0.838125 0.430625 0.011250 0.021250
6 0.813125 0.363125 0.018750 0.013750
6 0.881250 0.436250 0.012500 0.025000
6 0.674375 0.120625 0.013750 0.021250
6 0.680000 0.096250 0.010000 0.025000
6 0.761250 0.048125 0.012500 0.026250
6 0.680625 0.500625 0.021250 0.013750
6 0.791250 0.356875 0.022500 0.013750
6 0.579375 0.667500 0.016250 0.025000
6 0.643750 0.990000 0.022500 0.020000
6 0.665000 0.952500 0.020000 0.022500
6 0.678750 0.933750 0.020000 0.022500
6 0.691875 0.916875 0.018750 0.023750
6 0.590000 0.386250 0.020000 0.022500
6 0.768125 0.351875 0.021250 0.016250
6 0.665000 0.374375 0.022500 0.023750
6 0.722500 0.447500 0.020000 0.022500
6 0.685625 0.468750 0.021250 0.015000
6 0.706875 0.410000 0.008750 0.020000
6 0.689375 0.438750 0.021250 0.017500
6 0.751875 0.415000 0.013750 0.022500
6 0.785625 0.422500 0.011250 0.022500
6 0.796875 0.418750 0.011250 0.022500
6 0.861875 0.435000 0.011250 0.022500
6 0.851250 0.433125 0.012500 0.023750
