4 0.001250 0.568125 0.000000 0.013750
4 0.023125 0.453125 0.031250 0.033750
4 0.235625 0.366875 0.018750 0.018750
4 0.236250 0.391250 0.017500 0.015000
4 0.273125 0.365625 0.018750 0.018750
4 0.302500 0.365625 0.017500 0.016250
4 0.336875 0.334375 0.013750 0.013750
4 0.001250 0.543750 0.000000 0.015000
4 0.066875 0.874375 0.023750 0.023750
4 0.066250 0.905000 0.027500 0.025000
4 0.066250 0.943750 0.027500 0.025000
4 0.096250 0.942500 0.027500 0.030000
4 0.044375 0.951875 0.013750 0.016250
