4 0.603750 0.852500 0.042500 0.040000
4 0.608750 0.801250 0.027500 0.030000
4 0.636250 0.779375 0.015000 0.016250
4 0.647500 0.748750 0.012500 0.012500
4 0.661875 0.754375 0.016250 0.016250
4 0.651875 0.730625 0.013750 0.016250
4 0.577500 0.878750 0.025000 0.025000
4 0.543125 0.933125 0.023750 0.023750
4 0.796250 0.962500 0.020000 0.020000
4 0.795625 0.446250 0.008750 0.010000
4 0.787500 0.458750 0.010000 0.010000
4 0.780000 0.477500 0.010000 0.012500
4 0.845000 0.463750 0.012500 0.012500
4 0.822500 0.497500 0.010000 0.012500
4 0.692500 0.650625 0.012500 0.013750
4 0.716875 0.662500 0.013750 0.015000
4 0.733125 0.677500 0.013750 0.015000
4 0.724375 0.695000 0.016250 0.015000
4 0.688750 0.720000 0.015000 0.015000
4 0.835625 0.728125 0.031250 0.033750
4 0.801875 0.772500 0.048750 0.050000
4 0.905625 0.772500 0.028750 0.032500
4 0.881875 0.811250 0.026250 0.027500
4 0.750625 0.847500 0.011250 0.012500
4 0.771250 0.861250 0.012500 0.012500
4 0.789375 0.873750 0.011250 0.010000
